  0.00000011617729017  0.00000017897240591  0.00000027560049253  0.00000092857243209
  0.00000521245938966  0.00001560077018806  0.00002617367508793  0.00003403816547762
  0.00003827048023762  0.00004056292219343  0.00004208941616635  0.00004314337765058
  0.00004397248017140  0.00004464784343626  0.00004521697283144  0.00004565404189054
  0.00004602604803887  0.00004639277708926  0.00004665972018001  0.00004686716462091
  0.00004704101341319  0.00004720485423846  0.00004735378629297  0.00004748591426995
  0.00004760486932302  0.00004775080030287  0.00004788860980661  0.00004799727434112
  0.00004808550482714  0.00004816806631351  0.00004825149936684  0.00004832912331641
  0.00004840958426611  0.00004848809625287  0.00004856677555564  0.00004863763905924
  0.00004869777451720  0.00004875594968896  0.00004881573627742  0.00004887441011340
  0.00004893359157234  0.00004899438194819  0.00004905616917021  0.00004911778725083
  0.00004917406158707  0.00004923004250946  0.00004928619464989  0.00004934337793999
  0.00004939883606188  0.00004945525100822  0.00004951338466033  0.00004956954871827
  0.00004962320121755  0.00004968263886996  0.00004974551218858  0.00004980702972254
  0.00004986167681634  0.00004992460023165  0.00004999052981132  0.00005005460674262
  0.00005010934036457  0.00005016212063967  0.00005021416859509  0.00005026798166207
  0.00005033296633153  0.00005040552121628  0.00005047333688209  0.00005055575587105
  0.00005065699636174  0.00005075892213304  0.00005086727560733  0.00005097903965156
  0.00005109073370747  0.00005119338782697  0.00005130514768551  0.00005142823834970
  0.00005156370923973  0.00005174464642156  0.00005201908370261  0.00005239696974497
  0.00005286819474059  0.00005344298056847  0.00005413651046753  0.00005500042218657
  0.00005621389547158  0.00005794664325697  0.00006103776036153  0.00006660649498697
  0.00007452005902069  0.00009299539017337  0.00017528796029906  0.00033598288501736
  0.00050479165646866  0.14120210229503738  0.34871849333715588  1.00000000000000000
  0.00007085833026126  0.00007476270351853  0.00007837047499310  0.00008230260462712
  0.00008610917891410  0.00008891688880158  0.00009158006807013  0.00009231789877679
  0.00009248605451970  0.00009253116850179  0.00009255126693558  0.00009256117691234
  0.00009256677837222  0.00009257145796766  0.00009257514747348  0.00009257784957460
  0.00009257987017987  0.00009258130644134  0.00009258256813360  0.00009258375103834
  0.00009258463592896  0.00009258546129928  0.00009258615735525  0.00009258682665535
  0.00009258742725117  0.00009258802784699  0.00009258859999417  0.00009258916973243
  0.00009258975414193  0.00009259035796350  0.00009259096694632  0.00009259166755106
  0.00009259236872442  0.00009259319334851  0.00009259411581496  0.00009259531110641
  0.00009259671037694  0.00009259829143726  0.00009260028530600  0.00009260330024354
  0.00009260699438290  0.00009261178763313  0.00009261795304328  0.00009263116739893
  0.00009265602272452  0.00009270242959534  0.00009286248930954  0.00009403891283802
  0.00009740768734845  0.00010402547014690  0.00011265432837902  0.00012340455285766
  0.00013653840948425  0.00015236866834956  0.00017065774862512  0.00019109735626729
  0.00021541918882038  0.00024461870992220  0.00027874645320849  0.00031731823750446
  0.00036006661182665  0.00040646768830082  0.00045766163180063  0.00051776882880791
  0.00057990921890188  0.00063055025488847  0.00068021806593703  0.00073483004808186
  0.00079642067882720  0.00086636656425836  0.00093570646216975  0.00100061329445330
  0.00106892983456073  0.00115164743482035  0.00124619651140417  0.00133811825336856
  0.00142910689632296  0.00152053207696520  0.00160889415188374  0.00169815043821320
  0.00179621163517491  0.00190108572543477  0.00202513727040917  0.00219261091874502
  0.00239669482439435  0.00261294831615294  0.00284474447029213  0.00307561640744914
  0.00329198465719789  0.00349121522368655  0.00370264247730341  0.00398491746882266
  0.00435496979855759  0.00498147553508842  0.42899571835318412  1.00000000000000000
 -0.00000008421212572  0.00000382545219779  0.00000664091366715  0.00000996607146257
  0.00001383583872603  0.00001750569403395  0.00002095088395894  0.00002411441974639
  0.00002701190518407  0.00002974989579554  0.00003234115029412  0.00003494800395473
  0.00003749674845003  0.00004002573456647  0.00004292305355770  0.00004610293583070
  0.00004946098931673  0.00005306540951783  0.00005701329822177  0.00006114295168885
  0.00006526283020109  0.00006937429824904  0.00007358504929919  0.00007798121471544
  0.00008245794880646  0.00008646209520294  0.00008995761667834  0.00009341768792060
  0.00009752176402067  0.00010234331648750  0.00010685386258450  0.00011200812774345
  0.00011829474377397  0.00012532700472601  0.00013317452491132  0.00014170612313941
  0.00014868373068702  0.00015417542872913  0.00016027809017753  0.00016629959140235
  0.00017238416460482  0.00017983499922488  0.00019158415221936  0.00020019338196177
  0.00020733314100097  0.00021433758134753  0.00022314402333918  0.00023242326179416
  0.00024092765801787  0.00025063800717401  0.00025954877771480  0.00026884895593947
  0.00027917017787630  0.00029163567484499  0.00030336920130613  0.00031839379786283
  0.00033549911402585  0.00035411403960017  0.00037264095368952  0.00038950342641799
  0.00040594235671707  0.00042219306251469  0.00043944524005474  0.00046137346148633
  0.00048377561787652  0.00050495962088145  0.00052554324092512  0.00055048657260964
  0.00058684653076977  0.00063214006952431  0.00068124208734028  0.00073518299245840
  0.00079183657876799  0.00085600123131245  0.00093650054917151  0.00103327680668251
  0.00113281193726637  0.00123466166821650  0.00134361682951514  0.00146309819946598
  0.00155278830028911  0.00164469576079927  0.00173908308460680  0.00184248171674273
  0.00195175310932703  0.00206909842334101  0.00221258111030538  0.00235264528646985
  0.00251979190763471  0.00269514774584119  0.00287050358404767  0.02347802683494961
  0.05177455332184753  0.08007107980874545  0.10704556980935308  1.00000000000000000
 -0.00432437961041016  0.01053314501584704  0.02493783321791980  0.03809320173544908
  0.05032545895143178  0.06342971892971819  0.07588967037538782  0.08813718613522298
  0.10031183751976711  0.11224413021869098  0.12339792772174808  0.13124776593356560
  0.13895057819032816  0.14590320010507554  0.15261790173810744  0.15954049535489889
  0.16914931214184123  0.18103042471009145  0.19359248468040260  0.20614781125235887
  0.21751262742375274  0.22654689474481865  0.23453814474829998  0.24375004208799311
  0.25387018171205866  0.26293441602535728  0.27330443083056455  0.28555469159172553
  0.29678871615870228  0.30864961358716669  0.31975098798689172  0.32988292183894863
  0.34160599632781624  0.35432077153452191  0.36588253433835188  0.37718681280695493
  0.38765800455307753  0.39877391582192107  0.41127981901257399  0.42409378169633671
  0.43406245426985007  0.44409539811881860  0.45435890455469935  0.46493982589197169
  0.47549850427581070  0.48659195834460739  0.49809105419159594  0.50984610801669694
  0.52267506644281647  0.53638889450770688  0.55039771315989883  0.56464822156149730
  0.57814232592408299  0.59067982894507864  0.60283545232527846  0.61488848357521120
  0.62685882069117083  0.63874727101214612  0.65004531295088119  0.66088870049287440
  0.67196898457327214  0.68319444489554926  0.69464860364358072  0.70587060612590236
  0.71537846241345660  0.72415931539728440  0.73262097225241296  0.74124743628815937
  0.75071386283415154  0.76108170138332087  0.77260169701999692  0.78290499503755684
  0.79207342485389309  0.80018662659116646  0.80875225665238804  0.81791005089816637
  0.82626224933245507  0.83388162201741234  0.84114364474081371  0.84798120687391276
  0.85494972057674024  0.86348089284351626  0.87282539387107616  0.88164358624586370
  0.89114783065574676  0.90242252219588559  0.91451578527806821  0.92593722642621956
  0.93629263292926557  0.94582121199638969  0.95495773739057976  0.96401359989721802
  0.97309502873740694  0.98212807913806399  0.99098777873231481  1.00000000000000000
 -0.00215946459322350  0.00826946432834324  0.01938436469338244  0.02995675732875385
  0.03912164704443191  0.04811359701794094  0.05687034102720277  0.06557671204139100
  0.07501869415719964  0.08534319637994808  0.09611550894389219  0.10681253427887638
  0.11741042838010907  0.12808657919073857  0.14001635376774652  0.15301980502727497
  0.16584060920832489  0.17755052792684572  0.18866311750808545  0.19967688776154879
  0.20980606621568501  0.21790602726273106  0.22479873068252682  0.23378875456065751
  0.24204763891170630  0.25185932432689190  0.26444152592463172  0.27745987339955774
  0.29006202164027217  0.30388514652803633  0.31697025088732883  0.32710313649666645
  0.33505020037306094  0.34257793216681226  0.35037683149437959  0.35763919867099941
  0.36488032754624583  0.37658057294564928  0.38994136484882369  0.40178239549901995
  0.41210571023341741  0.42233494354649326  0.43315258599294248  0.44246399367473160
  0.45447547033233177  0.46712361392891577  0.47967281711852106  0.49167146535064160
  0.50411411388984884  0.51674078085295616  0.52830417981358779  0.54014354475689230
  0.55231015804981110  0.56483044534609816  0.57795168553678089  0.59136258008675957
  0.60470984076007217  0.61789326884848961  0.63096882113170694  0.64372636717856802
  0.65282228259582775  0.66121688723575545  0.66945955407483115  0.67924508438471154
  0.68931802462913627  0.69746311095584701  0.70616102897536437  0.71675073273827605
  0.72728215538906760  0.73686036563421708  0.74562811853035760  0.75428970573560250
  0.76284156564575134  0.77078488910755905  0.77834125335622550  0.78625949260836703
  0.79617431524888682  0.80786855114344369  0.82022121082331767  0.83304040425945025
  0.84526859096747875  0.85918643907592029  0.87307504678285086  0.88575290180618682
  0.89675033075673261  0.90638519220672709  0.91583920640245664  0.92464006978936097
  0.93224917596072621  0.94027163330909802  0.94884314134689751  0.95777383603410016
  0.96714925015078002  0.97788969604483478  0.98891213170506487  1.00000000000000000
 -0.00226572806642180  0.00825224122636655  0.01802322415890487  0.02486728108758819
  0.03251500044087436  0.04096029624921331  0.04954547006121528  0.05709011941577580
  0.06408331555307460  0.07138161158193680  0.08070948617666569  0.09092166017499906
  0.09822602457361566  0.10439274644909524  0.10983226067749412  0.11481755060020435
  0.11972547048134149  0.12530456309076263  0.13233176924370393  0.13972274663441664
  0.14712980460350938  0.15611787271010116  0.16628185014363961  0.17666560595626693
  0.18731228917576942  0.19860574496070552  0.20954475520032639  0.21999301743353453
  0.23011458820830269  0.23920881484916573  0.24799413030213585  0.25683497567235386
  0.26577961589780846  0.27555677384849209  0.28566022618218478  0.29639353410449643
  0.30743075275674203  0.31883932789766056  0.33092414910859502  0.34368413840058742
  0.35555816371022786  0.36538716592219267  0.37439614816032135  0.38346606993128979
  0.39201069401026634  0.40055085419729419  0.41045083682850031  0.42186612830184267
  0.43433240625396186  0.44646851497953355  0.45582603654793530  0.46270051772140841
  0.47004250359421706  0.47686544279618714  0.48414320922798143  0.49146212945573897
  0.50134129505896796  0.51794490600331389  0.52902520102008910  0.54016003447664296
  0.55013600466320622  0.55923798795491708  0.56886919447146056  0.58339421901791533
  0.59543815293386471  0.60676700045415866  0.61694740945409299  0.62657761387716193
  0.63598289288017340  0.64579541426133313  0.65760089791287268  0.66921234182944533
  0.68158025030802827  0.69307733741835442  0.70456346307437467  0.71704981647711774
  0.72895921232098149  0.74129600649760186  0.75496579437707534  0.76931412289935341
  0.78369295232569369  0.79800249930116729  0.81215962773030337  0.82586245628397881
  0.83910484758352855  0.85202404298781220  0.86338347526619463  0.87316188462255484
  0.88460653761120556  0.89797652595491262  0.91358596830794447  0.93057598555774579
  0.94788207600694740  0.96519638619887305  0.98254723722364234  1.00000000000000000
 -0.00403518087224500  0.01337089396426686  0.02351797649872215  0.03367704149775125
  0.04248010196091839  0.04955189159193809  0.05721603046689077  0.06623907945411114
  0.07588115679698422  0.08504424304652787  0.09459162981549396  0.10606246830064125
  0.11826680571294723  0.12853246075169164  0.13654819324407980  0.14378524287563368
  0.15217994888582040  0.16279974432423877  0.17497537545939049  0.18693502837820425
  0.19754440274521132  0.20736452053202956  0.21750319732753015  0.22795298304250577
  0.23901603227841672  0.25146057552637813  0.26450935028032935  0.27837146103439198
  0.29255433636139305  0.30633351377137086  0.31995666177988297  0.33359920693853590
  0.34642337039865267  0.35810145475914201  0.36983959619628820  0.38228011120099697
  0.39517286921496669  0.40858788831631371  0.41884703116542649  0.42946142314401781
  0.43935496386262973  0.44876161080975135  0.45813873813534939  0.46912133402312567
  0.48118556592767442  0.49379204767405727  0.50700357864387624  0.51917675884318892
  0.52990477691497984  0.54048551570198711  0.54996544013111226  0.55828313155802878
  0.56752318355171028  0.57959305159904650  0.58965845067347855  0.59857638779368216
  0.60738758646148827  0.61640762238629709  0.62589891925068697  0.63624233680073672
  0.64789821764946876  0.66015144256702440  0.67135106330380112  0.68175249965124063
  0.69221769815933110  0.70222936834557370  0.71282731799927079  0.72530628832932686
  0.73527517027949962  0.74205262375252057  0.74976976589863309  0.75709518752737814
  0.76347975310409899  0.77406617224909258  0.78658787488116810  0.79936640228431410
  0.81155941922835872  0.82269541306885219  0.83322264403786717  0.84359178508027666
  0.85373196630806947  0.86414869238248460  0.87583593390206937  0.88750668495888474
  0.89826659184325308  0.90897615752143790  0.92103697809695417  0.93191624807680917
  0.94253290272520940  0.95391407004074014  0.96384361590465129  0.97128249678385115
  0.97807830206341329  0.98343142217968305  0.99063501638922313  1.00000000000000000
 -0.00210384693987314  0.00677371672755690  0.01686873049526811  0.02689452327341981
  0.03867298636189206  0.05023751173661068  0.06054265805186849  0.07030945850077350
  0.07949322613489825  0.08895569173924621  0.09997811400915049  0.11125771258822276
  0.12224915937626064  0.13332721658531302  0.14425853670128033  0.15409385505875414
  0.16340338263191889  0.17275645878939883  0.18273784623730693  0.19385540212815522
  0.20626729950505071  0.21826553802718396  0.22926500439332212  0.23975488996907038
  0.25017355741714736  0.26100160406153672  0.27288984424747231  0.28560896583194911
  0.29763546511216510  0.30701254502134823  0.31449696692114382  0.32233049005767739
  0.33021128082582252  0.33843329766218505  0.34623643350931105  0.35612057945915787
  0.36942105783620877  0.38300075509775500  0.39356599549582660  0.40308252166239955
  0.41206336265193472  0.41971305823239907  0.42904554773090608  0.44186919879256964
  0.45400219248262880  0.46392663692275082  0.47283087197647211  0.48353849702077867
  0.49611093425117941  0.50786233853589169  0.51864153120986323  0.53094490070121336
  0.54305284924080666  0.55506702761538818  0.56758471355852480  0.58107048049737797
  0.59509638903966855  0.60853412642162330  0.62035776215439786  0.63078878659664728
  0.64033214596634669  0.65020338605959671  0.66211392795089363  0.67495562579889201
  0.68780770703521488  0.70065681151084491  0.71334917592458280  0.72472495208323851
  0.73541103980556133  0.74635072187223017  0.75783163867682379  0.76948285203919176
  0.78129535770202863  0.79298012304822241  0.80422693480973517  0.81483270638107386
  0.82508129066879776  0.83482788963505805  0.84294189783036289  0.85033874421204803
  0.85813941429822360  0.86640213604005123  0.87820125627460210  0.88998902987340667
  0.90077136714895090  0.90930991886149315  0.91606346446130194  0.92380425646611064
  0.93142086504665711  0.93919844876540437  0.94448344371781368  0.95117651182085583
  0.96264195120835228  0.97422645363964311  0.98600525403397465  1.00000000000000000
  0.05997158085886981  0.25190586568515150  0.32441561813940439  0.37168928024562620
  0.41041551652248809  0.44666707400400768  0.48189018620424506  0.51648846566844153
  0.55271958798590715  0.59447230047382438  0.63039832224350156  0.64660552148983386
  0.65439458647159798  0.66045332774288457  0.66593295321234391  0.67104122506690234
  0.67546372318480197  0.67906530201628912  0.68240131261571280  0.68555529962638251
  0.68882280114896666  0.69238524803406021  0.69643906439810033  0.70067816756277079
  0.70506098983478582  0.70948309144933663  0.71377255142138818  0.71759098330059867
  0.72205063629938493  0.72636963286717338  0.73029845238231417  0.73350685983405128
  0.73610929704750350  0.73848808043502390  0.74067588147642227  0.74286726996127961
  0.74479399800673196  0.74750319579349245  0.75021048549529756  0.75283148898668140
  0.75564489496733478  0.75882737760767971  0.76253843324499138  0.76609169688928003
  0.76892301582216638  0.77197755494920728  0.77526732990322911  0.77868152322483275
  0.78200618074613049  0.78527193705051890  0.78862287499565076  0.79225258046570046
  0.79582904112383046  0.79933808108672133  0.80274513725194152  0.80611638138667663
  0.80958287679232388  0.81373542135301480  0.81775664776161150  0.82126611240654934
  0.82498764887357368  0.82868239082612949  0.83164055895726907  0.83451329789874540
  0.83727162006808142  0.83983933071932948  0.84274191501306139  0.84575239082683518
  0.84879685382402748  0.85259374958064538  0.85740036331352931  0.86251427738230502
  0.86704425824986386  0.87082733167617032  0.87436252677612758  0.87792590958868688
  0.88152381580260075  0.88525007149353130  0.88965757244335253  0.89413911835836857
  0.89684133851160597  0.89981120354675281  0.90300308569464649  0.90662589951887629
  0.91037259480293942  0.91424757306868365  0.91856907492977613  0.92349621598446552
  0.92917435298602014  0.93531447382317123  0.94225607943972645  0.95013380194871877
  0.95913063952989908  0.97008710532949050  0.98396175685800802  1.00000000000000000
 -0.03890318767797465  0.16345479633823687  0.20240310635851547  0.22611768868492280
  0.24867374204973991  0.26929665955136683  0.28743110480779321  0.30378063953319889
  0.31942356257724830  0.33408251770418584  0.34566362909219928  0.35506635231870259
  0.36446660558719979  0.37415413643457024  0.38371782569777191  0.39458645305730666
  0.40670104038808552  0.41747064235043213  0.42578884760917374  0.43320684003996529
  0.44038618834475968  0.44782645525795861  0.45553766273959923  0.46192501159384047
  0.46651812178444574  0.47085876183078673  0.47564247447913821  0.48035929857848597
  0.48526549302561983  0.49137702621182533  0.49792026113749260  0.50476112060950162
  0.51060220788586475  0.51626044046592290  0.52277610778319639  0.52770872517076906
  0.53188963826464175  0.53597543795378477  0.54023872384765148  0.54463063690421265
  0.54842222586773914  0.55138894830797025  0.55642350152984565  0.56167181275385558
  0.56722816737430570  0.57278495371375338  0.57873478937364398  0.58482682448263323
  0.59060516741363522  0.59644722994206389  0.60195051827998636  0.60745969542810285
  0.61216952036494310  0.61656242561788999  0.62063889246518833  0.62481811960324940
  0.62850271040281291  0.63213186850341063  0.63612307461624573  0.64116554698812278
  0.64564017665691376  0.64988602623544223  0.65452657388721380  0.65959459898438122
  0.66424075956104733  0.66858021185656336  0.67252467108527803  0.67636184897233087
  0.68064516835652877  0.68536608495190410  0.69032733921759371  0.69529260780796975
  0.69982396541534286  0.70374734238298220  0.70765715273413521  0.71140004576737137
  0.71499175129339143  0.71913599368290093  0.72366643349486437  0.72860243357251875
  0.73388708024846272  0.73892628720551945  0.74366235570878436  0.74854683755148765
  0.75383145686762987  0.75927821948106988  0.76571060311722283  0.77288528893503472
  0.78020794329687881  0.78840479662995855  0.79847423562843156  0.80938931433252659
  0.82266685284110141  0.83662004373544874  0.89491912874132173  1.00000000000000000
   2.7405614854722868E-010  -1.0000000000000000     
 F F F F F F F F F F F F F F F F F F F F F F F F F F F F F F F F F F F F F F F F F F F F F F F F F F F F F F F F F F F F F F F F F F F F F F F F F F F F F F F F F F F F F F F F F F F F F F F F F F F F F F F F F F F F F F F F F F F F F F F F F F F F F F F F
  <DiscreteSampler_grid>
  grouped_processes
  1 # 1 for a reference and 2 for a running grid.
  10 # Attribute 'min_bin_probing_points' of the grid.
  1 # Attribute 'grid_mode' of the grid. 1=='default',2=='initialization'
  0.0000000000000000 # Attribute 'small_contrib_threshold' of the grid.
  0.5000000000000000 # Attribute 'damping_power' of the grid.
 # binID   n_entries weight   weight_sqr   abs_weight
    13   10   7.731272889205545E-003   3.108413135523722E-004   7.731272889205545E-003
    14   10   7.731272889205538E-003   3.108413135523716E-004   7.731272889205538E-003
    16   10   2.928491019607971E-003   3.776387943075874E-005   2.928491019607971E-003
    17   10   2.928491019607967E-003   3.776387943075860E-005   2.928491019607967E-003
  </DiscreteSampler_grid>
