 -0.00146975981800089  0.00546282294116584  0.01327772173725182  0.02030769810703732
  0.02796732740248222  0.03461775191518469  0.04149812848188235  0.04925119463881329
  0.05711866723046376  0.06741901947253916  0.08054620542661710  0.09290365610723735
  0.10392316180875560  0.11459444427738166  0.12484766214890552  0.13528307747154530
  0.14664119016138005  0.15745254438844711  0.16625506167225121  0.17425500069797858
  0.18313102603744669  0.19238806637699021  0.20215454806597119  0.21274108112585902
  0.22342903409941514  0.23438545464335939  0.24664210936780986  0.26057104145572052
  0.27509703779671724  0.28894008714486907  0.30133576918672494  0.31250436813065058
  0.32366350922692549  0.33541590734530180  0.34706066312088013  0.35808343063478026
  0.36874234821101631  0.37917810447477523  0.38968512592020560  0.39950343253944592
  0.40819779635270725  0.41666866149698845  0.42791673520581780  0.44063732245444293
  0.45381005720707457  0.46602939383659397  0.47655821561424178  0.48772003663196206
  0.49925753804473977  0.51118947607719478  0.52339224796428052  0.53573698812007609
  0.54752764599771864  0.55854101392802591  0.56901561475164508  0.57880949075134969
  0.58866179988709022  0.59969904432791787  0.61165038252448611  0.62388486595580694
  0.63591424482372561  0.64839083435752565  0.66174973105603196  0.67539592162878515
  0.68843063574336782  0.69867734499214929  0.70713583216953491  0.71665435604959993
  0.72591455209424227  0.73458446346674622  0.74376173029641701  0.75258942048984989
  0.76105358392977529  0.77044090948010024  0.78070586459921043  0.79032024607888962
  0.80071205137276835  0.81120286457031843  0.82159005163991516  0.83108511135432661
  0.84061415441338738  0.84916679997642697  0.85801993486481531  0.86822588334008288
  0.88114792862828262  0.89196182092830656  0.90262057212363389  0.91239372257054019
  0.92313276727042748  0.93448678426735687  0.94629189507985134  0.95838536133373664
  0.97001340995342045  0.98121507266285068  0.99070070519283271  1.00000000000000000
  0.00007102335719113  0.00007415470282927  0.00007758587326268  0.00008116450929958
  0.00008499241956481  0.00008885098879106  0.00009121083534486  0.00009207066471780
  0.00009230102735515  0.00009236556159164  0.00009239490292696  0.00009241244464412
  0.00009242304413735  0.00009243022019373  0.00009243602594772  0.00009243952469120
  0.00009244226627463  0.00009244468991472  0.00009244687158620  0.00009244852866409
  0.00009245007470114  0.00009245131236097  0.00009245253306881  0.00009245366258683
  0.00009245473963915  0.00009245581692109  0.00009245691143486  0.00009245800594863
  0.00009245917947991  0.00009246046347828  0.00009246180097790  0.00009246341370562
  0.00009246514718690  0.00009246708806139  0.00009247003698319  0.00009247346870013
  0.00009247776541619  0.00009248371413012  0.00009249214384455  0.00009250444428345
  0.00009252113804735  0.00009255272395877  0.00009262525039573  0.00009284129050924
  0.00009396596753478  0.00009784247107891  0.00010405155975029  0.00011144132993452
  0.00012076194031361  0.00013213548347406  0.00014580847282442  0.00016202064390279
  0.00018058443336643  0.00020155910508355  0.00022441850595371  0.00024842759737802
  0.00027258207366796  0.00029734289740086  0.00032327083342777  0.00035212583286263
  0.00038378258366208  0.00041826731985397  0.00045652791597569  0.00049673512675818
  0.00054010648049919  0.00058713944187980  0.00063508301422376  0.00068333726637108
  0.00073451197541515  0.00079201287812727  0.00085335724261169  0.00092662121994800
  0.00100963388023865  0.00109716590132832  0.00119108818871950  0.00130194824365656
  0.00141352060355849  0.00152965307397291  0.00167120641429898  0.00185614207811571
  0.00206195851833577  0.00228627734975598  0.00252705714122298  0.00277120697775198
  0.00300974376177546  0.00326658985629320  0.00362785027899080  0.00409239053391731
  0.00457819554028412  0.00500758978474959  0.00546623179584382  0.00610837405890868
  0.00699604481142585  0.02292565473320853  0.10212970140475081  1.00000000000000000
  0.00000054394238602  0.00000317860165552  0.00000510036890385  0.00000710841047891
  0.00000903309699215  0.00001101233740120  0.00001326257170693  0.00001539694852345
  0.00001749958313222  0.00002020980604026  0.00002312163727561  0.00002585003544551
  0.00002852162368969  0.00003121009085260  0.00003374632150023  0.00003614909913961
  0.00003856819958349  0.00004113378895441  0.00004388179307715  0.00004653709448490
  0.00004897199835036  0.00005142557932519  0.00005391487166002  0.00005639182317181
  0.00005914974232918  0.00006222286900465  0.00006541239799627  0.00006861142956324
  0.00007188209528430  0.00007528376265178  0.00007893745248369  0.00008279423751838
  0.00008697815390859  0.00009136562169936  0.00009585684186917  0.00010000631230732
  0.00010465319175589  0.00010966880917372  0.00011381088872373  0.00011902193419010
  0.00012407785918271  0.00012914338606402  0.00013435031305399  0.00013996604209788
  0.00014607023812974  0.00015232190101358  0.00015887867884735  0.00016709792899630
  0.00017575504028569  0.00018467420987986  0.00019394150588821  0.00020375514784347
  0.00021407218305722  0.00022573083809955  0.00023871133628546  0.00025247345841493
  0.00026680147381988  0.00028222677102774  0.00029889195850686  0.00031587139868913
  0.00033221956713543  0.00034767659349057  0.00036450237964075  0.00038420342097404
  0.00040501636520054  0.00042702650149953  0.00045218970662340  0.00048028439980678
  0.00050991509935316  0.00054456439602630  0.00058394088899428  0.00062724389978465
  0.00067478765607899  0.00072854717593825  0.00078818936908740  0.00084498798991635
  0.00090397084947560  0.00096540831659734  0.00102874564957916  0.00109755567615776
  0.00117029683241153  0.00124657908838200  0.00131363586722412  0.00138756538846691
  0.00146447856830717  0.00154823915798170  0.00163814862948204  0.00173132945827821
  0.00184164328590076  0.00196830122712822  0.00213962911887443  0.00242610864151806
  0.00424844158521099  0.01899730983423806  0.03828667669912630  1.00000000000000000
 -0.00208868107345883  0.00768301511283376  0.01558211918450628  0.02383479689453204
  0.03368612156896703  0.04372814321079294  0.05175891899453830  0.05731836577958435
  0.06328190815817492  0.07303484178765228  0.08689397836915186  0.10003004212026768
  0.10991627170062097  0.11901122803784418  0.12838229313713931  0.13894268846916141
  0.14979743698699172  0.16078990055851028  0.17240518597390739  0.18443915556686502
  0.19577498765135024  0.20587757449792360  0.21724656553845770  0.23070815096558295
  0.24422223748749469  0.25713644047231177  0.26973294730680741  0.28339067541887342
  0.29874164387835456  0.31492453846701368  0.33090770376843048  0.34620880092241801
  0.36104041011529192  0.37488910034402173  0.38741280858478505  0.39929916874617050
  0.41214797369545686  0.42527233691647875  0.43875523523079296  0.45256226648128239
  0.46699203345603912  0.48110992890202797  0.49391739735150514  0.50673237288309736
  0.51967322369589120  0.53271459892258322  0.54750616995115042  0.56095109085177175
  0.57273177527753194  0.58392679392928659  0.59505704338274013  0.60735609665037449
  0.61964593332174567  0.63152557413725852  0.64337157669909906  0.65362411321191327
  0.66368996985885664  0.67289165124981298  0.68269452207369241  0.69341700729922218
  0.70518256206493179  0.71690007574391112  0.72820024710539322  0.73926268770555015
  0.75011554221229981  0.76080077095620691  0.77129201426277405  0.78191415904183459
  0.79363268146018628  0.80447690055372301  0.81278016963497268  0.81994851437787131
  0.82685045926784639  0.83331628811435454  0.84205119380750848  0.85118928142197670
  0.85908607445457907  0.86592174014647227  0.87253286349933845  0.87937558602041765
  0.88722420372430710  0.89565696034368814  0.90379814450160134  0.91162509293882255
  0.91947645006304901  0.92760341928322065  0.93633135680739044  0.94572236661185560
  0.95532427504949136  0.96439901806179718  0.97123736177390396  0.97743335017019817
  0.98352902938957631  0.98907550250362819  0.99443203318133799  1.00000000000000000
 -0.00279698465435904  0.00988841754371176  0.02180719709015716  0.03390172926212733
  0.04610578735621025  0.05847547284467199  0.07048686051560171  0.08230712838298693
  0.09409422902931572  0.10547924952148106  0.11634419941406397  0.12688257819464138
  0.13739726214085193  0.14808500338179556  0.15926883341913103  0.17104800299705503
  0.18275380333910618  0.19393108316286678  0.20482172910178312  0.21533444882871466
  0.22575956172437311  0.23685198246876080  0.24819719867596901  0.25952091315325393
  0.27153568870531863  0.28444918007270192  0.29707784850127167  0.30809127244320939
  0.31706512638399759  0.32621017482149139  0.33413753459179846  0.34273122094146974
  0.35526826096605868  0.36829897604113171  0.37734846142327411  0.38541683582155606
  0.39430480198059809  0.40293207970357581  0.41212246171464045  0.42210741672137853
  0.43168250360421478  0.44149107225012707  0.45183389674114671  0.46257328580347107
  0.47321169456254625  0.48426703751619959  0.49599074115763270  0.50757255247779698
  0.51910266116939574  0.53134447827020570  0.54366131904000903  0.55532468694978609
  0.56717574356288336  0.57908086800389513  0.59142768519072597  0.60399258299145098
  0.61622879474685688  0.62689573367320872  0.63651137198995456  0.64661219809286952
  0.65681294208778518  0.66754378035015227  0.67799749799121400  0.68825196837575164
  0.69873412348545338  0.70909841077923985  0.71997015776039863  0.73063597673794056
  0.73976903744405853  0.74789817980103535  0.75539001994434696  0.76350958113782674
  0.77222830008530041  0.78061857466736129  0.78818898717531116  0.79618258839702227
  0.80558299317728554  0.81677123860238643  0.82796756324513865  0.83719166284055535
  0.84637779151843928  0.85541626084342315  0.86312347580599824  0.87082296527607894
  0.88141569045748325  0.89287010406572576  0.90450246657150435  0.91499891101859854
  0.92375865436420634  0.93429627024932094  0.94453653251607106  0.95588643615496482
  0.96800259850822024  0.97941156876264845  0.98983655528679759  1.00000000000000000
 -0.00256062840378601  0.00988560311837510  0.01651450419827505  0.02384851334600097
  0.03101395035209303  0.03814547561944227  0.04547427044316695  0.05351137275278533
  0.06173173769637046  0.06971498977697330  0.07756361427204125  0.08539242542790705
  0.09354561309464088  0.10224045224461378  0.11097316292223393  0.11971150203346606
  0.12938961332580287  0.14016921894899703  0.15154921847601943  0.16294611142307508
  0.17406291206484026  0.18501880596817974  0.19640925544549734  0.20862833768822972
  0.22113847920332788  0.23261987625541522  0.24220350218835315  0.25142907555688776
  0.26017021317602712  0.26806060768717060  0.27584205571793496  0.28358063526636978
  0.29191751108681496  0.30111093709036812  0.31022389874662032  0.31931158291154149
  0.32978210604714436  0.34022131532328381  0.34913261325879263  0.35749160839796373
  0.36571451458851512  0.37616212522945475  0.38705811624507241  0.39751276836613186
  0.40528416783051158  0.41443578799657738  0.42394623747102489  0.43502369335271590
  0.44667009992552348  0.45535869452151556  0.46467845414963604  0.47429393997363278
  0.48445419214575919  0.49497555891184214  0.50474384693607799  0.51412869139087236
  0.52396967060544353  0.53430349264869892  0.54555081684252538  0.55808047755181966
  0.57116938159469999  0.58481563980376927  0.59716927437069356  0.60668263286925594
  0.61604262366921192  0.62652025386020993  0.63656355276239285  0.64670564130555974
  0.65719985808451653  0.66834158326604198  0.67928122807523905  0.68954730195097991
  0.70187584120792001  0.71576704110417722  0.72995126955642575  0.74208453841644073
  0.75453602233389339  0.76791975315533456  0.78211449704900948  0.79577391783287366
  0.80784827429356643  0.81863951059503293  0.82913951478469772  0.83954994828077312
  0.85007487105241419  0.86194006874187290  0.87550652689903730  0.89009220444852732
  0.90408229555008335  0.91623882420645919  0.92765821376890167  0.93932464230364610
  0.95188655636153074  0.96574328340468552  0.98032776120926957  1.00000000000000000
 -0.00214174136346751  0.00814930449711977  0.01834591498867451  0.02829439523486657
  0.04056414133361232  0.05410067393437021  0.06536105244206319  0.07450907128293460
  0.08283859051640706  0.09148619460749390  0.10097798079513426  0.11193177652787586
  0.12355297037187254  0.13531493245927212  0.14747989935496963  0.15877445613180288
  0.16934617549639946  0.17972515169079850  0.19010448475463820  0.20139354050513883
  0.21314912143771036  0.22440821074458842  0.23518995770757314  0.24570994947187055
  0.25617737020395093  0.26719951087031635  0.27919041995537219  0.29149499160468517
  0.30303178133570713  0.31374331556982954  0.32379573551316648  0.33270719408812460
  0.34164023168171920  0.35113249248850881  0.36112722611997117  0.37189030995994737
  0.38286699036742677  0.39358240779498993  0.40380538365662938  0.41365710502721759
  0.42347888381785725  0.43435751849184751  0.44672417053885205  0.45994765153865480
  0.47326302466683001  0.48604396104010872  0.49714075941591068  0.50574737460983898
  0.51496122220387430  0.52399528831843067  0.53181382667590960  0.54011216182011335
  0.54895319176548218  0.55798244752459858  0.56701967312908852  0.57601001896518500
  0.58463214694140897  0.59234701883363017  0.60016235744623248  0.61005300298336818
  0.62143944306917887  0.63311641878909142  0.64406944888460038  0.65488290694373830
  0.66566480188747534  0.67674841066413927  0.68848026135666240  0.70094969977321153
  0.71398591085862750  0.72697329449667103  0.73763674594032469  0.74801080692688315
  0.75845762738691136  0.76867565413774031  0.77857389304573221  0.78876550617080943
  0.80001458178967610  0.81152421075129555  0.82289875369911014  0.83446921710849375
  0.84636424396334120  0.85833883927751520  0.87035137095328896  0.88215048899255200
  0.89325224898157474  0.90344823446735656  0.91314498608333072  0.92202650220586013
  0.93033206514979738  0.93975532993524480  0.94857737399818076  0.95748813141874911
  0.96718429788859051  0.97692334167154837  0.98539652188695948  1.00000000000000000
 -0.00256453213083143  0.00917016546398953  0.02137395496095420  0.03338304356230877
  0.04495002577210983  0.05703000610134299  0.06957317499826790  0.08184469749290534
  0.09267203420216730  0.10194834932086048  0.11084651198573327  0.11984116265046185
  0.12928477170455691  0.14058065473831249  0.15201491170301779  0.16366446806646506
  0.17529319103975269  0.18725125724609390  0.19953158162698192  0.21123771169957190
  0.22179877878952536  0.23156164994307263  0.24063969063695945  0.24935037620379502
  0.25836325107622343  0.26719322773218840  0.27470802214968509  0.28287104228599208
  0.29109319011855522  0.29937624156661258  0.30903012443236116  0.32068281794371789
  0.33203182412806359  0.34284994631305898  0.35243078725103583  0.36125441568216482
  0.37064324531172205  0.38156499806101252  0.39207168079481963  0.40191926356041446
  0.41198561896836805  0.42275099549665135  0.43349622206383115  0.44411387678725289
  0.45540019896887918  0.46706830467481042  0.47876362242102488  0.49075459140443417
  0.50376891285049707  0.51785401790204755  0.53194962830300396  0.54479304804329731
  0.55607455720802856  0.56632731262253333  0.57568947546331961  0.58548944394006475
  0.59601270361461545  0.60759620020660554  0.61945041589777339  0.62958142360066893
  0.63929799039452695  0.64906174471715083  0.65768948142608674  0.66712053013024986
  0.67814441842273987  0.68943366274041540  0.69993082051450128  0.70943559281889335
  0.71826361910786241  0.72860294338703480  0.73962224506125374  0.74941788917382324
  0.76012053025718218  0.77011906828288745  0.77849320632998154  0.78707982172408786
  0.79533798814715229  0.80347861447868607  0.81306753523481656  0.82498830839710424
  0.83756230265838183  0.84900812930736014  0.85976677794697409  0.86996272203014458
  0.87979303467491077  0.88972419613859899  0.90020431366962939  0.91097289278548876
  0.92168864203029044  0.93262802056972416  0.94407983671582740  0.95596408854300818
  0.96797951603189925  0.97945326082652795  0.98987635652017281  1.00000000000000000
  0.23736017281388438  0.27517840853776759  0.30659497258698493  0.33323959610496345
  0.35464302677706905  0.37365639677833057  0.38995367456763891  0.41191361981348207
  0.43990634096415160  0.46179531734194396  0.47887202962058872  0.49582585002808499
  0.50925486039025136  0.52299766690567895  0.54268322206563036  0.57643953100712220
  0.61297925391357999  0.63697022301713624  0.64804429625889670  0.65440140293658555
  0.65992753582904717  0.66577032201894981  0.67048855420328579  0.67507251547359137
  0.67929936495286902  0.68289929877833400  0.68658339476263774  0.69037859258802459
  0.69394723756849130  0.69771657157748479  0.70146143022927843  0.70503999571831333
  0.70904198504779337  0.71351461498949520  0.71802726142891904  0.72207685787736975
  0.72571524416701350  0.72916916371745588  0.73269323480991910  0.73641876952830521
  0.74060185756628982  0.74519309435481218  0.74929857430307967  0.75222418975190786
  0.75483953961890693  0.75744017978921918  0.75973115390960499  0.76232958865565614
  0.76539538399358187  0.76835091635771491  0.77159797714514644  0.77506019365772183
  0.77840900747658603  0.78182380203385415  0.78499647409003770  0.78741823962702395
  0.78977133568482183  0.79248327144391462  0.79524853636852977  0.79857246807502624
  0.80228414423850147  0.80557097733432581  0.80877750548302352  0.81203623325478425
  0.81562615167141406  0.81970809232031938  0.82410449540284703  0.82836541372331363
  0.83262937719713292  0.83715844690187680  0.84168520236491839  0.84618921792471902
  0.85074668785875174  0.85509171291863428  0.85942448279969774  0.86363777528686803
  0.86782900048765421  0.87241615861289079  0.87742061239006186  0.88238909750600847
  0.88744455722587856  0.89260197449569045  0.89773496679694254  0.90285224705371236
  0.90829110488107878  0.91409435350778245  0.92027555597336630  0.92707158521025967
  0.93421511793921919  0.94183176548160474  0.94999719005717809  0.95746092232782398
  0.96402136160414498  0.97130158440741399  0.98066688380528277  1.00000000000000000
 -0.04063602138226391  0.16818058277692510  0.20847680053163406  0.23217736612875839
  0.25219255049736333  0.27105854858353945  0.28849640478166838  0.30450417480570335
  0.31911818365180500  0.33168793962102311  0.34159291345893295  0.34992410604791263
  0.35770223134017443  0.36710933293580195  0.37874755558081152  0.38929046433401759
  0.39830728867755127  0.40759621555831871  0.41652985817066213  0.42447310135459870
  0.43146236337162797  0.43860948830784185  0.44580264279082088  0.45323723089510354
  0.46092232063207594  0.46845273527609788  0.47597970080592750  0.48358553493182566
  0.49065120925539329  0.49705915423736668  0.50290943821141931  0.50861440402727165
  0.51388725735189933  0.51930885295278684  0.52559673226850467  0.53190107375458739
  0.53726907648629063  0.54176763570637354  0.54608369764397824  0.55081289980240111
  0.55607837462493770  0.56180257487961749  0.56756322117424074  0.57291391654991297
  0.57757982283996989  0.58175753757578341  0.58637626005190246  0.59134699140947988
  0.59612168883172956  0.60140172210391929  0.60680616885096661  0.61209585817566559
  0.61729313645224315  0.62240969424371073  0.62768315396182672  0.63293941317408975
  0.63798383281289794  0.64288550163685754  0.64762312820283507  0.65223637229767029
  0.65647831390857392  0.66038378371276407  0.66471205464938488  0.66969140005106020
  0.67513127557597608  0.68079043957570295  0.68631349900451333  0.69139359422636770
  0.69633364239546869  0.70093752731983516  0.70543671779968964  0.70965172754738082
  0.71359821047888294  0.71764986737466874  0.72138675134242258  0.72453772401918293
  0.72749807156245760  0.73069673670266189  0.73399604755684256  0.73751797183234113
  0.74091420857859602  0.74485339435377540  0.74950489917494900  0.75427955506919386
  0.75897730355375259  0.76372456748282502  0.76870578945535228  0.77442441589305777
  0.78178700960908187  0.79027583293972625  0.79974855599139749  0.81100669272465109
  0.82524230727893111  0.84572232665922920  0.90195962997163148  1.00000000000000000
   2.4288489847991185E-010  -1.0000000000000000     
 F F F F F F F F F F F F F F F F F F F F F F F F F F F F F F F F F F F F F F F F F F F F F F F F F F F F F F F F F F F F F F F F F F F F F F F F F F F F F F F F F F F F F F F F F F F F F F F F F F F F F F F F F F F F F F F F F F F F F F F F F F F F F F F F
  <DiscreteSampler_grid>
  grouped_processes
  1 # 1 for a reference and 2 for a running grid.
  10 # Attribute 'min_bin_probing_points' of the grid.
  1 # Attribute 'grid_mode' of the grid. 1=='default',2=='initialization'
  0.0000000000000000 # Attribute 'small_contrib_threshold' of the grid.
  0.5000000000000000 # Attribute 'damping_power' of the grid.
 # binID   n_entries weight   weight_sqr   abs_weight
    13   10   6.022769636971576E-002   9.509697294301846E-003   6.022769636971576E-002
    14   10   6.022769636971574E-002   9.509697294301843E-003   6.022769636971574E-002
    16   10   9.364404614815131E-002   1.882182591699233E-002   9.364404614815131E-002
    17   10   9.364404614815131E-002   1.882182591699234E-002   9.364404614815131E-002
  </DiscreteSampler_grid>
