  0.02382891960298764  0.03222411875917475  0.04234261784199878  0.05282104858541894
  0.06321480093050166  0.07321353123777025  0.08328738248993410  0.09329851937270485
  0.10333706937799819  0.11328430958378428  0.12328437116494223  0.13361416551668706
  0.14393728666200450  0.15414823301269290  0.16432036492950575  0.17444967996546995
  0.18455101979121943  0.19451153990501438  0.20451218478416980  0.21458595700730587
  0.22467436550953601  0.23467916458746080  0.24473352411281266  0.25486604059824175
  0.26518823237770095  0.27552881313657146  0.28594501428219765  0.29620696581910932
  0.30635317863061579  0.31653105035797779  0.32657259575978975  0.33652432292736700
  0.34620024323585685  0.35599350972383381  0.36576289143251001  0.37546478438592062
  0.38514516387858938  0.39496679222906356  0.40511140508263799  0.41532150407107965
  0.42550572644674367  0.43558052719512713  0.44582736864164357  0.45603829418287573
  0.46627397630667128  0.47638268866510886  0.48641597906770001  0.49666952468018871
  0.50699664048856496  0.51715003596917386  0.52718511740485074  0.53722793845517869
  0.54741731380933012  0.55757440864658148  0.56752662611359861  0.57740706245405427
  0.58743807437523554  0.59752185682076830  0.60799638025882796  0.61842125100433221
  0.62889267833672002  0.63936941859954688  0.64986357436623887  0.66045061024528107
  0.67078124548715656  0.68093673153254719  0.69091469394267480  0.70088659150576094
  0.71090976318224841  0.72095294453661385  0.73098548276195763  0.74103677217157937
  0.75113602722008710  0.76130093737930793  0.77155447439363289  0.78179636311476119
  0.79212380443646724  0.80243191388785784  0.81281963410009295  0.82297805361592913
  0.83317924370990881  0.84340539335166365  0.85369522183174651  0.86398877776188354
  0.87423544056565705  0.88433108124442728  0.89440058048362792  0.90441451276286722
  0.91432793212396835  0.92432988736907584  0.93443692991984251  0.94488848712789153
  0.95568846820833375  0.96502038820154934  0.97086838797512476  1.00000000000000000
  0.03069978548422462  0.03653801571766145  0.04545799217285482  0.05609749354997656
  0.06620669597776253  0.07635660308320588  0.08664355842584368  0.09708339006557813
  0.10747794850366241  0.11782978508292367  0.12821646554715210  0.13848627863712559
  0.14856188844749083  0.15852383739794071  0.16854483528178646  0.17858943651338602
  0.18875440080941183  0.19899902464060004  0.20935259404977863  0.21968612826567396
  0.23001369552182205  0.24043612087880414  0.25072863787703209  0.26094210422432951
  0.27096187514255493  0.28104425754545276  0.29107409707198401  0.30110540078075565
  0.31107343849817626  0.32103480339094714  0.33093951552770445  0.34086145147797842
  0.35077031582660095  0.36065759466739189  0.37055340827349115  0.38041745771075941
  0.39027240856393164  0.40038567173538070  0.41051069282980490  0.42042932763795904
  0.43026992542056308  0.44017928401076567  0.45019072338530952  0.46017961202887131
  0.47005256811166335  0.47995363620448184  0.48992907915704026  0.50001138034411352
  0.51016568582963184  0.52027353140929777  0.53024594506942413  0.54031248858410497
  0.55050444347054461  0.56068482350843629  0.57071352870308623  0.58055709213983109
  0.59032001903125975  0.60004462015816373  0.60972176086465446  0.61946209167841881
  0.62934099941097910  0.63950837644958913  0.64952327673734322  0.65967780088681027
  0.66982610017943678  0.68011960013506034  0.69042828993823802  0.70048386226443982
  0.71061030106468714  0.72054463226236687  0.73060469829902042  0.74094692277495144
  0.75136693355889395  0.76159590484738571  0.77172322860252873  0.78192017747745801
  0.79201665831666923  0.80211789273564549  0.81212975261487497  0.82246638381678638
  0.83256529610127561  0.84247341905048556  0.85242645863821476  0.86276233253130585
  0.87330866931358087  0.88385118474891511  0.89429373670277901  0.90466836508444082
  0.91508018024455340  0.92525306412355790  0.93544024872491238  0.94554179351101408
  0.95589550313118121  0.96473322815018492  0.96902171061250897  1.00000000000000000
 -0.00219887244486211  0.00838612498188341  0.01757723062988297  0.02730347128431566
  0.03711833709662022  0.04685193230214760  0.05652586196750235  0.06637703364377240
  0.07643413740311443  0.08668428525084707  0.09694382417495546  0.10741555397265640
  0.11798296096153418  0.12868377969916817  0.13944121661125228  0.15011242368708141
  0.16093243248812902  0.17191114995025025  0.18316187239236748  0.19471616299404435
  0.20640568899119449  0.21825364873210157  0.23014524316232890  0.24226998783818104
  0.25460417435235605  0.26694841912687400  0.27954094574853472  0.29197992324450905
  0.30412049575874844  0.31621853676482475  0.32849050039049082  0.34067610686848920
  0.35281036391857040  0.36506890975468054  0.37733087430619100  0.38941946661022636
  0.40153855571134561  0.41375833780280802  0.42600336929254068  0.43823279630741740
  0.45056079439845448  0.46285692678753837  0.47504920180726479  0.48751197615840786
  0.50013908767540449  0.51276444060433457  0.52512809391478998  0.53742116996856981
  0.54918898102446800  0.56087121428387055  0.57265775474032743  0.58432710304717084
  0.59590667431350575  0.60748609858609182  0.61925506166600575  0.63075457064210272
  0.64202242992685132  0.65302079549191017  0.66395294344499567  0.67486329732441497
  0.68575048911118175  0.69656068404810312  0.70710994272595518  0.71766538340220165
  0.72801500242130990  0.73829473434501203  0.74846338377765775  0.75856658956189049
  0.76873001595878321  0.77895129762283588  0.78906112305541543  0.79890496052761162
  0.80861613030726165  0.81824782826051645  0.82781476569950518  0.83708992385983327
  0.84605286560890303  0.85493014047886251  0.86367168931422933  0.87238226844099698
  0.88087729436581697  0.88925335991439369  0.89762275398365865  0.90591487697393769
  0.91408662209273095  0.92213027253545155  0.93008866821317104  0.93804846335646619
  0.94596384772824349  0.95381745923777739  0.96169147495290952  0.96953051133159540
  0.97734536795629501  0.98500375737176338  0.99254355204488764  1.00000000000000000
 -0.00236398983439727  0.00933882294841082  0.01929846591197653  0.02972819024874386
  0.04028406241346578  0.05072188059711734  0.06109357965217100  0.07158174165683315
  0.08217378921496389  0.09270230227660961  0.10305469853485175  0.11345588621666299
  0.12430135622230394  0.13498365044781435  0.14555639102064744  0.15590640680993495
  0.16608353826335698  0.17640965808247466  0.18675049109151221  0.19755983760096649
  0.20835365415533447  0.21901517789230138  0.22981467899942504  0.24032715414079503
  0.25086454046330814  0.26146288711663729  0.27221752855555054  0.28291595747604370
  0.29327145831239460  0.30379802436624032  0.31426458054599204  0.32494493145724601
  0.33576263828600450  0.34672815330862766  0.35758722630427187  0.36804305839407325
  0.37836306302933642  0.38854360552614153  0.39886339510991042  0.40926736993791824
  0.41962380964193757  0.43006583103221280  0.44034700490014761  0.45066765531731889
  0.46101729028460120  0.47149679800864941  0.48202277367593410  0.49264395857525528
  0.50321119101655543  0.51383724638413775  0.52446324865106309  0.53514239273140973
  0.54573280241129030  0.55629096124506305  0.56696028076021143  0.57771943812874671
  0.58830109532805630  0.59889217391434602  0.60943807128186456  0.62014673724054648
  0.63068398621329724  0.64122756641519207  0.65181943743964743  0.66238545569944030
  0.67298111541740924  0.68324532869831400  0.69360195046773232  0.70405946772237726
  0.71455637739705491  0.72519898382787751  0.73582077580135830  0.74647644895271459
  0.75709206578462518  0.76761545383366658  0.77827731052114135  0.78891472775214999
  0.79959364567920965  0.81041571102783116  0.82111705854558337  0.83186014549274645
  0.84244385582248371  0.85292804682808399  0.86323048884900244  0.87367148089198110
  0.88402756702662089  0.89432649058560509  0.90462869770425069  0.91495221827689388
  0.92570236159591535  0.93632179461368326  0.94699548209611661  0.95764598064580897
  0.96822534172756625  0.97879458437852551  0.98934893203114571  1.00000000000000000
 -0.00212572332316397  0.00993519656477313  0.02036831441800966  0.03135705835197244
  0.04229280647402600  0.05307451927683161  0.06381328855447391  0.07443669018623295
  0.08498227437403939  0.09531847475771879  0.10574893428855855  0.11630840718089697
  0.12693136495059434  0.13743321887682078  0.14784876961416052  0.15818869694196544
  0.16851605202855718  0.17882703093975991  0.18912056891066925  0.19938219420799097
  0.20967229200059281  0.22026497914553073  0.23112175761451512  0.24201922405188878
  0.25288724318455091  0.26367716751591752  0.27452254411495858  0.28535433927595039
  0.29614434995160110  0.30695127232330194  0.31753882634883529  0.32800917674584390
  0.33832324057406910  0.34875382283545925  0.35931287181607569  0.36989561633344531
  0.38044255455945597  0.39088134132678437  0.40129950502764083  0.41142455996063321
  0.42169046679916150  0.43187920288547593  0.44239463662359735  0.45296345721410058
  0.46380294477496387  0.47460404119602995  0.48545833408017980  0.49616025548748766
  0.50672127723073701  0.51719108834366656  0.52776629472864189  0.53846493729704392
  0.54909268311773762  0.55978707856842824  0.57050152862040526  0.58112006792950910
  0.59145683651516701  0.60157815285710814  0.61179628557048493  0.62172901731171093
  0.63175563605425011  0.64190364936612787  0.65247516202285361  0.66303688776391523
  0.67328519908697881  0.68348197127981025  0.69377352035669149  0.70407081716642128
  0.71449148052791533  0.72505921950475105  0.73578899913281204  0.74631750055585888
  0.75705303420942915  0.76797881122049139  0.77899248214754846  0.78982398522765374
  0.80034495724605614  0.81082876940049597  0.82108093792693526  0.83144432087434728
  0.84186110683148530  0.85250152412268265  0.86298011998698898  0.87351752995573562
  0.88413752861292838  0.89471124804619262  0.90497889566783929  0.91497766677112213
  0.92524046890195422  0.93562713566537026  0.94615894670403056  0.95686614431923478
  0.96790329185832125  0.97878216052775713  0.98947971232843290  1.00000000000000000
 -0.00245361616101905  0.01002659251559355  0.02032062576190249  0.03093420219124562
  0.04149105779275893  0.05205560767731798  0.06265080197431028  0.07332399562941272
  0.08382349754923338  0.09438457280911479  0.10517508433160370  0.11621677576108863
  0.12710473706085262  0.13777340383633147  0.14840794256810763  0.15905928082024015
  0.16955658631013515  0.17986343047277040  0.19027056285296368  0.20086310004553837
  0.21144188437557174  0.22199108429301134  0.23253279611347769  0.24330940004780233
  0.25399903309320176  0.26469594866366319  0.27533573409777307  0.28612353304892524
  0.29666299863547607  0.30709745550702205  0.31746330070541645  0.32782178186561600
  0.33816930055762129  0.34841954218905519  0.35875845197472062  0.36930557912256506
  0.38002443286591076  0.39082497399622329  0.40136576119444434  0.41170844662233713
  0.42197024010344319  0.43226634021649463  0.44248214214979298  0.45256270078159355
  0.46261413100725507  0.47281912546022531  0.48309931015117319  0.49350644182934517
  0.50395625236960817  0.51436435249199686  0.52459830443423250  0.53479914807742679
  0.54509981028383137  0.55547256012112944  0.56587147067432431  0.57622313623917265
  0.58671947688231341  0.59728310317971633  0.60795317258878268  0.61856019201717205
  0.62918411013674169  0.63981252673303024  0.65037736452166217  0.66081008853064804
  0.67122884956117523  0.68186153248963477  0.69239516735352979  0.70281656261333925
  0.71306744061242378  0.72325979848116739  0.73343354094018232  0.74371573710623107
  0.75423627947481986  0.76486240504637482  0.77544095373482325  0.78601012002164383
  0.79672843269964189  0.80730663092412580  0.81781600720474279  0.82834222565087534
  0.83894880876752875  0.84969591498686770  0.86045190200543176  0.87113105668214419
  0.88188976577400446  0.89255126523564143  0.90311439508526170  0.91373134729197680
  0.92436763843343417  0.93528724737059488  0.94617452637114996  0.95705788767190003
  0.96775044594950377  0.97856479131175067  0.98928652356345059  1.00000000000000000
 -0.00258004268077175  0.01138850428903789  0.02298293803545605  0.03509438297600160
  0.04698224694640563  0.05869428665050420  0.07020232143577879  0.08162471377012265
  0.09288923332019500  0.10405986687278705  0.11532252264688787  0.12653713177970383
  0.13760969639661419  0.14830874550441081  0.15878256662535312  0.16909301554369813
  0.17932184883558325  0.18945131968792206  0.19950454765446687  0.20945828210033535
  0.21938550678470814  0.22927547801544992  0.23921715080864556  0.24915904730065583
  0.25908677213253711  0.26890775493424218  0.27855820834132611  0.28810950326294943
  0.29757270528696989  0.30695591473369882  0.31630366387211584  0.32567730500305064
  0.33499844503150505  0.34434152619982039  0.35365814565552561  0.36293473757512235
  0.37239352200845710  0.38176311963215465  0.39117647899962504  0.40030020750798068
  0.40925259952570964  0.41818772437436802  0.42721291607149370  0.43626966844064785
  0.44542036382401157  0.45455600509966892  0.46382695283635089  0.47307994849113300
  0.48231171161087022  0.49162922361597106  0.50091102896129691  0.51026110687268988
  0.51948431067799739  0.52898495256812572  0.53848114234397104  0.54806038554986203
  0.55768496094790587  0.56735306700627453  0.57704624903118107  0.58662088006614077
  0.59615222683353597  0.60582618948503719  0.61544934694553632  0.62513046811507789
  0.63484792431719639  0.64478600030609379  0.65486904568019055  0.66498750562613718
  0.67513523055372071  0.68533884775456588  0.69572240968848664  0.70619434893603650
  0.71675806779946794  0.72727127414586068  0.73787176307504476  0.74860433629915413
  0.75947140807801239  0.77030472135194161  0.78098238562560274  0.79180388937021229
  0.80298277865941703  0.81465064982117641  0.82679462415141258  0.83905611350357390
  0.85139517380029550  0.86385432736975243  0.87662139255679006  0.88950211890422426
  0.90255658482960155  0.91581365260086756  0.92922409850300303  0.94277617709467254
  0.95631503267798246  0.97071349839320697  0.98524130063954329  1.00000000000000000
 -0.00246744755442638  0.00953975326961807  0.01989359818647333  0.03063820398718630
  0.04134846356974684  0.05210060320498130  0.06283443246050864  0.07349584843835780
  0.08401329518365044  0.09465436905639991  0.10533564022258271  0.11634147380885859
  0.12729628968866527  0.13820397444011709  0.14887827584304536  0.15933495434903205
  0.16978048509265672  0.18028237617523352  0.19089444672335054  0.20160535580295738
  0.21221831602571603  0.22265004888560566  0.23315188337108628  0.24362030705011381
  0.25405068299296085  0.26421313562948967  0.27448611008816970  0.28490461270954942
  0.29544963832647664  0.30601195224543581  0.31653461364202196  0.32696876007140646
  0.33732839441931112  0.34757900605229836  0.35783095218213484  0.36808508033775234
  0.37856318968347386  0.38918971818727566  0.39987023751072365  0.41060142204453703
  0.42119903883467269  0.43182608388181404  0.44248104129730897  0.45321556230663645
  0.46394571689344061  0.47464777269237185  0.48521885247491414  0.49564669305502596
  0.50595470227143469  0.51617088995803972  0.52641580127408572  0.53675708680550493
  0.54735559158403213  0.55785031370629734  0.56809270397369926  0.57823095961000082
  0.58841649442200361  0.59883005612316187  0.60929371854412440  0.62002550002551715
  0.63069965193164623  0.64141366893918850  0.65217468281576485  0.66315882283966254
  0.67378674060316035  0.68446653716468953  0.69513325804126469  0.70590637630749276
  0.71619181295371515  0.72632074874948316  0.73656109995695440  0.74680573215942603
  0.75729974115618459  0.76800381836926956  0.77901261626681639  0.78982782868247947
  0.80018426438833190  0.81039934603775188  0.82065913674069968  0.83095425871721185
  0.84120797831436533  0.85148923111648711  0.86186884763053351  0.87237944677013379
  0.88287400525252846  0.89344522757751155  0.90408052871292199  0.91469322209482540
  0.92526629044324837  0.93595507160804281  0.94666586748047632  0.95752081954139567
  0.96811135919293023  0.97872652377606728  0.98933090164333015  1.00000000000000000
  0.03214147362207771  0.05752403278053252  0.07491675159703891  0.09112849244832898
  0.10639563928824630  0.12098674714252110  0.13444413784103360  0.14656478298013401
  0.15761257127590503  0.16806722035467381  0.17785738601668269  0.18719179842031239
  0.19613509370582125  0.20481029354422492  0.21320513264488111  0.22136638842041648
  0.22947618141258941  0.23768614760071946  0.24582502611969029  0.25389503960167564
  0.26183808516277862  0.26974375555554392  0.27747953267167175  0.28510518876477992
  0.29264728507458770  0.30008459723125980  0.30748978453067205  0.31481668695349740
  0.32216001164809999  0.32949036245223029  0.33686158445753400  0.34425088178898389
  0.35160611989646012  0.35904636332365641  0.36651598255215379  0.37385652048215551
  0.38117158400694190  0.38848801276558920  0.39588678428976398  0.40329318615457632
  0.41069142832374039  0.41798257418744911  0.42523563881643434  0.43254551274115388
  0.43996477680317331  0.44742797915173216  0.45504570173220943  0.46262413373511846
  0.47017088374116850  0.47769875269861090  0.48521855129534419  0.49274925942960413
  0.50038167801507516  0.50814896107474417  0.51600014926427407  0.52393181034466318
  0.53196547875268629  0.54010513388163539  0.54832052294777578  0.55667500429167305
  0.56501645937509692  0.57320939918989289  0.58144855181670185  0.58970980152965036
  0.59813702250419587  0.60678985655041107  0.61566238994762335  0.62460798641282822
  0.63368491029549734  0.64277036850539604  0.65177721987165804  0.66072338225161753
  0.66974073338619533  0.67901864492435282  0.68841461217610800  0.69782645944555421
  0.70735519459436569  0.71715709480505074  0.72717530500590888  0.73737459081351708
  0.74792270481265899  0.75884896060605278  0.77000151575846443  0.78140468450465361
  0.79318321686237281  0.80540404418452805  0.81788131366623817  0.83050126067796881
  0.84399740193854256  0.85806731552226778  0.87349243239563912  0.89031891928664053
  0.90895386655726151  0.93006198728705891  0.95684001704167088  1.00000000000000000
 -0.02073926775170769  0.13266321237767623  0.18068202164010252  0.20871948409964614
  0.23113360910770100  0.25025409148834743  0.26695937104412298  0.28216966788812525
  0.29624053047597282  0.30954942736638291  0.32206366054774166  0.33380973254820540
  0.34483639140557609  0.35539115445454095  0.36558477900734998  0.37564577891059364
  0.38555444692989316  0.39524379811297955  0.40449081639189516  0.41358191263941196
  0.42244277374035571  0.43119330581887488  0.43979040281219983  0.44802244568213234
  0.45611505599829322  0.46387401065095929  0.47152100790562473  0.47912058704455812
  0.48652119698031088  0.49384874251907851  0.50100593933163673  0.50809865448780689
  0.51514875569728025  0.52213118420838467  0.52898200595636324  0.53575742056565867
  0.54246125613548069  0.54899161372601679  0.55543381028285332  0.56181628808507722
  0.56816489377359092  0.57446718013170750  0.58069496823361832  0.58685589298119367
  0.59299729111163402  0.59912181527810116  0.60517537322659209  0.61112196526279483
  0.61694794789021001  0.62268992457080263  0.62837927470087718  0.63404913374793959
  0.63973160026034293  0.64546105685378707  0.65110378865955143  0.65666015203158468
  0.66217531001305607  0.66754207563820589  0.67284202420602734  0.67811427658179446
  0.68338598540997852  0.68865662005385553  0.69391263757399280  0.69916639558051741
  0.70433909492583080  0.70955185700772716  0.71474196116930266  0.72000445064950014
  0.72531989643727668  0.73066656792811380  0.73598362364680758  0.74133505846553782
  0.74662160961629209  0.75190895262529278  0.75720275327942943  0.76247376302552916
  0.76779303541879806  0.77324474609900995  0.77884812522157365  0.78444607934273758
  0.79013205717007984  0.79601358740070549  0.80210883248585929  0.80828127063507937
  0.81469316236365596  0.82149662164488857  0.82864931653153384  0.83633591775979854
  0.84475521960257860  0.85377693109192287  0.86359429545314259  0.87468359576716359
  0.88773358793483081  0.90578785519871263  0.93515160670385200  1.00000000000000000
   6.2761281467559931E-012  -1.0000000000000000     
 F F F F F F F F F F F F F F F F F F F F F F F F F F F F F F F F F F F F F F F F F F F F F F F F F F F F F F F F F F F F F F F F F F F F F F F F F F F F F F F F F F F F F F F F F F F F F F F F F F F F F F F F F F F F F F F F F F F F F F F F F F F F F F F F
  <DiscreteSampler_grid>
  grouped_processes
  1 # 1 for a reference and 2 for a running grid.
  10 # Attribute 'min_bin_probing_points' of the grid.
  1 # Attribute 'grid_mode' of the grid. 1=='default',2=='initialization'
  0.0000000000000000 # Attribute 'small_contrib_threshold' of the grid.
  0.5000000000000000 # Attribute 'damping_power' of the grid.
 # binID   n_entries weight   weight_sqr   abs_weight
    13   10   5.933282008923936E+000   8.562326950216048E+001   5.933282008923936E+000
    14   10   5.933282008923935E+000   8.562326950216051E+001   5.933282008923935E+000
    16   10   7.609800456708426E+000   1.454195707674539E+002   7.609800456708426E+000
    17   10   7.609800456708423E+000   1.454195707674540E+002   7.609800456708423E+000
  </DiscreteSampler_grid>
