  0.00007152733728456  0.00007181535497950  0.00007215268643715  0.00007252791309301
  0.00007286306231793  0.00007316641853673  0.00007345817315917  0.00007378415903034
  0.00007415302318899  0.00007452792681151  0.00007489553209211  0.00007523614784558
  0.00007557611351883  0.00007594911116369  0.00007632041628992  0.00007667151518685
  0.00007704169869576  0.00007746576449081  0.00007792415859467  0.00007839813381130
  0.00007883422535684  0.00007926917729165  0.00007970971453368  0.00008012642771717
  0.00008057531629827  0.00008110808878837  0.00008164903420681  0.00008218367603713
  0.00008272714388815  0.00008331779437882  0.00008395723938304  0.00008460616360375
  0.00008525344698103  0.00008594726381565  0.00008676182636160  0.00008760534267362
  0.00008840301588699  0.00008918830344605  0.00008998118926960  0.00009079979477203
  0.00009153509007039  0.00009211121507580  0.00009237198332052  0.00009242417127088
  0.00009245464719782  0.00009248512312475  0.00009251559905169  0.00009254608592404
  0.00009257659192589  0.00009260709792775  0.00009263760392960  0.00009266810993145
  0.00009269868040645  0.00009272926028093  0.00009275984015540  0.00009279042002987
  0.00009288305911713  0.00009308846269175  0.00009338971733947  0.00009397026128364
  0.00009463756963541  0.00009536701702270  0.00009619700534431  0.00009722745771739
  0.00009859999079091  0.00010020409087463  0.00010184637233189  0.00010350687474233
  0.00010532915887430  0.00010721122293673  0.00010915792371515  0.00011128662282878
  0.00011385636733691  0.00011677246834627  0.00011980412247576  0.00012283277203396
  0.00012605640471384  0.00012904386652086  0.00013198909404638  0.00013504580866828
  0.00013834459588933  0.00014319786341629  0.00014939486523811  0.00015675501504444
  0.00016503848703373  0.00017572771892280  0.00018919955575195  0.00020233996063321
  0.00021874332673129  0.00024899075630145  0.00029804234386036  0.00036003680117195
  0.00043860344236575  0.00064416308801803  0.13090237917904868  1.00000000000000000
  0.00008062676689337  0.00008499763486843  0.00008905029969213  0.00009306790547293
  0.00009713887968033  0.00010143952361395  0.00010543745886673  0.00010864858885794
  0.00011139185892869  0.00011359758279253  0.00011621127047339  0.00011930261950025
  0.00012220072368383  0.00012317788402421  0.00012415504436460  0.00012513220470498
  0.00012610809294425  0.00012697541234977  0.00012784273175530  0.00012871005116082
  0.00012957737056634  0.00013039627363451  0.00013118595581613  0.00013197563799776
  0.00013276532017939  0.00013427352796330  0.00013779839232835  0.00014090056984240
  0.00014425851540984  0.00014832468120429  0.00015265239283135  0.00015687522586693
  0.00016125430018417  0.00016583602518008  0.00017039825658202  0.00017508811815277
  0.00017978554021588  0.00018446443024152  0.00018905920588687  0.00019340880620098
  0.00019788154820967  0.00020270196382403  0.00020772197993524  0.00021361186032649
  0.00022035659629708  0.00022469448579333  0.00022944372581284  0.00023435378258905
  0.00023898372516717  0.00024550673670697  0.00025213588350558  0.00025923127635677
  0.00026743534170180  0.00027689817414846  0.00028682203481959  0.00029460473356982
  0.00030198224365305  0.00031108613945728  0.00032018664370163  0.00032842324352912
  0.00033686948855064  0.00034594618411686  0.00035695671004221  0.00036933586591708
  0.00038390306529984  0.00039995067200534  0.00041525762728529  0.00043205355228701
  0.00044967437127078  0.00046671210371687  0.00048387557027879  0.00050459314615512
  0.00052462395104724  0.00054790317872101  0.00057467977221709  0.00059957494692383
  0.00062146358600471  0.00064459092133268  0.00067570774575407  0.00071095823588759
  0.00075832588278896  0.00081565222680689  0.00087795803435768  0.00095378341118864
  0.00104212393601437  0.00117487658460730  0.00145029086945377  0.00176241107359046
  0.00198897822358481  0.00237572848539888  0.00292284873338443  0.00346830950259283
  0.03456627342311130  0.10258417276642716  0.18546612748929608  1.00000000000000000
 -0.00444464929654582  0.01851774047496114  0.03457457781553740  0.05536246158778415
  0.07127641182381703  0.08502179638049978  0.09876452849051254  0.11380736227253278
  0.13033425484883207  0.14534921761003994  0.15949179604664346  0.17223534106617416
  0.18110543330660636  0.18836978055770601  0.19546149562852352  0.20447144854759614
  0.21468703267877687  0.22483737572218782  0.23539111435759949  0.24630215637799907
  0.25757608717269914  0.26986649798493623  0.28200326822164556  0.29289607936368522
  0.30176596893882035  0.30941030922688695  0.31875152690764336  0.32826496463883609
  0.33901321794479006  0.35092480171793133  0.36312626853206031  0.37320611120097530
  0.38440120993348309  0.39705941292943880  0.40891825229384227  0.41899741344513514
  0.42848115169493384  0.43718884979592837  0.44622228262128605  0.45495637174227882
  0.46206410704675727  0.46796166356076441  0.47443977986542674  0.48155759098354606
  0.48824602850232368  0.49609506500512157  0.50424438412002792  0.51259094148994444
  0.52160202138172673  0.53167360541881981  0.54135512922117557  0.54820607694445289
  0.55516769624892059  0.56182244076584031  0.56801641199007125  0.57617896963430804
  0.58614224149440186  0.59554216703889296  0.60488710357620290  0.61368752406968496
  0.62258775507809072  0.63259875115449871  0.64463575281660346  0.65752218627331283
  0.67126208523919950  0.68184923896248562  0.69224097578960664  0.70241150904550664
  0.71330897243639668  0.72581558398256174  0.73875282631543016  0.75252088956158403
  0.76667276045710331  0.77651178131002641  0.78545563152844544  0.79416459967238651
  0.80434871939461838  0.81982358098839458  0.83273556857954167  0.84683552795050876
  0.86544370653640235  0.88290873625555610  0.89657867663369473  0.91540538908797253
  0.93716025886104726  0.94843644563003560  0.95475130163088184  0.96106615763172820
  0.96738101363257456  0.97369586963342092  0.97811753721119232  0.98249402976895384
  0.98687052232671546  0.99124701488447697  0.99562350744223860  1.00000000000000000
 -0.00229099715523562  0.01074388718614650  0.02404745124464671  0.03787614113405604
  0.05185589763411731  0.06534104331362670  0.07693053084332115  0.08673707700478463
  0.08900206611853166  0.09077861685892880  0.09255516759932593  0.09433171833972305
  0.09606229949039755  0.09775396735545924  0.09944563522052094  0.10113730308558262
  0.10278949637261919  0.10421439809633860  0.10563929982005801  0.10706420154377742
  0.10848910326749683  0.11563111268521992  0.12610154736130796  0.13942270801418469
  0.15390709345619699  0.16956715647403189  0.18455898814502480  0.19775267090784043
  0.21036818147937045  0.22286996948472476  0.23487178926995456  0.24464890582774088
  0.25592134899354640  0.26811803369361509  0.27997162412879562  0.29067605622975323
  0.30236001934329598  0.31255166609299123  0.32136652453117742  0.33101458359987634
  0.34152882646588323  0.35223303174190224  0.36346501674411730  0.37684400541169089
  0.39218762711098309  0.40701005947752245  0.42169490314026731  0.43548532286248898
  0.44833728809999907  0.46158404003143422  0.47537129442376480  0.48877141808302033
  0.50003303495978202  0.50966133347554377  0.51965096315259607  0.53053966126531960
  0.54270501761736656  0.55186172684417723  0.56128697412255701  0.57214314091928264
  0.58388873673683550  0.59665763266250171  0.61050634427674610  0.62466537507456188
  0.63748421832218127  0.65003323470214747  0.66330629272730590  0.67589278186534851
  0.68506079284334642  0.69357741564791608  0.70218427723590626  0.71488878113107135
  0.72732639534797172  0.73794234774610734  0.74771338383374153  0.75692295236754514
  0.76561035687445356  0.77328765065282101  0.78112380446772112  0.79199114914356505
  0.80346909368735708  0.81424627099085989  0.82496782971674965  0.83641491719436434
  0.85160597228927482  0.86921525482544526  0.88493117857289361  0.89609099810891935
  0.90711953618673846  0.91823621161170366  0.93172741168024820  0.94579567858942026
  0.95863791790933461  0.97152387413009456  0.98584960708977332  1.00000000000000000
 -0.00172640666388235  0.00889731735576071  0.01829148936682895  0.02654284873253622
  0.03512504742770000  0.04522367249985221  0.05503348180566399  0.06527583296104227
  0.07617907602281243  0.08264930459688297  0.08510400246007326  0.08755870032326354
  0.09001339818645383  0.09249113537730962  0.09519371325556292  0.09789629113381623
  0.10059886901206955  0.10330144689032286  0.10594062989157332  0.10854429444206412
  0.11114795899255490  0.11375162354304570  0.11806648205357184  0.12972044792205153
  0.14162018739641918  0.15405343157264317  0.16697143530106615  0.18074514779341469
  0.19437912207987049  0.20702331914992367  0.21425146025359940  0.22545614863035204
  0.23435196001197914  0.24218149407374531  0.25147458616425927  0.26283886381634586
  0.27435646292442184  0.28753077633324453  0.29898472905742096  0.30911627206621267
  0.32100638839634021  0.33488369167407417  0.34897382967577950  0.36249481868175371
  0.37737159725877295  0.39073451728515035  0.40285024855372276  0.41452527664841909
  0.42697604785479409  0.43993950356111677  0.45443831219810121  0.47121318371805698
  0.48804756976508035  0.50517592169624548  0.52255052800386015  0.53717961653201851
  0.54945057328020963  0.56063494739129793  0.57390655976227345  0.59013718338569576
  0.60855242814009791  0.62681964142677438  0.64106930336152512  0.64855982124185196
  0.65468665058542319  0.66037632447253791  0.66865488202582757  0.67770014247523314
  0.68944892224612564  0.70434656373444693  0.72028348901550387  0.73452278127560877
  0.75000053114361731  0.75964818276671442  0.76721391705503261  0.77430952647186591
  0.78208028667538221  0.79161287935837554  0.80499632817024935  0.81839446525073234
  0.83116014521696091  0.84425791820598639  0.85785015586961311  0.87331222330102787
  0.88895136830629140  0.90220256514522101  0.91187243100492632  0.92007085484218798
  0.92811744037616917  0.93614100870034267  0.94428584129953996  0.95364806800780610
  0.96420912569254136  0.97308880128055031  0.98536185301732082  1.00000000000000000
 -0.00190190918408008  0.00928182438733229  0.02089829833083558  0.03280046837541363
  0.04395776266187899  0.05324590123030169  0.06246325468315873  0.07184462002086142
  0.08292260772765839  0.09588821455504337  0.10732559643118821  0.11841845100153861
  0.12814459535031503  0.13830803299860317  0.14844842961352428  0.15825627932555630
  0.16682089887798196  0.17343101080623557  0.17963048580406696  0.18475768532345604
  0.19119053485333859  0.19798418171602283  0.20713747362633175  0.22093605902112604
  0.23569690118193515  0.25051365332561798  0.26687473675567325  0.28317262348348454
  0.29947816152574591  0.31383728779699699  0.32287070754842428  0.32508967461579258
  0.32730864168316093  0.32952760875052922  0.33174657581789757  0.33430151872553748
  0.33687911189423941  0.33945670506294134  0.34203429823164333  0.34523364369192633
  0.34887495290064863  0.35251626210937093  0.35615757131809322  0.36282532815739399
  0.37858935252596532  0.39124460976035591  0.40240052842255153  0.41068693130379558
  0.41839047043633842  0.42731732471721656  0.43686590438919226  0.44674945035413061
  0.45838331148192651  0.46937325739922847  0.48077592919278572  0.49301551210016870
  0.50538566119875961  0.51608422873656135  0.52661313306278879  0.53709951144518653
  0.54717251047598603  0.55691959985267714  0.56575512640800785  0.57571613220143114
  0.58613941921228074  0.59818564684060938  0.61122239332417405  0.62559891883665941
  0.63911919451489529  0.65349656386542265  0.66622711383457944  0.67955019787448656
  0.69232126781625469  0.70478332395022802  0.72055483356195171  0.73390848602029668
  0.74365052046574842  0.75567641163698918  0.77118461028050500  0.78502642142983314
  0.79900034216273164  0.81338066044867141  0.82922060854099233  0.84533156125483067
  0.85906774234731254  0.87254536403984140  0.88196088574581677  0.88994557889865489
  0.89794158468371210  0.90867835929576768  0.92500585043455141  0.94030646297618925
  0.95517822209571901  0.96969737908161047  0.98478176728853839  1.00000000000000000
 -0.00330255870850397  0.03065706779987903  0.06296694170018058  0.09005293612989131
  0.10826464996312959  0.12317953131930183  0.13640452706003287  0.15010602688677407
  0.16324163455621243  0.17889128366952642  0.19320037965910994  0.20814340692923999
  0.22061169924304885  0.23444167034494218  0.24831510542522375  0.25952227474977690
  0.26848605352216481  0.28002500638160088  0.29280264410670154  0.30689898805735144
  0.31573790866614471  0.32096387690495082  0.32531188076952344  0.32971394986566355
  0.33597994405192155  0.34484460645806336  0.35524088301989204  0.36499023019317772
  0.37469767417077865  0.38272926679478025  0.38994129273835593  0.39816940279459778
  0.40725272456066164  0.41679891782876399  0.42770552228449116  0.43781435169559058
  0.44616541831508633  0.45411207007253834  0.46230006139912488  0.46899968428474126
  0.47551944318291972  0.48213009625972847  0.48886102476170634  0.49727304580424386
  0.50481297662459690  0.51227607969751676  0.51988083806331531  0.52607204658642059
  0.53312217680206564  0.54121972968598620  0.54924367289251730  0.55778719328710258
  0.56587487395148561  0.57434950948629848  0.58195788584002983  0.58396484913190561
  0.58597181242378127  0.58797877571565693  0.58998573900753271  0.59210515002738462
  0.59424923087812831  0.59639331172887200  0.59853739257961580  0.60075170623159702
  0.60305333268625194  0.60535495914090676  0.60765658559556168  0.61053654745664532
  0.62096526808950558  0.63310102168104321  0.64564267095172090  0.65743770679825642
  0.66823003913227053  0.67834324028108217  0.68832506678988636  0.69983709081199297
  0.71241964101816047  0.72557780381321135  0.73713065117378018  0.74538003033482447
  0.75314358877014209  0.76168274644295086  0.77209000612178869  0.78585887381162656
  0.79975908539139207  0.81162278099027185  0.82427316660540473  0.83938330917290338
  0.85900483063716471  0.88289259242474261  0.90438681251565389  0.92315387228026569
  0.94257633447052513  0.95806054342827607  0.97141358494531260  1.00000000000000000
 -0.00179194429511029  0.00928153524890352  0.01743543427644338  0.02571070950809219
  0.03355274800630158  0.04184203127784870  0.05344047962437816  0.06867924493752164
  0.08332523208756523  0.09703455953466930  0.11114278503389285  0.12236244194196939
  0.13094890793595218  0.14033461118289828  0.15138330301326547  0.16342157081321002
  0.17359023513635538  0.18376371418990756  0.19261464319936777  0.20194395071802784
  0.21171459735734677  0.22361736710803032  0.23616860649462071  0.24834427829837832
  0.26020213164782352  0.27485310607744801  0.28976215124874810  0.30328470677154090
  0.31505238112296868  0.32792804398051417  0.34020262047155442  0.35294967091870783
  0.36560341647524985  0.37665154092389824  0.38741734798229654  0.39968952755200388
  0.41442420648991524  0.43151249673258374  0.44791148381240303  0.46410570219152614
  0.47949215158313097  0.49080031168884325  0.50267913730615932  0.51276544949062697
  0.52166465343849355  0.52925569374181269  0.53585247311390127  0.54211852223902879
  0.54905882733604938  0.55652447032948560  0.56402543740218969  0.57309345829480440
  0.58377174725108627  0.59556105002056769  0.60898600182167617  0.62347858185422023
  0.63587877280837068  0.64967740343608749  0.66440778582980986  0.67899211889529942
  0.69251315577465899  0.70588700195225584  0.71923343326714761  0.73189226733323642
  0.74430745372119145  0.75334383057568510  0.75588397539722862  0.75842412021877204
  0.76096426504031556  0.76348811331846589  0.76589225230864832  0.76829639129883087
  0.77070053028901331  0.77310466927919574  0.77548858387830344  0.77786885097900971
  0.78024911807971586  0.78262938518042213  0.78892027178614643  0.79951787193510671
  0.81157054007350982  0.82562221507535738  0.83848707862532468  0.85095947750024004
  0.86395414345847166  0.87721590480392919  0.89048045400747999  0.90158871065901602
  0.91154277353793189  0.92330737560429410  0.93524847522983345  0.94543181906276264
  0.95728169968942478  0.97193469067248228  0.98655310476165814  1.00000000000000000
  0.00240322631895248  0.61921705010926720  0.66017145674723987  0.68069750921118666
  0.69420624919665497  0.70791884839843866  0.71942732042683977  0.72217093821367861
  0.72491455600051757  0.72765817378735653  0.73040179157419538  0.73309889431654085
  0.73575932624572882  0.73841975817491678  0.74108019010410475  0.74374062203329272
  0.74684498301352786  0.75015122245597787  0.75345746189842777  0.75676370134087778
  0.76006994078332768  0.78022336825431460  0.79340830114792038  0.80221168438196644
  0.81263373007154993  0.82606570337724250  0.83961537604520620  0.85321103374691065
  0.86480315078228820  0.87593428220279157  0.88707823497592664  0.89281366407686635
  0.89746502274020779  0.90178682617695705  0.90630136335398093  0.91213588208154051
  0.91770381548892632  0.92204883904731660  0.92510360074472209  0.92798630465286136
  0.93113697046367339  0.93431457409770213  0.93701089307509966  0.93930062751324839
  0.94157362362053476  0.94397884823533729  0.94655413950039879  0.94878725768282712
  0.95077635301349672  0.95280157390226050  0.95490032023477311  0.95642539118169478
  0.95757698629571686  0.95857048511338339  0.95949033652126992  0.96044043301333892
  0.96174207969468695  0.96290791726845115  0.96394604829023744  0.96497550681646771
  0.96612711920611016  0.96734480994446481  0.96854511576662572  0.96963852376309156
  0.97069173058025804  0.97177245340427731  0.97282786256121601  0.97399191034731192
  0.97500042346053784  0.97602372570496843  0.97697597738335717  0.97793995598734040
  0.97892530028500657  0.97993157885095483  0.98086435256212512  0.98169662491969722
  0.98254648677733458  0.98344776500902975  0.98418875051719734  0.98493888262101570
  0.98571910211142766  0.98649456804305125  0.98720789575490653  0.98792917566696659
  0.98863864728777440  0.98929074921437965  0.98993168218066574  0.99056399074675405
  0.99124659538804383  0.99201128352041890  0.99288492053857047  0.99383006726594436
  0.99481373406645290  0.99598741366588883  0.99748454421709609  1.00000000000000000
 -0.02836440570422711  0.17998526230247175  0.22112498218298601  0.25377322827920268
  0.27982554535896631  0.30474680563456236  0.32863012677138015  0.35034292114055071
  0.36548953256068284  0.37511001078035366  0.38537819704047255  0.39720223755124123
  0.40956358311066715  0.42373536212501300  0.43600810182569277  0.44467108373342185
  0.45232253958633023  0.46148161432566270  0.47085476659667463  0.47830141322608249
  0.48449223013054726  0.48908862832100314  0.49228607804197672  0.49495662026878623
  0.49806012051035731  0.50365318706833107  0.51194758986855404  0.51973654305993833
  0.52705955102638424  0.53414608529934249  0.54219464091066683  0.55019180161507708
  0.55669893892244704  0.56240449274795712  0.56808859489177110  0.57413293727260506
  0.57915892711684680  0.58233891228564472  0.58582937750180175  0.58982352536622762
  0.59499753061390237  0.60051519004096221  0.60584518082000882  0.61084577253854333
  0.61639419220543057  0.62304145431563918  0.62987872393951061  0.63702671583971526
  0.64432462082287989  0.65103478842838658  0.65745235698015203  0.66340993924713876
  0.66895663338834277  0.67428666280821892  0.67907609616779963  0.68381675089975102
  0.68825330798593676  0.69288519361353418  0.69782904359219600  0.70343093308511351
  0.70899785904243506  0.71449115201362112  0.71833774355362379  0.71951714399188227
  0.72069654443014086  0.72187594486839934  0.72305720074939250  0.72428135123347803
  0.72550550171756356  0.72672965220164909  0.72795380268573462  0.72928640616637552
  0.73067079055566231  0.73205517494494921  0.73343955933423599  0.73634551945975357
  0.74270493698919826  0.74864828018096197  0.75391138109908484  0.75975331414450342
  0.76592155149795382  0.77146103479209549  0.77552668867864016  0.77968955772042026
  0.78363188586704313  0.78747522875300313  0.79245777083785440  0.79909903641920166
  0.80661423875957305  0.81577302391941930  0.82576981962865315  0.83673389691817035
  0.84976142170992641  0.86652606576839797  0.88544484863941819  1.00000000000000000
   1.7340777044135745E-012  -1.0000000000000000     
 F F F F F F F F F F F F F F F F F F F F F F F F F F F F F F F F F F F F F F F F F F F F F F F F F F F F F F F F F F F F F F F F F F F F F F F F F F F F F F F F F F F F F F F F F F F F F F F F F F F F F F F F F F F F F F F F F F F F F F F F F F F F F F F F
  <DiscreteSampler_grid>
  grouped_processes
  1 # 1 for a reference and 2 for a running grid.
  10 # Attribute 'min_bin_probing_points' of the grid.
  1 # Attribute 'grid_mode' of the grid. 1=='default',2=='initialization'
  0.0000000000000000 # Attribute 'small_contrib_threshold' of the grid.
  0.5000000000000000 # Attribute 'damping_power' of the grid.
 # binID   n_entries weight   weight_sqr   abs_weight
    13   10   3.453438068912476E-006   1.167428878773531E-010   3.453438068912476E-006
    14   10   3.453438068912472E-006   1.167428878773529E-010   3.453438068912472E-006
    16   10   7.159803351835332E-006   4.986552451615153E-010   7.159803351835332E-006
    17   10   7.159803351835327E-006   4.986552451615146E-010   7.159803351835327E-006
    22   10   4.481012278975189E-006   1.914511814502402E-010   4.481012278975189E-006
    23   10   4.481012278975189E-006   1.914511814502402E-010   4.481012278975189E-006
    25   10   8.674736553622986E-006   7.202345424170895E-010   8.674736553622986E-006
    26   10   8.674736553622979E-006   7.202345424170886E-010   8.674736553622979E-006
  </DiscreteSampler_grid>
