  0.00007132159371586  0.00007296986646208  0.00007502800591297  0.00007733866862885
  0.00007995821895889  0.00008286441606203  0.00008618595552254  0.00008919212121956
  0.00009127351804285  0.00009228862294366  0.00009247282755702  0.00009252702835937
  0.00009254558166189  0.00009255779464204  0.00009256571777546  0.00009257072504480
  0.00009257387778440  0.00009257628766099  0.00009257829458646  0.00009257995400884
  0.00009258135866588  0.00009258249704967  0.00009258345469152  0.00009258425668960
  0.00009258493931986  0.00009258557172882  0.00009258615004148  0.00009258665707598
  0.00009258712376930  0.00009258756798112  0.00009258799167633  0.00009258840697824
  0.00009258881916721  0.00009258922962544  0.00009258964900291  0.00009259007589700
  0.00009259051985893  0.00009259097995445  0.00009259148593315  0.00009259201864508
  0.00009259268448831  0.00009259338425453  0.00009259412374831  0.00009259513536935
  0.00009259628566532  0.00009259763421718  0.00009259928162276  0.00009260121579888
  0.00009260358600752  0.00009260622430341  0.00009261188711662  0.00009261876591010
  0.00009263153350001  0.00009265145892871  0.00009268067023235  0.00009277937813267
  0.00009313714488261  0.00009446849354801  0.00009888281416866  0.00010510534772161
  0.00011234469356674  0.00012174001073951  0.00013319979058380  0.00014808031195875
  0.00016812716975714  0.00019233009465961  0.00022032886244932  0.00025252407839958
  0.00028871452881965  0.00033037345033763  0.00037594863445066  0.00042486408708797
  0.00048441770445787  0.00055598199319675  0.00063660598191573  0.00072685373181820
  0.00084290013186998  0.00096909239426116  0.00108705536856457  0.00119311412038478
  0.00131863915972713  0.00147594376545028  0.00165080656050192  0.00183304253050242
  0.00201368808966481  0.00222234605793252  0.00242385934364698  0.00267595898396310
  0.00296543092924038  0.00333703658294015  0.00391048316222238  0.00458240309225938
  0.00522808554374472  0.00571715753683477  0.31982506854753390  1.00000000000000000
 -0.00000010118983453  0.00000586557247341  0.00002377950225341  0.00003314338628005
  0.00003722224665107  0.00003987381666761  0.00004163355815771  0.00004278455374367
  0.00004356664623458  0.00004420787665565  0.00004481789804016  0.00004533098363544
  0.00004570612265949  0.00004601232232861  0.00004628824754731  0.00004653621167524
  0.00004675865314193  0.00004696139000733  0.00004714265698481  0.00004729393029662
  0.00004741590051682  0.00004752346873316  0.00004762869033743  0.00004773547032372
  0.00004784429843529  0.00004795419349060  0.00004806401272468  0.00004816345661090
  0.00004823764660728  0.00004829117041200  0.00004834176096397  0.00004838931868840
  0.00004843730718488  0.00004848751019551  0.00004853833106851  0.00004858550547719
  0.00004862633559572  0.00004866371577010  0.00004870444251796  0.00004875957880530
  0.00004882246116847  0.00004888633019664  0.00004894892125042  0.00004900971152848
  0.00004906806424588  0.00004912667373699  0.00004918484388942  0.00004924115784640
  0.00004929710540654  0.00004935434880634  0.00004941425361633  0.00004947570913611
  0.00004953212945729  0.00004958712171745  0.00004964167005794  0.00004969684395749
  0.00004975452220459  0.00004981460789835  0.00004987417712630  0.00004993488533867
  0.00004999988846086  0.00005006882726882  0.00005014156123672  0.00005022440817548
  0.00005031898031719  0.00005041386082830  0.00005050086507416  0.00005058745331740
  0.00005068869940464  0.00005080668905764  0.00005093575332538  0.00005107235658418
  0.00005122364222700  0.00005140138879150  0.00005158422351761  0.00005182635747259
  0.00005208834969662  0.00005236666455918  0.00005268721115000  0.00005304663974428
  0.00005347794639413  0.00005398609228390  0.00005459044319345  0.00005541697545283
  0.00005649144567284  0.00005790513185357  0.00005992798735708  0.00006277977461991
  0.00006705324532503  0.00007365012214550  0.00008807471318310  0.00012988412147214
  0.00025268411978653  0.00109654638846330  0.32509074920941217  1.00000000000000000
 -0.00000033171868757  0.00000220690749140  0.00000420731807620  0.00000662106316823
  0.00000954081146433  0.00001296943043190  0.00001624227162022  0.00001924860234190
  0.00002203871527261  0.00002583766336527  0.00002911986438142  0.00003219240832868
  0.00003518499917120  0.00003811699301881  0.00004097899288678  0.00004356355844087
  0.00004604482604492  0.00004844478381791  0.00005077809815124  0.00005319885829999
  0.00005598109856218  0.00005916501293932  0.00006239287132009  0.00006474375858941
  0.00006674963567997  0.00006875612981501  0.00007078652277923  0.00007342250760601
  0.00007661088114214  0.00007979682221887  0.00008292026205523  0.00008612545303933
  0.00008953024395633  0.00009286209341521  0.00009598072902151  0.00009899531845641
  0.00010238304894038  0.00010660007631167  0.00011114788666295  0.00011597711283277
  0.00012083053013792  0.00012625217539749  0.00013228693256974  0.00013875598046661
  0.00014575449112680  0.00015341577344217  0.00016167626005668  0.00017028950077962
  0.00017913739019873  0.00018844901572882  0.00019850742515174  0.00020901833513100
  0.00021917017681019  0.00022833376274375  0.00023707714434064  0.00024568863925430
  0.00025386628371145  0.00026436240141960  0.00027333741638709  0.00028120277365974
  0.00028929569415099  0.00029975399831313  0.00031167044686468  0.00032453019415367
  0.00033822040719461  0.00035273540393149  0.00036754073299991  0.00038334934445435
  0.00040012983237645  0.00041763257215341  0.00043619311633911  0.00045524569716063
  0.00047798894971172  0.00051032958080947  0.00053798673313635  0.00056590974019904
  0.00059848679632479  0.00063254129325411  0.00066895389888805  0.00070489071502709
  0.00074386141198204  0.00078615948846113  0.00083670155300058  0.00090346716686380
  0.00097349372180441  0.00104442788532650  0.00111407384879495  0.00118006342575807
  0.00124489942810672  0.00130808693782601  0.00137367681901777  0.00145763726706062
  0.00154412043685990  0.05846286631834778  0.29034426170003180  1.00000000000000000
 -0.00219395791157846  0.00787010918846230  0.01809574165498622  0.02807908242993733
  0.03798756440986295  0.04797621154417170  0.05783995857240246  0.06716119477835512
  0.07614030899796054  0.08507890006809715  0.09444926714534391  0.10409929906675827
  0.11365265026367460  0.12319869376596468  0.13258620364756307  0.14123924738542371
  0.15100627092722582  0.16183522930267102  0.17209132195808560  0.18145593625102921
  0.19042612866740027  0.19949787769151378  0.20905236683940104  0.21800890287172336
  0.22605935493180115  0.23530286732388761  0.24516391482116132  0.25496494852718049
  0.26532639774967404  0.27690041919840408  0.28963311587770241  0.30296012218041901
  0.31631550724368596  0.32918595967664332  0.34101171010998466  0.35148615259654059
  0.36102657873464111  0.37111112076016450  0.38273085054855749  0.39477673560190663
  0.40633091859042764  0.41755416238525395  0.42942292130508436  0.44191243312167927
  0.45413665877716464  0.46629908949961779  0.47861989794317067  0.48772114609471540
  0.49403821406599119  0.50005216858713042  0.50739556776366002  0.51727840023249960
  0.52445801392890035  0.53193825249419735  0.54312087795502761  0.55538642283487361
  0.56612969385915013  0.57614122071054230  0.58526200646731763  0.59443660031182566
  0.60399942368633464  0.61422648157421111  0.62530236394797156  0.63598844098092344
  0.64685476020645805  0.65903876330128253  0.67012809597168366  0.68041929523991995
  0.69194122009166914  0.70019423390880819  0.70807854132701553  0.71811442920397539
  0.72865297433995446  0.73835142383274455  0.75005555576486094  0.76227181430418200
  0.77251821377976981  0.77999263680156827  0.78848739851751148  0.79792225533968442
  0.80696706531154594  0.81539017160647265  0.82366419525746903  0.83235173415425268
  0.84154858037027158  0.85306887679260768  0.86821495710314356  0.88460978183125882
  0.90022626482336798  0.91351077667140934  0.92454922650846327  0.93536188076479554
  0.94757203863599970  0.96214299402314685  0.97962918088926232  1.00000000000000000
 -0.00412930263798521  0.01256517538305068  0.02520019321379911  0.03677453543099926
  0.04806378623224763  0.05846404836501869  0.06842948784221001  0.07928082763552223
  0.09128825820084545  0.10313351059521206  0.11283832917539476  0.12063588680608167
  0.12813901015996240  0.13620588532562136  0.14410971826083824  0.15133644025900772
  0.15977057008144960  0.17136661361455086  0.18107722768871687  0.18690866138793499
  0.19264406581770677  0.19952576799837585  0.20796743435075601  0.22014901726682240
  0.23192484988584261  0.24368165935176658  0.25641056635848930  0.26845363246039106
  0.27983794604611345  0.29073385905834559  0.30079310138916843  0.31036744349717099
  0.32010645424553941  0.33130764082471248  0.34326854701949006  0.35521046860360855
  0.36729076917528225  0.37921436619174065  0.39052456518404355  0.40118737332589932
  0.41084173908253119  0.41967977846803844  0.42830756961240163  0.43783720517760705
  0.44841871418783802  0.46018646054755080  0.47288917744554954  0.48579588530635270
  0.49748553571446574  0.50791434436873761  0.51819182680237375  0.52874927652117221
  0.53855977100078911  0.54724224233097485  0.55542519316070693  0.56355533365910138
  0.57576047291075971  0.58795145114543090  0.59873655352968713  0.61014065696590403
  0.62226333896929920  0.63476590173538550  0.64756124481966604  0.66045368822171702
  0.67333022658140806  0.68625532720125959  0.69897463326640685  0.71179132676281198
  0.72437687524245842  0.73520893884855798  0.74632812249125569  0.75687318977456286
  0.76564078376350309  0.77473011021149585  0.78371592008980828  0.79150257913875310
  0.80022556068430295  0.80955701235174160  0.81939376696371269  0.82928848792052823
  0.84008654576389097  0.85162767902361547  0.86346795067544868  0.87435451116060747
  0.88499130419288741  0.89642188436885606  0.90787915374239825  0.91871287045923722
  0.92946039663524183  0.93918187587102775  0.94782657871470399  0.95610659763552963
  0.96694039775255924  0.97751730591389563  0.98837598844470631  1.00000000000000000
 -0.00176882103256367  0.00599893291077650  0.01564960055944838  0.02604354206022589
  0.03686701177967393  0.04748500719733964  0.05797245825424603  0.07004900418746897
  0.08337582491841863  0.09680710437693316  0.10961832596230296  0.12175433665832611
  0.13359965810984301  0.14525161980036169  0.15694622893016569  0.17009470889868877
  0.18377336590976179  0.19655533968881764  0.20865349625557425  0.22120232341242910
  0.23373224946975538  0.24506347325452563  0.25826504296601366  0.27164971733212356
  0.28515925097687256  0.29840927999199834  0.31373809452295903  0.32826595792856800
  0.34112558313303953  0.35331268583778819  0.36448840224286549  0.37551705996528084
  0.38661330475273281  0.39784333129586863  0.41017804603353963  0.42369774038946506
  0.43777334094745496  0.45213549928194940  0.46613046525905011  0.47843333766715235
  0.48949910646869221  0.50022294112004373  0.51097963400817592  0.52253768171240156
  0.53070043358911434  0.53599737684425308  0.54462559345494055  0.55597558186840457
  0.56490099000727101  0.57497481343183643  0.58627812574004756  0.59880517177129244
  0.61166340935313457  0.62444005744332909  0.63676341390707736  0.64778986185806575
  0.66037702044456870  0.66848911916737996  0.67818936735313951  0.68803462821763894
  0.69861719934024047  0.71057328961758470  0.72298140802625910  0.73358669286085809
  0.74313547694552651  0.75257129509451581  0.76186051714832292  0.77121514490801957
  0.78052736570307213  0.78997278194856202  0.79946433567241304  0.80853557403426435
  0.81486093059541553  0.81951931305660186  0.82514304846287378  0.83128684736904268
  0.83703932539033787  0.84239520331728845  0.84765712060559173  0.85474958450235583
  0.86368222972648334  0.87255594687423110  0.88034200883650660  0.88807504520808977
  0.89680050007492174  0.90625160187131959  0.91607289977395145  0.92615505335698123
  0.93659753197139572  0.94625461293465729  0.95532437058358122  0.96405118049270278
  0.97275556639495886  0.98165778796239200  0.99078879650772433  1.00000000000000000
 -0.00215957298347626  0.00774660818870683  0.01925115943777004  0.03035164740130090
  0.04163819580354110  0.05292829538260196  0.06375056432548251  0.07398860182812410
  0.08398507742533606  0.09286557046999086  0.09939872306728925  0.10580642386262482
  0.11514238586474707  0.12362607148151941  0.13014112067044381  0.13669241491454082
  0.14295127801998531  0.15142254152637985  0.16290320124213709  0.17468798114108336
  0.18567415369688214  0.19657606953947215  0.20819550414339902  0.22037725382731541
  0.23275531563255589  0.24597863136703649  0.25932465070378108  0.27200167739454706
  0.28407239142879098  0.29610949549197912  0.30808978936965425  0.31960504757844693
  0.33116833930860029  0.34397128396362597  0.35778672960788954  0.37037345548429962
  0.38287626800526353  0.39495362742709073  0.40563898468975357  0.41512477200846326
  0.42505375965362474  0.43374610422081461  0.44130914033592955  0.44898399198850053
  0.45546918841289402  0.46248497255996746  0.47017269420670987  0.47967495069467381
  0.49177624131071246  0.50305617519253176  0.51258847733556190  0.52183493533940328
  0.53115827580377628  0.54070066799018646  0.55140394044871943  0.56261548393048322
  0.57392607740934787  0.58708333376726218  0.59946663082223595  0.61082200581593338
  0.62237690281696145  0.63373890550826573  0.64502100700567877  0.65659668237688451
  0.66783526287064054  0.67789331966556432  0.68703561404480973  0.69552407149148310
  0.70301972157711234  0.71143580387301841  0.72067719158921895  0.72931912790232067
  0.73770033328050033  0.74659273289726091  0.75633426548281157  0.76615097383576258
  0.77621913007602061  0.78655569001940440  0.79575060607309833  0.80527836600367997
  0.81667305640458399  0.82950823496961090  0.84306023175965927  0.85648634172676774
  0.86969709526420247  0.88267371180456788  0.89629266938739371  0.91110485492058957
  0.92498004366515507  0.93715682899134400  0.94920413057754027  0.96052311420693492
  0.97080784344630300  0.97995584775277123  0.98837301839724490  1.00000000000000000
 -0.00244271648435890  0.01009565115232583  0.01843647303924800  0.02543736198854283
  0.03027688711494119  0.03404112180418727  0.04272585192297095  0.05532735315069059
  0.06723323315295461  0.07859093007280232  0.08977722825039235  0.10074668718599480
  0.11176719625893508  0.12281711184453299  0.13440860911355518  0.14660990938101812
  0.15925331459111294  0.17236840563348244  0.18594470553816808  0.19900550855968058
  0.21032959338033297  0.22074061182721189  0.23097720946046829  0.24102922810114916
  0.25111103520324918  0.26149439311373696  0.27175963067520503  0.28193408612161291
  0.29185172129752268  0.30048147808205961  0.30891637390884175  0.31830163912508636
  0.32871090050358964  0.34029758857806564  0.35255438525133337  0.36457851313291129
  0.37561437206415199  0.38592300328547907  0.39610580467894629  0.40636845465911570
  0.41672738876432158  0.42710084866119985  0.43831038705429626  0.44944903760612465
  0.46063957406067618  0.47178442761660033  0.48307504358555331  0.49482119274447456
  0.50713031005928588  0.51960253982661087  0.53190548897948720  0.54437897375319066
  0.55664341819148955  0.56834543513262881  0.57929529563859206  0.58886035919451107
  0.59790734499477849  0.60740305755148105  0.61650934949017167  0.62603513438626812
  0.63704590105980619  0.64852177891855234  0.65731034899642760  0.66647345031846994
  0.67694457863607982  0.68763171729491557  0.69852594636304632  0.71220442954756669
  0.72382698886507846  0.73301338062902477  0.74163443721712008  0.74934918700248510
  0.75629931858698973  0.76506024379136539  0.77599743577832481  0.78756869745561986
  0.79936892853083608  0.81055775256058804  0.82082610500743802  0.83144458497540852
  0.84221181510780185  0.85256212289199229  0.86178452122766946  0.87067466650634373
  0.87931995071552116  0.88958040320953091  0.90089643485319648  0.91228133575910642
  0.92333871054758254  0.93452211462089507  0.94593836284422672  0.95743845181231579
  0.96880511729378016  0.97972548874864340  0.99014870553361678  1.00000000000000000
  0.03831096451846482  0.21813603160945524  0.36372096682536503  0.53417128592246055
  0.61043499126968404  0.63790624111170191  0.64772682882703958  0.65214169335464123
  0.65605568252130342  0.65985905720041660  0.66311775182095511  0.66623686080249001
  0.66862937127576461  0.67080887278001711  0.67366425717795431  0.67676613055766355
  0.67948768783201763  0.68306870651095120  0.68706830799663099  0.69079324267265807
  0.69386085024588995  0.69667073254061740  0.69927371145548356  0.70243654496590990
  0.70537742249253865  0.70800948011391296  0.71080822575785663  0.71361904372163942
  0.71663196810441709  0.71993142256369647  0.72334511222977971  0.72680904933204815
  0.73050033863828889  0.73437225788294003  0.73813821270078150  0.74149691037544319
  0.74411161832986072  0.74591186177275581  0.74771230359073326  0.75017458362899148
  0.75306648189934500  0.75584235626793994  0.75821833080814316  0.76059660838650456
  0.76310662887620506  0.76544473677379765  0.76808619142291423  0.77127487046650578
  0.77475696740434974  0.77829807304830145  0.78174857074326909  0.78474187405629736
  0.78785820557373110  0.79121674640732864  0.79447404214186956  0.79749278915044497
  0.80040966530095836  0.80336160756428920  0.80640752801311122  0.80964180098452065
  0.81305101779345479  0.81652056003438722  0.82006295469348511  0.82379943946020495
  0.82778886771423033  0.83178817873543665  0.83591648591162593  0.84001735345399653
  0.84398202304489578  0.84790871736887663  0.85201372147604715  0.85631315038335909
  0.86035174532865666  0.86393926226323103  0.86808098040766113  0.87242421808017323
  0.87647372173294613  0.88045075312100329  0.88473832902832972  0.88855361775138353
  0.89233216636398027  0.89615455611555017  0.90043786246748969  0.90549378985132545
  0.91050787419967827  0.91539870523673594  0.91949966043218156  0.92369658433524593
  0.92871952361356602  0.93441013530041939  0.94061036675826848  0.94742865017324740
  0.95469290670701890  0.96328780683144111  0.97733762382258105  1.00000000000000000
 -0.03051209968489543  0.11422246260652909  0.23705697319416297  0.26473797170821439
  0.29083296387545093  0.31203007830872725  0.32936515820000073  0.34627842189076125
  0.36135701486419319  0.37429349694786079  0.38557060318704833  0.39452223876908415
  0.40288257932402322  0.41129523831199449  0.42024346879802160  0.42967568654825861
  0.43912204025998414  0.44680321966466718  0.45418444610909320  0.46121183854298997
  0.46828120750102259  0.47508797908038913  0.48120973768325143  0.48886301434379192
  0.49688366634296877  0.50515589964419216  0.51399386422195037  0.52284264396610347
  0.53114874996024197  0.53878456127938379  0.54585177013111996  0.55171610276230221
  0.55643101784545856  0.56097804529713691  0.56540970587863137  0.56991712169863529
  0.57424952362382387  0.57846057636194925  0.58304872565504862  0.58823794904576143
  0.59343803855873023  0.59830552511800472  0.60337518666077372  0.60865972968607807
  0.61406367868627199  0.61944828083077652  0.62469254308596633  0.62976993145095572
  0.63501973401832157  0.64070793836979922  0.64703127511420955  0.65334467468998758
  0.65893174038342395  0.66416807667975275  0.66938574401273254  0.67485882667128250
  0.68024419540908010  0.68554351083879994  0.69083567596896245  0.69603341671767172
  0.70083984155838541  0.70540128720684470  0.71003296118875026  0.71483820482384097
  0.71991279538301767  0.72475042833959136  0.72991290397732889  0.73525343691871048
  0.74045143952976544  0.74578580082847412  0.75114871149343876  0.75648512113856203
  0.76196788133740412  0.76712477986599625  0.77128612798235829  0.77512799595857740
  0.77882020303538257  0.78287578837902050  0.78765286404978241  0.79253853746734149
  0.79641485475189677  0.79937524522007808  0.80420302708656866  0.81054882104956305
  0.81663592040607724  0.82268191456413853  0.82919742643374084  0.83626066529671494
  0.84387346342192338  0.85226297562820985  0.86189801769673735  0.87215123880528866
  0.88078014364106061  0.89195312697516160  0.91765453482876724  1.00000000000000000
   3.3141651323211482E-010  -1.0000000000000000     
 F F F F F F F F F F F F F F F F F F F F F F F F F F F F F F F F F F F F F F F F F F F F F F F F F F F F F F F F F F F F F F F F F F F F F F F F F F F F F F F F F F F F F F F F F F F F F F F F F F F F F F F F F F F F F F F F F F F F F F F F F F F F F F F F
  <DiscreteSampler_grid>
  grouped_processes
  1 # 1 for a reference and 2 for a running grid.
  10 # Attribute 'min_bin_probing_points' of the grid.
  1 # Attribute 'grid_mode' of the grid. 1=='default',2=='initialization'
  0.0000000000000000 # Attribute 'small_contrib_threshold' of the grid.
  0.5000000000000000 # Attribute 'damping_power' of the grid.
 # binID   n_entries weight   weight_sqr   abs_weight
    13   10   8.993079599913406E-003   2.374461838888637E-004   8.993079599913406E-003
    14   10   8.993079599913412E-003   2.374461838888638E-004   8.993079599913412E-003
    16   10   6.163631950290180E-003   1.776806472164714E-004   6.163631950290180E-003
    17   10   6.163631950290180E-003   1.776806472164713E-004   6.163631950290180E-003
  </DiscreteSampler_grid>
