  0.00000008408463574  0.00000020143454917  0.00000028578784916  0.00000088470106597
  0.00000416150789341  0.00001230161064761  0.00002166657256279  0.00003010384673803
  0.00003506980264884  0.00003789994015674  0.00003972564956446  0.00004089384674709
  0.00004145577506287  0.00004205926198244  0.00004253796020265  0.00004319960653424
  0.00004376255264457  0.00004419789636935  0.00004460866324989  0.00004498719318152
  0.00004541709722036  0.00004580110542485  0.00004607109002580  0.00004628656812526
  0.00004649018427493  0.00004668352954088  0.00004687863141489  0.00004706683584059
  0.00004723213336902  0.00004737612582863  0.00004750387833150  0.00004761816482240
  0.00004773023758260  0.00004784551019881  0.00004795625637697  0.00004805881696610
  0.00004815375372174  0.00004824270938387  0.00004832835686111  0.00004841273500529
  0.00004849502242276  0.00004857473159094  0.00004865244254578  0.00004872829371054
  0.00004880108070857  0.00004886859355416  0.00004893387766486  0.00004899837349160
  0.00004906149204237  0.00004912283794326  0.00004918418425501  0.00004924720034969
  0.00004930597429078  0.00004936312160134  0.00004941865350437  0.00004947291723542
  0.00004952748767006  0.00004958502657008  0.00004964800483244  0.00004971497745693
  0.00004978450483359  0.00004985622771240  0.00004993246606108  0.00005001341367413
  0.00005009728956169  0.00005018256954368  0.00005027958523607  0.00005038613012947
  0.00005049850777726  0.00005061630177149  0.00005074019541920  0.00005087238455894
  0.00005101480394013  0.00005116474029251  0.00005132422559161  0.00005152764166913
  0.00005180277724290  0.00005211044027889  0.00005239949568663  0.00005265342572915
  0.00005291545421334  0.00005321718941487  0.00005349870281394  0.00005388879580452
  0.00005456077455871  0.00005548378377888  0.00005665756487904  0.00005828240700500
  0.00006074892483397  0.00006442240286956  0.00007077262339073  0.00008567763827140
  0.00014126634457405  0.00040074717407875  0.07727112676251968  1.00000000000000000
  0.00007105867795548  0.00007398105962845  0.00007715505024057  0.00008048394446271
  0.00008438401633892  0.00008821100059883  0.00009100121879584  0.00009209452179276
  0.00009226791446881  0.00009235914569904  0.00009239369458930  0.00009241069065507
  0.00009242223914967  0.00009242986927900  0.00009243433086135  0.00009243836585472
  0.00009244174100709  0.00009244456436734  0.00009244676449700  0.00009244862051754
  0.00009245027020195  0.00009245182483649  0.00009245318416320  0.00009245454348991
  0.00009245589018789  0.00009245722607355  0.00009245856195921  0.00009246005113724
  0.00009246160918349  0.00009246329001770  0.00009246536707150  0.00009246765787028
  0.00009247027439627  0.00009247413466120  0.00009247890626103  0.00009248431636437
  0.00009249340570244  0.00009250755217502  0.00009252670028178  0.00009255263268431
  0.00009263750328396  0.00009297181503318  0.00009477098692286  0.00009961822572846
  0.00010678673290334  0.00011487280628622  0.00012452233818198  0.00013569649785608
  0.00014871443765152  0.00016392889915098  0.00018076386183853  0.00019949125566932
  0.00022024492479940  0.00024361419265934  0.00027027186941176  0.00030051630194067
  0.00033292423599216  0.00036820348901745  0.00040856083783808  0.00045294946551318
  0.00049926254050844  0.00054750788222727  0.00059777726602518  0.00065223318111945
  0.00072297261069977  0.00080721861442600  0.00089721049960669  0.00098314742557065
  0.00106544011397313  0.00115780314848780  0.00125108940401962  0.00134371960782978
  0.00144056244385329  0.00154821522747295  0.00167198282352485  0.00180345291158034
  0.00194165893921302  0.00208516988204570  0.00223396379461015  0.00239225169043857
  0.00256045766055096  0.00274800158693839  0.00295135954137793  0.00318236929970891
  0.00346600019066486  0.00376944210515341  0.00405933041322686  0.00431413438822410
  0.00453998021626788  0.00484704212952420  0.00529817614992387  0.00593235338161427
  0.00695464376287934  0.04930017102750922  0.23295201858240044  1.00000000000000000
  0.00000022046416749  0.00000343859980361  0.00000587719328488  0.00000845822136512
  0.00001112470539333  0.00001391239589091  0.00001667300961403  0.00001927194396508
  0.00002201036629862  0.00002489014620375  0.00002770110161223  0.00003023016969400
  0.00003228453166559  0.00003436294396631  0.00003645952311364  0.00003872269118456
  0.00004117879651875  0.00004361731242143  0.00004616865928449  0.00004889630995590
  0.00005183059517912  0.00005461201250501  0.00005726713890920  0.00005997703569109
  0.00006263824939565  0.00006532366034045  0.00006811422233360  0.00007094943066340
  0.00007397443803882  0.00007744674142716  0.00008123631965616  0.00008513795119029
  0.00008907377880621  0.00009255240716562  0.00009529319971365  0.00009826541527610
  0.00010205345244381  0.00010641128896712  0.00011006664880604  0.00011388566446414
  0.00011840003474051  0.00012351484389976  0.00012966758070743  0.00013742025268270
  0.00014351497566917  0.00014843504542273  0.00015399025858337  0.00016062892015389
  0.00016817197327053  0.00017721845709396  0.00018701690871410  0.00019598406998853
  0.00020490832542174  0.00021404852324607  0.00022342984936450  0.00023359488829568
  0.00024624647899827  0.00026076250033424  0.00027606439390721  0.00029335946067612
  0.00031436779421946  0.00033978691149261  0.00036784531396454  0.00039441419740038
  0.00041329620277952  0.00042446868403856  0.00043831972655110  0.00045295940018197
  0.00046831823817218  0.00048324316367087  0.00051003810121658  0.00055299893634228
  0.00059865670359055  0.00063416997720839  0.00066445134171816  0.00069622372783242
  0.00072838335673231  0.00076308326825790  0.00079883199122016  0.00083966634717606
  0.00087850426901098  0.00091642532008724  0.00096303232263286  0.00104183945455328
  0.00115113843578869  0.00126713425168457  0.00138376228200887  0.00151968097108403
  0.00168030878965013  0.00193501556179444  0.00232683680598783  0.00280576402859744
  0.03837269952674549  0.11486453929662742  0.18765761702253442  1.00000000000000000
 -0.00269805569843713  0.00908892140842424  0.02066180021796764  0.03201895923657895
  0.04318163711643595  0.05461468556168603  0.06670995320765910  0.07924599680419267
  0.09174861492438253  0.10445566367512971  0.11649606065114033  0.12854643795998688
  0.13999660803597497  0.15082291832561587  0.16233135763995957  0.17547762443890244
  0.18889814603896851  0.20019309833003565  0.21104703530255298  0.22015023696640462
  0.23130672963259735  0.24360039978987713  0.25527947741559315  0.26554687311579589
  0.27597635748198052  0.28774828706002537  0.29919301081097915  0.31021099173416766
  0.32358466099116567  0.33818632964475409  0.34989217364174474  0.35935460559683086
  0.36909484235463214  0.38233832365259246  0.39817680890644847  0.41380209470551282
  0.42917560198530297  0.44389883363211863  0.45833512690644951  0.47265498818459289
  0.48550955103871296  0.49603206755760237  0.50815901886391557  0.51858012665104281
  0.52826970303596632  0.53963282108887234  0.55212750628984464  0.56535910263942846
  0.57574955512358994  0.58531820728342365  0.59471357256206026  0.60518845258671905
  0.61752459634818790  0.63023049840896461  0.64269453327199910  0.65403556744341362
  0.66277915148290789  0.67335712882729104  0.68202226808742228  0.69053530817193998
  0.70058315521445502  0.71095247990631805  0.72097573538213355  0.73145701469371605
  0.74231538366575267  0.75257651972666118  0.76215713861037482  0.77152387633075137
  0.78077607499683510  0.79047011459851546  0.80162698075443795  0.81313649103666064
  0.82247644140573739  0.83038272372566646  0.83854799560443971  0.84772085952947884
  0.85867849239206162  0.86893085016409044  0.87894389767640235  0.88573102721528507
  0.89167144956124034  0.89801570866469427  0.90467657226401310  0.91098808557040412
  0.91650625483779835  0.92376320099759734  0.93366228147685559  0.94395090252939762
  0.95431973227135403  0.96257425754364800  0.96867787626290736  0.97535116907955921
  0.98191536323937745  0.98808023729636374  0.99417112200899804  1.00000000000000000
 -0.00291471761736557  0.00960234073540585  0.02213833153353843  0.03416363664191668
  0.04577171691651318  0.05635201490955240  0.06575981412051950  0.07515962816810344
  0.08429851464126679  0.09375662836219451  0.10418621097583469  0.11524502371210278
  0.12714494441042998  0.14099248540554429  0.15331399147764524  0.16217132294868400
  0.17034369976975636  0.17852479114917580  0.18609304351766881  0.19286546056062989
  0.20092163282863218  0.20821348163821862  0.21437159947202236  0.22149714765714057
  0.23116450022648030  0.24285243869044315  0.25491848300255932  0.26633995936849070
  0.27665440871955060  0.28638723786202991  0.29753525479656900  0.30991007867690024
  0.32078251880003916  0.33024258457005518  0.33974513144309837  0.34924250980897331
  0.35943545850402764  0.36859893858010800  0.37732771008802152  0.38812439538294569
  0.39876168345695412  0.40729300112613842  0.41571180570683114  0.42509874203251069
  0.43565019948311873  0.44682068741508030  0.45764579723947463  0.46849101840752494
  0.48041849071387843  0.49192495475598130  0.50112669128460452  0.50998159402780197
  0.51911887479421781  0.52860904815205834  0.53998357909673245  0.55146259849168899
  0.56265126628213902  0.57314010003173610  0.58419711635932181  0.59614691727507729
  0.60780213956060924  0.61850886198329025  0.62911858019895028  0.64036708911558915
  0.65213201799377318  0.66350543623963154  0.67324569185856720  0.68205317108805730
  0.69164466716347839  0.70130672345072442  0.70944259865561277  0.71894360858553619
  0.72927896710505735  0.73917957384600641  0.75261134538043772  0.76653647822351256
  0.77804358530674678  0.78791767145695812  0.79817123811111812  0.80967830951502751
  0.82070482343314499  0.83019920309295270  0.83988405696006496  0.85051380943783883
  0.86212719765332446  0.87481423517928003  0.88754433675319733  0.90000529666849127
  0.91239676022632787  0.92468738613365209  0.93718983663814437  0.94987685353629070
  0.96246226423787129  0.97488600363374411  0.98729655904229652  1.00000000000000000
 -0.00236239994000215  0.00926016040183242  0.01614465907644634  0.02419263020898480
  0.03249910614726907  0.04057385916031522  0.04899278494831552  0.05948776483316971
  0.06816138408215777  0.07591141217730370  0.08205212430246255  0.08863061160782466
  0.09698371557554415  0.10704480867633642  0.11722916511378545  0.12707399154709342
  0.13746147216873272  0.14738083892812354  0.15518323392833280  0.16301308330557096
  0.17191879468554488  0.18164442480868911  0.18954572081927748  0.19653559730771014
  0.20490911705036771  0.21359090130162128  0.22224153065535995  0.23091681042066997
  0.23941952920267648  0.24695231746598292  0.25729903333833287  0.26828060091371159
  0.27827986172488622  0.28787798431407835  0.29837246094351078  0.30956229868296181
  0.32082687414128835  0.33175831710476994  0.34312389845917973  0.35433735407669059
  0.36524918909081716  0.37519755399095528  0.38462395812484096  0.39351840117411863
  0.40071309609546529  0.40814992840043679  0.41708775851788743  0.42562555500997673
  0.43378619877252933  0.44253091625395558  0.45208873032740476  0.46185352207636965
  0.47228635508984274  0.48321394942271328  0.49408234261907658  0.50468192913839260
  0.51528138018177316  0.52572016037662106  0.53606482430911395  0.54708788587329771
  0.55826660487879842  0.56791261408631344  0.57713248406628070  0.58771570571696718
  0.59915144147541632  0.61177901913075694  0.62463565051919590  0.63598529565487338
  0.64671412846451770  0.65760094249864554  0.66918603332116300  0.68266578568146830
  0.69698271819315050  0.70970564848655859  0.72224938156997753  0.73381824619719349
  0.74639928074917017  0.75947229569594621  0.77472593886156760  0.78680689735717602
  0.79789374577445660  0.80999604560018801  0.82173060016182098  0.83285844290637323
  0.84391917687448947  0.85774611839677817  0.87420446905286930  0.89184879557209140
  0.90957197919620758  0.92669647168780878  0.94351505405670733  0.95550674775826216
  0.96726316428688286  0.97863910597318327  0.98941941669084721  1.00000000000000000
 -0.00315902045667502  0.00992505524370470  0.02186297944996413  0.03302117786910248
  0.04394514681566114  0.05561145195849937  0.06785156944347936  0.08121006627406245
  0.09407712471649148  0.10466626850699828  0.11414972283074197  0.12327462442886578
  0.13091304416346189  0.13947499478665731  0.15073655875581268  0.16291518672266708
  0.17496701284541397  0.18763046681238338  0.20021598273651348  0.21006673918411703
  0.21952607524236564  0.22958302186210197  0.23973592235112146  0.25057056541836870
  0.26358874129956578  0.27685456505882750  0.28792959405924518  0.29779656608901167
  0.30746373053417175  0.31592645358998001  0.32332603698412454  0.33073190038268330
  0.33882909209392598  0.34695252000508353  0.35500839746752227  0.36533760897504541
  0.37600306280736545  0.38734258374775976  0.39613076740601144  0.40512156617621203
  0.41361245138870012  0.42267403898975558  0.43397656617950009  0.44619366730587889
  0.45811010117904366  0.47003217953423093  0.48348222891104981  0.49733771371301838
  0.50983994667408861  0.52178426322059057  0.53381716457072781  0.54637277717705446
  0.55961242424091850  0.57297034916836020  0.58565781931618222  0.59725651523541190
  0.60753096493321934  0.61704807647683735  0.62598843985934149  0.63555195417485222
  0.64580697010959709  0.65632861906079953  0.66567563542500052  0.67401250571994964
  0.68378806625680821  0.69407323700096613  0.70467794252119165  0.71568270528688294
  0.72666714327503990  0.73804308063896518  0.74881602904542632  0.75897098303456489
  0.76943013062708154  0.77881252794307809  0.78785902138434272  0.79778667197422592
  0.80778101566480720  0.81630878681079988  0.82479001290132015  0.83427152175649000
  0.84442717647367171  0.85665467160427122  0.87110609757886537  0.88427424199099280
  0.89404944319804591  0.90243938738577600  0.91163328131036692  0.92298266789791705
  0.93574164420647399  0.94623500345924116  0.95303729707922147  0.96031724815273134
  0.96878368320511354  0.97757606493077798  0.98737518856273165  1.00000000000000000
 -0.00341200679286926  0.01270771756784831  0.02212627734382343  0.03112040665527085
  0.03984990844704282  0.05104226981102340  0.06333272071763126  0.07453501410626251
  0.08511586251845461  0.09535880918877229  0.10562979166009917  0.11464021425371504
  0.12362844176131757  0.13329163374468647  0.14265616457218763  0.15525147221931015
  0.16916653677304117  0.18178924438904087  0.19311888901699420  0.20403044640582305
  0.21492382920684902  0.22613459588552345  0.23795373105453321  0.25024251375332091
  0.26283675629000974  0.27554889466713817  0.28717135520283815  0.29626735415641348
  0.30425662583977947  0.31251362014627149  0.32023483897840371  0.32822943849684327
  0.33733772034336601  0.34574494438673753  0.35511419195497967  0.36626148864893754
  0.37757630839436279  0.38868255420454295  0.40023373895194486  0.41229971559326084
  0.42397530719859938  0.43572816161707673  0.44939445552011820  0.46386370429905704
  0.47774107190434489  0.48900350626668587  0.49908153011713485  0.50898129143750726
  0.51533035984778230  0.52154862830291260  0.52851748170345736  0.53588286384019190
  0.54410970077579768  0.55506346808184304  0.56601700059151638  0.57702392143537240
  0.58682487033488739  0.59795967983745790  0.60878893134042589  0.61803945365897228
  0.62726741001994257  0.63617821922986351  0.64731835513858560  0.65971264734481605
  0.67204448190607768  0.68347539622311526  0.69458789746811789  0.70646453338813509
  0.71912342572561039  0.73131215427773077  0.74190865424456487  0.75149664724363274
  0.76097158203154547  0.77027296479984309  0.77937400555132685  0.78651310583352463
  0.79318755531844476  0.79956910963032946  0.80734432399841893  0.81788172045581731
  0.82923818660196735  0.84091507002881538  0.85350630386510296  0.86662780449869892
  0.87980600382654350  0.89243096378727604  0.90395079002582857  0.91541670928453767
  0.92598237711488729  0.93670094768611900  0.94872401252339411  0.95982014622043743
  0.96867964827548736  0.97730815130287163  0.98641709408220335  1.00000000000000000
  0.03078390812597467  0.21932316730319332  0.28400415254227945  0.34152468150602777
  0.39838734901956746  0.45188328925308940  0.50003601643239615  0.54314713646192569
  0.59543846921605148  0.62920562433403771  0.64303969848595899  0.65157386887477575
  0.65778671947489442  0.66296043164301499  0.66785759929696664  0.67264200992097212
  0.67702162761842377  0.68051205735567322  0.68324704125204638  0.68587272301800550
  0.68860082561733293  0.69180846167379784  0.69575292857422055  0.70036864998532466
  0.70507281311208647  0.70933019611932413  0.71289637701505382  0.71610965563573459
  0.71929112931907402  0.72231359043318333  0.72531816578099950  0.72841823598485533
  0.73173398813473600  0.73500705588873971  0.73804502681127326  0.74083077035119638
  0.74368748437506926  0.74652369445531996  0.74920933596356487  0.75197849689048057
  0.75508105960421046  0.75877158949534629  0.76228980130391910  0.76539650178470719
  0.76829955650959969  0.77125648145524273  0.77444851502113654  0.77746895061407517
  0.78037207145793974  0.78359255051387056  0.78700173489616665  0.79047450975368294
  0.79400352076431169  0.79754634770401389  0.80108378667771918  0.80468881385085111
  0.80830943356514151  0.81166243817468797  0.81493329711890528  0.81825483769494867
  0.82159506750449618  0.82494107069319667  0.82849965702159012  0.83230914234005804
  0.83605823497562559  0.83984022343550557  0.84383815062874712  0.84799642799368669
  0.85200276680277254  0.85612347234897879  0.86040316886973767  0.86446323879769282
  0.86909845606464320  0.87313867173113069  0.87652453797478402  0.87979964926888443
  0.88328758077030600  0.88781492054215683  0.89288422645086929  0.89777911191272353
  0.90259862677886182  0.90782660095576106  0.91334345824745555  0.91855785576218929
  0.92296053070080875  0.92701953344296950  0.93152487556764518  0.93607645715810828
  0.94069729756847620  0.94536163939340256  0.95092412337644006  0.95707541047047606
  0.96389772816670727  0.97162203274017211  0.98086696398236850  1.00000000000000000
 -0.04029671425350238  0.16823178032550290  0.20658179269319993  0.23343097281291461
  0.25937988563180003  0.28197142705094969  0.30124325018084963  0.31801367863514585
  0.33324777459593991  0.34758936993432005  0.36091407464191688  0.37380591144044373
  0.38532802214219031  0.39434850651025238  0.40161402295668025  0.40932828250217118
  0.41823123999173806  0.42752774632507767  0.43634751493048457  0.44429237501616431
  0.45225686767826717  0.46101749437085288  0.46874062346175338  0.47483855615559739
  0.48105759281636773  0.48771402344858267  0.49436468729981953  0.50157724777146884
  0.50920424508190687  0.51626353542276349  0.52264526605526851  0.52879282666549876
  0.53440610475402428  0.53957279527697433  0.54471674526396507  0.55004892911624237
  0.55469135448173890  0.55870778534247689  0.56252917452264262  0.56685186609364147
  0.57278748953645686  0.57939625150259477  0.58527468614167166  0.59035366999387950
  0.59542632754119151  0.60124394760888633  0.60694340908186128  0.61203823536224911
  0.61612494903253434  0.61986947445343010  0.62327654340433969  0.62711756271099917
  0.63204182082664395  0.63741995210575564  0.64286066637791572  0.64814166623609781
  0.65328829425910340  0.65832914504269568  0.66306903111070747  0.66639659163129916
  0.66990181434346729  0.67373305706060660  0.67679041704129661  0.67942711055806604
  0.68267571251779591  0.68600427950371090  0.68943700138082697  0.69323067792959958
  0.69730528787345447  0.70083547166927540  0.70386988183687216  0.70729903730806243
  0.71132300205229870  0.71518261044587217  0.71866676221071513  0.72239851997830185
  0.72667281262055072  0.73130533926588925  0.73600157200246652  0.74092209402402553
  0.74614263905001255  0.75196437410805017  0.75821420088572411  0.76395111311165842
  0.76924496146014376  0.77428461888882671  0.77937113392862767  0.78488373518056531
  0.79233676331026248  0.80221942648734046  0.81387481602887413  0.82314487693680327
  0.83344434453675320  0.84918951525043296  0.88630058214383745  1.00000000000000000
   2.4079317386549034E-010  -1.0000000000000000     
 F F F F F F F F F F F F F F F F F F F F F F F F F F F F F F F F F F F F F F F F F F F F F F F F F F F F F F F F F F F F F F F F F F F F F F F F F F F F F F F F F F F F F F F F F F F F F F F F F F F F F F F F F F F F F F F F F F F F F F F F F F F F F F F F
  <DiscreteSampler_grid>
  grouped_processes
  1 # 1 for a reference and 2 for a running grid.
  10 # Attribute 'min_bin_probing_points' of the grid.
  1 # Attribute 'grid_mode' of the grid. 1=='default',2=='initialization'
  0.0000000000000000 # Attribute 'small_contrib_threshold' of the grid.
  0.5000000000000000 # Attribute 'damping_power' of the grid.
 # binID   n_entries weight   weight_sqr   abs_weight
    13   10   5.629433645087249E-002   1.897529643485765E-002   5.629433645087249E-002
    14   10   5.629433645087260E-002   1.897529643485776E-002   5.629433645087260E-002
    16   10   2.228579411505796E-002   3.421854834227062E-003   2.228579411505796E-002
    17   10   2.228579411505803E-002   3.421854834227090E-003   2.228579411505803E-002
  </DiscreteSampler_grid>
