 -0.00216557972650786  0.00854903730919711  0.01830768240307086  0.02862972772053191
  0.03961220403831041  0.05041538868430245  0.06122959894894846  0.07197842768548998
  0.08253490621684545  0.09291249189624566  0.10318379050272339  0.11368058847148227
  0.12473608256628195  0.13644498995956569  0.14833580453493778  0.15808248099706135
  0.16823719386931635  0.17807705731080806  0.18830009570504458  0.19806936557327431
  0.20752340404209824  0.21742904717520384  0.22766231549364802  0.23797604881425044
  0.24843955528653927  0.25873468064584454  0.26905787000731757  0.27951523498160030
  0.29015322354503459  0.30142132712239694  0.31285397372967622  0.32448395949417408
  0.33639964265705491  0.34853723858897473  0.36009238882073957  0.37088465426480693
  0.38131797501630599  0.39161279771662499  0.40222374707578717  0.41332704552059729
  0.42396868680647937  0.43468135918786460  0.44592876591880559  0.45714938892086199
  0.46834871613916146  0.47893385617243595  0.49087313301469293  0.50205456856205311
  0.51345298592413746  0.52456749411341164  0.53546342586755358  0.54570250653757679
  0.55555503238088366  0.56573756893928429  0.57594778090567988  0.58632463120540335
  0.59705454764381105  0.60852419839328054  0.62081649789013371  0.63284715090072396
  0.64435236920846506  0.65528391309153267  0.66596672131866430  0.67691174779977836
  0.68742294277051674  0.69696751153129288  0.70634751304585330  0.71661814488877573
  0.72716097649898037  0.73677743400442042  0.74591308192304673  0.75555389447950227
  0.76555552169602337  0.77506306716567230  0.78373875764473810  0.79298386346668648
  0.80352796180602171  0.81500467826128853  0.82587790315264498  0.83618479629916065
  0.84621090609771510  0.85593991526299606  0.86553409279910964  0.87526659774163795
  0.88496762327074663  0.89445844003186248  0.90414001927009735  0.91343584749165974
  0.92370851544966559  0.93415224187242896  0.94516876723580023  0.95587232761323904
  0.96667149242505113  0.97786437131040072  0.98900124925554489  1.00000000000000000
  0.00000008033796017  0.00000128538534248  0.00000388856437720  0.00000774847926092
  0.00001236771523669  0.00001715964390418  0.00002172082000122  0.00002591189492066
  0.00002943955771924  0.00003246930763047  0.00003446867713557  0.00003576727225910
  0.00003697757908064  0.00003809401816567  0.00003911383761232  0.00004004654410039
  0.00004089288483082  0.00004165083157304  0.00004234203329286  0.00004297555871194
  0.00004355177291061  0.00004406893017112  0.00004454196658086  0.00004497637028662
  0.00004535852714189  0.00004572332639395  0.00004603087988388  0.00004632804654044
  0.00004659753886867  0.00004682522999090  0.00004704373258281  0.00004724907279194
  0.00004743916671558  0.00004759457344453  0.00004774515279211  0.00004789268776979
  0.00004803365902783  0.00004816555668640  0.00004828512492713  0.00004839895501542
  0.00004851042378138  0.00004861755622276  0.00004872394350061  0.00004882618891164
  0.00004892834690463  0.00004903011884776  0.00004913191411023  0.00004923379653528
  0.00004933597787059  0.00004943929453464  0.00004954294976503  0.00004964771606740
  0.00004975474248688  0.00004986741074179  0.00004999011575843  0.00005012902742370
  0.00005027093892658  0.00005041563576516  0.00005056678898770  0.00005072129125733
  0.00005089697998346  0.00005108984894540  0.00005130425063337  0.00005152758878408
  0.00005176592646008  0.00005202621030926  0.00005234835325231  0.00005267833443095
  0.00005305203745730  0.00005347610502242  0.00005392626637021  0.00005446417548905
  0.00005504250923927  0.00005568403500508  0.00005640068547062  0.00005718922067367
  0.00005806843885977  0.00005903030196203  0.00006018642515648  0.00006204556896244
  0.00006414261503923  0.00006650949209519  0.00006914310638625  0.00007237964081114
  0.00007837979442731  0.00008689762121312  0.00009942643022297  0.00011935051361086
  0.00015015127019612  0.00020664863851161  0.00030939259721908  0.00054747019622678
  0.00128363363448127  0.00454451825584908  0.09480861922985825  1.00000000000000000
 -0.00206152248787033  0.00782466576898595  0.01667221301804418  0.02659968354339310
  0.03730652869780895  0.04773528737085148  0.05755928252170834  0.06771240845551850
  0.07857567586658844  0.08981462117665194  0.10123172435881592  0.11242806815580103
  0.12429961167576783  0.13554872841047175  0.14740162845179242  0.15700777840748276
  0.16666053829897914  0.17613414382979983  0.18619005113290016  0.19662829692163089
  0.20754885373953946  0.21961379959134350  0.23124697652030166  0.24028489866930267
  0.24944534357555526  0.25860196630388310  0.26795795233074426  0.27720449700901584
  0.28665010232225641  0.29686975730669013  0.30819784351897794  0.31859403984455292
  0.32888811430902459  0.33938734239625556  0.35015367994857594  0.36048505574530831
  0.37048481131250804  0.38134117136847279  0.39222370753881791  0.40361198667943238
  0.41486941664980870  0.42601387797821733  0.43725415145158325  0.44871923743948966
  0.45965250934515317  0.46953154818369003  0.47878138966146205  0.48774846713358266
  0.49672253722789383  0.50617721819956429  0.51556342236326536  0.52501271724148135
  0.53501596531158135  0.54504467881408991  0.55581878267264784  0.56630986325871491
  0.57788047036149304  0.58976259593763625  0.60216249717917336  0.61193082461789594
  0.62197828977935299  0.63207489872043421  0.64200800599021857  0.65173538192783154
  0.66170687592669508  0.67209337102248001  0.68298052625463102  0.69411189285434871
  0.70448556886855307  0.71438965532033127  0.72425156638253219  0.73455733648629984
  0.74623355612162456  0.75809122694451592  0.77046435048674222  0.78198440554074689
  0.79335787121965706  0.80460915280672107  0.81575054378750556  0.82692105105457969
  0.83871216793489245  0.85130525135182833  0.86449551885018716  0.87714260213952422
  0.88802480030534514  0.89860567163718275  0.90888917867180341  0.91841689889480915
  0.92743710003094837  0.93620000720227614  0.94587602269118431  0.95544483677380077
  0.96535715984242754  0.97528732575802712  0.98653383190849142  1.00000000000000000
 -0.00299853254598344  0.01045115138358418  0.02102350808564286  0.03204934427048554
  0.04226453240619302  0.05208484644865967  0.06164333948266383  0.07098186501229098
  0.08032457418099929  0.08939572675181305  0.09823348049442769  0.10731719520204806
  0.11810863219605969  0.12824787353385897  0.13732420947109170  0.14622448243330741
  0.15529842832044591  0.16488313920683437  0.17493567011227046  0.18535726439353251
  0.19686334042147111  0.20871760139045414  0.22032190512949976  0.23103606211602462
  0.24246354307376780  0.25321216406059421  0.26411321768381185  0.27438249708790313
  0.28423596889317571  0.29361308311227741  0.30263161875444966  0.31216524412917801
  0.32196239746596050  0.33151392895692106  0.34071369406526636  0.34988335799642684
  0.35948364939411775  0.36979104590874207  0.38070124712916564  0.39213186162750796
  0.40269070142443009  0.41226333768613571  0.42199538149191074  0.43217927469330958
  0.44262229406183090  0.45302400736091936  0.46342131975467393  0.47409122301659395
  0.48455209139900079  0.49483574137530728  0.50491599122638464  0.51522702442987878
  0.52610717977286536  0.53721739011676350  0.54836973152260249  0.55925790091180672
  0.56978369418991615  0.58011347237961552  0.59082023388436478  0.60222193827025028
  0.61373472462475920  0.62526638915907651  0.63699998435186023  0.64880386137980706
  0.66122115902599321  0.67338621433348600  0.68587424719465717  0.69755616074090032
  0.70888893552827192  0.71963180114327951  0.73018599604391032  0.73958294568270033
  0.74873161622670048  0.75799523191128215  0.76750665242206684  0.77743675297679993
  0.78777439728108101  0.79867567563472230  0.81032897190843922  0.82206493267553116
  0.83330369402045901  0.84365108125907307  0.85351570973077329  0.86374744382111590
  0.87422526756141461  0.88509367887399948  0.89693670747416754  0.90951266948881104
  0.92251844013702011  0.93606185124787367  0.94685943228828595  0.95825101389041967
  0.96900641045098235  0.97974489728218872  0.98989149761456718  1.00000000000000000
 -0.00285824152150795  0.01012819134594521  0.02080015894998756  0.03157305517836343
  0.04334711543584937  0.05601003939008509  0.06887532294395582  0.08106189185119937
  0.09296994755464739  0.10449018013086640  0.11507841909142023  0.12587514035777381
  0.13734232588889084  0.14908943643264502  0.16074967335542409  0.17393988716789241
  0.18652028118202715  0.19756116706823076  0.20797249212965183  0.21839712778833620
  0.22886485824910430  0.23892501601062524  0.24860983473803691  0.25857411618791115
  0.26887949538742312  0.28005274627651033  0.29187556582678181  0.30443017086527557
  0.31757823056709256  0.33116920421418394  0.34443869043423303  0.35693663281629207
  0.36798628525570337  0.37827693344393004  0.38857385596970490  0.39888133242483853
  0.40884515839138985  0.41936513110533252  0.43169736200917230  0.44483115400239392
  0.45771403693956592  0.46961980419806149  0.48136425871926758  0.49274625840213432
  0.50374110949637063  0.51443098182770031  0.52511490510270598  0.53607062029168728
  0.54694938068401777  0.55791781823617059  0.56888625038268770  0.57981067826771526
  0.59100353443595421  0.60210630530353337  0.61276662566333950  0.62329781285586638
  0.63377716308763343  0.64377173252977671  0.65378389908388146  0.66476186054888353
  0.67695923431011540  0.68911091726678997  0.70059705701344466  0.71169630421649999
  0.72285894312009302  0.73425575517496866  0.74553434533618157  0.75646054897334525
  0.76731529688354416  0.77786950026932900  0.78763927702551262  0.79731814049729699
  0.80553333429193275  0.81422913610496583  0.82286613296270750  0.83157562941129048
  0.84045018163655549  0.84921186186529596  0.85744495510389629  0.86535185721795660
  0.87331383417994746  0.88125004231007098  0.88925517422461042  0.89700360603425544
  0.90561621313221696  0.91388217195464416  0.92262728465638644  0.93132334003719330
  0.93971614955767824  0.94812872784167623  0.95663661271462597  0.96506727530128977
  0.97353413531836586  0.98212627909967865  0.99076721875973317  1.00000000000000000
 -0.00276980403851858  0.01011299157324721  0.02083124135399377  0.03232126898193783
  0.04364533382486151  0.05516636226527884  0.06705987561466786  0.07904011645096540
  0.09112528989537044  0.10315849846929409  0.11509059873432935  0.12674298793854605
  0.13770067287392185  0.14822804180211110  0.15867440894428933  0.16885802508396608
  0.17828908491975992  0.18788934674056060  0.19823136160763222  0.20865731691260767
  0.21737862100985875  0.22608309911834232  0.23600004099656902  0.24694811654564713
  0.25736219137690802  0.26741640282388401  0.27796769840385654  0.28864808890431637
  0.29911621802789240  0.30984483835272758  0.32159417611275803  0.33352271406168826
  0.34453217280661796  0.35493666380654082  0.36550017605712681  0.37568535693086946
  0.38544774080576150  0.39516104109101352  0.40532407160419875  0.41613005092715205
  0.42758810907432604  0.43890969707772776  0.44981801680350408  0.46027008079320630
  0.47081247582213670  0.48192186765822193  0.49331290040104342  0.50453941525167978
  0.51537758806916156  0.52626009521556727  0.53751004855096374  0.54917940899654083
  0.56119561318036493  0.57296634947030856  0.58365577692634718  0.59362495527708792
  0.60338017868276739  0.61372524295010078  0.62460638185637363  0.63478212631701969
  0.64447947919163995  0.65443162996551385  0.66493326938379227  0.67513474001833473
  0.68528465069046707  0.69578190023591213  0.70633507591676070  0.71661781104152511
  0.72659848562727725  0.73723494676281809  0.74843993946524989  0.75970079918589672
  0.77152210569662871  0.78362736869065552  0.79510513657888815  0.80574137049079286
  0.81623534734106651  0.82686836982594758  0.83695823303696193  0.84623815497422339
  0.85561777763415203  0.86546652927650713  0.87549833874258109  0.88518002489481529
  0.89458298550031323  0.90402942074516535  0.91339591378464025  0.92258767559031951
  0.93160672716438309  0.94065528629866901  0.94968524794287568  0.95898404774535206
  0.96923597202401013  0.97982215625192726  0.99011600113872378  1.00000000000000000
 -0.00233283756454670  0.01064692721735925  0.02161875197722102  0.03263353143451354
  0.04372500626599386  0.05510373189606395  0.06645490010756848  0.07745262951407995
  0.08825832945473985  0.09896077499743708  0.10906003349144316  0.11865855855649000
  0.12824301974426197  0.13827682987448986  0.14810488861749463  0.15714365363018865
  0.16678733844954108  0.17634917969984862  0.18595646133566840  0.19543989704550280
  0.20461193501719130  0.21405946868663733  0.22372412786496018  0.23401298200148984
  0.24513957561232202  0.25633375784840201  0.26705680481069127  0.27782522488123773
  0.28843409625745364  0.29970512016834233  0.31064438415040202  0.32188219958616043
  0.33299241207813418  0.34401628182340599  0.35464758706686633  0.36439981467868660
  0.37371264890083233  0.38280403882000003  0.39180436354856107  0.40088689251861886
  0.41007075576659752  0.41973329713052149  0.43013596245838670  0.44025273637686163
  0.44835307871621649  0.45689876946421004  0.46550790033211015  0.47401368208739170
  0.48237627733157656  0.49059605807350742  0.49905216883294801  0.50845023869142403
  0.51909138910496966  0.52879433594456593  0.53832939286063497  0.54844119728330554
  0.55868230817051334  0.56831462122313736  0.57768175291968160  0.58735616464802487
  0.59733055797521883  0.60695215654337731  0.61624227957750288  0.62530709177761745
  0.63460681512100858  0.64410794024724627  0.65414175667655461  0.66413414912772628
  0.67392246914470277  0.68366821389287502  0.69458506000187470  0.70615118175405800
  0.71698639213709914  0.72734806616478009  0.73773020738220263  0.74859525999245946
  0.75945509096312891  0.77077317042285221  0.78183380927860435  0.79297232912009152
  0.80420692523143356  0.81585289890942381  0.82803938064079330  0.84060846455311167
  0.85340883167437520  0.86619536947894959  0.88069984092427389  0.89564645285695532
  0.91029775132626256  0.92534956735201834  0.93917864767735981  0.95119487816994741
  0.96347344157839898  0.97594030261865583  0.98783130012152343  1.00000000000000000
 -0.00220283116623824  0.00896405693333468  0.01813287354302504  0.02795081515462457
  0.03788921992177780  0.04892123094440046  0.06041545017092206  0.07050314473255444
  0.07974759516487143  0.08913777448733265  0.09834710061157804  0.10755730193710936
  0.11688052085620938  0.12640138975761078  0.13661234635919919  0.14682111591054561
  0.15633206009482339  0.16547951424628052  0.17471919302201946  0.18421620695037552
  0.19430061789575429  0.20496241563521866  0.21694961108207722  0.22979090293954116
  0.24191547590092910  0.25378271665903746  0.26576180243148406  0.27669629710089078
  0.28677190509589989  0.29690254225410423  0.30676137243178286  0.31641402930296048
  0.32604003239536966  0.33594998015607386  0.34639985486796904  0.35807130967560186
  0.37071467940794184  0.38330495135299625  0.39545101152670314  0.40682004253658172
  0.41835230733919843  0.42961986390247847  0.44100495279270413  0.45231069318234413
  0.46398673925520534  0.47601521271978525  0.48823219017708341  0.50051887314999821
  0.51219668826093345  0.52333938953865478  0.53442511811645932  0.54547407465429854
  0.55602134006080683  0.56554820305138764  0.57422874875355656  0.58323775944448897
  0.59318595744801339  0.60351011537569421  0.61328071852634980  0.62315493881664197
  0.63390585665261368  0.64517383182425214  0.65566881311787439  0.66634429865335232
  0.67691074920004313  0.68774886192045082  0.69808884712144259  0.70871710329193394
  0.71957851611068047  0.73137216663354454  0.74390857663826004  0.75599926721500232
  0.76741171195886571  0.77808764045309842  0.78873496412740829  0.79959957245406221
  0.81055883974649168  0.82100774139698918  0.83104047039294293  0.84109228783036349
  0.85143358343088271  0.86144413287267319  0.87127443455180176  0.88105384325476155
  0.89105159766945785  0.90130220139225159  0.91196341766991840  0.92160528270799991
  0.93031189813115733  0.93935350075680679  0.94854989200119688  0.95827883717366358
  0.96804656324049787  0.97799673133243226  0.98871037430505937  1.00000000000000000
  0.18979526069104394  0.42750381412931104  0.52791729528854481  0.58534650407891553
  0.61704393002293467  0.63323126750498404  0.64258080411566698  0.64905081651797969
  0.65419218697039105  0.65890380590469821  0.66338856235774868  0.66764747950181580
  0.67164806431275481  0.67544728044510571  0.67927398541469042  0.68301988885342402
  0.68669756369329960  0.69024414804408485  0.69363521529304795  0.69704030113976756
  0.70050320848852154  0.70404556868311319  0.70761601485129932  0.71109532157779354
  0.71447413511686486  0.71783919324310863  0.72114491041939244  0.72443175653294511
  0.72763010084492385  0.73078179892168371  0.73381784083863433  0.73686199920884365
  0.73982586066243394  0.74279885848618354  0.74583248356606635  0.74884125195549700
  0.75178737296874520  0.75467075683757112  0.75745845900738706  0.76032466405114441
  0.76323573512563481  0.76617847214812818  0.76913444900090655  0.77200382632742082
  0.77488824921530763  0.77785104646481273  0.78094982133520330  0.78418146912731745
  0.78743307799313378  0.79057618945627317  0.79357448350415472  0.79647077088837159
  0.79934767900578818  0.80225571111863347  0.80517218286039516  0.80823192653318410
  0.81134152485177635  0.81461042095907565  0.81790480664617138  0.82114788858917631
  0.82437151539394593  0.82761201134955931  0.83097940610561238  0.83442539032754981
  0.83792504955245783  0.84143310884327238  0.84499355881112881  0.84864503170543992
  0.85236791091457287  0.85611770551356769  0.85979296508370673  0.86331747592838182
  0.86680222319954903  0.87037963492540937  0.87406118571663516  0.87782234222520894
  0.88163357556907540  0.88539340701225366  0.88912279540696004  0.89297266392348185
  0.89706197183542358  0.90136368820995705  0.90560334308387358  0.90981409331565033
  0.91405612761512622  0.91867692369654763  0.92385631698043025  0.92899624345245357
  0.93441963294518504  0.94050282314243028  0.94713664314858126  0.95401152904459696
  0.96161374564383806  0.97091677587057534  0.98286526605189217  1.00000000000000000
 -0.01725197076375315  0.13712512642452646  0.18212986216346097  0.20871038082589799
  0.22784399308252401  0.24451164891685684  0.26045099014273732  0.27604597010924470
  0.29094046188681449  0.30452183620548562  0.31674200040037170  0.32845784640249398
  0.33927701710108571  0.34965885624947379  0.35963389703193654  0.37007854115541339
  0.38041511601173944  0.39064835759473676  0.40032172770642366  0.40995626998108270
  0.41955876003003623  0.42923348778931725  0.43870771996313968  0.44785676722397982
  0.45708070566619613  0.46533338761563153  0.47330805611743881  0.48121052658477820
  0.48882609737369598  0.49621757676611383  0.50332954151307907  0.51026837826950511
  0.51711680970899432  0.52383798534090853  0.53042815016797895  0.53687498671854483
  0.54303111244391933  0.54888232873411602  0.55482491833316061  0.56083751582491359
  0.56688594525523750  0.57300513065915071  0.57908638658199185  0.58529881456806410
  0.59161180038216432  0.59794573433079912  0.60420608200250348  0.61066787415593260
  0.61710449963499536  0.62336919469783436  0.62952458263410682  0.63566913083133181
  0.64178849276905703  0.64785657319458179  0.65348542432308099  0.65911576240595227
  0.66460526534540376  0.66990087229124695  0.67507730675127509  0.68025927153661614
  0.68546823007666835  0.69040083002408548  0.69493239020221531  0.69932848593884589
  0.70369380936855375  0.70800909827876013  0.71224079521925587  0.71657309665887925
  0.72104830261539576  0.72573590801007126  0.73059277612414908  0.73561280513828398
  0.74073314152104786  0.74569377990145824  0.75064584192834161  0.75613002219863112
  0.76181584894485010  0.76741330227394700  0.77305953625555535  0.77885571877452486
  0.78490685966495177  0.79131634500345915  0.79818243153207047  0.80536270328379778
  0.81188073896104740  0.81804071666849676  0.82429509476574681  0.83100982179606742
  0.83808711127947932  0.84525563962443029  0.85272818829098673  0.86111552867819485
  0.87148925718783610  0.88626304895742813  0.92058024799443317  1.00000000000000000
   2.2643494228730333E-012  -1.0000000000000000     
 F F F F F F F F F F F F F F F F F F F F F F F F F F F F F F F F F F F F F F F F F F F F F F F F F F F F F F F F F F F F F F F F F F F F F F F F F F F F F F F F F F F F F F F F F F F F F F F F F F F F F F F F F F F F F F F F F F F F F F F F F F F F F F F F
  <DiscreteSampler_grid>
  grouped_processes
  1 # 1 for a reference and 2 for a running grid.
  10 # Attribute 'min_bin_probing_points' of the grid.
  1 # Attribute 'grid_mode' of the grid. 1=='default',2=='initialization'
  0.0000000000000000 # Attribute 'small_contrib_threshold' of the grid.
  0.5000000000000000 # Attribute 'damping_power' of the grid.
 # binID   n_entries weight   weight_sqr   abs_weight
    13   10   2.825248542252845E-002   2.100903567257520E-003   2.825248542252845E-002
    14   10   2.825248542252840E-002   2.100903567257513E-003   2.825248542252840E-002
    16   10   3.581536685538665E-002   3.331603090323776E-003   3.581536685538665E-002
    17   10   3.581536685538658E-002   3.331603090323762E-003   3.581536685538658E-002
  </DiscreteSampler_grid>
