 -0.00367710401814942  0.01231117532778075  0.02510389164159675  0.03671714231948315
  0.04815117646776541  0.05919359500434634  0.06959718919428387  0.07976354785927882
  0.09020959694205916  0.10117654064391662  0.11257642568011457  0.12373061586394840
  0.13396386927110671  0.14373731265133477  0.15360169833623974  0.16330715920998601
  0.17302332946271684  0.18330744059863213  0.19514381475098785  0.20868868750382819
  0.22221595936132860  0.23576273990404498  0.24814461568459178  0.25968813858763545
  0.27083676739139667  0.28089389992784175  0.29122111968393749  0.30100248553674641
  0.31126034753786347  0.32149704848302119  0.33211735310435808  0.34311101985894621
  0.35339102149467855  0.36369435840247438  0.37397733575742831  0.38506613736101664
  0.39620603231624274  0.40643986058908066  0.41604580931412177  0.42569355674480547
  0.43549595348467063  0.44579717171102934  0.45624796258382044  0.46669042247915410
  0.47696855147235884  0.48734595438452133  0.49770027905406572  0.50820563336269164
  0.51925733058116852  0.53262798445152526  0.54608744745450477  0.55831486940761743
  0.56837803438972723  0.57784016656627790  0.58725323977246424  0.59638741649989024
  0.60578674838746205  0.61545564172736333  0.62531375427722302  0.63570517822164840
  0.64634661293247175  0.65742552902543372  0.66890431805292638  0.68060759851981600
  0.69220459948968105  0.70297919907223694  0.71459196401911329  0.72771075318953893
  0.73675894999313418  0.74608629935864046  0.75533417008505321  0.76436849160863096
  0.77333838340115812  0.78198257021994566  0.79076833334614405  0.80037506907703304
  0.81054443686261335  0.82108809938243910  0.83130249417606150  0.84176609431167260
  0.85215315844390049  0.86233937065773825  0.87254147544517913  0.88285889144157215
  0.89296607633254621  0.90304015424026185  0.91290740407640758  0.92230469183562691
  0.93131474315722107  0.94045872648539097  0.94975317944454662  0.95921433466872397
  0.96844072229682687  0.97750116320400871  0.98852256131326188  1.00000000000000000
  0.00000010297240252  0.00000149231848542  0.00000430547264736  0.00000836002471851
  0.00001308864416263  0.00001797798792349  0.00002259613249005  0.00002672007746051
  0.00003020809448732  0.00003324001597739  0.00003493811153829  0.00003627554115329
  0.00003753162350604  0.00003867050739506  0.00003971907494748  0.00004066963235840
  0.00004149198886300  0.00004220725267132  0.00004284883424031  0.00004342803897084
  0.00004395275262322  0.00004443746193268  0.00004487709340158  0.00004527466069179
  0.00004563834699146  0.00004597230896847  0.00004626724989404  0.00004653689845982
  0.00004678841390599  0.00004702193244970  0.00004721047406564  0.00004739324813117
  0.00004757046188735  0.00004773294397572  0.00004787819466525  0.00004801145948247
  0.00004814010116057  0.00004826669160381  0.00004838905823175  0.00004850409318483
  0.00004861357685713  0.00004871528087989  0.00004881464022335  0.00004891236861789
  0.00004900988206918  0.00004910507230053  0.00004920045637209  0.00004929779302398
  0.00004939680288722  0.00004950818492363  0.00004961972700062  0.00004973228208317
  0.00004984570254315  0.00004996321971079  0.00005008214039338  0.00005020441185684
  0.00005034272880826  0.00005049780706225  0.00005065940434131  0.00005082431393302
  0.00005099881224656  0.00005119056345795  0.00005139997303965  0.00005165366191683
  0.00005191144927104  0.00005219061068957  0.00005251654972016  0.00005288351229577
  0.00005329614590507  0.00005375064535818  0.00005425411431576  0.00005481752860772
  0.00005543717843346  0.00005613526623362  0.00005690400226831  0.00005774392099936
  0.00005866810713416  0.00005970802966186  0.00006115608582964  0.00006291501541642
  0.00006484122329292  0.00006704881515626  0.00006952553486049  0.00007210214017085
  0.00007858785598837  0.00008717584486478  0.00010038390845682  0.00012043825075152
  0.00015508482040132  0.00021453476945799  0.00033486365786763  0.00060132370760116
  0.00138970760408866  0.00512327098438479  0.11802825950225262  1.00000000000000000
 -0.00289845132446029  0.01066166147444714  0.02196385615626496  0.03263688897101792
  0.04299550853877879  0.05264496290983634  0.06229811541962553  0.07236420913414313
  0.08252449072272444  0.09316846435623932  0.10440882365777750  0.11567947793180579
  0.12637555547344503  0.13629437521604471  0.14561128131157286  0.15528717067988856
  0.16477192293657811  0.17433730847059309  0.18418257726027526  0.19443626219375734
  0.20463800083374245  0.21504743497716819  0.22569918078065163  0.23686279845997638
  0.24816049023580039  0.26049711195583580  0.27263545466791028  0.28476357935623542
  0.29670115252456047  0.30873949079114343  0.32071183688728350  0.33260660882706022
  0.34445905375765928  0.35577955671376099  0.36635614008029138  0.37670687394088431
  0.38723865524623607  0.39748949777673148  0.40761413545060765  0.41812325043928961
  0.42926794297742488  0.44041419415781952  0.45164731744008391  0.46297716434395142
  0.47422040955131034  0.48535908940356903  0.49651195981264090  0.50791295171148176
  0.51971639481137633  0.53183350813919594  0.54378718454862418  0.55461463515432130
  0.56512646112047027  0.57554526212085289  0.58582761808541606  0.59639271494516077
  0.60709516387193452  0.61809348331638181  0.62880796131772543  0.63909623441657226
  0.64968001980989909  0.66025810787178396  0.67095877691669026  0.68171128709334627
  0.69308937382623648  0.70484364258415655  0.71609705334558194  0.72655628767223335
  0.73759665372285721  0.74895835063578442  0.75933181539497774  0.76943619404175001
  0.77894434803916390  0.78880837113310476  0.79797758457772638  0.80706665173820658
  0.81630715212534266  0.82706570808363611  0.83731318200036731  0.84625318441270636
  0.85562617613002312  0.86511727421236906  0.87437468099743176  0.88330007802802391
  0.89215111974212091  0.90153750125641985  0.91138706595064578  0.92145124863219285
  0.93170429287805623  0.94188035283819160  0.95199992536015798  0.96226686061520184
  0.97226476520855143  0.98187836186236055  0.99091629144923188  1.00000000000000000
 -0.00167720286287195  0.00714346127993579  0.01521009101450242  0.02391729481314202
  0.03311883727828359  0.04216331340046559  0.05136743045620764  0.06065058302532277
  0.07092314187607261  0.08192259015216395  0.09279722353460497  0.10381534572504451
  0.11506453006030588  0.12657181638947432  0.13792501700768467  0.14923039445759650
  0.16132365295605877  0.17394071058079419  0.18772683927325806  0.20071659076663581
  0.21255965582790076  0.22424093935706726  0.23545371382406055  0.24644041972818101
  0.25730833882331261  0.26824250534549021  0.27908975108215112  0.28957524476387758
  0.30001138412455614  0.31045221082989938  0.32066311622029553  0.33070364427733379
  0.34119816393826419  0.35178235724614954  0.36163650356968013  0.37109331646114391
  0.38074726906635281  0.39071084662991928  0.40037145014554171  0.41006134978476766
  0.42026546991404568  0.43142502609125333  0.44225876764019656  0.45300845727834294
  0.46361252290596822  0.47407620722203386  0.48438313158662955  0.49469686683667474
  0.50532162592907759  0.51597039567550540  0.52683698808981028  0.53823521463058399
  0.54936247770001412  0.56051436543713051  0.57134013818278906  0.58240572463614859
  0.59188425798382993  0.60142002725149313  0.61117071183961436  0.62132524593913807
  0.63135199107145623  0.64140723920849430  0.65192474980628701  0.66276368257779905
  0.67377434150760773  0.68481024813014568  0.69617902987969216  0.70714428398034823
  0.71717308392118118  0.72701763203875236  0.73648061986703650  0.74577000862149245
  0.75530808634263469  0.76510121454072366  0.77470615699888490  0.78481565034030010
  0.79518174745936721  0.80692849207933881  0.81922344095233612  0.83196177419238704
  0.84370064541328793  0.85569965957452077  0.86724887478961832  0.87810107598965081
  0.88828938593916007  0.89854668940963234  0.90890182473348324  0.91912665963697726
  0.92942493122887326  0.94002295988168461  0.95099760918271392  0.96167026090327568
  0.97148622316438771  0.98104735743111193  0.99040606917353602  1.00000000000000000
 -0.00207009780462922  0.00784866445405646  0.01591281009311753  0.02479003259281812
  0.03353223384265883  0.04254966290814761  0.05308579117995386  0.06420303260043793
  0.07541033354403093  0.08609574437080876  0.09573434462298307  0.10611034858850195
  0.11601490821205869  0.12520569517581903  0.13408004269022900  0.14367135947133081
  0.15515171578751988  0.16735008351196551  0.17842405620085766  0.18915743835942392
  0.19997916038922220  0.21083402737219845  0.22136988042132594  0.23169208394963903
  0.24192107817141914  0.25254100287740616  0.26368300885031787  0.27422081544191218
  0.28438209093804084  0.29520768306179479  0.30717171696253703  0.31931023422593408
  0.33105388510539585  0.34317618365375413  0.35559754011951328  0.36727141697483889
  0.37945773911382341  0.39226029065686951  0.40457005999447315  0.41673348360056556
  0.42967064126989002  0.44257814190918660  0.45506391406456809  0.46756914530890414
  0.48008724105427225  0.49251421484188890  0.50494528765379820  0.51765339836251811
  0.53053276941837568  0.54335402142204259  0.55555828656877937  0.56793001844580737
  0.58083107198545081  0.59326548111162158  0.60508390733753292  0.61625310817349432
  0.62744375025965304  0.63834685686171277  0.64976119106297214  0.66179011009445265
  0.67497043852465433  0.68817141422906691  0.69977305188577466  0.71076522806828923
  0.72135851202395085  0.73133527795636988  0.74088408675712025  0.75055147948759393
  0.76028707162199349  0.77001114266815052  0.78005832025958111  0.79027260169745150
  0.80058558315355066  0.81129954572964458  0.82241697970748284  0.83315098593838799
  0.84233280840062241  0.85054991540369207  0.85871048237831071  0.86698093503914198
  0.87535339248204924  0.88394619064584101  0.89262933984993253  0.90201164688823454
  0.91193163952064116  0.92108984661739712  0.92976031440358697  0.93824767430725797
  0.94633159698584268  0.95435623039056261  0.96238243214786601  0.97022135822270017
  0.97770060269424774  0.98507372242479974  0.99236093591169094  1.00000000000000000
 -0.00232410256180503  0.00890229208442971  0.01776826208893407  0.02710492425857881
  0.03670316176434395  0.04724205145046698  0.05765028410539879  0.06743433937490770
  0.07683862247207025  0.08650817892559932  0.09658516001558838  0.10732431932354863
  0.11844485213266084  0.12940415367160851  0.14063665019527496  0.15195148143557519
  0.16349395665787061  0.17460206004611856  0.18556358897057634  0.19616455663916854
  0.20726784248982671  0.21866548388667034  0.22964683896102375  0.23956983232275228
  0.24979056023896784  0.26073439631341616  0.27158836155097582  0.28224318873254239
  0.29279725259764378  0.30330140929671734  0.31294812213457074  0.32192416033657861
  0.33107631821863232  0.34004950538035550  0.34894264824467675  0.35809335951263471
  0.36772293611302426  0.37720793476318071  0.38693670316665124  0.39683358018042847
  0.40693409630179783  0.41689890213272690  0.42642048453269144  0.43582404312221046
  0.44569023396873581  0.45588184638348639  0.46620620475118629  0.47677255289512932
  0.48830621850122602  0.50088220759316926  0.51393434652468994  0.52735846194466862
  0.54020623983588056  0.55219058561139112  0.56344831880983648  0.57334694764922223
  0.58345843651199292  0.59348256986000580  0.60370024702141023  0.61410523612141588
  0.62474343164500434  0.63632702571513966  0.64789579623440574  0.65952328657055614
  0.67021236931780703  0.68049275197869741  0.69146743227935081  0.70309838569376670
  0.71476826446698194  0.72627259273845313  0.73836987622220940  0.75045265253558957
  0.76115881174258437  0.77125461821775187  0.78101071457748550  0.79063257793027386
  0.80031247241877645  0.81027591893848450  0.82104044494191475  0.83226408802238816
  0.84360453806635960  0.85475931734759714  0.86530550894542702  0.87547806225104785
  0.88528068594726950  0.89431974665813085  0.90384151319413719  0.91291797999176350
  0.92262052729707611  0.93287068848473820  0.94362280244800478  0.95492256521072827
  0.96607215494658927  0.97708333447776574  0.98861928073474781  1.00000000000000000
 -0.00255042885481659  0.01090441409842992  0.02185131529069400  0.03387255118322825
  0.04541101687224841  0.05639991450791907  0.06759848323046944  0.07910888198247482
  0.09053748142058539  0.10128347474440934  0.11140011230781929  0.12139907993562558
  0.13155761883958683  0.14151397143975633  0.15123680351016860  0.16095124765792601
  0.17176364785268911  0.18312725672331853  0.19423271380614282  0.20497976259490633
  0.21604750191694275  0.22720241879105743  0.23754790999485606  0.24732022655676292
  0.25717892899112593  0.26745051560358912  0.27771870858706943  0.28760564605066996
  0.29735725074753555  0.30716676696546169  0.31714821223988959  0.32715602405145466
  0.33681081987306866  0.34579976388437017  0.35473570279508160  0.36429949919600607
  0.37429348819984704  0.38414121882912583  0.39407663318791686  0.40310582192246625
  0.41162607444720728  0.42058092301712408  0.43054342486177938  0.44032462859433563
  0.44858209910651925  0.45710236189493270  0.46576866496364050  0.47411587795149795
  0.48237660655977616  0.49062145595887163  0.49899970909271141  0.50777067032988765
  0.51665464868248179  0.52604157703040499  0.53601341997374352  0.54607880336158021
  0.55571058930213035  0.56527898166859236  0.57510369022104746  0.58538448655216002
  0.59528918216976701  0.60575962929411020  0.61625384153868235  0.62631292904098879
  0.63543536666726175  0.64483759536084906  0.65347846345514005  0.66239434471913572
  0.67098267199343375  0.67953759118873103  0.68834488588331899  0.69840014957860597
  0.70883927684432735  0.72003739595554994  0.73149229291118700  0.74318692454230872
  0.75510419309492582  0.76663930784378054  0.77865484879221358  0.79066747809924576
  0.80689030394300432  0.82087091256941902  0.83374674266613102  0.84442128143358941
  0.85491714971299593  0.86562302383819822  0.87721913608124269  0.88868247975143266
  0.90164090583250234  0.91570042979760446  0.92994573935249425  0.94411727539688572
  0.95834580840672290  0.97252998552132941  0.98611447186301193  1.00000000000000000
 -0.00240393275094020  0.00937687299606364  0.01904116923309616  0.02922771393131678
  0.03963520720874972  0.04983925012149650  0.06004168638186884  0.07001356733537800
  0.08007538458170066  0.08976815230742491  0.09949328796548097  0.10912167086807996
  0.11899061497895519  0.12914750071303727  0.13995974371215869  0.15027990765073129
  0.16057348942048527  0.17073148944794020  0.18164564654746720  0.19281286663412295
  0.20428778222584945  0.21593315354605411  0.22735255741198934  0.23782858023273565
  0.24796457355999035  0.25788298602478560  0.26784327489557391  0.27730588609382784
  0.28687467782160714  0.29700037438359195  0.30788838110314398  0.31856423644100434
  0.32905569940704499  0.33937230007713132  0.35022212438020367  0.36111826833887550
  0.37208965025577356  0.38266407975960248  0.39236431340608002  0.40275187734825757
  0.41272933234197956  0.42274447929304954  0.43198943120933125  0.44144990419418129
  0.45111826329008081  0.46084163928052069  0.47015469473710597  0.48006308113940310
  0.49128576315772887  0.50268186141657811  0.51361429102667189  0.52479623050562119
  0.53677403861627038  0.54923276445908542  0.56142356337458588  0.57243905453778521
  0.58285191902767419  0.59298917129478601  0.60282741651811489  0.61239265663190290
  0.62195430608742119  0.63153007330363764  0.64156795313968773  0.65207382880127529
  0.66341701338634962  0.67391562559046925  0.68405149344304994  0.69477284356315250
  0.70561718224438019  0.71607394231672972  0.72614601677661195  0.73623835167602136
  0.74612430255289186  0.75631910254431045  0.76672076310488524  0.77739491163028396
  0.78800478314923372  0.79949047658327321  0.81218177805775904  0.82399364306758716
  0.83538732600856702  0.84605946957190004  0.85655294754567657  0.86716949103932661
  0.87797130120694467  0.88883929517377469  0.89941095995323550  0.90873483870929106
  0.91891696570792281  0.92921845543776027  0.93976302188297411  0.95027049890843662
  0.96147786678284197  0.97467370309962431  0.98751958710506826  1.00000000000000000
  0.19712146625662122  0.43043348882529997  0.53141219749253366  0.58884536989928016
  0.62056179923220656  0.63557674456032720  0.64406565975856078  0.65002166247029503
  0.65480830365118659  0.65918108759739735  0.66332490923779042  0.66727360935619051
  0.67110612857549456  0.67486351268744416  0.67852240405710051  0.68204867055295471
  0.68535474074508385  0.68858428786616432  0.69185194556431118  0.69521565592458046
  0.69865879497742955  0.70190826193901534  0.70508960327540693  0.70804548952600743
  0.71103317926211884  0.71406210140555049  0.71708676224889190  0.72019106751311668
  0.72335882625413706  0.72652133224772453  0.72981836851215331  0.73309151214290236
  0.73626259381592907  0.73935589897052967  0.74241583575642733  0.74543923585064875
  0.74843784248888545  0.75146292273518411  0.75456484168351734  0.75776309608844294
  0.76091487482451214  0.76408885970045237  0.76723106102616723  0.77033458556270218
  0.77342209528139894  0.77653789345342816  0.77971683762566713  0.78290709264221414
  0.78625373326446857  0.78960131963269764  0.79316213707493033  0.79668175047285550
  0.80003163278463763  0.80325734439424845  0.80644492851958360  0.80965218802418071
  0.81288446130214798  0.81617699646505493  0.81955993343566447  0.82289151911988501
  0.82620346527403810  0.82948843167130715  0.83277252334753715  0.83613045957305354
  0.83942052525921562  0.84264422712921705  0.84587591887653579  0.84911863216115746
  0.85250494657285303  0.85579489701060729  0.85913072703931215  0.86241374687683137
  0.86576234932442331  0.86913245707345854  0.87257141442771224  0.87613830743755172
  0.87986767665800814  0.88346565860207804  0.88706514184744978  0.89079113532520438
  0.89468706309690516  0.89891316440330826  0.90317273086528882  0.90741030479127693
  0.91169633534712213  0.91649432323125357  0.92212089158579513  0.92798518908171357
  0.93382650598830585  0.94006602115660920  0.94696524353358524  0.95439169995164796
  0.96263597714688542  0.97200535174279390  0.98343469703795250  1.00000000000000000
 -0.00530866071782110  0.12827938697659919  0.17781258726731511  0.20732322150610460
  0.22998231355574097  0.24813110998607463  0.26420606668938035  0.27897098856239100
  0.29276995988592464  0.30556513427429638  0.31742206975505638  0.32792992477579053
  0.33810076152537077  0.34798806531134235  0.35797268937910459  0.36779334975946104
  0.37763865225911353  0.38798944525564594  0.39826955641278083  0.40817118587365098
  0.41772159880603454  0.42675047850165243  0.43593729621395616  0.44513147096015770
  0.45377731419157302  0.46234552091819375  0.47065428089990979  0.47899923652714871
  0.48660319422655007  0.49433985903921496  0.50165106555022709  0.50826559947891414
  0.51482918103487540  0.52125542327942231  0.52752028037452037  0.53374994157394162
  0.53993164575064578  0.54620106736270713  0.55237478470549717  0.55836669518481530
  0.56462490915643304  0.57117627020611483  0.57770472585156429  0.58416962977363840
  0.59063456238764156  0.59708653602623218  0.60331105043307698  0.60909605335339345
  0.61473360554269163  0.62054806756331382  0.62617196576388479  0.63148625703449357
  0.63653825174741718  0.64147113290570290  0.64630580148987160  0.65115800085261322
  0.65607646483837512  0.66106489387831424  0.66615113389380065  0.67134438850033229
  0.67661195137598784  0.68190455555410701  0.68716492315543354  0.69239311686471972
  0.69766845865406113  0.70281007968085896  0.70795573377949061  0.71298804540671057
  0.71804404892137341  0.72317463432775098  0.72845452377672459  0.73366979129864085
  0.73866537078291694  0.74349104603648797  0.74821153534282658  0.75304048478710151
  0.75814875585861452  0.76342901700093013  0.76876825518500713  0.77416118274439527
  0.77949337763445325  0.78507844643346592  0.79077954584559096  0.79780462146977604
  0.80457763448603137  0.81164511889813562  0.81928584086358636  0.82731385873207597
  0.83616367478393283  0.84594098831431708  0.85651997702747307  0.86918940683060952
  0.88277267168276818  0.89914580949674505  0.92453699168320558  1.00000000000000000
   2.2528873265641898E-012  -1.0000000000000000     
 F F F F F F F F F F F F F F F F F F F F F F F F F F F F F F F F F F F F F F F F F F F F F F F F F F F F F F F F F F F F F F F F F F F F F F F F F F F F F F F F F F F F F F F F F F F F F F F F F F F F F F F F F F F F F F F F F F F F F F F F F F F F F F F F
  <DiscreteSampler_grid>
  grouped_processes
  1 # 1 for a reference and 2 for a running grid.
  10 # Attribute 'min_bin_probing_points' of the grid.
  1 # Attribute 'grid_mode' of the grid. 1=='default',2=='initialization'
  0.0000000000000000 # Attribute 'small_contrib_threshold' of the grid.
  0.5000000000000000 # Attribute 'damping_power' of the grid.
 # binID   n_entries weight   weight_sqr   abs_weight
    13   10   1.976952105865826E-003   7.337668385368535E-006   1.976952105865826E-003
    14   10   1.976952105865832E-003   7.337668385368569E-006   1.976952105865832E-003
    16   10   2.586824704607577E-003   1.270416677312987E-005   2.586824704607577E-003
    17   10   2.586824704607585E-003   1.270416677312993E-005   2.586824704607585E-003
  </DiscreteSampler_grid>
