 -0.00144806183362205  0.00548481345732627  0.01268604502651644  0.02147412801146641
  0.03086772640840760  0.04035102014392883  0.05071122059486748  0.06211692384709352
  0.07262404152978397  0.08295425662056743  0.09320070750052104  0.10390992499154737
  0.11395626999248593  0.12309230930352051  0.13190007244981838  0.14107739120923693
  0.14959969006902793  0.15812316150169217  0.16872872786687210  0.18251723237483694
  0.19565569020124737  0.20595263805851369  0.21536947812097809  0.22649254630315499
  0.23847676909275059  0.24971139696015215  0.26074621227033795  0.27056608908097718
  0.27862860891952229  0.28830443243492815  0.29961405230253180  0.31008488891470082
  0.32070840667366318  0.33274408131408534  0.34509144698573080  0.35786020782921640
  0.36956849164165284  0.38016965070508951  0.38837285801432408  0.39443434285745582
  0.40153606463926245  0.41037397149526389  0.42111295962531931  0.43324113786565521
  0.44557155762177797  0.45688800760929132  0.46679139387193824  0.47621790132049779
  0.48602918247657223  0.49715146577003283  0.50987826047900497  0.52345287164211485
  0.53670007913334272  0.54874485514231697  0.56050132945272690  0.57109480393983914
  0.58224185645279869  0.59374702671972313  0.60524046036308288  0.61631473509824430
  0.62679122619917882  0.63625980777625768  0.64633447407734157  0.65548344247358858
  0.66478701171015753  0.67530480839701079  0.68655825695467787  0.69773421378624012
  0.71137056691213785  0.72273576881533597  0.73250673866596094  0.74056889919667823
  0.74989472846298211  0.76135697892968435  0.77304756817959341  0.78459780797787648
  0.79451982238461383  0.80293311576922310  0.81190970954008745  0.82141801848763540
  0.83070524593591522  0.83973370133833036  0.84908537394578809  0.85943163489053254
  0.87049285206095117  0.88175506806354620  0.89465693454240725  0.90909732927151621
  0.92265576043181552  0.93474459390970044  0.94585157013805532  0.95679851483408851
  0.96856561302807997  0.98128135077614287  0.99155013297489980  1.00000000000000000
  0.00007091315802980  0.00007472846656550  0.00007840269838554  0.00008220988117199
  0.00008602945718775  0.00008967175322509  0.00009177691742049  0.00009239786658671
  0.00009249241174395  0.00009252861315468  0.00009254906174020  0.00009256101339113
  0.00009256779184144  0.00009257200819511  0.00009257518740877  0.00009257779827501
  0.00009257970524537  0.00009258120149867  0.00009258259883741  0.00009258357524846
  0.00009258442515456  0.00009258520272359  0.00009258588825027  0.00009258654346741
  0.00009258713162746  0.00009258770228077  0.00009258821920585  0.00009258873613093
  0.00009258925105074  0.00009258976596420  0.00009259030906764  0.00009259086212001
  0.00009259149223234  0.00009259216623341  0.00009259295021265  0.00009259378210440
  0.00009259470316478  0.00009259584622176  0.00009259729396582  0.00009259913569408
  0.00009260134316571  0.00009260426956785  0.00009260824026038  0.00009261315012925
  0.00009261948591055  0.00009263195868237  0.00009265721447834  0.00009269677322322
  0.00009290770331882  0.00009419503536013  0.00009813689752884  0.00010455297657737
  0.00011221296052690  0.00012212095185993  0.00013388563127865  0.00014749145964360
  0.00016414653798063  0.00018330261225611  0.00020521063318406  0.00023015518723336
  0.00025893177438752  0.00029362010819631  0.00033153255234069  0.00037140776253584
  0.00041663807929399  0.00046948716472942  0.00052343769157829  0.00058033160147657
  0.00064453694009297  0.00071897000784151  0.00079949464365853  0.00088814566598406
  0.00098137363265041  0.00107747611872957  0.00118321579854202  0.00131081009326189
  0.00145003862907865  0.00159237858412713  0.00173063878405234  0.00188353732151337
  0.00205594745423351  0.00224839841368640  0.00245378238261402  0.00271086145466296
  0.00296623934134596  0.00324457328009771  0.00355606026110780  0.00389704060780977
  0.00432934304175099  0.00486619736720041  0.00587869989622240  0.00718249238312793
  0.00877023965753040  0.03552142886073022  0.11188308327839641  1.00000000000000000
  0.00000062481145257  0.00000411003875601  0.00000659581954827  0.00000932648704240
  0.00001250612212449  0.00001564141976120  0.00001821234255380  0.00002065447544910
  0.00002341263095351  0.00002649223536378  0.00002907998589942  0.00003134539884754
  0.00003381251317078  0.00003654710103601  0.00003941666504771  0.00004186755354910
  0.00004388103718957  0.00004593962814635  0.00004837522878290  0.00005090951717907
  0.00005363490969341  0.00005684598826188  0.00006028326754276  0.00006373912048802
  0.00006724863555270  0.00007094505852301  0.00007490736346370  0.00007897739825466
  0.00008306779720678  0.00008738663868835  0.00009194424407013  0.00009639819797304
  0.00010044505341495  0.00010462692706964  0.00010966995806867  0.00011535880574205
  0.00012129188431651  0.00012742621914270  0.00013375194187968  0.00014040801655147
  0.00014763202452422  0.00015551309803619  0.00016436553653214  0.00017447809460303
  0.00018555016283554  0.00019671185143726  0.00020715468187719  0.00021736679068015
  0.00022806968328599  0.00023972926593313  0.00025205219629725  0.00026392739836153
  0.00027698224415545  0.00029069715207514  0.00030393678398189  0.00031160404200057
  0.00031932017645037  0.00032805633949951  0.00033779927271120  0.00035369322286958
  0.00037215927320792  0.00038911459703843  0.00040698599683207  0.00042902851312941
  0.00045605977796911  0.00048789454331380  0.00052091817670545  0.00055517263291420
  0.00059321119215296  0.00063622941998406  0.00067717839025144  0.00071881285868480
  0.00076334933907964  0.00080874140509656  0.00085500601299731  0.00089949592475336
  0.00094901699530417  0.00100576457747440  0.00106464290219952  0.00112096369912371
  0.00117324909844545  0.00121809761508061  0.00125859028419903  0.00134239564510168
  0.00142298798909294  0.00150669039616065  0.00162414927292712  0.00177520879793642
  0.00194578895731325  0.00217059936506965  0.00245643592861369  0.00280182763509329
  0.00331979310931979  0.00602046532134862  0.01690509466836575  1.00000000000000000
 -0.00266329521253451  0.00861842071373633  0.01843935413039798  0.02778900209204858
  0.03754052938092069  0.04767126081776820  0.05724658979311772  0.06731224697349171
  0.07911090229959429  0.09187271007713095  0.10401891580534683  0.11582895184964177
  0.12787338510928839  0.13900769650146264  0.15037164492003838  0.16256407892900243
  0.17359789507726153  0.18400039845865884  0.19543706271155539  0.20847739319005656
  0.22205934373973049  0.23578192982295143  0.25055585601633718  0.26498818057864448
  0.27788737087382265  0.28922326571362011  0.29957568863364759  0.31138643946851474
  0.32338879408306953  0.33466222346190727  0.34551087371399608  0.35685329969522522
  0.36875598615918620  0.38283174568278050  0.39761357841971862  0.40986327814236273
  0.41950221536370041  0.42798959023634081  0.43703866290874038  0.44692587269878176
  0.45821905403118873  0.47096636178621182  0.48418959274502016  0.49762901506917678
  0.51037024687609456  0.52192864108773107  0.53325576505646299  0.54514454599399131
  0.55728216917553985  0.56801616458271009  0.57755571870651057  0.58701829277521644
  0.59730017562870485  0.61048981858374007  0.62463064307101190  0.63680235031109977
  0.64807380718114516  0.65835953804589820  0.66817942559974508  0.67887515345856286
  0.69014608232919517  0.70208035173327277  0.71446636363863059  0.72678795055022849
  0.73870616809634848  0.75014917455087859  0.76074579597354763  0.77008534731523826
  0.77794940470370721  0.78546832518245890  0.79515820558172889  0.80459295536854991
  0.81245974121340925  0.82040118145567154  0.82899072915740790  0.83660613691208063
  0.84490951477741028  0.85394543021199598  0.86320304003939330  0.87277550150057115
  0.88163393025587999  0.89004261589929856  0.89789093361494288  0.90520835916499831
  0.91278295048773606  0.92165560940547853  0.93019109977395498  0.93856165712659934
  0.94644915695435783  0.95390186729753423  0.96136138443588814  0.96899937232631017
  0.97687192146182211  0.98489252364420221  0.99276009880400962  1.00000000000000000
 -0.00233382549972068  0.00830411506144671  0.01990532415234278  0.03125471288323536
  0.04333299567396764  0.05552037566157928  0.06671713694781968  0.07707257975772588
  0.08754107045885977  0.09854845602512477  0.11084764669416954  0.12522394564462877
  0.13998561238492660  0.15371741778537984  0.16727804634566210  0.18056530490476058
  0.19374352189209695  0.20677293136581140  0.21895547658996059  0.23016798485087150
  0.24188263455629244  0.25342845228041494  0.26465828467465691  0.27548673786036826
  0.28568797869270840  0.29395115915834835  0.30185501498213202  0.31028157183201965
  0.31867131134530707  0.32791571385762547  0.33884928825829974  0.35075219377090500
  0.36179298649659181  0.37215801287121270  0.38289939129344397  0.39340243494886262
  0.40432042591604606  0.41592259498339912  0.42690732235886514  0.43731855106014506
  0.44795152783902320  0.45854594714418573  0.47047490217958277  0.48307877010721617
  0.49396868089863044  0.50309111555080854  0.51207002215597985  0.52066254554998059
  0.52762063403227955  0.53268844067321808  0.53934015547542957  0.54972029078092666
  0.56172697995052445  0.57353999536778133  0.58397840230554710  0.59391059113913891
  0.60401829842726695  0.61423940443809011  0.62388903926477202  0.63365386381444733
  0.64418592980109346  0.65569730786128089  0.66796126723536497  0.68000364212642839
  0.69146188939997744  0.70174329080051578  0.71126669618721128  0.72055605272005629
  0.72977391837316874  0.73952236021225026  0.75000078508850443  0.76138418708113331
  0.77236697581553571  0.78303059089641935  0.79371960127443220  0.80454833414027527
  0.81537141060200491  0.82597865545736948  0.83655739719175981  0.84668573229830557
  0.85478046423437892  0.86100812894564127  0.86833521956916671  0.87702917106460698
  0.88645929191953499  0.89597640428631786  0.90551702814688340  0.91591967531238094
  0.92803547982325174  0.94120485794124042  0.95439050619195731  0.96617350137679303
  0.97561793363148641  0.98315188255952402  0.99015994960568132  1.00000000000000000
 -0.00181461835476310  0.00693319088603664  0.01643542833314783  0.02603081527151830
  0.03725941945367050  0.04791720315026305  0.05805631439381418  0.06786720554229296
  0.07780459112462144  0.08818639039007650  0.09866188568124874  0.10851891181684317
  0.11741808581624541  0.12593861510140028  0.13456682841888301  0.14368379484286189
  0.15432163033812121  0.16523487073425322  0.17513491296046643  0.18449831943980413
  0.19395483347873402  0.20322341726899609  0.21319561053099420  0.22407944337492972
  0.23504870177685758  0.24559664660957667  0.25584596758827632  0.26596826156427361
  0.27622824773219756  0.28554113444631457  0.29437013716256977  0.30381578499024720
  0.31257049061485720  0.32130921397152729  0.33122368229945143  0.34177181521829803
  0.35224815828496059  0.36269688655697663  0.37313246414754636  0.38327026858832747
  0.39287211410992900  0.40276786231772888  0.41132739650127476  0.42034633571191904
  0.42770543095570190  0.43529392047658505  0.44355370598738980  0.45355684757185522
  0.46512030665357379  0.47721054891964843  0.48722295447095532  0.49631310711729137
  0.50515926063285088  0.51269833172357526  0.52030332733342832  0.52943436848472425
  0.54024590984853305  0.55147391770614274  0.56115859311117200  0.56945616590981063
  0.57742265922690172  0.58761636774625414  0.59933859180868443  0.61096614711305408
  0.62194479639055289  0.63343210833967967  0.64507715698287282  0.65702108511051627
  0.66995061352683571  0.68293628492152758  0.69550548410615853  0.70786328743112303
  0.72040187926891275  0.73305967868664346  0.74544924208446484  0.75796362879783263
  0.77125952341843962  0.78524164829057275  0.80036277388958277  0.81342173774117210
  0.82683306135181778  0.83947995919498963  0.84889920848394540  0.85786628160866185
  0.86934835131302923  0.88079306898151299  0.89213048858584698  0.90291540461486453
  0.91330107848074904  0.92494146821472456  0.93846143029863160  0.95289539560473724
  0.96382268178878994  0.97636769138150370  0.98842718598616208  1.00000000000000000
 -0.00187013624060908  0.00749750266591896  0.01840028789224964  0.02880448825334399
  0.04118142943240748  0.05541677968957853  0.06981870738859389  0.08290791833939488
  0.09327057247852066  0.10183500987366208  0.11120737088377708  0.12057728817354413
  0.13042548628684991  0.14193552590144631  0.15401436820573433  0.16549392996101009
  0.17550265929265396  0.18424801672040358  0.19237265984605623  0.20102171909717453
  0.21006420404469178  0.21921895076906511  0.22839134866986938  0.23847437980583119
  0.24884355405740660  0.25912404295052666  0.26958326507529801  0.28050905821523414
  0.29186211900388787  0.30346040594833018  0.31459244074395953  0.32697616335091717
  0.33978217881285916  0.35237324720952834  0.36475756919676716  0.37698852383137632
  0.38877861785350115  0.39990708863973212  0.41074036322111118  0.42176795628781016
  0.43247906848342765  0.44186372637179111  0.44997947976614666  0.45879508490540322
  0.46902743935615399  0.47983071177011333  0.49065616925982891  0.50086117647712869
  0.51051384333930738  0.52068102606691136  0.53112163419640823  0.54125675345344582
  0.55089043982367292  0.56027343855028844  0.56928301320796770  0.57801768678802590
  0.58723050183226666  0.59659037681698623  0.60403148018010311  0.61146605048701019
  0.61992864355783572  0.63002644760518400  0.64081559372550467  0.65090401406007148
  0.66081314158473836  0.67050568863038595  0.67912947742703800  0.68854974305936334
  0.69905480105837592  0.71042063854185367  0.72149896852355211  0.73195411287815648
  0.74263291426247591  0.75336145752110839  0.76464811654515663  0.77630410093760804
  0.78822769886382427  0.80041680440878882  0.81279057195187510  0.82523860280775296
  0.83759847514437380  0.84962601033653939  0.86114970997706741  0.87209470972816971
  0.88240985720407339  0.89136183983107686  0.90066332541236516  0.91057327299423674
  0.92082896650044688  0.93189545344259750  0.94430458365830472  0.95631230731328831
  0.96824955341151586  0.97874661556449782  0.98922704474186685  1.00000000000000000
 -0.00244506059016005  0.00923657415092924  0.02053424479800180  0.03336750164795709
  0.04647316765512534  0.05895889270351932  0.07028164788336139  0.08014273144045168
  0.09038706538562051  0.10037549801254698  0.10998770807883282  0.11963070841764181
  0.13002600177030529  0.14117214484966267  0.15264287783599381  0.16208318776734360
  0.17094415306333410  0.18108769596475585  0.19009433010804727  0.19884828037733418
  0.20960986204022766  0.22068644777239427  0.22951406597010660  0.23899985724267403
  0.24898011180203108  0.25889174682118737  0.27001440989874825  0.28243545521545216
  0.29575293973899142  0.30953955791130727  0.32099381326703103  0.33095448305452879
  0.34062187083014889  0.35005638539461514  0.35973984288261779  0.37038187107036374
  0.38142038244607268  0.39208007630544872  0.40280747939307576  0.41300444129655162
  0.42103968594553598  0.42786160645174448  0.43522841448277949  0.44395163000842625
  0.45307287671875540  0.46370956105462463  0.47708725321089107  0.49067323279390845
  0.50381718650299512  0.51510961553279444  0.52485037567413495  0.53403088757129791
  0.54363224380508834  0.55361448782581879  0.56490337823503478  0.57666548093574421
  0.58925041442089321  0.60167979699741481  0.61334383375348067  0.62440944740138082
  0.63346139665604306  0.64251259844019315  0.65209570845035303  0.66111643627375394
  0.67187357163437766  0.68269268916783121  0.69379687801091861  0.70537813023071949
  0.71725257118978458  0.72944043265439262  0.74154825994492823  0.75349185713743683
  0.76495372651097526  0.77603167082021673  0.78811278793972250  0.79994835165761957
  0.81146315932483737  0.82358531729415707  0.83621219915586675  0.84885699569295425
  0.86085100875912257  0.87111064863345478  0.88017478009768069  0.88940295594864149
  0.89896637923373401  0.90933235789160416  0.91952165762569948  0.92857032956474927
  0.93701591903199599  0.94483149710184311  0.95392155929543854  0.96335070040515258
  0.97294873780482527  0.98269403735632588  0.99176833042092627  1.00000000000000000
  0.31780169867643532  0.35335085398140775  0.39685552966255266  0.44911564005380678
  0.45999532598124487  0.46848859353960776  0.47617376280044921  0.48259109627741986
  0.48933609253191468  0.49882444894077471  0.51258380901218992  0.52910802655029399
  0.54684785969243677  0.58147878623777927  0.62154529413558524  0.64091432430168493
  0.64998530399119525  0.65644925850380242  0.66203405626325218  0.66716921404724805
  0.67165291788864767  0.67582441959413220  0.68013434768376790  0.68393986504458504
  0.68744006477881747  0.69100903338277764  0.69451608108857765  0.69785537229088301
  0.70123094757125048  0.70482223714577741  0.70836071278177715  0.71173048453034315
  0.71518099959983505  0.71910354368273832  0.72327881104195191  0.72735585066460551
  0.73115609694012051  0.73453623064770435  0.73765040325545028  0.74047472190896346
  0.74312369831217717  0.74587857149407333  0.74892631996310211  0.75197686719259471
  0.75540954997229737  0.75934523948008881  0.76353978479069440  0.76777068856084152
  0.77119133571127996  0.77401228012484691  0.77679357486641243  0.77958192844225982
  0.78281200230200898  0.78620929752700697  0.78955114765468104  0.79306652032859526
  0.79718668616221722  0.80191524187324426  0.80682053464541759  0.81139475454608756
  0.81553732481299290  0.81962940799113215  0.82351359585984696  0.82733271955329601
  0.83105752104713748  0.83482201143780554  0.83873059907877523  0.84258478958267247
  0.84664495668221751  0.85128788760629825  0.85549759730591979  0.85911289187641293
  0.86276231644256063  0.86610892854264931  0.86990129410376693  0.87396928302939036
  0.87760258311021666  0.88100593855311726  0.88450469892640504  0.88774929760033994
  0.89154698263310572  0.89615854941546180  0.90077715265523195  0.90555966646405106
  0.91045647818808539  0.91557019515047189  0.92101962465142151  0.92695862756486203
  0.93333971447275965  0.93992361953359949  0.94587265992610814  0.95210580278112000
  0.95943805671658100  0.96778161311834565  0.98133199929202319  1.00000000000000000
 -0.04076537782287547  0.16694642301568752  0.20846602469438333  0.23641904839027217
  0.25436838030928549  0.27048521291607397  0.28581673540964481  0.30043942727725181
  0.31263282042949325  0.32437762330811926  0.33663112213227575  0.34965950485755148
  0.35956443126984183  0.36812046294783157  0.37784785791217163  0.38870759384100551
  0.39955565281348382  0.40904665621661290  0.41759167629576432  0.42584710796553887
  0.43444147005091388  0.44275187678105615  0.44967990188992552  0.45649205076276939
  0.46318246200689112  0.46881935156247867  0.47491251498678744  0.48180574984074870
  0.48938716670896976  0.49629598202144037  0.50415872844769871  0.51058059140554923
  0.51676528608431860  0.52341953167051425  0.52984191400976544  0.53599006181538922
  0.54190676566777018  0.54768419200112661  0.55313898029727582  0.55786336868657804
  0.56231320624751735  0.56762352617418943  0.57309101184764255  0.57799265567591696
  0.58278548585178180  0.58728823702695843  0.59200758510530027  0.59720457172244790
  0.60239508909163619  0.60753797781733376  0.61276112993644927  0.61775082669227466
  0.62227617313505257  0.62651680855825698  0.63062139713467436  0.63464624361585331
  0.63911610070463132  0.64440903268084770  0.64970434523779508  0.65405379219723170
  0.65835219902418729  0.66264671331137903  0.66706307305631285  0.67173259695763332
  0.67680753581307396  0.68130481783470298  0.68510881262526391  0.68919870093421687
  0.69333723194031716  0.69699207577767686  0.70077944143808257  0.70461779680525394
  0.70917829785928521  0.71425605844630535  0.71927966822839839  0.72397887881696010
  0.72822057176127408  0.73263864070745421  0.73745710095602213  0.74217729099934837
  0.74681508422735654  0.75165100008828734  0.75661092581183065  0.76136823626758221
  0.76634518012841335  0.77208678411950682  0.77803827455861418  0.78431777879396491
  0.79137545422564270  0.80022414006093734  0.81232576088912578  0.82231383523553014
  0.83357422278564708  0.84851828984035915  0.90487875223592940  1.00000000000000000
   2.7189880901695616E-010  -1.0000000000000000     
 F F F F F F F F F F F F F F F F F F F F F F F F F F F F F F F F F F F F F F F F F F F F F F F F F F F F F F F F F F F F F F F F F F F F F F F F F F F F F F F F F F F F F F F F F F F F F F F F F F F F F F F F F F F F F F F F F F F F F F F F F F F F F F F F
  <DiscreteSampler_grid>
  grouped_processes
  1 # 1 for a reference and 2 for a running grid.
  10 # Attribute 'min_bin_probing_points' of the grid.
  1 # Attribute 'grid_mode' of the grid. 1=='default',2=='initialization'
  0.0000000000000000 # Attribute 'small_contrib_threshold' of the grid.
  0.5000000000000000 # Attribute 'damping_power' of the grid.
 # binID   n_entries weight   weight_sqr   abs_weight
    13   10   2.677598294331686E-001   2.244423277421499E-001   2.677598294331686E-001
    14   10   2.677598294331678E-001   2.244423277421495E-001   2.677598294331678E-001
    16   10   5.926406320684089E-001   1.171885758048847E+000   5.926406320684089E-001
    17   10   5.926406320684074E-001   1.171885758048845E+000   5.926406320684074E-001
  </DiscreteSampler_grid>
