  0.00007135355306935  0.00007257766065524  0.00007427256120039  0.00007627529327538
  0.00007852610730511  0.00008094807903825  0.00008352731807791  0.00008640322377438
  0.00008898101907840  0.00009063682837912  0.00009183206728317  0.00009231262454375
  0.00009246017008643  0.00009249985743936  0.00009252467221843  0.00009254314406193
  0.00009255552569527  0.00009256251505520  0.00009256761892953  0.00009257188072783
  0.00009257514920042  0.00009257764597939  0.00009257962402865  0.00009258148966105
  0.00009258280580066  0.00009258412194027  0.00009258530168641  0.00009258631153988
  0.00009258732139335  0.00009258833124682  0.00009258932161783  0.00009259031096561
  0.00009259130031339  0.00009259236789119  0.00009259355793447  0.00009259474797775
  0.00009259620480178  0.00009259801528315  0.00009260012027336  0.00009260256181955
  0.00009260580805356  0.00009260982001333  0.00009261437145229  0.00009261922551528
  0.00009263111373458  0.00009264845994735  0.00009267248430394  0.00009270498773284
  0.00009274261818275  0.00009296145796417  0.00009376991185265  0.00009546925429187
  0.00009920160862825  0.00010442055543273  0.00011049194469187  0.00011846901689111
  0.00012858875125753  0.00014077027792522  0.00015573990114510  0.00017391120072064
  0.00019590908347735  0.00022308465653304  0.00025713656872839  0.00029795845364693
  0.00034585855179283  0.00039309386505271  0.00044176179042194  0.00049615562611620
  0.00055796824673933  0.00062794149850704  0.00070834647647216  0.00079683652622368
  0.00089973685353689  0.00101926030118962  0.00114052583916582  0.00125331998140567
  0.00136691225590832  0.00150938950939347  0.00167314697395110  0.00183920485822205
  0.00199206095458217  0.00220310701898143  0.00242654949860950  0.00266337442666406
  0.00292677081984698  0.00322847617815656  0.00359144034375724  0.00397917413498777
  0.00435740516194788  0.00473086249054220  0.00509223855476290  0.00545002186851044
  0.00602095318033989  0.00695523740389223  0.25676938133503435  1.00000000000000000
 -0.00708719374368817  0.02898521672561298  0.05146133197015833  0.06512538864515059
  0.07729960363270261  0.08969642272565596  0.10447194859585639  0.11951783073683322
  0.13402188646553057  0.14641719788215551  0.15808222086900536  0.16898397444626179
  0.17867779246369389  0.18867968264013354  0.19972030891433795  0.21088189131674970
  0.22234757709256245  0.23534552953778495  0.24920293429364501  0.26208957296974034
  0.27567988255290160  0.28913166959840425  0.29901854993428173  0.30684268159345202
  0.31342554059725930  0.32055344668812447  0.32962261086212435  0.34174103256216304
  0.35636380495819658  0.37128802412798267  0.38325316933609921  0.39271179830472824
  0.40144749784483763  0.40946202128386888  0.41784004316882534  0.42659532794223376
  0.43691430439534562  0.44827485643553555  0.45823443996689395  0.46876200336755114
  0.47940947672891709  0.48995748822449176  0.50157095860790291  0.51052184114207366
  0.51920782359318807  0.52861816086348512  0.53899118288421455  0.55089912934482510
  0.56349096902393281  0.57631698603162429  0.58848599554258463  0.59985826657324859
  0.61202563856530157  0.62392755926087817  0.63521042053654997  0.64531487479451233
  0.65315290878466559  0.66044895580758423  0.66842214432146974  0.67509097286856523
  0.68234875242270232  0.69214558834366036  0.69763092773858382  0.70298284314218740
  0.71117184425812163  0.72357472188645178  0.73693498306141292  0.74680948689402615
  0.75611606441583268  0.76527207741869463  0.77315960000178818  0.78112036998164291
  0.79090731014644933  0.80042130227042352  0.80960851094868636  0.81895539563463826
  0.83087594737631443  0.84095481830506458  0.85150507292120270  0.85954773168109810
  0.87290655669595441  0.88488628279356729  0.89714394996810232  0.90880635791236419
  0.91999022815821774  0.93158761985434990  0.93901002649381715  0.94361930202731326
  0.94904574766734928  0.95423449720442710  0.95970176726816336  0.96455648168177166
  0.97147726664546563  0.98064853383662010  0.98997540174202803  1.00000000000000000
  0.00000096288861709  0.00000317366191560  0.00000425751462779  0.00000549156172657
  0.00000676271303584  0.00000809791183420  0.00001002036003540  0.00001235944137041
  0.00001461091730918  0.00001697913615012  0.00001957130189228  0.00002179765573142
  0.00002377473552507  0.00002568354073822  0.00002857267808455  0.00003097259615026
  0.00003321299112050  0.00003487516394401  0.00003677201684154  0.00003903495302420
  0.00004103953474525  0.00004323247374087  0.00004628543885274  0.00005009135483698
  0.00005416308162284  0.00005838879667669  0.00006288017593469  0.00006739088971765
  0.00007197915783148  0.00007609236960648  0.00007979040908102  0.00008371523920685
  0.00008791893875449  0.00009219368720723  0.00009650037429297  0.00010116959353907
  0.00010617672840234  0.00011115014312618  0.00011594442840131  0.00012105630864058
  0.00012740125344897  0.00013495471519731  0.00014302189045052  0.00015078709885581
  0.00015774050468045  0.00016426893813519  0.00017114910763185  0.00018015737358151
  0.00019188941663995  0.00020544997671413  0.00022116568157778  0.00023006078190478
  0.00024030129880604  0.00025074231967314  0.00025954048767248  0.00026812897712865
  0.00027778939537206  0.00028849167358739  0.00029911946076479  0.00030939771553727
  0.00031911857777119  0.00033000996971944  0.00034369021579401  0.00036215068510377
  0.00037889861084167  0.00039469180033377  0.00040754911891348  0.00042016226816713
  0.00043495325312685  0.00045071080943656  0.00046575245502971  0.00047924975359634
  0.00049374045506734  0.00050915398095626  0.00054672219496214  0.00060760482478778
  0.00067029922642296  0.00073096444762280  0.00079224181715081  0.00084727425624002
  0.00090807115054187  0.00097170445960975  0.00104044744476257  0.00113552051488621
  0.00125023341192749  0.00138967969702481  0.00156978574409045  0.00176599339213932
  0.00195732261445274  0.00211370261998012  0.00233717882291209  0.00283360648277612
  0.00344934790097384  0.00857230899997279  0.01394459035792093  1.00000000000000000
 -0.00240388426539722  0.00879077586275204  0.01882010499550496  0.02989723507797106
  0.04003559842265227  0.04957155037306832  0.05926825140510372  0.06923514242972136
  0.07818795138500585  0.08669553058138860  0.09455462930206503  0.10163381219953432
  0.10901670724268089  0.11707025616521850  0.12522435879045191  0.13572207749105950
  0.14748895934548778  0.15986100826371649  0.17031684024796961  0.17886912297282631
  0.18717346498906232  0.19616494131684065  0.20690596085999893  0.21809935981621062
  0.22807754491103263  0.23677149566215355  0.24466951006657245  0.25255343612552306
  0.26216833212759533  0.27278849700422952  0.28271118565952258  0.29169578244813404
  0.30068706578326743  0.30790957086527326  0.31512172524230686  0.32214137791243264
  0.32653290921437983  0.33192712661824303  0.33927248787369396  0.34614844052991378
  0.35228965541828622  0.35753794438636421  0.36704003855837419  0.37812127291153691
  0.38673238531773285  0.39661950639409793  0.40571679366365243  0.41372858597818429
  0.42415737328289221  0.43690167388873630  0.45088558351296143  0.46507546357213486
  0.47855470271634309  0.49103119635883208  0.50273157905663202  0.51448297850565139
  0.52763591409156685  0.54247879573321711  0.55699302583620680  0.57058712696079372
  0.58345748576599243  0.59645164233258274  0.60937050405494808  0.62226280373721432
  0.63562453400381858  0.64971581140536105  0.66365395156678608  0.67659557480994859
  0.68887955235699605  0.70172117927368227  0.71603625794237091  0.73171769315307944
  0.74830904284777267  0.76547467661605395  0.78082835748366608  0.79374803151692530
  0.80405477253696722  0.81520252174181329  0.82260268092256728  0.82799945051579704
  0.83474569868260584  0.84388290505961083  0.85220503123335256  0.86318601394059280
  0.87239731611530236  0.88131657032350297  0.88923791573140265  0.89721517119239347
  0.90583511928226823  0.91510289386854571  0.92470078116585808  0.93481954939591894
  0.94474621664537883  0.95521714554947434  0.97054991063675955  1.00000000000000000
 -0.00395941550626839  0.01072780178736250  0.02522386391477968  0.03877292442801171
  0.05134610784518379  0.06345346978834732  0.07585498314453959  0.08922837721858407
  0.10410391337821413  0.11916178340739786  0.13305504454958714  0.14736395580278891
  0.16062098995390306  0.17308217489445840  0.18615409120416782  0.19893943749553061
  0.21205715631053706  0.22518487267794657  0.23712070782878836  0.24790158002329643
  0.25874284544459131  0.27030102395620409  0.28181325787902206  0.29145288928475388
  0.29961385338130475  0.30898051183233655  0.32018736412499998  0.33143206066870207
  0.34065168470596630  0.34976296849109773  0.35997076008992385  0.37004990604686466
  0.38025868671581947  0.38892817134265789  0.39688825663580973  0.40566712351782280
  0.41486329704071190  0.42558741717761067  0.43847043727710777  0.45273146978707002
  0.46482861992040947  0.47300749687536381  0.48009806700916985  0.48635257130537762
  0.49559688291974946  0.50634872993232449  0.51729594002245105  0.52780709877325149
  0.53749568606060516  0.54941220923839873  0.56274037511754460  0.57495248038697244
  0.58593528777464454  0.59633350992887535  0.60657764566059991  0.61581723439105662
  0.62514240671825949  0.63657769020135602  0.64836984411759702  0.66009340637029446
  0.67212971210941264  0.68382989627847701  0.69484534936904885  0.70566823999585171
  0.71640280777827781  0.72670882287549543  0.73610423267114400  0.74360578651602038
  0.75139755710893918  0.75964013172931177  0.76741846544641301  0.77495621565241879
  0.78674668776332302  0.80131110385944315  0.81570060883307127  0.82891430877840733
  0.84175934820063414  0.85385649863730417  0.86396549248005183  0.87316251260974043
  0.88278797441348811  0.89001398522117525  0.89821416583125635  0.90763313685424440
  0.91493988222914813  0.92153498792227173  0.92837395625603225  0.93801463594562884
  0.94970242972825336  0.95979086939981084  0.96881610201439550  0.97804895563461236
  0.98266439807330463  0.98756694048091009  0.99381116741257025  1.00000000000000000
 -0.00431743731410266  0.01398145862510129  0.02522280035756681  0.03484782512909277
  0.04337064782267089  0.04934033718468176  0.05358936241996996  0.05780722316269418
  0.06201778526803287  0.06657369997671983  0.07137914414354639  0.07670370643644948
  0.08569422744508839  0.09853589892709332  0.11280924495239872  0.12721999524573774
  0.14125805954067136  0.15523219852117298  0.16898286172687188  0.18293045368384983
  0.19709762704504852  0.21136343431714513  0.22533195897139710  0.24002242793971901
  0.25457589127446217  0.26758314684959950  0.28022344055613879  0.29245877265148162
  0.30456659440369904  0.31648368870021315  0.32863160108214273  0.34086000165558045
  0.35313398319512018  0.36579573769291873  0.37940773892478197  0.39315598843224892
  0.40741100047543044  0.42246010383858967  0.43444072669038031  0.44318813338309176
  0.45221518172068498  0.46224270257037792  0.47345921893172133  0.48596120510499941
  0.49616601327305054  0.50744866700909619  0.51921833025551922  0.53075010667780886
  0.54566354789137994  0.55966123378214694  0.57433623671877998  0.58950425671657436
  0.60101527959947443  0.60959464191314316  0.61801565642323042  0.62507406102726126
  0.63292624668420017  0.64174674650116048  0.65477556961656802  0.66924966154949284
  0.68402971291770132  0.69537955426052211  0.70297536850314712  0.70946825195516205
  0.71674322845519367  0.72510699284465707  0.73437807988040860  0.74444524530381995
  0.75624634022985671  0.76938007359163429  0.78237284410761632  0.79483512190940309
  0.80730596328341697  0.81988461350428188  0.83192788920482208  0.84265592172659631
  0.85219829601121666  0.86053469156104101  0.86710290807462975  0.87367432343414719
  0.88074756142540156  0.88809144733470013  0.89550444736497747  0.90368937778554481
  0.91228933209025975  0.92083981105531787  0.92978083042111315  0.94017765347436877
  0.95073133376577501  0.95803615402293807  0.96542190704691455  0.97272655795048868
  0.97962916555906732  0.98617895496203656  0.99272893848531940  1.00000000000000000
 -0.00072400090763180  0.00368979971729298  0.01108920912147866  0.01836618834151835
  0.02620104357166491  0.03402685771414874  0.04136298721619770  0.04867104500742507
  0.05748820490788881  0.07170436534288535  0.08645982962242948  0.09975376496522161
  0.11228052236823287  0.12572282336771734  0.13866633270350465  0.14752646785840376
  0.15644535610781921  0.16484628399036350  0.17319146765999485  0.18053889263751821
  0.18733968823209579  0.19506576305886533  0.20385917237346377  0.21435315266677726
  0.22889499696411372  0.24219519482863902  0.25716049764141502  0.27021437973577112
  0.28134810092791612  0.29190194825173510  0.30208959131170771  0.31271570472446741
  0.32387631518129306  0.33507798956997581  0.34591087914839813  0.35662819219487474
  0.36872740223495892  0.38438352056813130  0.39746008162788249  0.41142320511822894
  0.42099233784805024  0.42746109323948417  0.43387754305055859  0.43969474759305294
  0.44554735424210162  0.45177852471236130  0.46053238715620942  0.47458907039715481
  0.49014189695079913  0.50610674771752295  0.52154347580232008  0.53570904369649841
  0.54973069395113316  0.56153368681384841  0.57272687870452010  0.58210770287790337
  0.58887937520301126  0.59461082357337347  0.60252282662579615  0.61259778163707157
  0.62119826191915095  0.62748398782069204  0.63391547982455088  0.64078256616831075
  0.64774458038041371  0.65800899007046909  0.66864524242555123  0.67906062079459839
  0.68721505801374871  0.69565639772563348  0.70427916272153412  0.71631914271462749
  0.72932316383847096  0.74169784310539555  0.75462376862127634  0.76642456171832640
  0.77835570615777783  0.79113862670798729  0.80467336797473399  0.81912533784948738
  0.83379903473501871  0.84553878109045699  0.85605269442908238  0.86556405847885454
  0.87500556393296192  0.88465503965102810  0.89316260245358625  0.90192349653036730
  0.91301104169785641  0.92632967974714142  0.93887299899057319  0.95018892167143276
  0.96181282525093803  0.97306017370344344  0.98520960854592743  1.00000000000000000
 -0.00388893578506146  0.01247698600296204  0.02707030523811948  0.03796519477670312
  0.04671371134617232  0.05666981993062786  0.06834574944383399  0.07773649375452499
  0.08589993117332567  0.09407447782635167  0.10169744495639566  0.11006316359961432
  0.11986380226416427  0.12695288797945090  0.13467143598904560  0.14254645694362339
  0.14980810443558634  0.15804771717783872  0.16820723748096811  0.17693962082542905
  0.18390399107305166  0.19382954194655233  0.20580576325431452  0.22056030204381952
  0.23527669275026231  0.24742606467121595  0.25750504210283365  0.26681361157083772
  0.27490258295230158  0.28276966293625705  0.29173553139583253  0.30106987063166946
  0.31107012050455929  0.32257767314721936  0.33525907141022671  0.34848760043130167
  0.36173198969966586  0.37455177863458794  0.38848330322663843  0.40225929260054027
  0.41515251821501864  0.42644307948384058  0.43673624004978062  0.44709306092739748
  0.45701743213262863  0.46840669880916241  0.48234467842117912  0.49572332300438565
  0.50624817061469318  0.51460713308250816  0.52354861287162802  0.53379957652596111
  0.54476762246996480  0.55671331168681870  0.56845059921072860  0.57869252825366291
  0.58940017564020464  0.59969922775600426  0.60919526053973583  0.61717212733750104
  0.62497265112979106  0.63262312179300717  0.63982739110462961  0.64632172807236654
  0.65293589842804323  0.66023565353007163  0.67136022312445653  0.68497851645480934
  0.69773237672133215  0.71011521589087989  0.72269731278233129  0.73471869948643043
  0.74616362228212951  0.75595051827484006  0.76260036742305481  0.76944291825743072
  0.77702359028012236  0.78382676276555630  0.79047088303277024  0.79615256195277750
  0.80610451270120054  0.81715749923266301  0.82915151709493740  0.84625071629725657
  0.86310941560579502  0.87763186533273818  0.88953876063188608  0.90047610383906163
  0.91116100142480416  0.92223883336171986  0.93409578199929100  0.94716210863705308
  0.95995668048349514  0.97223914317300786  0.98528119004958248  1.00000000000000000
  0.06498168274121918  0.23757645670726404  0.42899899934879571  0.56560643735574778
  0.62282855439700535  0.64142556408463147  0.65236961718483144  0.66050850177947273
  0.66674306105283854  0.67214070560440153  0.67733832508758951  0.68184673228775161
  0.68581214598258466  0.68939067953291844  0.69286402451145912  0.69668292220905415
  0.70048190820835832  0.70406545774701679  0.70740844988961804  0.71062028721024251
  0.71422166724575820  0.71817706067288456  0.72211145841435009  0.72578544356347208
  0.72907290100314948  0.73186882104014461  0.73455523019342028  0.73701681591450763
  0.74041714553590465  0.74367904053728229  0.74675757301515788  0.74985074399706919
  0.75292586175138299  0.75610213095198786  0.75914372089973703  0.76138671043171724
  0.76277821988616090  0.76406783517049137  0.76595463462276014  0.76793380712065007
  0.77060555157922794  0.77275244780817043  0.77445799872385268  0.77603368693373442
  0.77752057345718895  0.77913653504767078  0.78116317088085974  0.78382319579401460
  0.78690763132852570  0.78996315701181152  0.79311450714631770  0.79655083034968532
  0.80027736817316486  0.80415103848442804  0.80789901933037545  0.81100994333316945
  0.81400813235192082  0.81710801519167897  0.82016939074287443  0.82295422567033438
  0.82538398514377764  0.82778775784577352  0.83043566736039487  0.83343874157289310
  0.83691157899696811  0.84031926387473765  0.84429912183407640  0.84884835491222099
  0.85353852569216571  0.85808824801693706  0.86247900822320633  0.86678532352009718
  0.87149421140720018  0.87691324250256353  0.88237089570715710  0.88662059999390763
  0.88943610933689388  0.89248896424740110  0.89560928356626002  0.89852879643959771
  0.90126606655641639  0.90387667779941194  0.90677069253736087  0.91019046578853380
  0.91394456670278257  0.91758666445895187  0.92198652617486054  0.92649719712956546
  0.93128792397414284  0.93595711144287164  0.94321031270600653  0.95035574996595640
  0.95754510638127166  0.96648584996402065  0.98001018366714021  1.00000000000000000
 -0.02853226878397810  0.19497783168446955  0.26230970094045153  0.28843963226228192
  0.30686602308334965  0.32366735836562038  0.33944900675037948  0.35468343202165731
  0.36797084549938214  0.37986531954951430  0.39124667412115710  0.40181468575720225
  0.41244462176647845  0.42276079333318872  0.43050288318899593  0.43653880258681071
  0.44229653490253784  0.44867219137940695  0.45557862636909258  0.46214707009166289
  0.46591964620414894  0.46987304927851042  0.47347863707754906  0.47694763222173114
  0.48204986231501151  0.48956714185542805  0.49771581739510035  0.50532013549281318
  0.51334874232094874  0.52279153400413703  0.53289725810422872  0.54124485644174558
  0.54782641044556146  0.55378133809150565  0.55859722172449389  0.56345897022533309
  0.56868579338385405  0.57427335458868911  0.58071138680651080  0.58799574967684454
  0.59570265244412279  0.60290927843615771  0.60977086064982355  0.61627624301122708
  0.62119332342245770  0.62583264386920434  0.63044974071564319  0.63520265164760004
  0.63860928177438192  0.64104514039638616  0.64500792846910393  0.65148668091325701
  0.65724056143467025  0.66259589017341658  0.66743607804721083  0.67270308473166740
  0.67785704385284462  0.68235018281290594  0.68644296899602453  0.69030791358544563
  0.69413311760363194  0.69783040421784892  0.70161938302984805  0.70574307247321777
  0.71020118401830079  0.71393499399936555  0.71679977082433466  0.72009983505834829
  0.72511820497691859  0.73022460603953776  0.73484184203817460  0.73927140781505296
  0.74369215734866290  0.74818845976148174  0.75364843637238710  0.76033490642073287
  0.76697780174696484  0.77304334272450381  0.77890053027802197  0.78476957408190140
  0.79040680951957176  0.79630868715578895  0.80209625607128077  0.80804157034671342
  0.81449797568014337  0.82183383693506695  0.82943132203426351  0.83775966826568316
  0.84497564235603040  0.85065268821319751  0.85665318215411701  0.86360504646052627
  0.87066767910702769  0.88221852869077211  0.90824146234504255  1.00000000000000000
   6.6483695406553441E-010  -1.0000000000000000     
 F F F F F F F F F F F F F F F F F F F F F F F F F F F F F F F F F F F F F F F F F F F F F F F F F F F F F F F F F F F F F F F F F F F F F F F F F F F F F F F F F F F F F F F F F F F F F F F F F F F F F F F F F F F F F F F F F F F F F F F F F F F F F F F F
  <DiscreteSampler_grid>
  grouped_processes
  1 # 1 for a reference and 2 for a running grid.
  10 # Attribute 'min_bin_probing_points' of the grid.
  1 # Attribute 'grid_mode' of the grid. 1=='default',2=='initialization'
  0.0000000000000000 # Attribute 'small_contrib_threshold' of the grid.
  0.5000000000000000 # Attribute 'damping_power' of the grid.
 # binID   n_entries weight   weight_sqr   abs_weight
    13   10   1.888614222354676E+000   3.248915194683048E+001   1.888614222354676E+000
    14   10   1.888614222354688E+000   3.248915194683089E+001   1.888614222354688E+000
    16   10   3.641919689784628E+000   1.285456699203834E+002   3.641919689784628E+000
    17   10   3.641919689784653E+000   1.285456699203852E+002   3.641919689784653E+000
  </DiscreteSampler_grid>
