 -0.00498732966058153  0.01593185010926351  0.02821095512580769  0.03881025245598071
  0.04967844430988142  0.06012208020650560  0.06947944041064212  0.07827875486698622
  0.08726416827477300  0.09725649562402129  0.10737899122987704  0.11727979947577723
  0.12676921313326917  0.13697580826708999  0.14798780553888388  0.16012022757491645
  0.17231555391671602  0.18467380345890530  0.19771261910159155  0.21041050344685230
  0.22207472878016407  0.23264997845362015  0.24235032620407293  0.25206602689394086
  0.26174985534289119  0.27129554528050032  0.28103461875033903  0.29074817518823881
  0.30071388710683999  0.31088743260780333  0.32143941995861186  0.33217406320070741
  0.34261687113626094  0.35312411971318647  0.36411770772842517  0.37506033451809845
  0.38561634864473021  0.39550483965631433  0.40490451535802685  0.41414612606335438
  0.42344903950701152  0.43275653529781866  0.44168763402207428  0.45042438115637251
  0.45935626486114461  0.46886071828764714  0.47859441156743004  0.48829462705644477
  0.49751625014785039  0.50684999439071510  0.51633261232188654  0.52611793574866805
  0.53609839132289105  0.54575120611083261  0.55534626175646773  0.56563284261157765
  0.57705992713705578  0.58850023364051940  0.60006987208442963  0.61164784090932944
  0.62344569101853031  0.63461670751193455  0.64566730458378829  0.65653011020431429
  0.66759771985541838  0.67884883490818504  0.69019059627130630  0.70260285578313375
  0.71406907969513467  0.72523716634751567  0.73604764806451550  0.74715816441155325
  0.75867235839155456  0.77024369956932959  0.78135940502209666  0.79169314578696937
  0.80177626087743969  0.81192634972875144  0.82197600453517106  0.83211138753120617
  0.84203233485711315  0.85191853037428977  0.86157110068391851  0.87116961183782227
  0.88134903744845916  0.89126406182667639  0.90136930150449224  0.91125431328604989
  0.92225587445028478  0.93392080636186325  0.94511377442880773  0.95611132648687180
  0.96715588174424283  0.97891051794646944  0.98937161012633634  1.00000000000000000
  0.00000009291886758  0.00000144793856096  0.00000414553113893  0.00000802217972223
  0.00001258917346810  0.00001729480286272  0.00002182973629210  0.00002595512851243
  0.00002943647195601  0.00003243443412497  0.00003450927458240  0.00003582374356314
  0.00003705913995842  0.00003819307587866  0.00003922894619992  0.00004018910855040
  0.00004105819411475  0.00004179870900506  0.00004248132250834  0.00004310833103467
  0.00004367808755753  0.00004418778209236  0.00004464979041442  0.00004508298972114
  0.00004545905259235  0.00004580929170576  0.00004612225154696  0.00004640759647450
  0.00004668218513023  0.00004689677842595  0.00004710485813796  0.00004730647762076
  0.00004749225221948  0.00004765314497067  0.00004780236420408  0.00004794525365364
  0.00004808402430599  0.00004821986788596  0.00004833587353586  0.00004844881583695
  0.00004855706534426  0.00004866392136590  0.00004876825677343  0.00004887097387491
  0.00004897206796780  0.00004907467042052  0.00004917835174822  0.00004928235276507
  0.00004938655295349  0.00004949199127739  0.00004959819831547  0.00004970614573276
  0.00004981500761464  0.00004993575812453  0.00005006064293849  0.00005020259721960
  0.00005034738453819  0.00005049923275023  0.00005065379918113  0.00005081229266342
  0.00005100133348529  0.00005120421958228  0.00005142424005703  0.00005165429572516
  0.00005190809881651  0.00005219943886109  0.00005252232969822  0.00005287775320551
  0.00005327660646781  0.00005372265266713  0.00005421085412149  0.00005474519701167
  0.00005535784401678  0.00005603129645867  0.00005678715292583  0.00005764559613305
  0.00005857302896373  0.00005963471530582  0.00006110105976676  0.00006292547606418
  0.00006498060682171  0.00006727563406890  0.00006980998865557  0.00007317124157404
  0.00007971991899432  0.00008870165878325  0.00010277141532723  0.00012328481276406
  0.00015988457857432  0.00021958242136314  0.00035106870411608  0.00067524943111804
  0.00174920030929753  0.00767759735158814  0.11565624611492435  1.00000000000000000
 -0.00238365586418457  0.00877414290942359  0.01914988688243056  0.03043264446038154
  0.04239940235316553  0.05426186289557992  0.06525853100644936  0.07552829683683643
  0.08572804209441623  0.09524081191176464  0.10430417982567283  0.11335170453696772
  0.12303245856432402  0.13366551990632305  0.14492278308602977  0.15550096496105742
  0.16553526114435799  0.17557755115665516  0.18600003649156210  0.19649797208732017
  0.20650550222684150  0.21553139914286532  0.22422348181038612  0.23344384550154421
  0.24318204443267080  0.25330267253223426  0.26369175559429681  0.27476925225509324
  0.28630677830181545  0.29766408064917049  0.30885943589508696  0.32036528778286094
  0.33208144231930486  0.34361126541007897  0.35501703786106364  0.36660728377181057
  0.37822824425164053  0.39014638441243066  0.40281579927238748  0.41522364355035180
  0.42770946290317413  0.43981534881745454  0.45013594854588823  0.46180939048454728
  0.47320408557579302  0.48474576769008992  0.49519683331853154  0.50540818522451947
  0.51499295431045067  0.52449786029406564  0.53357190513527697  0.54299528750993598
  0.55297532840053987  0.56365006243148186  0.57671152622774968  0.58927177009111487
  0.60180933661310965  0.61417303834307024  0.62584071514731454  0.63565368424725099
  0.64513359811622650  0.65467066392860895  0.66435841537630702  0.67373784428399353
  0.68280788268457793  0.69218086040687221  0.70287475956016965  0.71318385838596665
  0.72314883303962507  0.73379450554208547  0.74521901391719869  0.75666118140517202
  0.76804710676683108  0.77953570751661327  0.79066531872131107  0.80130023482383450
  0.81183690521777818  0.82215392848656244  0.83210205355685485  0.84186935089996107
  0.85168058285714499  0.86214869673948880  0.87272279447125956  0.88331928719083530
  0.89326287174749686  0.90358218800371803  0.91380292022267584  0.92481147249051465
  0.93572576498659432  0.94568629710972096  0.95562760855975926  0.96509714768279253
  0.97434901813438912  0.98308797348758270  0.99151158604559275  1.00000000000000000
 -0.00304055770117621  0.01065359219147955  0.02274833025023791  0.03461079674708300
  0.04711608363214990  0.06000815994203236  0.07273528732944361  0.08492368131276129
  0.09663602266844461  0.10813515857972765  0.11951776052133264  0.13145903546200996
  0.14228012641546181  0.15255124632095671  0.16227521581544946  0.17197247196816526
  0.18087749301768566  0.18977194240361503  0.19892010437730617  0.20807135229187651
  0.21733657821018848  0.22669652745431745  0.23682335327190485  0.24780146025490024
  0.25872473261596735  0.26936319748860160  0.27972195007345346  0.29039616352944125
  0.30189749863924126  0.31328775935296121  0.32292490276934221  0.33201241520378472
  0.34157574089823012  0.35210317070144875  0.36260931339719393  0.37230503448871965
  0.38190407991462277  0.39201325367698531  0.40233102065878679  0.41248270786373648
  0.42290849580789946  0.43400193876996729  0.44546191170144911  0.45668275338167774
  0.46691114560532215  0.47702074285911500  0.48739939521942155  0.49811764741336695
  0.50913903740365807  0.52016376164237299  0.53125603562366142  0.54220557399180802
  0.55257964615934230  0.56269058163465413  0.57231937561490132  0.58239227022009055
  0.59284693597330052  0.60308573860962733  0.61286444434856957  0.62226220884188610
  0.63208392937109203  0.64255975533296728  0.65349276066121165  0.66440896348741096
  0.67456714348460045  0.68429318864914890  0.69436330951853686  0.70482964444939966
  0.71527277857880822  0.72554707216954817  0.73585444088216256  0.74614163405320200
  0.75630576150700979  0.76651987957831569  0.77672560533003476  0.78705468765207476
  0.79817646081120486  0.80988322384635281  0.82175271686063245  0.83313308195657731
  0.84340644767698414  0.85314843849216737  0.86281170908021776  0.87286235313609273
  0.88314407465458122  0.89358654253043912  0.90427898520070404  0.91522510717247607
  0.92557800044778304  0.93566655948911848  0.94576215858792889  0.95627800487781545
  0.96732516630129561  0.97888164217098583  0.98957020956860375  1.00000000000000000
 -0.00331291619075198  0.01116042180944632  0.02216604374172536  0.03150736307536046
  0.04057624707453376  0.04892312006848527  0.05740691035291684  0.06662689760884526
  0.07552947930911978  0.08430897756228396  0.09424425225711552  0.10445319991974240
  0.11644056163506079  0.12829281950985427  0.14042466304788595  0.15325490605129655
  0.16598074889917058  0.17758125008345149  0.18869294953021384  0.19904130778369203
  0.20945891801765046  0.21899134483678623  0.22872526834283921  0.23860343062380354
  0.24919925963068160  0.26003040653634257  0.27105248817668681  0.28280968588247146
  0.29503795379794207  0.30742726631528539  0.31943944751142123  0.33078456530807038
  0.34132731234621133  0.35161524695799967  0.36261927732409843  0.37416120633236682
  0.38651494010062670  0.39917804384089134  0.41249576546180561  0.42528241129141542
  0.43801126226653603  0.45058460584166582  0.46254524452324802  0.47433505412228472
  0.48634257731738872  0.49843451386512239  0.50989764057564746  0.52136025182743728
  0.53359867874636924  0.54585199368193238  0.55797906946184572  0.56922481788419743
  0.57976622508373399  0.58962888637742539  0.59897142572116358  0.60835248421538890
  0.61776090462450783  0.62733289264764924  0.63707054405559616  0.64724962456200297
  0.65790172499969224  0.66851972421220018  0.67895487936518917  0.69017680055778896
  0.70233832330686774  0.71335539163749317  0.72365134537216436  0.73408181482958090
  0.74435065633477915  0.75362149918254195  0.76231503155853242  0.77178805465350808
  0.78240032354697597  0.79298664156894050  0.80310180799039255  0.81300821095829900
  0.82296458415455120  0.83259475854519360  0.84127020698736277  0.84934299516832390
  0.85726608796761483  0.86510405533276125  0.87313729023998576  0.88153620510914199
  0.89002243977485274  0.89861823744802916  0.90773078985002353  0.91739920268858410
  0.92874395854305003  0.93937737977362668  0.94982372974885454  0.95998074252025001
  0.96979006233233500  0.97951525660770744  0.98952811091936621  1.00000000000000000
 -0.00299142760539611  0.01078170296153626  0.02199955464562525  0.03323252962295448
  0.04484660110824281  0.05706716508212380  0.06935791453838151  0.08126510231635177
  0.09181048514433368  0.10148589543350879  0.11099844820609518  0.12030844154418559
  0.12959509793336285  0.13882801762116789  0.14833808044148736  0.15822397463363547
  0.16788387525812296  0.17833015581187472  0.18889359912844994  0.19966591858984978
  0.21037134833759832  0.22032376106676255  0.22986413839112252  0.23930586068246956
  0.24869484277535192  0.25858649565813474  0.26889330481844004  0.28104456681904616
  0.29347951301036335  0.30564463623578242  0.31755636344782168  0.32934047364330554
  0.34119157092336211  0.35297326809974583  0.36462445531186793  0.37609790906704821
  0.38736928252335445  0.39859208833454907  0.40987102801826880  0.42121408881756883
  0.43240637962273260  0.44298082044237158  0.45318652136779952  0.46359918274444534
  0.47413157944873302  0.48495896226806723  0.49586887912332384  0.50645293887284470
  0.51678411168700977  0.52698816944950366  0.53724329358252387  0.54753326046829121
  0.55763222752165520  0.56758548456100599  0.57756921542611828  0.58779435663494917
  0.59848090639170659  0.60991588022844501  0.62182537026194218  0.63356122258699987
  0.64478066045615634  0.65515317752370561  0.66521616014884233  0.67546058107452067
  0.68570473462420667  0.69567700527333043  0.70573577397595089  0.71644835296813425
  0.72697689459933201  0.73621522693138020  0.74523169860181504  0.75499984934935316
  0.76494526774050120  0.77466657413755136  0.78401586998872785  0.79383365185315047
  0.80459872998130899  0.81565941728234581  0.82666607616858956  0.83741231960205853
  0.84805016371628528  0.85849351169006349  0.86860051387176052  0.87796773475050338
  0.88684396491933071  0.89569547202199140  0.90550747781043184  0.91536669647391089
  0.92498831996207687  0.93446887152309877  0.94473331901766655  0.95578024121204952
  0.96610752162812097  0.97706344856145311  0.98813755952838689  1.00000000000000000
 -0.00230223281662673  0.01009907354754921  0.02042436199356757  0.03202820127549444
  0.04419433306215829  0.05667216692018843  0.06834771369492654  0.07984030352589241
  0.09156742132221812  0.10325507047886680  0.11452360490811792  0.12543270247118324
  0.13605749850179963  0.14662769399848041  0.15739245593110493  0.16794084609470367
  0.17813686630762582  0.18817721875659385  0.19822180042909754  0.20827276117665103
  0.21789608985143163  0.22745941725643770  0.23730999101230543  0.24707496256507774
  0.25658338902111327  0.26587988146416913  0.27567286631784121  0.28552315404312034
  0.29575852899069316  0.30636733463679877  0.31696230208346671  0.32726943065055519
  0.33747862693327285  0.34794626851708282  0.35876162410735607  0.36982197186068289
  0.38093371159473310  0.39117716330189484  0.40109428137637643  0.41057996294305704
  0.41989674773835878  0.42979419413195147  0.44108042011988247  0.45393702843254308
  0.46450690388227545  0.47440575108684824  0.48386451989617474  0.49254252712539692
  0.50066176568479959  0.50858364833390257  0.51667289278450579  0.52484197285208145
  0.53327529941527696  0.54184366531657902  0.55080926769797278  0.56019466886897551
  0.56948531373042965  0.57857570393048574  0.58852572275460313  0.59878611005952731
  0.60856888557524846  0.61807794982165432  0.62758485264821817  0.63722084218722364
  0.64702974690253789  0.65672959797323105  0.66662373461243152  0.67707923424269223
  0.68755508346878258  0.69745337627102011  0.70733922422183504  0.71716679131785910
  0.72716476385675366  0.73700191864453446  0.74643696070342336  0.75640268283778822
  0.76771387743795505  0.77923392461550089  0.79101379567357188  0.80273452583678395
  0.81438457805434750  0.82577426122315234  0.83690736994927795  0.84794225376802979
  0.85895994588253466  0.87014483123991460  0.88154351100910056  0.89319551395991137
  0.90599174872128829  0.91897071266501928  0.93125493403656123  0.94395183417891348
  0.95713330124126350  0.97026290521425873  0.98351481623676329  1.00000000000000000
 -0.00283685689577093  0.01000335388333818  0.02129206802451520  0.03333806253133901
  0.04501187319993293  0.05606617664290720  0.06629920526347330  0.07633680310642221
  0.08648072477280883  0.09663853519145672  0.10654180124449239  0.11653371075846643
  0.12679094373214031  0.13682777719089315  0.14668231721645369  0.15622514815694402
  0.16614708175429738  0.17665721214899874  0.18812414781877451  0.20082762918959440
  0.21314574675579498  0.22427286612455424  0.23426700194608333  0.24374592302944351
  0.25328889845358676  0.26260232890147661  0.27201361557519493  0.28156068632644754
  0.29134906845821618  0.30143206898809244  0.31178945630666671  0.32257415226996189
  0.33343143012084703  0.34355805600998640  0.35320343920831165  0.36277730923223023
  0.37205690600767760  0.38132841689788166  0.39045141425414737  0.40154481583921320
  0.41389361647086015  0.42600708759710426  0.43784799830652166  0.44998666485129413
  0.46069467092607741  0.47051822222012807  0.48038280931247740  0.49036380110068073
  0.50030617051878479  0.50989012729828731  0.51927773856177706  0.52877475205373481
  0.53804551204368034  0.54754457728056571  0.55715497880333531  0.56717539373085368
  0.57749644941534917  0.58757169453781077  0.59801433293644768  0.60858419383771289
  0.61878861133870500  0.62908049220600126  0.63927313734933999  0.64957769656966324
  0.66066824233515709  0.67180170430502639  0.68351947587612216  0.69525388101302843
  0.70676963797042525  0.71749419993774755  0.72817115399246934  0.73885011528346412
  0.74916790371136444  0.75918235328785211  0.76928532819786200  0.77988371725015271
  0.79105840464417421  0.80220723978395703  0.81311100203638098  0.82354738803933236
  0.83418441589457848  0.84582325498861810  0.85772992432102590  0.86994378292004160
  0.88134947233830951  0.89296642468397947  0.90409662021443948  0.91499129084340414
  0.92543113094883189  0.93570314624997075  0.94670189226739832  0.95817879472933498
  0.96920162935678411  0.98002998142092956  0.99004435554790537  1.00000000000000000
  0.20262000507869016  0.42569589949932063  0.52552969647947667  0.58342548636769553
  0.61782991994865788  0.63471644984601150  0.64414677901613482  0.65040199278381483
  0.65512005062215628  0.65957532242010819  0.66375488494716606  0.66777541763271497
  0.67126443793046209  0.67481970258167623  0.67837685748283572  0.68181425989546274
  0.68513760652682154  0.68833421842360309  0.69141419878054089  0.69460256235634887
  0.69781148336069676  0.70090965948508255  0.70387246394279257  0.70678336339995529
  0.70977762141511191  0.71288652632888982  0.71595330357009446  0.71891000046062870
  0.72182954065665139  0.72472969949143928  0.72765271113759000  0.73092088823335932
  0.73424752818016659  0.73752013690158591  0.74074672949567510  0.74388727170016145
  0.74692366990643611  0.74989902699849320  0.75288759337715738  0.75592476498305627
  0.75898196315925526  0.76213826706813237  0.76541604100950822  0.76866800928988588
  0.77188131759432232  0.77511279674628664  0.77839599849248475  0.78170651964653626
  0.78500441625537787  0.78830721829817441  0.79165151858919958  0.79501977455625239
  0.79851800832947462  0.80201230144838720  0.80545852529175177  0.80886089678419715
  0.81219685729617752  0.81547356718074859  0.81873238513412561  0.82198841551745194
  0.82535834306939027  0.82867738779075184  0.83222332199788784  0.83586154337718965
  0.83958491804600965  0.84328084621218946  0.84692105023009667  0.85065539784789768
  0.85425706591313866  0.85764443025515591  0.86108805550073464  0.86456846847417179
  0.86815039354803092  0.87188887015374517  0.87573102563493443  0.87962864905844973
  0.88345082286580501  0.88713388400767590  0.89091506789086006  0.89479460055627358
  0.89894180335258334  0.90318984612675901  0.90759701593858644  0.91207871692212183
  0.91671238047675585  0.92178532989584383  0.92705012643887819  0.93237557724418529
  0.93808036411716178  0.94406004742765881  0.95031351749123005  0.95672370766493986
  0.96392386216289649  0.97211938453589253  0.98273382274409893  1.00000000000000000
 -0.01302172067899414  0.13714904904221548  0.18699183520360013  0.21612692366616876
  0.23743721540622711  0.25556448057795877  0.27199782770636532  0.28771010185456358
  0.30300917450652398  0.31682045680172211  0.32934864730282892  0.34133948663977837
  0.35264426492749784  0.36397469852325182  0.37507773738562555  0.38533846613097150
  0.39514892876459717  0.40426566880046727  0.41275357240500821  0.42067736142838652
  0.42826530996226081  0.43581435657607287  0.44334871113435637  0.45085993246328587
  0.45833383001006733  0.46564037214548121  0.47272115231057693  0.47982555767480300
  0.48712400618686436  0.49452111056264364  0.50184381397106859  0.50913396304240677
  0.51641905386911369  0.52356930933850998  0.53091733638267680  0.53774130614362126
  0.54460585976269948  0.55130962457225940  0.55826038844385972  0.56500519941433269
  0.57147902530602668  0.57762796812817319  0.58356395413385764  0.58928393543827606
  0.59494194034611658  0.60081275936223699  0.60646516207347756  0.61140000704865116
  0.61645533453408674  0.62140328138380774  0.62641260705877422  0.63153718757285415
  0.63682792785370690  0.64206772997733430  0.64714112579245531  0.65195915463100151
  0.65658086229736001  0.66114436207872751  0.66585429786832862  0.67142461424350552
  0.67761622491772500  0.68374921575402958  0.68948157101822805  0.69496893016885719
  0.70043909027840356  0.70603931156936017  0.71182129696258467  0.71761213875163721
  0.72336859328818293  0.72883228169811287  0.73435083534008816  0.73970211526266760
  0.74518162189129566  0.75073739448101529  0.75632556977683740  0.76206989955513094
  0.76785035728657280  0.77371005198069032  0.77990636254399892  0.78645591241450774
  0.79302746890633846  0.79973940268245736  0.80592442694286537  0.81178049391669327
  0.81754147792603549  0.82321046740662041  0.82919773434144373  0.83581996229733746
  0.84318405335758551  0.85194781428890953  0.86228963933771796  0.87425522815978041
  0.88851823552278963  0.90459590561442449  0.92743429696021884  1.00000000000000000
   2.2297402158036841E-012  -1.0000000000000000     
 F F F F F F F F F F F F F F F F F F F F F F F F F F F F F F F F F F F F F F F F F F F F F F F F F F F F F F F F F F F F F F F F F F F F F F F F F F F F F F F F F F F F F F F F F F F F F F F F F F F F F F F F F F F F F F F F F F F F F F F F F F F F F F F F
  <DiscreteSampler_grid>
  grouped_processes
  1 # 1 for a reference and 2 for a running grid.
  10 # Attribute 'min_bin_probing_points' of the grid.
  1 # Attribute 'grid_mode' of the grid. 1=='default',2=='initialization'
  0.0000000000000000 # Attribute 'small_contrib_threshold' of the grid.
  0.5000000000000000 # Attribute 'damping_power' of the grid.
 # binID   n_entries weight   weight_sqr   abs_weight
    13   10   1.181121199167973E-001   1.021171029537695E-001   1.181121199167973E-001
    14   10   1.181121199167974E-001   1.021171029537696E-001   1.181121199167974E-001
    16   10   1.544360283597057E-001   1.738192941892481E-001   1.544360283597057E-001
    17   10   1.544360283597058E-001   1.738192941892484E-001   1.544360283597058E-001
  </DiscreteSampler_grid>
