  0.00000010830570926  0.00000019211073195  0.00000029180069525  0.00000263544940356
  0.00001225043199968  0.00002454723543743  0.00003269093790022  0.00003658625364508
  0.00003898867161571  0.00004065572051635  0.00004206203884749  0.00004305730274546
  0.00004377917838993  0.00004431017296118  0.00004479170659074  0.00004519230844261
  0.00004553432686206  0.00004583221734750  0.00004611668228371  0.00004639298942008
  0.00004665067987473  0.00004687426349882  0.00004706026743899  0.00004722481773605
  0.00004737478837618  0.00004750234249235  0.00004760840163926  0.00004770392579713
  0.00004779475773050  0.00004788078435822  0.00004796643586284  0.00004805542635827
  0.00004814266974164  0.00004822811446508  0.00004830569503542  0.00004838146998026
  0.00004845257611645  0.00004851781574358  0.00004857768247509  0.00004863202698735
  0.00004868544783992  0.00004874120650835  0.00004879640322958  0.00004885007456709
  0.00004890090311118  0.00004895336661774  0.00004901419782329  0.00004908605011950
  0.00004912575229774  0.00004917343248053  0.00004922855536592  0.00004928173281017
  0.00004933829062216  0.00004939441738498  0.00004945025393336  0.00004950812585964
  0.00004956685728307  0.00004962444424090  0.00004968061854549  0.00004973739082134
  0.00004979450588374  0.00004985120567165  0.00004991309104131  0.00004997822322274
  0.00005004379440862  0.00005011613244951  0.00005019315015505  0.00005027430666298
  0.00005036097114808  0.00005045540301407  0.00005055817427889  0.00005066346123016
  0.00005076637758481  0.00005087887659765  0.00005101350307275  0.00005114793932412
  0.00005128826882046  0.00005144636031285  0.00005166255907939  0.00005192023376218
  0.00005218368621429  0.00005242897849819  0.00005270813226886  0.00005303472267891
  0.00005341587763539  0.00005402195051803  0.00005492869905828  0.00005613061340607
  0.00005775077811208  0.00005970575667566  0.00006232423134742  0.00006812125629484
  0.00008540413249554  0.00015194369691812  0.04751568689326424  1.00000000000000000
  0.00007102126899558  0.00007429438735652  0.00007769989132016  0.00008177170626019
  0.00008646863326562  0.00009051889879987  0.00009228512469616  0.00009247298106757
  0.00009252688443533  0.00009254891688214  0.00009255980685684  0.00009256721515934
  0.00009257283789880  0.00009257602809869  0.00009257827884203  0.00009258023562175
  0.00009258199747947  0.00009258331914319  0.00009258458792669  0.00009258552607264
  0.00009258646421860  0.00009258732712253  0.00009258814318579  0.00009258895924905
  0.00009258979128797  0.00009259062800911  0.00009259146485046  0.00009259251630803
  0.00009259356776560  0.00009259488163260  0.00009259630273391  0.00009259805139430
  0.00009260023034712  0.00009260323619042  0.00009260744632076  0.00009261317283011
  0.00009262219383185  0.00009263429210960  0.00009265526764612  0.00009271717213778
  0.00009292366540122  0.00009441460546490  0.00009891663290675  0.00010714346986858
  0.00011757351827665  0.00013050686000264  0.00014681146966865  0.00016717958675598
  0.00018968398421335  0.00021574948314923  0.00024764822026436  0.00028654969945037
  0.00033141461306158  0.00037416295485998  0.00041709979376231  0.00046300905975024
  0.00051472415144355  0.00056752055205908  0.00061960491012537  0.00067934704059549
  0.00075191313400622  0.00082586273583547  0.00089953416323528  0.00097398643047072
  0.00105662250822267  0.00114637571183490  0.00123870015577341  0.00133437550129619
  0.00143646754085349  0.00153004233409746  0.00162482554942757  0.00172432600941363
  0.00182797562713854  0.00192886778897334  0.00204067704223319  0.00215350682804674
  0.00228197011358967  0.00243235683740706  0.00259245242460658  0.00276066177661202
  0.00294013878333338  0.00311774473301345  0.00330598463056937  0.00352432417533848
  0.00374210484709709  0.00397198613838754  0.00423355139854670  0.00454326350048370
  0.00498113017282084  0.00570511683634631  0.00657432257608013  0.00753352751483757
  0.01204291506590183  0.03077611433301049  0.09346023182163418  1.00000000000000000
  0.00000031052514018  0.00000316315202641  0.00000536661646332  0.00000815540380216
  0.00001103580448351  0.00001384237721515  0.00001631898327523  0.00001906370287954
  0.00002211737009745  0.00002506043254511  0.00002781368638483  0.00003031123896184
  0.00003276088957406  0.00003524044514446  0.00003734983248507  0.00003937993637776
  0.00004132218763641  0.00004363326793613  0.00004619354498003  0.00004851692457696
  0.00005082905174910  0.00005319851337397  0.00005574534477616  0.00005836389550839
  0.00006103658787840  0.00006382849559981  0.00006644306046585  0.00006894870308991
  0.00007170776167248  0.00007460204042077  0.00007769378936788  0.00008109613257060
  0.00008494513424247  0.00008899183829542  0.00009275050671832  0.00009659560607805
  0.00010026623882810  0.00010389532477477  0.00010780039655503  0.00011212366449720
  0.00011729753873253  0.00012323105965316  0.00012885208262973  0.00013390764841551
  0.00013863270212149  0.00014422097277127  0.00015130483225830  0.00015929298872424
  0.00016795498376519  0.00017688903471796  0.00018641297555733  0.00019524353653297
  0.00020255631459431  0.00020928044628030  0.00021691348620324  0.00022786335087995
  0.00024228066317271  0.00025890085751312  0.00027661449492919  0.00029275462163782
  0.00030674552882710  0.00032024417623007  0.00033366486284078  0.00034722039381513
  0.00036100361595069  0.00037540902274133  0.00039418166754205  0.00041724044430658
  0.00044192653389570  0.00046882462802736  0.00049918653447978  0.00053234209481002
  0.00056286697454126  0.00059011566770436  0.00061592891714911  0.00064387714508113
  0.00067216606024502  0.00070342739214679  0.00074226625910823  0.00078294089335394
  0.00082006284701410  0.00085896674110696  0.00090344194407865  0.00095792315056178
  0.00102689749715454  0.00111348479998374  0.00121270919482189  0.00134038030770344
  0.00142260353316509  0.00148964480902011  0.00155668608487512  0.05627603415266261
  0.13217036970837184  0.20806470526408105  0.27966972157795966  1.00000000000000000
 -0.00229737491507118  0.00733233989447344  0.01794261043001838  0.02849539784364245
  0.03863340039483983  0.04805224211992426  0.05679862690816610  0.06677798548480851
  0.07768414815557152  0.08756464177982430  0.09653684337441167  0.10589850093578720
  0.11477969046402310  0.12513438679041586  0.13631311193870060  0.14781607327596608
  0.15831875397408027  0.16869170423323135  0.17987605139299132  0.19071158453512582
  0.20102043713316534  0.21311938069496694  0.22385996338850089  0.23502255769839209
  0.24783777111866964  0.26302752171391569  0.27697068576806283  0.28977217520208282
  0.30305503676225432  0.31736844447548934  0.33188814574758824  0.34501153669205009
  0.35706831152031387  0.36901046620402800  0.38110144185234007  0.39355873875967157
  0.40533500207297607  0.41724362784312435  0.42945510398764719  0.44186730402024837
  0.45487062610537315  0.46716358827244425  0.47820562853315662  0.48799437010101832
  0.49811644698158891  0.50964792161984251  0.52036470020587478  0.53103805924005065
  0.54326839841157537  0.55723161166501700  0.57181907911124630  0.58512063633331957
  0.59836354256147717  0.61186910781218473  0.62398881242895243  0.63218234414754815
  0.63929870666112132  0.64833329674637552  0.65958477365295443  0.67046094960087432
  0.68099097107641315  0.69155010392654981  0.70244387500243344  0.71349073369445049
  0.72466383236260257  0.73683902519292332  0.74938335324912897  0.76135015172107123
  0.77315451753079645  0.78459516431913789  0.79500971879986126  0.80390475016492813
  0.81172344379764005  0.81939836372627461  0.82685786479562673  0.83500866456665368
  0.84375882355331322  0.85222195829048042  0.86019462922435930  0.86819274644986866
  0.87670526969793439  0.88402062540126347  0.88985226185239730  0.89585572163409777
  0.90176632030514892  0.90803746205509583  0.91509635873503137  0.92370735609035282
  0.93349618545648105  0.94282628916066291  0.95207694050444625  0.96134309966764653
  0.97065206501723589  0.98014917322381456  0.98992149627254855  1.00000000000000000
 -0.00216342528059061  0.00849376590591082  0.01859864977743838  0.02990385055380939
  0.04010990735472645  0.05060867645579951  0.05995869945914341  0.07109856105266077
  0.08378326078968240  0.09810250243153490  0.11212976466142323  0.12550162032573700
  0.13788153017736529  0.14912729258370674  0.15991048812003433  0.17092012238170828
  0.18176021043514226  0.19281710928922355  0.20477929170491727  0.21672781261418064
  0.22719780401955880  0.23784107176512281  0.24906151917344496  0.25948899916154228
  0.27134846092256637  0.28212805968298782  0.29296986603113595  0.30440163918363589
  0.31597773687014385  0.32867688615892837  0.34032638797618203  0.35020149036337317
  0.35955722230440013  0.37019597830920420  0.38004026918081912  0.38886947567771868
  0.39672675678147173  0.40682837252793574  0.41710766944319189  0.42526822454428176
  0.43352472325743985  0.44191086115784745  0.45064829677677770  0.45907696744294824
  0.46838426271636024  0.47875372807242622  0.49071581001131770  0.50295461318695112
  0.51498179822132895  0.52729049080122559  0.53978345395833971  0.55196627704760626
  0.56331720545317931  0.57262982676730900  0.58033094804999041  0.58783163802223115
  0.59437641974732691  0.60333136031511059  0.61436841183827551  0.62528518037603997
  0.63503319538223202  0.64496117286423116  0.65600713768434304  0.66761488039634653
  0.67844007601946954  0.68886824625726284  0.69855793250082288  0.70496108250548339
  0.71164900866888547  0.71877415964582547  0.72554716503943606  0.73448577314553254
  0.74662230818308273  0.75871431315752147  0.77009965317477624  0.78181176094570859
  0.79357503950340502  0.80509283737075432  0.81598185393118094  0.82803512344954011
  0.84036836361655709  0.85263254737762284  0.86456178918282556  0.87553379314672442
  0.88580396829956698  0.89641180189814584  0.90554594097021412  0.91386298029679558
  0.92305482140381767  0.93228211499091629  0.94174854256712937  0.95185424622508208
  0.96313094611717820  0.97504304055409652  0.98614602669325535  1.00000000000000000
 -0.00167471915703921  0.00685661089317317  0.01608593080237230  0.02561927788212429
  0.03581165342299802  0.04528933325139726  0.05364045152412945  0.06125404805330152
  0.07008758696166617  0.07844075106578924  0.08680790870775587  0.09570737770286752
  0.10464810393615977  0.11346986722355960  0.12247791890791319  0.13203305756178285
  0.14137523233075380  0.14961983709051407  0.15748289419010927  0.16607027786565237
  0.17524982665364575  0.18352488980674136  0.19115877070265469  0.20004868702201964
  0.20996177522334866  0.22052553295016861  0.23172295792252184  0.24298829298831501
  0.25340269071133559  0.26244747268196306  0.27085961159200839  0.27915461271193287
  0.28701375524471018  0.29496465834016672  0.30437634421981363  0.31487993226640987
  0.32622193196010962  0.33813678052736346  0.34970634097087094  0.36093337686115823
  0.37157839008882781  0.38103231600565735  0.39072612610095098  0.40045530243303851
  0.41002948767870367  0.42096252860062444  0.43194145255197514  0.44274321279808448
  0.45389887891335229  0.46432226351279882  0.47232821911203027  0.47985011265934702
  0.48791285816180946  0.49615529980204587  0.50402790909007156  0.51634236498758657
  0.52849081779283236  0.53883654168055939  0.54919772007789280  0.56052877689741876
  0.57231413818577215  0.58440871848672293  0.59721348302229316  0.60923725048740507
  0.62146525926647811  0.63387400991516418  0.64601229157972329  0.65727838278616324
  0.66821634200982594  0.67987177632801044  0.69258264792970381  0.70618043018755039
  0.71927824873157831  0.73168042274792344  0.74443794122156592  0.75796334860619274
  0.77215638738031267  0.78717242574339419  0.80206766335470914  0.81665334729427697
  0.82681322656405953  0.83605936364097166  0.84692328153218033  0.85955867614779446
  0.87295082259750822  0.88456081317936208  0.89649501553178879  0.90757883712250520
  0.91914298531172800  0.92996994400548760  0.93983324018258185  0.95061575290158196
  0.96242334629045978  0.97413830827614378  0.98606603536274462  1.00000000000000000
 -0.00301963009072922  0.01078506785492983  0.02257214044592247  0.03291750377733773
  0.04319793292654583  0.05391488206882186  0.06487411556078779  0.07552483739621510
  0.08512511131396275  0.09386472849718357  0.10241510872069394  0.11215763557646619
  0.12354256247888787  0.13499471011358394  0.14466193639490307  0.15379916508655561
  0.16205398519810055  0.17148972920688860  0.18200441339301221  0.19479012750395322
  0.20751082987921912  0.21931420531022969  0.23015093333672990  0.23848244090066326
  0.24577922824988926  0.25386558228757228  0.26282951986341763  0.27098082848651117
  0.27753103634912962  0.28690634249929997  0.29880525067491953  0.31092902143908135
  0.32267881576814167  0.33391916645809988  0.34450345854585668  0.35443226640043057
  0.36449358464350434  0.37548286142104603  0.38722196774349427  0.39917032033744049
  0.41071560782936883  0.42136467519700999  0.43177126941574490  0.44300195713034068
  0.45408293119823545  0.46337143956749066  0.47217812261766462  0.48206979585829418
  0.49182093784761366  0.50086122444185999  0.50984931446529635  0.52004814296193858
  0.53051602110397855  0.54004695244831913  0.55094770712360464  0.56490618978556040
  0.57950558511012407  0.59281396164092870  0.60504446248462418  0.61677359775228946
  0.62828569935755285  0.63929809810245641  0.65032046266112575  0.66036637273818244
  0.66977834750851339  0.68115185816561452  0.69301168197263441  0.70558194801990437
  0.71788982972629467  0.72889375725027461  0.74021589757074047  0.75049929283557981
  0.76002030894846606  0.76961959525679835  0.77923799746728373  0.78907062170044651
  0.79872446672669162  0.80841767472989878  0.81812236367608460  0.82767044263263323
  0.83723355295492585  0.84886333449069828  0.85998031258979646  0.87261466901199225
  0.88640492876087829  0.90032736450802553  0.91360558810276959  0.92604917435233447
  0.93861737566512515  0.94937377591158478  0.95724648068887408  0.96549218802224990
  0.97344562954334901  0.98070820971439610  0.99014027363456936  1.00000000000000000
 -0.00146230529592085  0.00681803267430620  0.01580658521624791  0.02618779653243414
  0.03676894263874947  0.04716043607902965  0.05917954100058894  0.07243975239258268
  0.08484926167011916  0.09407770015481395  0.10304536568180866  0.11190421280424823
  0.12187553236612648  0.13359788067320991  0.14575659327446469  0.15666907064353799
  0.16598872717180960  0.17511770638752788  0.18392427782560145  0.19378906260191414
  0.20559223710138608  0.21795168293871628  0.22947566413000237  0.24099128460076524
  0.25123031006602270  0.26165722758489784  0.27271357386429734  0.28429156296334729
  0.29693215690590952  0.30879787542027026  0.31741295624654842  0.32553876446023611
  0.33297556063384709  0.34075251844713922  0.35030736321875794  0.36408544459428749
  0.37748726590291942  0.38905196563076355  0.39869869573524108  0.40957654817219247
  0.42064594419741819  0.43130717841314298  0.44260544007306851  0.45515712748795173
  0.46751346790050391  0.48028487279600746  0.49290058462586550  0.50519009540815096
  0.51730047703124882  0.52943424779889436  0.54154635968705955  0.55339130260580660
  0.56561624654116327  0.57704524513856215  0.58700594294674568  0.59751931844959161
  0.60805732346273500  0.61913848479425981  0.62952961822798870  0.63825055300569533
  0.64641935754763502  0.65552866436957635  0.66545528834501821  0.67468595010818244
  0.68317297682016531  0.69327030267165546  0.70515340642018975  0.71630562434430589
  0.72553747997041684  0.73357527836124592  0.74255297209605631  0.75155590089113555
  0.75994432902038100  0.76939581887950581  0.77979383501183297  0.79064043899747605
  0.80068947675878410  0.81038542664822466  0.82125221314754604  0.83301201842920514
  0.84535820724953226  0.85705836965167381  0.86757557110512995  0.87789509598149307
  0.88855345681360920  0.89959658526789654  0.91100264360306216  0.92264358353045817
  0.93374726270586828  0.94259488365314303  0.94964989620074436  0.95624657817731795
  0.96535657565136879  0.97481722218433442  0.98657382709931163  1.00000000000000000
  0.06865435440385534  0.18800416403772152  0.24142219902736442  0.29082412065900920
  0.33734905311660657  0.38579648088761248  0.43460888311241691  0.48406190927076143
  0.53682545521499492  0.58991027399907581  0.62729527842375832  0.64368786109903264
  0.65235361334342001  0.65879522331783902  0.66409924174269541  0.66850981040178081
  0.67190505780662579  0.67508904568881667  0.67867327465250371  0.68299818882507912
  0.68731601872760195  0.69105296364692992  0.69451520331416261  0.69802167376402924
  0.70157683737978338  0.70479827374604764  0.70800564786886810  0.71153100054581742
  0.71534346868327714  0.71916315352062410  0.72248636686669976  0.72560545207161797
  0.72884826842660477  0.73215801376526246  0.73540421105682152  0.73880788046236179
  0.74244975599586815  0.74600162635819056  0.74924062047806728  0.75222023630383883
  0.75542528026565647  0.75897888345475806  0.76258358745984900  0.76606447047059623
  0.76928358916748196  0.77193765681369897  0.77457083041717434  0.77719724757797604
  0.77996613544153237  0.78332713504221207  0.78717068296066128  0.79120016245236213
  0.79526630369700646  0.79920489389006688  0.80287244789633827  0.80613888851086191
  0.80941041024450211  0.81296860800885862  0.81639565447224183  0.82005307315894094
  0.82340622502217375  0.82653203832824074  0.82984629541349886  0.83309306781660364
  0.83619305753980600  0.83923392973114430  0.84229359527670866  0.84549234760252601
  0.84860607302379198  0.85167019434745950  0.85470639134142778  0.85763694165063675
  0.86055084851900021  0.86369661034626066  0.86696561620070967  0.87044535039906512
  0.87416909658149289  0.87717106151567292  0.88012067136030403  0.88414978985126558
  0.88848190346933775  0.89271850323372159  0.89792479975400930  0.90345498531397284
  0.90918537771782881  0.91497287927531268  0.92045910235968376  0.92561633260794907
  0.93085898216843654  0.93646186161414913  0.94270426570524668  0.94979740882283037
  0.95789929685750574  0.96744953900761421  0.98117730130251191  1.00000000000000000
 -0.04130145142352959  0.16450519966131705  0.21747832192633931  0.24445506507247694
  0.26233828773234363  0.27961686136626501  0.29593247385773397  0.31083529891410194
  0.32369624564910515  0.33576829200672448  0.34713134877680618  0.35772351918317447
  0.36787302557895513  0.37833111909375461  0.38898123798618917  0.39919898161352402
  0.40956848708756799  0.41919103682725423  0.42731807678386552  0.43524690142730688
  0.44303354720125465  0.45126040088311875  0.46061555687568612  0.46952861414491387
  0.47814265980765946  0.48651607358966414  0.49429896518196087  0.50143364106585320
  0.50826091318629707  0.51455148563449493  0.52063677449020174  0.52665109726507364
  0.53300751328824081  0.53966908183857010  0.54644229678662948  0.55362573328800557
  0.55855926564913139  0.56322105475423601  0.56743949557558504  0.57154993709548951
  0.57551532880464362  0.57989431330026198  0.58429948060232995  0.58931548171971115
  0.59446005925050127  0.59968625575015744  0.60521302582734249  0.61077804366778654
  0.61627654930081111  0.62166844777875485  0.62661661755220466  0.63097361685411613
  0.63520624522846036  0.63959433884702732  0.64373065563676346  0.64767456013631219
  0.65178849205107037  0.65591233232644242  0.65983666215895753  0.66413579773996845
  0.66864042446342609  0.67277862439581604  0.67648552176308507  0.68008637388733650
  0.68396120444661279  0.68802384514811532  0.69234135612858394  0.69705656835141905
  0.70228779633147287  0.70675178105196712  0.71084014434684550  0.71489006432955426
  0.71884577315860898  0.72276712775993479  0.72654255698086256  0.73008177299006405
  0.73374138694449409  0.73727413552983645  0.74012855774233455  0.74250259980703870
  0.74660552617203457  0.75058180194856827  0.75367917598710055  0.75795741369803504
  0.76288479692547417  0.76814004777698097  0.77341867340784454  0.77888209589763790
  0.78514180677912027  0.79258628341450876  0.80205906877107580  0.81383566212113434
  0.82538554789830809  0.84020578638401100  0.88215395703048038  1.00000000000000000
   1.3595339321220561E-010  -1.0000000000000000     
 F F F F F F F F F F F F F F F F F F F F F F F F F F F F F F F F F F F F F F F F F F F F F F F F F F F F F F F F F F F F F F F F F F F F F F F F F F F F F F F F F F F F F F F F F F F F F F F F F F F F F F F F F F F F F F F F F F F F F F F F F F F F F F F F
  <DiscreteSampler_grid>
  grouped_processes
  1 # 1 for a reference and 2 for a running grid.
  10 # Attribute 'min_bin_probing_points' of the grid.
  1 # Attribute 'grid_mode' of the grid. 1=='default',2=='initialization'
  0.0000000000000000 # Attribute 'small_contrib_threshold' of the grid.
  0.5000000000000000 # Attribute 'damping_power' of the grid.
 # binID   n_entries weight   weight_sqr   abs_weight
    13   10   2.710938111071013E-001   6.738788194268859E-001   2.710946442302163E-001
    14   10   2.710938111071011E-001   6.738788194268845E-001   2.710946442302161E-001
    16   10   3.018495578606280E-002   5.755677863782240E-003   3.018578369497710E-002
    17   10   3.018495578606277E-002   5.755677863782225E-003   3.018578369497706E-002
  </DiscreteSampler_grid>
