 -0.00115216661502520  0.00413611991260772  0.01135122614640421  0.01993909812158935
  0.02994743691787972  0.04160111216512565  0.05258590141020871  0.06129529710957786
  0.07089447881634957  0.07915205549500470  0.08648452850747644  0.09589898707466717
  0.10683043681850453  0.11752001663457978  0.12826813310210050  0.13859095055085266
  0.14856218582693553  0.16005574301520495  0.17215955698610919  0.18459645885990691
  0.19802898577661734  0.21181002097045157  0.22463724819044462  0.23638604221456591
  0.24653479295708949  0.25605367551268376  0.26629828942267258  0.27771280169786294
  0.29021367221344635  0.30295346374586762  0.31581174232947701  0.32909592372662000
  0.34213092442297466  0.35327028512483982  0.36242168709685174  0.37093339358939514
  0.37924888398294299  0.38669978531209903  0.39550606844365149  0.40714861110738904
  0.42059423707667892  0.43428430599934204  0.44700042819492491  0.45755265729390204
  0.46591823651949088  0.47447718235257119  0.48548324854140951  0.49586570828458193
  0.50571536231250991  0.51655193448130288  0.52800625505794274  0.53975629335592179
  0.55157643813846047  0.56315591507347651  0.57375098409521719  0.58350501588045600
  0.59344456465507978  0.60306677281947918  0.61229795800853237  0.62213208286505195
  0.63141957191064013  0.64162624810493829  0.65298218011573073  0.66487614069083312
  0.67673380303441966  0.68698384222975228  0.69642534257185729  0.70613765205330903
  0.71668145611941114  0.72751679936344338  0.73787394492364489  0.74830008163221029
  0.75877115423067376  0.76913227211719104  0.77977397540517912  0.78945898773437062
  0.80040763403513759  0.81242749773776224  0.82461646611730455  0.83653492250197481
  0.84847679936138143  0.86016265985146823  0.87124107208932444  0.88113188565659595
  0.88898689807506492  0.89557012894335897  0.90273194100241383  0.91222239157549312
  0.92323277762686917  0.93381349152870408  0.94468252553508014  0.95518163763195718
  0.96688336613454673  0.97846967892734904  0.98921920906820793  1.00000000000000000
  0.00007089253197081  0.00007469818125323  0.00007885028023363  0.00008271753351343
  0.00008689940055083  0.00009066880784224  0.00009227886815800  0.00009246267856428
  0.00009251566578328  0.00009254581401334  0.00009255774516372  0.00009256455542621
  0.00009256995866931  0.00009257402488903  0.00009257693787481  0.00009257933622348
  0.00009258098777498  0.00009258228190134  0.00009258341957332  0.00009258439404132
  0.00009258532075923  0.00009258605833947  0.00009258679591970  0.00009258742038704
  0.00009258804434629  0.00009258865672165  0.00009258925838936  0.00009258986005707
  0.00009259051890183  0.00009259118062632  0.00009259193799354  0.00009259276282724
  0.00009259369144887  0.00009259469115852  0.00009259583557658  0.00009259745937946
  0.00009259956094590  0.00009260186320046  0.00009260551475410  0.00009261009802365
  0.00009261579191547  0.00009262636537570  0.00009264678901969  0.00009269619936775
  0.00009288254197495  0.00009382152535265  0.00009890074370589  0.00010598339371774
  0.00011508159863167  0.00012748781245003  0.00014056559653610  0.00015445674504906
  0.00017033035352819  0.00019012411464147  0.00021313911092157  0.00023857768485082
  0.00026602430786013  0.00029397476365760  0.00032215099956058  0.00035355157001456
  0.00038856020910913  0.00042947620071188  0.00047287778548572  0.00052062672051800
  0.00057208983597095  0.00062526689300511  0.00068729801723840  0.00075503667532115
  0.00082833907824385  0.00091151625666571  0.00100578249169832  0.00109792964990114
  0.00120528551706375  0.00133478953662391  0.00146669181646174  0.00161079616532470
  0.00178610505165449  0.00197515790069473  0.00215536865063485  0.00233846464999796
  0.00254805298975804  0.00273385548870264  0.00294519477950806  0.00321991041756965
  0.00356258725980469  0.00393100418031499  0.00426916097991386  0.00462242244646015
  0.00502752904158069  0.00555095086842345  0.00616509840932798  0.00709789820662594
  0.00938307080165674  0.01371967213936297  0.04191256501894426  1.00000000000000000
  0.00000002024740856  0.00000367211194939  0.00000542515418931  0.00000737730311351
  0.00000902152382660  0.00001086666526306  0.00001325451675655  0.00001610445265780
  0.00001890662410408  0.00002130915077073  0.00002308374281239  0.00002492936177239
  0.00002686065686784  0.00002889984563925  0.00003178657864709  0.00003488145173302
  0.00003767432045116  0.00004022091897794  0.00004269430780814  0.00004512478509903
  0.00004754912731051  0.00004988775142639  0.00005205031877164  0.00005417431459024
  0.00005626350121797  0.00005929789105975  0.00006234926109432  0.00006486477428315
  0.00006769525859768  0.00007047078302856  0.00007345747154537  0.00007709703083885
  0.00008134039286216  0.00008594298270157  0.00009076340028846  0.00009555886750191
  0.00009996249814145  0.00010415856628010  0.00010872624122108  0.00011342465558248
  0.00011860218800096  0.00012442789567337  0.00013012511733578  0.00013580919711719
  0.00014184233356235  0.00014836175247649  0.00015591791084308  0.00016444352456075
  0.00017347209614112  0.00018277622203406  0.00019237810383671  0.00020262126870553
  0.00021393743048650  0.00022632880162661  0.00023971395049735  0.00025228405967061
  0.00026322965174785  0.00027614677769655  0.00029011538096762  0.00030433569150744
  0.00031927277132661  0.00033470708603977  0.00035093167916084  0.00037058219123699
  0.00039103080121479  0.00041210733452111  0.00043627526266813  0.00046444615200020
  0.00049597571434627  0.00052928632346822  0.00056328799970140  0.00059713254813206
  0.00062990422997740  0.00066106959105887  0.00069157980011318  0.00073264137339734
  0.00078438375750191  0.00084218005456713  0.00090616476657157  0.00097137968477093
  0.00103131566823349  0.00108344286830723  0.00112510755292117  0.00118337529473537
  0.00125170846587983  0.00132949522205016  0.00140785144360151  0.00148818698848477
  0.00159178755837051  0.00172997858315573  0.00188423179044879  0.00348924749337097
  0.00575528994787938  0.01165370826463600  0.02898806289655728  1.00000000000000000
 -0.00206444284997870  0.00666899463391390  0.01588273688780470  0.02521200979942011
  0.03489165062349562  0.04487332274284579  0.05519776288938236  0.06468704646229859
  0.07320427403395861  0.08193710162552609  0.09151206157163982  0.10097923674771364
  0.11248904191512100  0.12349616223362370  0.13390126218305584  0.14593865818207460
  0.15816470111339845  0.16869467566361238  0.17799817337025289  0.18659207207056128
  0.19651207488062827  0.20904751594505483  0.22135005023124704  0.23324807404923445
  0.24251964135841897  0.24981856505530686  0.25751799996602165  0.26675178457055188
  0.27636747868866934  0.28534539070757065  0.29748643882801823  0.31176494352076767
  0.32617375375944874  0.33987460113191692  0.35327019048258584  0.36681031445012680
  0.38080134146999361  0.39430553342931723  0.40754124589302426  0.42141844187033445
  0.43339124321564515  0.44686271709864456  0.46036197910621607  0.47203640407247310
  0.48451878503334589  0.49693544981939697  0.50967435013203122  0.52392910055724240
  0.53855382697366705  0.55338515997481397  0.56785630568604439  0.58083976712055763
  0.59052648431364152  0.59848799466683522  0.60632762544880781  0.61505618952182584
  0.62425688055570661  0.63464142547137592  0.64522967061438119  0.65649981552170256
  0.66833956182928977  0.68031503504127078  0.69226945680650209  0.70346081772052194
  0.71325129916448771  0.72248868480126316  0.73139784937967611  0.74016163173970140
  0.74884681835543576  0.75961100493311384  0.77186121512466699  0.78420817995532544
  0.79659326298469113  0.80874276503959064  0.81960089375901968  0.82888129303667524
  0.83765872687770782  0.84649641763375394  0.85518138739118232  0.86415099731070522
  0.87425579765940431  0.88588693635421234  0.89713506094637763  0.90811674662301445
  0.91836511450838132  0.92777817170526145  0.93574160946685903  0.94278345989504064
  0.95011637062561805  0.95757548445281460  0.96461437596953115  0.97128264028563682
  0.97827532348286605  0.98559103025811445  0.99277868210134013  1.00000000000000000
 -0.00171289360592972  0.00690322507358020  0.01773594574822022  0.02845820404186192
  0.03901292727424815  0.04970771094525280  0.06201085780197126  0.07374808112433266
  0.08490068233481658  0.09561396367410001  0.10657550283915782  0.11680036826714686
  0.12714741422411965  0.13748933525094145  0.14700887125974177  0.15772407073810810
  0.16965008456582470  0.17983412263263157  0.18937526266649418  0.19899608605605867
  0.20657812017545213  0.21600175340732866  0.22631174031262768  0.23709958078431298
  0.24872435936169288  0.26161611417865788  0.27522520804892742  0.28786758555337205
  0.30009997988061227  0.31177524092116948  0.32201398210102455  0.33098399198093614
  0.34021008931598046  0.34971741276763391  0.35904627458154753  0.36929855484948992
  0.38014964256807110  0.38955025045655822  0.39733597674112497  0.40669564283562526
  0.41622756250681409  0.42531252355678534  0.43479337241634036  0.44528606463236808
  0.45512869872215184  0.46362311917355742  0.47248047802298843  0.48180575477597865
  0.49106630217713648  0.50191072505504974  0.51457170802371444  0.52676607679047760
  0.53779995896143307  0.54740036488313815  0.55611981096295349  0.56472942503687462
  0.57274540012258635  0.58206972788018907  0.59332900637742880  0.60616817073462870
  0.61989352950131527  0.63350842554756603  0.64644005850103037  0.65851131080201797
  0.67025269538021970  0.68286876888841552  0.69415651918483001  0.70279838025356078
  0.71154458237687401  0.72017902712157644  0.72939493600654337  0.73853398571267570
  0.74738853747888190  0.75816532182062735  0.77030525194829225  0.78294081292854945
  0.79557474121187943  0.80647100156096529  0.81459254422747163  0.82215655480630456
  0.83155699030063757  0.84310243493117298  0.85575144314750817  0.86791728097447296
  0.87798826396317819  0.88618568943821951  0.89444397374956186  0.90360446921415560
  0.91337274552342274  0.92310722426097702  0.93373797439543260  0.94549068181779883
  0.95797328110094715  0.97132707360089643  0.98542117086573455  1.00000000000000000
 -0.00151993429152724  0.00659372035703757  0.01536136803728985  0.02466056303715938
  0.03552777462118169  0.04626031949711761  0.05688879208195183  0.06720923483101442
  0.07659498749866474  0.08512175814214742  0.09347990007621923  0.10078348404369952
  0.10838083967197973  0.11765647360652674  0.12844514151789790  0.14007468580290797
  0.15289061947267307  0.16214029576911060  0.17064463226301838  0.17863205872458862
  0.18618786621506472  0.19432055923965330  0.20444752612752806  0.21505561095119874
  0.22568766161717974  0.23660261403178057  0.24834072753905312  0.25975656776353773
  0.26990586610317469  0.27817892098972197  0.28709509986864218  0.29660625785839706
  0.30638203526632857  0.31496846126789030  0.32374039981899200  0.33302408954236828
  0.34355127845766747  0.35516517285436322  0.36708335969946676  0.37886255368911481
  0.39145099372227399  0.40387172651718001  0.41561464425377842  0.42585025384733893
  0.43507134035009098  0.44566544952945275  0.45712916372773610  0.46870627113863012
  0.47886089592870196  0.48867465521633219  0.49837678622827253  0.50821590706802500
  0.52158279587537171  0.53653558147263614  0.54973019983352556  0.56086533583896725
  0.57122447611690108  0.58173000209156345  0.59248666326355959  0.60340702666860158
  0.61319427414372596  0.62042442716569846  0.62714367129115633  0.63598198307964593
  0.64718072794741588  0.65762593467982955  0.66764817859311631  0.67940372702989582
  0.69066770408088873  0.70087310878888165  0.70970347465670325  0.71721302458756175
  0.72546667162897305  0.73221298501210863  0.73845573033421508  0.74829357655470152
  0.76147017395264838  0.77480382586517638  0.78761721060686329  0.80034021523804499
  0.81274275034517152  0.82403535576954112  0.83496997167380771  0.84620625886979017
  0.85738697873216851  0.86956134439222976  0.88278272108474864  0.89443868262530946
  0.90475641387133565  0.91637099957982082  0.92881763015455454  0.94187018513000931
  0.95576252293946595  0.97005508756079495  0.98481718210277369  1.00000000000000000
 -0.00335265920292570  0.00999600892410779  0.02353175703263485  0.03643712625325986
  0.04882584644198824  0.06047505893845408  0.07052663930376776  0.07906029652950891
  0.08715440962099388  0.09593660039940530  0.10581284464527053  0.11683874668007285
  0.12866857864866649  0.14060570820452323  0.15238174189503312  0.16403619845217815
  0.17597794906311939  0.18813551752574750  0.19989634143840415  0.21217047822277274
  0.22316602423231249  0.23415938670199588  0.24612826013698069  0.25826137471675847
  0.26906404874101464  0.28029760362879341  0.29093867321006800  0.30189227634699001
  0.31491183755873409  0.32834663203072878  0.34074368937066418  0.34988162772575387
  0.35770631207272130  0.36680311776597829  0.37714528066921743  0.38648208784694627
  0.39418071142868183  0.40393849506112023  0.41320171939485933  0.42225908565764098
  0.43210207609083406  0.44380545870412202  0.45681827318277285  0.47013009690860308
  0.48264486351548069  0.49384555817548897  0.50455355874745755  0.51425819874211154
  0.52347258892786852  0.53354746040940948  0.54512640925093625  0.55678109856469638
  0.56786404549826586  0.57841491047460725  0.58970262841668108  0.60167317042349344
  0.61479814907407049  0.62871245128392117  0.64176568584038851  0.65260367593556146
  0.66212903101760545  0.67166483468866045  0.68114533561478863  0.69040063909629978
  0.69918062760756239  0.70837575079291026  0.71758889812284854  0.72724652584874083
  0.73820082111360996  0.74943161991736129  0.75696551756259101  0.76372531373076014
  0.77089481716502439  0.77872022855323475  0.78723929318465546  0.79562041952008378
  0.80269652774512767  0.80896255572926024  0.81729031488493775  0.82663139450677203
  0.83616494437046285  0.84551280030690679  0.85467300321663753  0.86388341513919586
  0.87420873531913112  0.88509501114851363  0.89604269235816369  0.90747456538742644
  0.91978928264739956  0.93279336123564216  0.94664336938830418  0.96053173015001847
  0.97246660321349654  0.98259463285243631  0.99148504049720687  1.00000000000000000
 -0.00350010235311427  0.01204462592361468  0.02424350964236961  0.03359084255711224
  0.04254157262579294  0.05124558453838952  0.05992657353483554  0.07213306149345694
  0.08485932291603818  0.09763000598882485  0.10937337303873353  0.12037600721038703
  0.13150142415260380  0.14305254491138780  0.15475686493386542  0.16560001805247265
  0.17508940651261490  0.18377103316305363  0.19269842287779307  0.20205154560187549
  0.21276616345931049  0.22446175437962451  0.23627697734480285  0.24870026608721327
  0.26037652583299037  0.27161262615054665  0.28221531390564797  0.29349647522572697
  0.30661040357126740  0.32119271915000508  0.33598383252588493  0.34845360981419304
  0.35745609957558988  0.36661903060806644  0.37674603675691543  0.38585451207768096
  0.39477869218744482  0.40408619938383739  0.41453106473852647  0.42515926017885258
  0.43611449136868263  0.44871172738499571  0.45998319068177235  0.46989744259659810
  0.47968960525091414  0.48994463313383291  0.49970084679350923  0.50880349406536729
  0.51823805428221603  0.52838683403496056  0.53969983716216141  0.55192007634068319
  0.56351742420659501  0.57410692570971034  0.58353617294513671  0.59334604766831500
  0.60416038149360574  0.61402630093046007  0.62368745990019270  0.63447003592230833
  0.64610673648876460  0.65845059813767604  0.67010828341610917  0.67998502100023228
  0.68897809003388122  0.69838901399044495  0.70816640026682853  0.71804876792409000
  0.72811680910092691  0.73836499397109578  0.74869388715283058  0.75942123966146380
  0.76905531812480943  0.77777271056865072  0.78749023463197509  0.79906355287994324
  0.81039827134743803  0.82025756596412147  0.82931940187278197  0.83755514079106208
  0.84597716058527950  0.85528593717651724  0.86500244344750854  0.87394762375325885
  0.88258045048659162  0.89190948240228518  0.90158911629470484  0.91182490238208036
  0.92194372047061190  0.93212301129123043  0.94201420018325011  0.95261735272339865
  0.96436587303847088  0.97697119549111044  0.98857054842769720  1.00000000000000000
  0.13631353767990365  0.29772136049953146  0.42727468199711710  0.47483593124542151
  0.50797818922824289  0.53176237982423968  0.54528883090082270  0.56244456560691636
  0.59051809110324227  0.62767084763381975  0.64353251264167377  0.65135264671910831
  0.65750234845207878  0.66303266025613838  0.66794076457837370  0.67229095174727460
  0.67646423737583472  0.68055390339767841  0.68438423193892006  0.68756323417711640
  0.69037348171238289  0.69312237862044856  0.69654111932764584  0.70008727231991164
  0.70296156103494667  0.70559590391161908  0.70823109269766571  0.71106523339054872
  0.71378692033030566  0.71628418313075948  0.71905286785813882  0.72223523959559377
  0.72560022031055771  0.72875362363803331  0.73167838645899186  0.73427470018574026
  0.73679410986434390  0.73992298125775535  0.74328049638651850  0.74618506958488906
  0.74866708701640938  0.75177351793084568  0.75515029362656638  0.75870289661004631
  0.76227721719830421  0.76579741342185148  0.76908914648408433  0.77221303904435601
  0.77535529745639165  0.77817402061964192  0.78098723140189430  0.78401392619599775
  0.78696365731560280  0.78982299593967253  0.79277075619978521  0.79587439649574399
  0.79886819558141620  0.80186286824166642  0.80476304789802022  0.80779064570544556
  0.81092345440218427  0.81404970600557369  0.81716783480914745  0.82006320558737511
  0.82378917810098340  0.82758403448585061  0.83142529840746504  0.83540971131092612
  0.83943450162623567  0.84350045369277971  0.84776638448665120  0.85222306988551499
  0.85676050839284335  0.86129872068836510  0.86586671321088771  0.87042778639132368
  0.87499072732642624  0.87983726571784282  0.88485784739644835  0.88998523193793133
  0.89494360598950895  0.89955059524808523  0.90395148308948292  0.90867181783210527
  0.91402304266626289  0.92003088817852485  0.92657746116851558  0.93223993796760329
  0.93749402945124860  0.94297811585694591  0.94911406810015997  0.95542622716889880
  0.96190594274141850  0.96936210753755159  0.97938143694513669  1.00000000000000000
 -0.04056544841310322  0.16746804740544036  0.20955741138840459  0.23100347255143447
  0.25260264850181868  0.27509084123502497  0.29400983077941917  0.31017412147041745
  0.32366124367143989  0.33480537431454416  0.34618159863956999  0.35879134813126023
  0.37232972279954163  0.38412110941236383  0.39398072913085086  0.40315685890316555
  0.41153188301509408  0.42010106912504264  0.42857431170226568  0.43608856903059828
  0.44294432047558907  0.45044948284623293  0.45813644157546463  0.46542030284186198
  0.47305853265144282  0.48088166007796196  0.48826055761125486  0.49427668449114481
  0.50010901585481116  0.50565422218000322  0.51138661436361421  0.51728274457737311
  0.52255192286355123  0.52782244172715131  0.53314610043328270  0.53864190410215473
  0.54468024687874861  0.55101459559024435  0.55665829651731180  0.56133675715271580
  0.56623181804308109  0.57143317836493812  0.57655023279571083  0.58146563909287041
  0.58632973656466447  0.59102988109249077  0.59577892332013704  0.60050947076995187
  0.60486809903383421  0.60962679005270748  0.61467696302145125  0.61988550436125422
  0.62377240732744643  0.62765151880797898  0.63224943180429549  0.63795665751321728
  0.64348735642507204  0.64849679068754351  0.65341457543010073  0.65835958738418032
  0.66354826581406157  0.66916313913699998  0.67494433494061068  0.68023820537478008
  0.68459042155778005  0.68870115290341372  0.69212448528630244  0.69558456929095624
  0.69910898013009026  0.70288657958409240  0.70657739853431545  0.71028102900280421
  0.71430600666436794  0.71853250260071266  0.72283934028038754  0.72728972551580318
  0.73195136411488337  0.73677862842184538  0.74179297137153344  0.74756223979268210
  0.75162971084054242  0.75570077244140677  0.75986872893324620  0.76442835292072986
  0.76958200780854780  0.77518623618783156  0.78048925747774434  0.78555754529626565
  0.79096356339794116  0.79657126389638788  0.80234941815061700  0.80970192832110377
  0.81990801489464038  0.83426868467680793  0.91278559307404294  1.00000000000000000
   2.7659877179648952E-010  -1.0000000000000000     
 F F F F F F F F F F F F F F F F F F F F F F F F F F F F F F F F F F F F F F F F F F F F F F F F F F F F F F F F F F F F F F F F F F F F F F F F F F F F F F F F F F F F F F F F F F F F F F F F F F F F F F F F F F F F F F F F F F F F F F F F F F F F F F F F
  <DiscreteSampler_grid>
  grouped_processes
  1 # 1 for a reference and 2 for a running grid.
  10 # Attribute 'min_bin_probing_points' of the grid.
  1 # Attribute 'grid_mode' of the grid. 1=='default',2=='initialization'
  0.0000000000000000 # Attribute 'small_contrib_threshold' of the grid.
  0.5000000000000000 # Attribute 'damping_power' of the grid.
 # binID   n_entries weight   weight_sqr   abs_weight
    13   10   5.012135045548301E-002   6.488032207663451E-003   5.012135045548301E-002
    14   10   5.012135045548313E-002   6.488032207663487E-003   5.012135045548313E-002
    16   10   1.613425219931040E-001   8.243296629257384E-002   1.613425219931040E-001
    17   10   1.613425219931044E-001   8.243296629257436E-002   1.613425219931044E-001
  </DiscreteSampler_grid>
