 -0.00235172456188522  0.00943055826280244  0.01967018341226446  0.03001369439400692
  0.04044788589132330  0.05087868377833930  0.06136334745612186  0.07179091181560182
  0.08229678961497450  0.09288762737669005  0.10344118203257660  0.11387606372444566
  0.12430121851074109  0.13479450411369881  0.14522386382385874  0.15560992482557315
  0.16596487097615842  0.17641377935477648  0.18686510461568909  0.19735756850581593
  0.20786230589706320  0.21839671815346917  0.22893687059141662  0.23947111275681110
  0.24997681220315812  0.26054367734835604  0.27109573651465613  0.28173819416755447
  0.29243977857183157  0.30319856626631836  0.31393134207613471  0.32450933154779377
  0.33492284819377766  0.34534642856138625  0.35600095722626118  0.36691627296061052
  0.37779645550084517  0.38856926790400353  0.39929058952707341  0.41001941520426344
  0.42063710870730825  0.43127720393251273  0.44186648163788739  0.45239881102736612
  0.46272386366735463  0.47302800517346727  0.48339064945553784  0.49389583720979924
  0.50439633048595334  0.51477943285750194  0.52513472220413526  0.53551766730393036
  0.54603708035661780  0.55657310908975954  0.56720017867757000  0.57787511352370136
  0.58846590261121556  0.59889940613222603  0.60930515832421350  0.61979622323014294
  0.63031362173855576  0.64094980054509332  0.65152565172955046  0.66198966371868417
  0.67240873910912591  0.68297889215190988  0.69353470446853538  0.70416377279763676
  0.71469620498774900  0.72528118294739097  0.73577611865003156  0.74610684331855859
  0.75654663862934690  0.76697504348966483  0.77780430196136363  0.78864223302705982
  0.79949488857030782  0.81039318628484636  0.82121418158113557  0.83192958641164050
  0.84240564462267897  0.85295680153758502  0.86351515817058533  0.87406419286629711
  0.88464162090636222  0.89505712603567456  0.90541717017782841  0.91577051483084015
  0.92626677349489961  0.93656552249033287  0.94688037904781319  0.95706907177790757
  0.96755511540478301  0.97821819901586549  0.98910765122779121  1.00000000000000000
 -0.00309157133188629  0.01326583810888691  0.02538978982421954  0.03580929607309768
  0.04643266770809050  0.05673809287752879  0.06732192770570811  0.07811640592527042
  0.08883619624116079  0.09954201436114725  0.11022000778037809  0.12089981846407376
  0.13164358189127520  0.14225625215812687  0.15276642598378340  0.16325693947856545
  0.17373420402343198  0.18417195773836068  0.19464413943326309  0.20521131411541610
  0.21586771101264746  0.22653266775349187  0.23724913399769210  0.24796700399675015
  0.25850427007143512  0.26901086880294439  0.27933076876262830  0.28968515219589080
  0.29995581819911177  0.31020326482421856  0.32059859849202615  0.33099830331678948
  0.34159946452747392  0.35216444145600689  0.36275477240262977  0.37314779003117382
  0.38363871233149199  0.39404007429913546  0.40458460288521392  0.41504359526881496
  0.42564577882453269  0.43614602733875846  0.44644674543867763  0.45650435508791815
  0.46656924660607035  0.47669219394238305  0.48719745315114987  0.49785974980363606
  0.50849131450957996  0.51904548975115827  0.52938738214094450  0.53974183043999546
  0.55005195208152469  0.56056036017387034  0.57130961098297861  0.58206716021194826
  0.59278632610217807  0.60348752740517098  0.61405351627069105  0.62460965002230751
  0.63503631277310835  0.64541401624739292  0.65575525771863663  0.66613242513365889
  0.67662191244872938  0.68725950079192610  0.69771584834865075  0.70809104458200334
  0.71808273985998317  0.72820752057244331  0.73836984390462801  0.74861544800683411
  0.75878388107230188  0.76906929957898562  0.77949556671568709  0.78994073533336906
  0.80040731925284203  0.81078791836826325  0.82120053078299804  0.83160449061476616
  0.84204724977576029  0.85250187878980155  0.86273629062008783  0.87285530720730042
  0.88303401520535474  0.89321493518570294  0.90353484626978253  0.91401752134031256
  0.92482810293210815  0.93585566188239799  0.94668401691306681  0.95752106531185632
  0.96811645376748001  0.97881686730064166  0.98936906029284710  1.00000000000000000
 -0.00221742125672674  0.00885002608570178  0.01816190492281996  0.02754640029156632
  0.03691730272004003  0.04648337455841901  0.05619282723647361  0.06631494784546337
  0.07641967825837456  0.08653425759885983  0.09666721346208505  0.10696980288197815
  0.11757345252448843  0.12834303282318746  0.13912389914700499  0.14991449274976554
  0.16061379343791463  0.17142787867177714  0.18230941063324194  0.19350819784874967
  0.20478359327158605  0.21637769910690929  0.22801284810077022  0.23978481574396623
  0.25156847120423043  0.26356143484664885  0.27565579538736951  0.28773624556580224
  0.29982539129972891  0.31212018584936663  0.32448320210483161  0.33699091616152843
  0.34962587089506764  0.36216318433336858  0.37456916952894864  0.38693750008734729
  0.39923577507444602  0.41145833275186655  0.42376655626086718  0.43617158361281172
  0.44853871458149513  0.46090550367044975  0.47344592588522988  0.48598789631370071
  0.49846041063551438  0.51081723306321380  0.52292741181515590  0.53465234550701979
  0.54630677049427800  0.55796902296466155  0.56970676994531655  0.58143700881304083
  0.59312860221321362  0.60486923894834488  0.61661289336577285  0.62854422546241673
  0.64021821753852282  0.65178307443602601  0.66323691581499011  0.67447547242379413
  0.68559653403375687  0.69648397977512089  0.70729964237629361  0.71786278938851456
  0.72833331773255394  0.73838200438800516  0.74823344739512565  0.75795606603602406
  0.76761008625538785  0.77743045260324395  0.78718007646709720  0.79679848671571163
  0.80617208569478938  0.81550178323920874  0.82475526928621634  0.83387838627549882
  0.84279277757702120  0.85161295227437706  0.86038730357095450  0.86919520763545610
  0.87788774183549845  0.88671490480181903  0.89537401994170340  0.90389093767294459
  0.91230064693020407  0.92069130826919698  0.92913463768643978  0.93752828783267683
  0.94577584878123089  0.95387540913249558  0.96179307045897333  0.96951580398752268
  0.97710689290084574  0.98472003624820625  0.99223719005656230  1.00000000000000000
 -0.00251724771563232  0.00961133664329814  0.01988507677718260  0.03049810114509686
  0.04128121178992426  0.05203494253528590  0.06283292095150182  0.07336112860352866
  0.08368146262207826  0.09428239579840962  0.10498670982377209  0.11600506954192757
  0.12687074429600392  0.13788858874052515  0.14874880127564960  0.15926956123741753
  0.16971492550237130  0.18020716785195753  0.19069505198833431  0.20095772825595398
  0.21124841169319744  0.22156152529839143  0.23200587389303334  0.24232335937028499
  0.25263143895163970  0.26301651389255648  0.27332863112909239  0.28373515384592379
  0.29413778299270832  0.30458873381047885  0.31505664268057898  0.32548696654824227
  0.33604784255436937  0.34638017373369318  0.35667799970665176  0.36675159006429159
  0.37683759665328392  0.38712690659661086  0.39765109451384140  0.40823837620682657
  0.41920655344524183  0.43014722329447919  0.44106745528762026  0.45164814141864956
  0.46225083604379175  0.47260208211904214  0.48295037343299624  0.49328785484456744
  0.50361069364959499  0.51405910176176428  0.52467122748414963  0.53552369580797554
  0.54596756702672522  0.55618089748275945  0.56636248004057965  0.57674847456691225
  0.58731445296293605  0.59795502399395017  0.60878422720032688  0.61940523231882838
  0.62988946494030595  0.64022877645083842  0.65065749170900966  0.66118343931442602
  0.67169052109093441  0.68226664942560777  0.69298357708152547  0.70370210082115892
  0.71422156935972914  0.72458972318746839  0.73493237531326494  0.74554833925031394
  0.75623380265688234  0.76704946013949737  0.77796898970606676  0.78901472362722513
  0.79975183225429902  0.81034915485315540  0.82092988183675830  0.83173146177765411
  0.84230950028125329  0.85292854002553120  0.86336864239135291  0.87381095179974966
  0.88422410294224518  0.89468774878831880  0.90522222227831850  0.91565271456530695
  0.92611046111732975  0.93650704192524681  0.94725850534063660  0.95824047079310881
  0.96857416140218444  0.97905871990012794  0.98940163261171055  1.00000000000000000
 -0.00252522427322521  0.00993252032094309  0.02059822393203693  0.03126416474262214
  0.04192008080351067  0.05231287029920733  0.06289405559632859  0.07360485411046101
  0.08428096426558482  0.09498496976650934  0.10559105488750213  0.11625777608556045
  0.12681926609941765  0.13757193950532071  0.14822324609931273  0.15880748856380769
  0.16930932744433991  0.17990605008061819  0.19048943822453893  0.20092118399673292
  0.21141201915140306  0.22204011656300868  0.23277309323281703  0.24352190875793892
  0.25406010183124245  0.26443848931643993  0.27471618250797442  0.28518008137111306
  0.29571920751164110  0.30626767599109694  0.31681037019765862  0.32730900474211366
  0.33783954026535812  0.34814333888196469  0.35851675714817632  0.36875930018599795
  0.37930134192466242  0.39002321895773906  0.40074037089109699  0.41122738527574221
  0.42151164453513496  0.43197290373552527  0.44248609225095931  0.45319126095356832
  0.46400116643734129  0.47461495070589643  0.48522822979339980  0.49572422142652545
  0.50625046923377193  0.51650691249100944  0.52689916808368764  0.53750583989686573
  0.54828871858196215  0.55907405933971321  0.56969250256257820  0.58037292153350417
  0.59082853689726500  0.60116645836558824  0.61144091253018251  0.62160409029796537
  0.63193021625404222  0.64238916589132922  0.65292996946378923  0.66354561540542800
  0.67404082759641359  0.68475663652720808  0.69550799529942697  0.70617574229626612
  0.71664323054338419  0.72704617723207554  0.73744730624184596  0.74792692711808184
  0.75833862433421251  0.76891288197583063  0.77961971547154796  0.79022711482530794
  0.80080442238117544  0.81136963967429121  0.82198410951690870  0.83276318598536514
  0.84321413215123997  0.85391265015529627  0.86436856005593776  0.87501487955920265
  0.88555721182084990  0.89599535644546791  0.90620804197248195  0.91651577797467154
  0.92676896419807719  0.93711814650817882  0.94760258000120279  0.95797060704826298
  0.96830131453228141  0.97872453544030902  0.98932697739606390  1.00000000000000000
 -0.00207015460331083  0.00944909500040070  0.01966561503861084  0.03015290427768383
  0.04088308540659161  0.05154269754879115  0.06234383222115158  0.07329941863651272
  0.08401408205948936  0.09473352677811683  0.10543166697601422  0.11653754962614471
  0.12763858034568415  0.13854079170825401  0.14929890563120826  0.15984420322558179
  0.17036036931771958  0.18072002482537891  0.19121364170509395  0.20162058597314092
  0.21208215542497344  0.22261609991781386  0.23336395284025938  0.24412831937784743
  0.25476031548346850  0.26515234247006392  0.27554204008105249  0.28588890401704081
  0.29618105430932873  0.30661014011913684  0.31703260188651289  0.32759077595183017
  0.33808473397818006  0.34861613002343983  0.35923078590462043  0.36995186432938298
  0.38067413299800829  0.39136020642817632  0.40179241702784707  0.41209405224242684
  0.42220198845700252  0.43215116259242053  0.44220197965789076  0.45240944555175988
  0.46281916397337280  0.47321436265348776  0.48361527769119278  0.49401370536104788
  0.50459089219773856  0.51526203875738474  0.52608861536876705  0.53697895564534004
  0.54776651919934682  0.55841963754069635  0.56886553361684611  0.57928902698477436
  0.58978860095788288  0.60022694902573059  0.61069909554473478  0.62102838047729780
  0.63143471387314964  0.64177906129936579  0.65217085373550054  0.66250507936583158
  0.67295147834569580  0.68342590760772004  0.69406868203068661  0.70484433970811267
  0.71540709071785624  0.72586349125515504  0.73608198411668146  0.74634401605885459
  0.75678312373982826  0.76735284454483232  0.77820925990888434  0.78914559389697758
  0.79991088451481596  0.81064398993743692  0.82093861713579908  0.83144095606342205
  0.84191978726602190  0.85240185212289488  0.86294906677698535  0.87350111981988487
  0.88409258075459829  0.89464210016232204  0.90514357024800574  0.91581857809360256
  0.92647137372096200  0.93710663812790684  0.94763867557505355  0.95807032582725005
  0.96876442455950007  0.97913378317694377  0.98961408005677631  1.00000000000000000
 -0.00265792293868468  0.01107900060720590  0.02253531397895669  0.03474738218621420
  0.04664769371965371  0.05844972340489120  0.07015594797452128  0.08164776531257578
  0.09289118155494966  0.10391867547208455  0.11480384319532955  0.12545744632862260
  0.13608005061181250  0.14667396903186095  0.15718297575925563  0.16753883215766391
  0.17777946343224393  0.18791596004982702  0.19795157848196754  0.20794977507968576
  0.21804686997788286  0.22825910605357905  0.23849367336500699  0.24868182619666182
  0.25868728547910397  0.26851824286484494  0.27823183809167068  0.28788201571157734
  0.29761737645443304  0.30739744966201171  0.31708028492204027  0.32671656239057878
  0.33636721182229845  0.34604508493363589  0.35564711049148034  0.36516790396888671
  0.37477756852889149  0.38413885143997561  0.39340361792472200  0.40274312587886613
  0.41212033998181852  0.42161683912019560  0.43092952972682447  0.44034267710430047
  0.44978601054733969  0.45929320590039596  0.46859705243132344  0.47791539395322030
  0.48716439027522168  0.49651854077735286  0.50587473474992528  0.51527857094155638
  0.52466724685085642  0.53411967762576629  0.54357501076995507  0.55298886869912633
  0.56237510333338325  0.57188033065292865  0.58153433183086622  0.59130043809461330
  0.60105131393890354  0.61078758733330529  0.62058798145659244  0.63046723179969977
  0.64044385281880822  0.65061467440687482  0.66088574116376941  0.67122701452314082
  0.68153107711895555  0.69183658316974406  0.70210595982976121  0.71228804740050089
  0.72236251588131628  0.73241879855641034  0.74255477359592714  0.75299755375890542
  0.76365051266020190  0.77451909310993627  0.78554925906182693  0.79680394862147397
  0.80815486989719965  0.81977183752232596  0.83146648780219390  0.84314769564564340
  0.85493229027375139  0.86688603684397880  0.87896304244766266  0.89100270445849616
  0.90326122585420066  0.91563413424477202  0.92859915796950898  0.94206897526259648
  0.95608588796869554  0.97052771961400119  0.98514175162159867  1.00000000000000000
 -0.00220511005639457  0.01001822527933701  0.02059088665949351  0.03127203274012415
  0.04208228450780211  0.05246603384779597  0.06283155466875223  0.07306362875733478
  0.08327665145079095  0.09357428657084263  0.10375725564444425  0.11403176069909794
  0.12430843158140115  0.13469342134273066  0.14511218949285001  0.15527057127748434
  0.16519565151867832  0.17513708529399966  0.18520001934393851  0.19551040626698851
  0.20613632917565294  0.21671814175749185  0.22721264002571759  0.23754820222406625
  0.24791703617673036  0.25855610374232774  0.26933888577645093  0.28030287200772375
  0.29122937181425057  0.30202523447226504  0.31274713067219700  0.32360420551708097
  0.33450437437728975  0.34520627640947948  0.35577309859405171  0.36621103177994246
  0.37661271456272927  0.38684907650992950  0.39711815160279867  0.40742787983124307
  0.41778726213427481  0.42805635477117043  0.43808424760048970  0.44815924693553311
  0.45818963927601603  0.46869579346271611  0.47924024062892040  0.48979187792914458
  0.50029078087063916  0.51067802818393582  0.52096947627909707  0.53114836595519899
  0.54141701721328883  0.55182774482103536  0.56237668852795830  0.57306412889014147
  0.58380776775981991  0.59455106342125519  0.60529317720755449  0.61606235062511872
  0.62690412673955909  0.63767993409302526  0.64858041454650250  0.65940442447701986
  0.67004934015689022  0.68065953570313265  0.69125453446224572  0.70197219232788766
  0.71261414987527916  0.72331185732407699  0.73405967721680021  0.74474815834791142
  0.75537263205106986  0.76579028953789841  0.77607041716200775  0.78627809485452671
  0.79666873326817267  0.80721186980542425  0.81781476848315438  0.82834498628723774
  0.83913198450236670  0.84993084367454563  0.86058862771547040  0.87109799496498430
  0.88175177829215690  0.89252472741430755  0.90317652771239298  0.91367062673547150
  0.92401090909031414  0.93429423566844583  0.94469008089716910  0.95530237083223479
  0.96618345268770811  0.97713081670544177  0.98856184516186696  1.00000000000000000
  0.16248014191268001  0.50823628323519943  0.51670984113678031  0.53170642983025296
  0.54905682542494183  0.57140338874410690  0.61141364157523026  0.62919066255744760
  0.63889144486281202  0.64612998722709758  0.65140865462272501  0.65627537667721858
  0.66084395366647908  0.66515283988061225  0.66921586136137590  0.67301346205096058
  0.67672582598607389  0.68035809178271989  0.68395217960598675  0.68749166927970651
  0.69093689399935643  0.69433052674426410  0.69771974096622624  0.70108172861217144
  0.70438967869334101  0.70764220275245593  0.71080941466429937  0.71393491480437743
  0.71707423169055406  0.72020711282524685  0.72333590254685876  0.72646417043947187
  0.72958549435312348  0.73267537891441481  0.73573381086482226  0.73878746264205919
  0.74183421973910657  0.74490696533589273  0.74796578078013920  0.75102186013094485
  0.75409015756667630  0.75715135724776161  0.76021310642776563  0.76327958497336956
  0.76636884370065128  0.76948545155748715  0.77260875139151441  0.77573229279892209
  0.77886678009970323  0.78200818348650103  0.78517049104041703  0.78834247354350839
  0.79149818665135407  0.79472358211785643  0.79795469387051021  0.80118720151391642
  0.80442924830526263  0.80768899688989204  0.81094886057106275  0.81426808022421593
  0.81763954714470843  0.82100872605841935  0.82438981581867044  0.82777252667958612
  0.83119721538901847  0.83471489279823718  0.83836856531985393  0.84204032930283024
  0.84574821256018717  0.84948720097242914  0.85327063649183532  0.85711777865323102
  0.86101356240716354  0.86494214818302717  0.86889527128035482  0.87287734348531121
  0.87693403207336640  0.88107799097724626  0.88525932115384443  0.88946773015478553
  0.89373634431114857  0.89815428621321358  0.90284164881767115  0.90759164979221063
  0.91249310135866135  0.91760226392258848  0.92300461853639848  0.92860512390432015
  0.93427596086415055  0.94025314055774800  0.94682770578888076  0.95376880201726544
  0.96165161275373179  0.97097250669224655  0.98288995348620467  1.00000000000000000
 -0.01753815580789593  0.11162453607527452  0.17119490454263875  0.20312733498878366
  0.22636355059016647  0.24589033265817972  0.26313394386338368  0.27865714363045163
  0.29296887170685493  0.30641471750733468  0.31898138671187032  0.33092400367384511
  0.34228110647009108  0.35315028663558667  0.36346516019923325  0.37343538176465341
  0.38322609113611944  0.39285665518408569  0.40222221493112126  0.41132755078224348
  0.42018747691611230  0.42884099744653809  0.43733976585202189  0.44561456158193924
  0.45378410905389410  0.46176674381663707  0.46962372426651861  0.47733915851866826
  0.48484327657716769  0.49223687854074549  0.49951883805668090  0.50665698346744215
  0.51368207139756361  0.52059380106431219  0.52738914803844716  0.53409246777536823
  0.54070684899158450  0.54722182913506712  0.55366907586054348  0.56008324039236335
  0.56642083932987575  0.57264917457487152  0.57884656542188351  0.58497682232702120
  0.59102251492671387  0.59698673538360736  0.60290475619737227  0.60872419564035862
  0.61461007165735682  0.62043758522552817  0.62623813386892624  0.63194566088249826
  0.63762311782550651  0.64322592314584903  0.64874546307940095  0.65418618269052065
  0.65956861387172261  0.66488175115689585  0.67010686691028420  0.67530885695279730
  0.68052828333314874  0.68573094053941930  0.69088558487107965  0.69602059014789797
  0.70115590431245356  0.70631707454096837  0.71148191011505457  0.71664445366630891
  0.72179777897649189  0.72691326949975132  0.73199001222500337  0.73705920672167358
  0.74214528643487132  0.74727849160449988  0.75255722663340885  0.75808800635777562
  0.76367137528464046  0.76927777015174059  0.77484769208347548  0.78044300436318048
  0.78609578592729468  0.79190549285411738  0.79792079538574445  0.80408105019762266
  0.81040226998271025  0.81693934851084382  0.82366430992061701  0.83066905638616872
  0.83842589157269543  0.84745270681528628  0.85749987661492733  0.86897671556325173
  0.88090772721313804  0.89747919204687365  0.92480326371026389  1.00000000000000000
   6.2666305721928994E-012  -1.0000000000000000     
 F F F F F F F F F F F F F F F F F F F F F F F F F F F F F F F F F F F F F F F F F F F F F F F F F F F F F F F F F F F F F F F F F F F F F F F F F F F F F F F F F F F F F F F F F F F F F F F F F F F F F F F F F F F F F F F F F F F F F F F F F F F F F F F F
  <DiscreteSampler_grid>
  grouped_processes
  1 # 1 for a reference and 2 for a running grid.
  10 # Attribute 'min_bin_probing_points' of the grid.
  1 # Attribute 'grid_mode' of the grid. 1=='default',2=='initialization'
  0.0000000000000000 # Attribute 'small_contrib_threshold' of the grid.
  0.5000000000000000 # Attribute 'damping_power' of the grid.
 # binID   n_entries weight   weight_sqr   abs_weight
    13   10   8.368227026602117E+000   1.209402040133870E+002   8.368227026602117E+000
    14   10   8.368227026602110E+000   1.209402040133868E+002   8.368227026602110E+000
    16   10   1.057997147794365E+001   1.937499645067395E+002   1.057997147794365E+001
    17   10   1.057997147794365E+001   1.937499645067393E+002   1.057997147794365E+001
  </DiscreteSampler_grid>
