  0.00007136688967374  0.00007273487841289  0.00007470113772663  0.00007678120744180
  0.00007907924375848  0.00008165563659688  0.00008453893747944  0.00008765628594743
  0.00009040894745869  0.00009162822391251  0.00009215593573305  0.00009232520771253
  0.00009237259997504  0.00009239977555413  0.00009241585854111  0.00009242442210801
  0.00009243031810899  0.00009243507812456  0.00009243886395622  0.00009244179651091
  0.00009244409567448  0.00009244602180888  0.00009244765993858  0.00009244904212258
  0.00009245016891989  0.00009245117884229  0.00009245216855344  0.00009245304122833
  0.00009245391377826  0.00009245470846687  0.00009245549415738  0.00009245628560431
  0.00009245708026396  0.00009245790036727  0.00009245875635742  0.00009245967986590
  0.00009246073016571  0.00009246190434501  0.00009246319190330  0.00009246462721624
  0.00009246639401647  0.00009246858955771  0.00009247123530898  0.00009247485074249
  0.00009247931650802  0.00009248489847511  0.00009249174958649  0.00009250110469155
  0.00009252457104183  0.00009256274412624  0.00009262753259035  0.00009282724859755
  0.00009379608052966  0.00009667514538792  0.00010146435897544  0.00010760989883163
  0.00011533897660411  0.00012562217731190  0.00013833104079516  0.00015411546990416
  0.00017411146266229  0.00020023122241419  0.00023230241070237  0.00026954382104635
  0.00031189138894930  0.00036059483713811  0.00041617651802903  0.00047855917063090
  0.00054513958003741  0.00061930279891220  0.00070366400487562  0.00079382902881428
  0.00089960128871586  0.00102110177300938  0.00115494753072762  0.00130229993381491
  0.00147235103976481  0.00164128834336449  0.00180475181083064  0.00198488788626581
  0.00218616069328298  0.00239547191522274  0.00264244591417556  0.00293624072548759
  0.00329431394684710  0.00362003306839438  0.00400795508544367  0.00444834449629931
  0.00493261261384091  0.00560683977246877  0.00687029495375560  0.00830898390325731
  0.01958543784822208  0.04809456059170182  0.21356932955739388  1.00000000000000000
 -0.01108755431119051  0.04530229951726440  0.06059096583567147  0.07095130030525479
  0.08094997417842981  0.09100093146473012  0.10113656335988028  0.11134981301479344
  0.12115718439024456  0.13128484134020377  0.14217059620027284  0.15452609779754234
  0.16949085695365912  0.18249237787715406  0.19636464467595474  0.20814294632837921
  0.21833253550305770  0.22883892591873845  0.23924926697831692  0.24797764656231214
  0.25660869387412988  0.26612007102600210  0.27479596239984916  0.28267233696885841
  0.28990887720233233  0.29706712820309433  0.30464296541223790  0.31375537686902688
  0.32390870963538365  0.33416991190030654  0.34369472362033210  0.35223521871954289
  0.35976758645253815  0.36764667523361383  0.37611183244070262  0.38569785296549902
  0.39644220723453216  0.40562247898433984  0.41480486318067039  0.42422135711060166
  0.43374742847999825  0.44353268536157830  0.45360090903578393  0.46294409454857860
  0.47260288266268741  0.48365155142952471  0.49453540560459358  0.50416471962638709
  0.51289241874476565  0.52293601568236925  0.53432592888009589  0.54595557160566532
  0.55752078391108295  0.56932089129541497  0.58066162976712743  0.59065917793057643
  0.60050665332712616  0.61059121015432904  0.62123335597405027  0.63160805135743436
  0.64039503932239683  0.64872845600478668  0.65702225602949627  0.66531950665189510
  0.67595752003205067  0.68828176642705252  0.69968677612226282  0.71153827199283193
  0.72181344012248605  0.73127613971131178  0.74055159312201080  0.75018237334743387
  0.76125845175499751  0.77276092378386851  0.78357947537151895  0.79362851129751877
  0.80337934119476395  0.81343088880982561  0.82369888484452314  0.83403127600197058
  0.84323044762695953  0.85259410522675894  0.86287833014608895  0.87295492526762419
  0.88345125429097082  0.89441716520978121  0.90574877942332699  0.91759277245262516
  0.92984414641134272  0.94230760899511545  0.95461720746079304  0.96635177821585050
  0.97715108257666528  0.98557122645369277  0.99320201128947039  1.00000000000000000
  0.00000006152660313  0.00000296796387545  0.00000430179120458  0.00000559468780707
  0.00000731478483915  0.00000939615916675  0.00001160919565158  0.00001416016319837
  0.00001703776557769  0.00001968659344049  0.00002197897498759  0.00002461876514270
  0.00002757066929373  0.00003056936424104  0.00003337142341901  0.00003599001898175
  0.00003874065911180  0.00004130841650963  0.00004366697328949  0.00004624494665161
  0.00004891781181126  0.00005166223428325  0.00005474657926336  0.00005804233294527
  0.00006108143585678  0.00006400660401953  0.00006688150196171  0.00006980822622825
  0.00007304872331709  0.00007669188887620  0.00008066354766841  0.00008492591911106
  0.00008910204859705  0.00009324068291776  0.00009747209562383  0.00010189597160955
  0.00010692799334192  0.00011326557316364  0.00011923358543464  0.00012489938894604
  0.00013072845717241  0.00013697976484692  0.00014351684536876  0.00015013714010327
  0.00015681912566532  0.00016282470754608  0.00016930114332785  0.00017654827491261
  0.00018465566551112  0.00019478566031210  0.00020658777721813  0.00021956792580437
  0.00023271539886906  0.00024575796380785  0.00025772922679687  0.00027089055858658
  0.00028415059343616  0.00029632539878305  0.00030974027393672  0.00032409766966176
  0.00033738196682650  0.00035000534618198  0.00036128476016092  0.00037345200893553
  0.00039233132825447  0.00042061639107642  0.00044516539485951  0.00046397547101625
  0.00048126335980555  0.00049992083533934  0.00051850613652408  0.00053731771304423
  0.00056114752729299  0.00058983563255207  0.00062098988355236  0.00065428674546025
  0.00068930496456070  0.00072858591431631  0.00077428460922650  0.00082540535439636
  0.00087993393881949  0.00093902839905292  0.00100259433015357  0.00106969680075620
  0.00114114724923919  0.00122119559871383  0.00131568537938008  0.00139934693682656
  0.00146682535918897  0.00153485122862888  0.00161318207668702  0.00172881317066419
  0.00195705057257998  0.00795474349741889  0.03764560673232300  1.00000000000000000
 -0.00137373465708814  0.00618971841664078  0.01333307664186538  0.01962625665910659
  0.02760345312392522  0.03618605081035495  0.04431793791351673  0.05259103936341517
  0.06186159542652132  0.07151658975079188  0.08078083824054211  0.08977771123351543
  0.09886585039300591  0.10785108486425972  0.11657369774612143  0.12519762148733202
  0.13385331370034392  0.14217558431712660  0.15079803463391739  0.15949536164955339
  0.16826239510941635  0.17759220858832786  0.18746261233858352  0.19762401885628661
  0.20803485328850552  0.21846596100082499  0.22880062426238817  0.23931432452050369
  0.24995358811111595  0.26045727324013945  0.27089196433049390  0.28105649159149193
  0.29088614189506407  0.30095418102248211  0.31170042567837097  0.32218695497927019
  0.33247539566554396  0.34305889700296194  0.35413432060202232  0.36570439949139505
  0.37780247985811394  0.38963518361730776  0.40149454090969283  0.41341978881353381
  0.42506775611173547  0.43606210730991490  0.44598158007128530  0.45447282622279073
  0.46351795256927775  0.47433740793090723  0.48525232178675826  0.49587683072497579
  0.50643485704916080  0.51712667199215678  0.52881117083216056  0.54129158670737210
  0.55373113028801513  0.56558563832436881  0.57670049152202185  0.58708190936050197
  0.59672531560686981  0.60691191979545878  0.61847494498474531  0.63035693926919256
  0.64235686546597925  0.65415453873758656  0.66468315666128930  0.67523563010221277
  0.68487579737911319  0.69282767745908158  0.70331114555620988  0.71482562896910784
  0.72461625542070884  0.73379921572449935  0.74454811066269211  0.75361763791024172
  0.76114129656435170  0.76950635898308828  0.77936004263306013  0.79016197808478772
  0.80064379423952792  0.81320156030378710  0.82807461827682749  0.84250193290803388
  0.85561856229689437  0.86821316414633654  0.87987520533348795  0.89068361282346209
  0.90253402667851090  0.91596040019724656  0.93046786723208408  0.94550694398420909
  0.96002109793143131  0.97393424739322576  0.98711941958057992  1.00000000000000000
 -0.00183346538796927  0.00761648117362537  0.01816535747742821  0.02944448675576347
  0.04118468939236965  0.05294858844108267  0.06481117724603461  0.07658042227972285
  0.08721393394102933  0.09608628555051413  0.10469111070059661  0.11426858790706534
  0.12415580518875302  0.13436904921081672  0.14423325920027152  0.15420988152746831
  0.16545840634024053  0.17759643278447779  0.18984981052138000  0.20120868529037844
  0.21220136291848635  0.22363228523644790  0.23515433224229249  0.24745806573847159
  0.26087001895503337  0.27259312335331776  0.28278447540924900  0.29303437786604353
  0.30294471244396026  0.31262878145362649  0.32243575570653765  0.33351263551674570
  0.34509227335350540  0.35617281942964490  0.36642765916154318  0.37615714046639420
  0.38617722333839943  0.39727320022063334  0.40786826727344083  0.41846275064985078
  0.42924716021464382  0.44021768913494180  0.45111043552019170  0.46143044066629807
  0.47172075374528916  0.48202837415101607  0.49183503165063869  0.50163996715270365
  0.51181991472146537  0.52211040282850130  0.53299467985798143  0.54300889426984500
  0.55163704335434927  0.55879193435775554  0.56657838148906203  0.57472091543572890
  0.58270841342335711  0.59221001784093796  0.60245382221885557  0.61194706058614212
  0.62272836118580877  0.63466286002417882  0.64720951602795052  0.66012626308911648
  0.67170247711714126  0.68150041660287486  0.69103941030967408  0.70163407411560497
  0.71239385989393544  0.72319198837118737  0.73403545378758861  0.74310913268009027
  0.75225761792228640  0.76098443818957029  0.76905090596111314  0.77840020907153740
  0.78784360268527243  0.79688471074415079  0.80652926582353623  0.81676472889620910
  0.82804295036037523  0.84005823971532767  0.85218010194955252  0.86456762339646565
  0.87726381591226932  0.88968709253044820  0.90181355847972133  0.91396363444556505
  0.92297174907481894  0.93359053851046747  0.94369427456114963  0.95443942614951871
  0.96674637172191602  0.97696730089428396  0.98852919156585661  1.00000000000000000
 -0.00287872457204946  0.00940953031463125  0.01945351480044961  0.02777701316087909
  0.03563109214500899  0.04441682848422267  0.05417362831199683  0.06436931333192826
  0.07579867534473243  0.08826083062072936  0.10105844068001577  0.11321004399711532
  0.12528900344351748  0.13754654806920702  0.14987156397884671  0.16327057584933247
  0.17667341531448816  0.19001097061504685  0.20312188245478324  0.21591601869933838
  0.22886449703505118  0.24127952485229037  0.25191511316574333  0.26314843245247610
  0.27635491831939590  0.29106792742051318  0.30666202777073187  0.32268271169316098
  0.33878063313860057  0.35296197187744949  0.36404160575242117  0.37541751929787559
  0.38635688660549472  0.39827882387093005  0.40976585785922720  0.42022240400917199
  0.43016901648196965  0.44023925283052279  0.45196686163486127  0.46623638833963260
  0.48079719095197054  0.49448252504292622  0.50764163517881400  0.52116617279309918
  0.53472817308987253  0.54774966263547986  0.56011221010211443  0.57235266465971746
  0.58519112002084972  0.59810722495695368  0.61062828283681270  0.62299235076490267
  0.63466737578805876  0.64491606269542490  0.65461716125699798  0.66434279575104827
  0.67195826446760054  0.67995325580469512  0.69006909484951184  0.69856506014417208
  0.70807844131691766  0.71827398997634617  0.72843268425823748  0.73921201042825535
  0.74949550948489396  0.75941534851141856  0.76937842306333315  0.77850665560110366
  0.78603418193232222  0.79335113115832545  0.80168224301615187  0.81051426479219135
  0.81954206212456571  0.82886611593262882  0.83809937798437029  0.84646097607151249
  0.85413217999232838  0.86238550417185211  0.87129291938637021  0.87985215414385642
  0.88784598076249643  0.89575704335647965  0.90387816360943163  0.91263311987015983
  0.92228815795831132  0.93259925819414247  0.94147501906515896  0.94984338323283268
  0.95643470801159847  0.96176981151703400  0.96703904512016292  0.97316070601436921
  0.97867120526187290  0.98402393350808248  0.99045583963559758  1.00000000000000000
 -0.00248030067368804  0.00927491935914155  0.02078682565858644  0.03182536552067974
  0.04193913310592554  0.05085380199185481  0.06080463817179199  0.07288313024006533
  0.08479508437377513  0.09694701595453192  0.10908047823060908  0.12101126513503706
  0.13326709450924507  0.14542885827181706  0.15708008370069174  0.16818290915417883
  0.17892064813433350  0.18976329712746090  0.20131646548931761  0.21363392901975961
  0.22555136831283060  0.23552922379607433  0.24479212715278204  0.25485906774064060
  0.26550481067011111  0.27652779885380974  0.28735886382196402  0.29785976641736261
  0.30859928539951670  0.31841062736986575  0.32698191641485203  0.33598591983432669
  0.34565345891687399  0.35447455982761683  0.36436150734013889  0.37490846441062109
  0.38461320834048845  0.39373517508735856  0.40254284182763911  0.41292033313274884
  0.42398357419754024  0.43417671960059095  0.44327898593482429  0.45203524692903807
  0.46066093483199144  0.46924513883269486  0.48005548739525961  0.49118830672262759
  0.50007407109502677  0.50988476993317888  0.51915932638569018  0.52870975661852748
  0.53946343751141534  0.55056267837773998  0.56143841011533147  0.57224309890021674
  0.58283271525871705  0.59300733363011915  0.60355870651170707  0.61389351435756845
  0.62444543170730826  0.63690615568689224  0.64902923762799214  0.66170196080644728
  0.67391706653957806  0.68435335056465474  0.69369227380492593  0.70346476712881301
  0.71394517927229728  0.72480512923542761  0.73536306554477315  0.74580807957584450
  0.75656530867609106  0.76732196298722788  0.77802389421769458  0.78768558643973918
  0.79579453570744219  0.80341963719293952  0.81188704802975109  0.82165029593382144
  0.83240387172411356  0.84282940266029605  0.85353388087684534  0.86514444529043188
  0.87724675539544328  0.88898563693514854  0.90058104495113267  0.91293511466478305
  0.92553510486762613  0.93846953145211343  0.94987451638469544  0.95929935363442709
  0.96962675579218283  0.98003159607268386  0.98932161867936685  1.00000000000000000
 -0.00282939366369394  0.01015689300223329  0.02149357024085261  0.03232457412010908
  0.04362233981548985  0.05522253861772763  0.06736852739796778  0.08001516979260181
  0.09275909977754415  0.10524044995122010  0.11729364475956150  0.12882558633141361
  0.13987552435155393  0.15075094163641919  0.16174235256055003  0.17326052723696256
  0.18527750680597252  0.19726850312840227  0.20899380588512448  0.22105253968070274
  0.23289193551750623  0.24292582836644083  0.25065048079255825  0.25900991392345818
  0.26786231857184001  0.27785795321865575  0.28951493098121106  0.30113023801774608
  0.31206647244110602  0.32326120331056496  0.33394232914808680  0.34201076598058433
  0.35083144146830852  0.35878247067267260  0.36618791073709467  0.37530718567325050
  0.38611894696216420  0.39766608339572235  0.40891626438015410  0.41867396463820411
  0.42786283560070121  0.43712884405702657  0.44621899352516209  0.45592322822766562
  0.46604256784433007  0.47834739848122299  0.48889445029627432  0.49846210940132946
  0.50897577636301516  0.52019652127009830  0.53120976546481125  0.54150827872587448
  0.55123289644861506  0.55983768137915224  0.56813077071143336  0.57725921651870005
  0.58536633820186990  0.59344627511585868  0.60273689032522693  0.61199056361802417
  0.62107486251102528  0.63052163172551601  0.63997231458766002  0.64931806489664701
  0.65932700177307257  0.66926144860837644  0.68018341546973127  0.69195942650908482
  0.70395200241029199  0.71636500474254505  0.72886610187134560  0.74048687402621083
  0.75096737802990121  0.76117605476487993  0.77203878116702207  0.78342473230165310
  0.79520285867778995  0.80679129990919052  0.81845287045437121  0.82993480174617607
  0.84202068955390563  0.85292487675098272  0.86219244686866792  0.87140036925817566
  0.88139911661069281  0.89215636298893397  0.90324140493044391  0.91475253141709389
  0.92502140539805477  0.93696871284357885  0.94956677438869841  0.96040635238078820
  0.96969439397127244  0.97987980477893577  0.98951777189149359  1.00000000000000000
  0.01526220157837946  0.24926212681216964  0.46263967823844043  0.59289231268820597
  0.63170121792718836  0.64565859440491424  0.65398822100238829  0.66030072501074810
  0.66585166393229167  0.67071947954243916  0.67463453498142445  0.67768077019630846
  0.68037322923177301  0.68292442788815721  0.68546284312711703  0.68834460542132758
  0.69091783559291142  0.69328743584525132  0.69672581639667153  0.70039313829511429
  0.70375793484343907  0.70661579214687198  0.70945502122096005  0.71226800732543649
  0.71484709477630903  0.71754254228211678  0.72032830090821331  0.72333948192579745
  0.72615175421047962  0.72875941779311371  0.73173971729874765  0.73445884472894618
  0.73722380959106482  0.74000058019783577  0.74250930826597539  0.74497168161771232
  0.74752799538872616  0.75010336594019600  0.75262685658731043  0.75501327929345752
  0.75719578980200430  0.75941432512321738  0.76177791704410924  0.76432177770903797
  0.76728089002753441  0.77060390149956848  0.77378271781378327  0.77695718232736966
  0.78020421359913994  0.78324860463245294  0.78623182740365360  0.78937085578698363
  0.79234049267045636  0.79516000751224813  0.79826315970920669  0.80152215922297732
  0.80460685977201352  0.80756642510594678  0.81023322665033870  0.81298985390325762
  0.81614672019721690  0.81965752787941404  0.82340618205552230  0.82718151021769593
  0.83089687578077842  0.83468786510723025  0.83847694449512078  0.84213331274553582
  0.84563918513073910  0.84912467349779164  0.85277132045761705  0.85665200207529102
  0.86055965761669750  0.86412342147214827  0.86743347488273803  0.87092546785441582
  0.87484745050472446  0.87912738989329831  0.88362179217157222  0.88822603250479726
  0.89287719246164943  0.89763235380569140  0.90220315888845681  0.90696796720453687
  0.91198123743554793  0.91801773514945173  0.92366336501890456  0.92919621150109022
  0.93503263700795913  0.94039909013130940  0.94530029579020303  0.95145893914338564
  0.95850036366924685  0.96685514088219981  0.97786122099164385  1.00000000000000000
 -0.03409250248169902  0.16597560256340901  0.24201341729675260  0.27415033633895186
  0.29569263099097159  0.31511427115051949  0.33253476835852414  0.34859114469023250
  0.36201299883800830  0.37419282247186486  0.38632571285284689  0.39870969662971145
  0.41117239189624205  0.42333923382985561  0.43517376422854021  0.44647123208414541
  0.45647709840908574  0.46553190038355624  0.47468678679262150  0.48310662722659431
  0.49110902361625797  0.49847297968939586  0.50543047587443701  0.51210656687649503
  0.51870341264948894  0.52526193781254238  0.53195475711338580  0.53911161534547858
  0.54633671051801314  0.55351746797684631  0.56077472940590412  0.56779264319039113
  0.57391321054922728  0.57950871578150043  0.58461816418786661  0.58970178841582965
  0.59490308211143916  0.59987079481097383  0.60442931367770025  0.60947346465260854
  0.61489125069021511  0.62023359096155983  0.62494088998232966  0.62860417105236044
  0.63286903679084283  0.63677801939688450  0.64053552998334773  0.64487180486538098
  0.64978105812347497  0.65505641322759667  0.66015821411805575  0.66500417683802271
  0.66988451960228335  0.67473864821400809  0.67942416975210562  0.68400902043626044
  0.68848613924473356  0.69314651339046540  0.69802776535433664  0.70287454498358870
  0.70714259989859107  0.71044463468245134  0.71353219775006504  0.71721292753627719
  0.72099811478435072  0.72448904720932650  0.72789488814180969  0.73167461224126673
  0.73613727002135476  0.74080302901517558  0.74652104402683428  0.75205849587605333
  0.75705668196432052  0.76138631921859590  0.76534346524870378  0.76925083187774068
  0.77287127997744709  0.77683196954079059  0.78153809805689356  0.78678860046322963
  0.79225889651116099  0.79780402675896467  0.80343711735090939  0.80912555103698813
  0.81473507046095717  0.82017308422696333  0.82554894630951670  0.83151962890866760
  0.83909772943293670  0.84752268508516793  0.85708924161591526  0.86721511568073018
  0.87855749945801354  0.89396830736853661  0.91906007193785655  1.00000000000000000
   2.9474738989781383E-010  -1.0000000000000000     
 F F F F F F F F F F F F F F F F F F F F F F F F F F F F F F F F F F F F F F F F F F F F F F F F F F F F F F F F F F F F F F F F F F F F F F F F F F F F F F F F F F F F F F F F F F F F F F F F F F F F F F F F F F F F F F F F F F F F F F F F F F F F F F F F
  <DiscreteSampler_grid>
  grouped_processes
  1 # 1 for a reference and 2 for a running grid.
  10 # Attribute 'min_bin_probing_points' of the grid.
  1 # Attribute 'grid_mode' of the grid. 1=='default',2=='initialization'
  0.0000000000000000 # Attribute 'small_contrib_threshold' of the grid.
  0.5000000000000000 # Attribute 'damping_power' of the grid.
 # binID   n_entries weight   weight_sqr   abs_weight
    13   10   5.544413987546287E-002   1.294783098758032E-002   5.544413987546287E-002
    14   10   5.544413987546317E-002   1.294783098758051E-002   5.544413987546317E-002
    16   10   7.466596043030868E-002   2.336322840269101E-002   7.466596043030868E-002
    17   10   7.466596043030886E-002   2.336322840269111E-002   7.466596043030886E-002
  </DiscreteSampler_grid>
