 -0.00118651609247234  0.00450390726214784  0.01131840160065463  0.01923665983114480
  0.02787426174638827  0.03668124063719162  0.04429702588794768  0.05315623037384357
  0.06267030831957998  0.07074780538906288  0.07948525604464089  0.08851509446919290
  0.09810352508411541  0.10835107977714206  0.11873292524813651  0.13014466524494708
  0.14328740632974307  0.15764700602587578  0.17096331312493018  0.18079816065808427
  0.19020767399439262  0.19965388207152721  0.20966479791394443  0.21957197051514016
  0.22808703228176666  0.23605743213777677  0.24409516199479331  0.25145247152385797
  0.25809828144506258  0.26680928597961856  0.27590965443530829  0.28422616092885872
  0.29238356294387724  0.30286244411442836  0.31489574797423525  0.32638222590241023
  0.33741142845716704  0.34765127631086534  0.35774374451902879  0.36698257783182225
  0.37555962668174925  0.38387869847383810  0.39237390192029736  0.40256603592914769
  0.41391407918378659  0.42543402796363960  0.43638486940929472  0.44667725204361680
  0.45636430270399020  0.46537266182536174  0.47459242460622653  0.48478928864466841
  0.49601161227254320  0.50737049260446732  0.51938478356110995  0.53164862998293305
  0.54372634922248186  0.55604525163767105  0.56861368661965672  0.58124588776380315
  0.59380912197822011  0.60649578173490792  0.61911642247063803  0.63156814034426689
  0.64465633144269319  0.65838515394429098  0.67249167580345803  0.68666442115590931
  0.70053601170093061  0.71343904552463255  0.72483029039211355  0.73598716967289168
  0.74846796911156155  0.76229669311350046  0.77453119181276853  0.78562060569906977
  0.79732541668533674  0.80989347037310400  0.82324437338761958  0.83721604948090877
  0.84950095877328669  0.85984653918093934  0.87053853188745844  0.88087151923678675
  0.89182452843084259  0.90452774968660687  0.91477768314047070  0.92291745917841339
  0.93218509921111736  0.94266321123130525  0.95378872066598752  0.96580056385210644
  0.97709455959430336  0.98591685134589813  0.99276894988392606  1.00000000000000000
  0.00007094236836932  0.00007451784530643  0.00007822823316062  0.00008144524352564
  0.00008469327725743  0.00008849554882107  0.00009145581661050  0.00009230317413762
  0.00009247192971255  0.00009251336909757  0.00009253718927114  0.00009255208582275
  0.00009256186786751  0.00009256749024314  0.00009257120420825  0.00009257439064333
  0.00009257687746593  0.00009257860430815  0.00009258007964507  0.00009258130394530
  0.00009258238294475  0.00009258329724488  0.00009258405135792  0.00009258473623372
  0.00009258534939505  0.00009258590858718  0.00009258636709782  0.00009258681245454
  0.00009258723686571  0.00009258763895673  0.00009258802581528  0.00009258839606263
  0.00009258875875494  0.00009258912403757  0.00009258949029240  0.00009258987189981
  0.00009259025768969  0.00009259069352583  0.00009259113928821  0.00009259161454226
  0.00009259212319401  0.00009259266417690  0.00009259338478416  0.00009259412930280
  0.00009259494345186  0.00009259602014416  0.00009259725196641  0.00009259875339731
  0.00009260064275998  0.00009260293406384  0.00009260558091208  0.00009260914138188
  0.00009261491234135  0.00009262391409678  0.00009263733386688  0.00009266125692202
  0.00009272180489736  0.00009288865698964  0.00009374821114495  0.00009734165395204
  0.00010259336859958  0.00010844218881753  0.00011541755220120  0.00012506155962773
  0.00013627410578685  0.00015020517554840  0.00016595808541405  0.00018496846433411
  0.00020787694075136  0.00023443058516382  0.00026512534942189  0.00030239075693656
  0.00034913272710294  0.00040400613611723  0.00045759016978981  0.00051664848319310
  0.00058556035032126  0.00066153547007643  0.00075683669032837  0.00087603539887131
  0.00102145442373300  0.00119549097851616  0.00139712621746797  0.00162249733521040
  0.00185118713274512  0.00213674312763458  0.00252555302993035  0.00290098643761678
  0.00324209434531308  0.00354158154277692  0.00384115324969825  0.00419000119576895
  0.00473949333735290  0.00539515728021753  0.89710772697124441  1.00000000000000000
 -0.00000001202507069  0.00000379839621502  0.00000650365978573  0.00000926582668406
  0.00001154490865161  0.00001371353679135  0.00001608291435729  0.00001903124869199
  0.00002200717539296  0.00002493071532191  0.00002761556092106  0.00003021310607701
  0.00003270281167527  0.00003520846886339  0.00003781314433865  0.00004054108597613
  0.00004337722159811  0.00004626987030061  0.00004914498738186  0.00005196133735396
  0.00005485737351970  0.00005765794525123  0.00006039434966530  0.00006300683880549
  0.00006523972868631  0.00006679306863961  0.00006856617308060  0.00007085850680390
  0.00007298370097312  0.00007531436308657  0.00007796559638538  0.00008067770972999
  0.00008353259632960  0.00008632002366099  0.00008929218996357  0.00009222243096409
  0.00009533847928024  0.00009854772627945  0.00010203632675847  0.00010649856512856
  0.00011126884488521  0.00011639180750726  0.00012203241578379  0.00012797223512615
  0.00013413714152668  0.00014147093636541  0.00014959678780117  0.00015838045354613
  0.00016785300632052  0.00017810811930850  0.00018978847884449  0.00020190154076235
  0.00021349513147722  0.00022562954469944  0.00023850079464761  0.00025183105483635
  0.00026520240301845  0.00027820391712583  0.00029135411523849  0.00030424032164983
  0.00031592558650715  0.00032694093114848  0.00033923888942494  0.00035212785991086
  0.00036453406754683  0.00037923870182380  0.00039526719731915  0.00041550115248736
  0.00043971322266670  0.00046627974739027  0.00049781854872455  0.00053298812440871
  0.00057282069348880  0.00062528842508136  0.00068303223190307  0.00074291697739913
  0.00078094294729826  0.00082099667368970  0.00086690244529654  0.00091588458974058
  0.00096530146463855  0.00101731605540099  0.00107677348556707  0.00115299073977079
  0.00123467061129287  0.00134948132871836  0.00152469248450273  0.00172424796071022
  0.00188721170650102  0.00204091226704266  0.00217107861800588  0.00371213289468285
  0.00906800519521317  0.01868466234261630  0.13920128452239983  1.00000000000000000
 -0.00336104823733597  0.00902518133107839  0.02188066249946180  0.03410201064099070
  0.04369738537385767  0.05106066091285084  0.05877650582014222  0.06762561492750306
  0.07716853947476267  0.08766996814057651  0.09715626231385566  0.10442049551401598
  0.11041877238205687  0.11822144804850181  0.12902311952412873  0.14352381747048690
  0.15804022886221811  0.17219297400353659  0.18638369509642330  0.20052315759889630
  0.21370556528234388  0.22669010157959618  0.24000929695062556  0.25368043279065944
  0.26783113689228522  0.28271065180668431  0.29838644000958725  0.31412447921688330
  0.32879360051646234  0.34313952933747938  0.35634579069845390  0.36989368363269004
  0.38485719903303284  0.39848157360756442  0.41159767796022140  0.42431754558995194
  0.43707174507015628  0.44901079133557681  0.45946986822509822  0.46953571521737009
  0.47891779085269681  0.48896379029288339  0.49971821593419702  0.50747213314755046
  0.51522992653865107  0.52446949262787346  0.53383484216223187  0.54378563327580764
  0.55371554758590213  0.56153119974397481  0.57312615490209284  0.58826582657833604
  0.60135098679120158  0.61467387133726814  0.62799624900379547  0.64075114164589242
  0.65309707768610770  0.66530644239591663  0.67754935043164666  0.69001255547705220
  0.70291207035840231  0.71583154178033159  0.72805741059046880  0.73998118499414367
  0.75165032734561621  0.76317953709338759  0.77477993442502413  0.78491066006299204
  0.79474266098367885  0.80358447045356063  0.81230032891587256  0.82097643616719496
  0.82900766700818429  0.83782018389232493  0.84616574903227559  0.85700085631060763
  0.86938115869152754  0.87852975850336124  0.88422582463345634  0.88932174638038808
  0.89523939097931093  0.90169485549524864  0.90781645384647980  0.91350338886672267
  0.91908455213449092  0.92477983485132642  0.93085259712775703  0.93797206850279669
  0.94529701494159057  0.95205856984994031  0.95876402989066534  0.96619961983925529
  0.97431039976782063  0.98277692953079065  0.99140061662201129  1.00000000000000000
 -0.00275018280005776  0.00944527321724987  0.02146572842883091  0.03241253707499420
  0.04248755653678064  0.05271364720308688  0.06341035481110338  0.07516268715713705
  0.08786111237607620  0.10092159859747862  0.11353416299433855  0.12473960350185025
  0.13398558899996585  0.14235842265307105  0.15159926999959564  0.16139950617162491
  0.16962806582164314  0.17675093819577362  0.18416567560546443  0.19513148931316887
  0.20861497886531605  0.22249770781845959  0.23634308642516388  0.24991613392263259
  0.26280855017672278  0.27458109536809411  0.28586687215595336  0.29716837223962628
  0.30806386377857226  0.31897474226859018  0.33048615655715174  0.34186054684891343
  0.35314819672436165  0.36466303152161306  0.37647969590648539  0.38811032839630577
  0.40053621000575107  0.41439969693750339  0.42865302223651147  0.44074704923712543
  0.45198002905824758  0.46241143612852986  0.47168865278679617  0.47964667852843351
  0.48917685641233322  0.49935376456138397  0.51106476951314106  0.52054944674295123
  0.52999608120779085  0.53994665752107751  0.55016090877619239  0.56012040495105964
  0.56983410047083360  0.58016946967504679  0.59245343657595417  0.60376044521842731
  0.61521149565236888  0.62763512293051527  0.63964584768989574  0.64867473772519213
  0.65580838434445188  0.66278477386020651  0.66816641676363275  0.67520531922113569
  0.68239671738906604  0.69106923815433907  0.70218059530942445  0.71332968338843106
  0.72429098565372230  0.73561921182302970  0.74702572975663994  0.75817124354808829
  0.76859105197905697  0.77871448304392177  0.78930557096575993  0.80076107502878391
  0.81250590331024597  0.82301598476771232  0.83096568439593410  0.83828264107069506
  0.84617795820952846  0.85494648985815302  0.86434297760474066  0.87501354751825877
  0.88602304477626814  0.89569842266349775  0.90513421464923005  0.91470311873684984
  0.92383538485212402  0.93316820653498900  0.94281239620155322  0.95313745016693818
  0.96504772401224836  0.97729427657896351  0.98884882274939256  1.00000000000000000
 -0.00058675965582603  0.00390302322637855  0.01003276872544429  0.01665936565526365
  0.02483077071088408  0.03458618301351790  0.04447789355513793  0.05439467035983664
  0.06443705660424892  0.07444793423572468  0.08415597789219864  0.09335751175049839
  0.10222141117539275  0.11072746686512265  0.11898889983040156  0.12757503863812228
  0.13677589543408747  0.14645902001539610  0.15750269105477493  0.16813816806016438
  0.17720313265225995  0.18573090286909000  0.19439244746590617  0.20321550381021278
  0.21178132364948485  0.22224619507235852  0.23353888836603026  0.24463729285299746
  0.25537284156345136  0.26590812987685919  0.27635041209142064  0.28665920743348544
  0.29693517842470668  0.30745458083124544  0.31696874201282854  0.32420105589091963
  0.33058257132080365  0.33724923874531765  0.34396728121374881  0.35015849631178458
  0.35625535911891759  0.36184808999883400  0.37148761539905922  0.38287114811944600
  0.39457316394808895  0.40674372258781849  0.41875432492732934  0.43059558107595508
  0.44278901431172030  0.45507832017399674  0.46760014640044095  0.47897970304291337
  0.48750095282813227  0.49461577165831788  0.50127619743874730  0.50962412865407125
  0.51916005188376202  0.52689827233288966  0.53371601024241699  0.54156617475025159
  0.55161482293106356  0.56375135652685437  0.57581645083048583  0.58763274882035055
  0.59896156726140093  0.60889860352603697  0.61896102204401715  0.62910218623696734
  0.63871499127919418  0.64877605933478888  0.65987949098766985  0.67178940802117970
  0.68459235932990925  0.69700473853210965  0.70975774310226591  0.72333352444652188
  0.73635109861843506  0.74857368936756641  0.75997424012187920  0.77024979847027775
  0.78224320407619030  0.79524019526374201  0.80885538429078618  0.82331658565253996
  0.83731221458187544  0.85088276288525977  0.86449467230979704  0.87809884766965751
  0.89278086635036402  0.90830576538672592  0.92422216842154958  0.94000506258655303
  0.95542443404659627  0.97053782790549414  0.98540368161620684  1.00000000000000000
 -0.00289055640435511  0.00943455322447662  0.02271959900158764  0.03601534540100457
  0.04894994698123625  0.06133530880888721  0.07307166689113188  0.08408041443969476
  0.09446623584834954  0.10457719135330025  0.11452188024115845  0.12385532965687759
  0.13209784541368322  0.14017091943996313  0.14964179200081662  0.15829120357880058
  0.16698266875268519  0.17543785935791922  0.18407216591898629  0.19224213023145104
  0.20101097641584342  0.20955676031400372  0.21859906902768234  0.22947802597249858
  0.24172243733516002  0.25450051280779196  0.26724435413695297  0.27850430374672408
  0.28639529776074862  0.29313644331041316  0.30032632297982986  0.30799438149743841
  0.31586558141313231  0.32305587335082125  0.33018895457630376  0.34286107055661158
  0.35497796431190543  0.36481272132619919  0.37613266561956060  0.38681985704527339
  0.39827649316796221  0.41025030462873269  0.42245172844330509  0.43483744453504303
  0.44680933370322190  0.45808412983905661  0.46884384381365496  0.47962595599324920
  0.49069021305561644  0.50222205540924891  0.51435725740884730  0.52692732241692952
  0.53955480513278753  0.55189487223977785  0.56373421191108530  0.57521844003279443
  0.58782767854929130  0.60076621690318610  0.61392107801993345  0.62711991790269717
  0.64006960230632948  0.65199019945463321  0.66338348661093816  0.67546046604873933
  0.68820211900612416  0.70067111501634394  0.71180991502807989  0.72038901034487612
  0.72751419615201751  0.73525132689505046  0.74409900982177191  0.75501700809003092
  0.76718709970052812  0.78004448117694336  0.79290544597622536  0.80476504328254195
  0.81592863745265398  0.82701482346784527  0.83685933155821679  0.84602519837224588
  0.85592784454760573  0.86628425577469859  0.87622709259285358  0.88538875247558002
  0.89283960321415179  0.89897564297050137  0.90513389551694146  0.91146102673099239
  0.91914558567082305  0.92849247767250997  0.93939103851586592  0.95153389125432974
  0.96411762687375147  0.97669037915047530  0.98879652365591042  1.00000000000000000
 -0.00222921378363508  0.00864662141616632  0.02002597275878720  0.02980519568929571
  0.03943217056515802  0.04842603624163578  0.05735872346460259  0.06708474360932977
  0.07818146879704700  0.09078957788804609  0.10301590132321922  0.11386645243855652
  0.12413019207222101  0.13400429385676646  0.14444251720750420  0.15604475753955438
  0.16826586242772695  0.18028030102088818  0.19149657018783500  0.20229739262464816
  0.21229140483030068  0.22199630642677723  0.23230292660067800  0.24258797337981808
  0.25178095229807607  0.26080862857951531  0.27052066140055092  0.28120668986368874
  0.29326157936630343  0.30569610898098631  0.31590875478483504  0.32534496210605540
  0.33474375856132560  0.34380639830541992  0.35323909210668286  0.36258763354091045
  0.37324008468958564  0.38665005823083953  0.40143140632397967  0.41576049776735630
  0.42873092257074791  0.44063699277912188  0.45222303674969244  0.46378404514182303
  0.47559592473492052  0.48788549460816644  0.50047359712565753  0.51305221782136767
  0.52596652013056333  0.53862921140992848  0.55073892111790290  0.56243446607870218
  0.57413108754006836  0.58537652026881903  0.59545473401383286  0.60495113180857751
  0.61453636557217894  0.62399107652482977  0.63466167615104485  0.64537260266071805
  0.65583741085811209  0.66688049898625390  0.67848880651508481  0.69062593030629360
  0.70274589693721823  0.71369738004234984  0.72375804461827087  0.73405095881277083
  0.74409702118980880  0.75318327756546410  0.76402034753377979  0.77414437010979964
  0.78198942270554239  0.78965040611342163  0.79720477724493521  0.80610968097262925
  0.81283818792306273  0.81942257406216501  0.82801803552502695  0.83859577873823121
  0.85001229186603688  0.86093889785394639  0.87117665453248572  0.88113344243707348
  0.89233041666044743  0.90490711538913515  0.91636875157013786  0.92542802904900512
  0.93398761015271969  0.94247765910362913  0.95002294179036506  0.95751359603437136
  0.96603649830812410  0.97548715355800031  0.98543967768849539  1.00000000000000000
  0.21533051127668748  0.24293860634908501  0.28087037609203536  0.39288143223842614
  0.45579821194801784  0.46936714559014769  0.50056863434612342  0.54538653746557553
  0.59071111634532891  0.62712726266905450  0.64362726111954438  0.65181522482123577
  0.65638599306002965  0.66063087043908986  0.66504491494772222  0.66922448521397937
  0.67342115078016396  0.67767323163980786  0.68168459744715248  0.68584753103549467
  0.68959860877639156  0.69296870105081410  0.69623533431375617  0.69950101088564021
  0.70274750164716482  0.70573314249578678  0.70900288101057440  0.71254731650141734
  0.71592685767434605  0.71920993533514799  0.72236307918437059  0.72545601987853181
  0.72828235955853660  0.73107907480268985  0.73385334511725830  0.73631263487540011
  0.73848201861981966  0.74134040040479865  0.74477559741763411  0.74775032106576556
  0.75055594346482923  0.75367781450215965  0.75721751532227621  0.76084745918215890
  0.76460111465195590  0.76843069060213332  0.77244532991027959  0.77660574172840835
  0.78062319404694380  0.78463877724857067  0.78869473142535684  0.79272124887554141
  0.79665521590748267  0.80057939495350972  0.80466045653033080  0.80890585515991054
  0.81319698608523483  0.81754376540925155  0.82219059714285092  0.82634377903167711
  0.83046803542576675  0.83425342789193990  0.83769178184708004  0.84119967543029994
  0.84478871762676178  0.84870778805405522  0.85278801956690409  0.85635958771019693
  0.85943977622633294  0.86249998718024556  0.86613924429907385  0.87055490382302048
  0.87520264328217012  0.87998237517678890  0.88479891587456161  0.88947706615275290
  0.89354607543948661  0.89702611338140792  0.90042162075356946  0.90384590437496415
  0.90741821632952613  0.91106432094870160  0.91482548544376041  0.91904569390755486
  0.92379052626650804  0.92873718993868359  0.93461965112664958  0.94184829688967087
  0.94860091858979123  0.95371898896216922  0.95810933863906667  0.96314133551152059
  0.96861373506986692  0.97366229718286490  0.98101133462631684  1.00000000000000000
 -0.04258006894717482  0.17649502095792535  0.21102489827220319  0.23433632624355843
  0.25765205948725184  0.27944243399909713  0.29803795381103854  0.31398746575889491
  0.32843883335505197  0.34238591095233029  0.35698905125552438  0.37085895849658373
  0.38319775382696147  0.39441778313869463  0.40452684524538796  0.41437475412646624
  0.42377665950255433  0.43247326177436651  0.44090510914330494  0.45002469209826229
  0.45872504027374017  0.46699329741073614  0.47555559033745315  0.48301493304272614
  0.48973263076156620  0.49557370857214050  0.50128523323285368  0.50718393595624178
  0.51327674358754460  0.51937370706035935  0.52533776719427727  0.53184300954750208
  0.53922511665102724  0.54649914226195961  0.55352795184940595  0.56037070075622342
  0.56698488612157194  0.57349473827716602  0.58013182212334791  0.58697131336254293
  0.59383614231466086  0.60028785883150260  0.60601843612912321  0.61225168442267519
  0.61797437309415271  0.62349164574424809  0.62924295162862465  0.63532314739701734
  0.64143230430770981  0.64711216421018758  0.65217138110608741  0.65670763210605609
  0.66036435215651512  0.66348083334452290  0.66643976542892625  0.66945408747698298
  0.67260185683259799  0.67584818689769932  0.68035364819525035  0.68460878814068771
  0.68810879908657052  0.69162193817314344  0.69515079325470419  0.69866183723442310
  0.70206032703570886  0.70573449909034369  0.70963137185842395  0.71342252568698661
  0.71730669079233811  0.72163626927322144  0.72539716082881622  0.72886833450213073
  0.73238849636177650  0.73595453756665086  0.73944002183618751  0.74284161535701998
  0.74649371311524082  0.75117909190230747  0.75686621882521499  0.76276125590655952
  0.76812758267629966  0.77126013748718669  0.77501231885402133  0.77908333188542522
  0.78370009437259869  0.78876656184455940  0.79286697841895681  0.79617396800362705
  0.80021946871755978  0.80462073373623533  0.80861646512166241  0.81659528611094634
  0.82952952580152284  0.86318007772810956  0.92731723938557697  1.00000000000000000
   2.7452096122850123E-010  -1.0000000000000000     
 F F F F F F F F F F F F F F F F F F F F F F F F F F F F F F F F F F F F F F F F F F F F F F F F F F F F F F F F F F F F F F F F F F F F F F F F F F F F F F F F F F F F F F F F F F F F F F F F F F F F F F F F F F F F F F F F F F F F F F F F F F F F F F F F
  <DiscreteSampler_grid>
  grouped_processes
  1 # 1 for a reference and 2 for a running grid.
  10 # Attribute 'min_bin_probing_points' of the grid.
  1 # Attribute 'grid_mode' of the grid. 1=='default',2=='initialization'
  0.0000000000000000 # Attribute 'small_contrib_threshold' of the grid.
  0.5000000000000000 # Attribute 'damping_power' of the grid.
 # binID   n_entries weight   weight_sqr   abs_weight
    13   10   8.990973263221345E-002   1.626719797863140E-002   8.990973263221345E-002
    14   10   8.990973263221347E-002   1.626719797863140E-002   8.990973263221347E-002
    16   10   1.213358079929509E-001   2.919913978639543E-002   1.213358079929509E-001
    17   10   1.213358079929508E-001   2.919913978639539E-002   1.213358079929508E-001
  </DiscreteSampler_grid>
