 -0.00216836457340222  0.00853026274127364  0.01806321362082510  0.02841273571049164
  0.03872784240905709  0.05071734270774622  0.06308322636531391  0.07513139308363856
  0.08743440567698046  0.10019825983149001  0.11228343460804918  0.12411901919538669
  0.13552510583560726  0.14632017525942792  0.15623749437967288  0.16598643996753479
  0.17699620286321777  0.18828301614619170  0.19923348215848316  0.20988511983505512
  0.22106061956744505  0.23256862671843515  0.24388797554764474  0.25511570346855095
  0.26632119322990044  0.27733867154548220  0.28825285426551561  0.29902621431678589
  0.30982553572779864  0.32026372188483049  0.33018272607510984  0.34036929290684947
  0.35076753395536137  0.36064175155043465  0.37020170235730077  0.38041748989126589
  0.39127907935523071  0.40184156800436677  0.41187692582278368  0.42176418756863526
  0.43181527257820690  0.44228956164664524  0.45327442700086951  0.46454360271841461
  0.47594254994932117  0.48759023258289630  0.49912661853118662  0.51031735717018434
  0.52177226818322275  0.53357670594656637  0.54491494287261721  0.55549652514577996
  0.56563095948952535  0.57549805398114839  0.58553531555149640  0.59625861773495137
  0.60697529314670040  0.61685855843559156  0.62656694064928342  0.63572752536788024
  0.64459236954827215  0.65357207834216802  0.66300061823823886  0.67283204457282519
  0.68261719449437364  0.69243078320127927  0.70231477786579843  0.71180948290072321
  0.72136800043101379  0.73111899198801700  0.74220024850427624  0.75287644326205139
  0.76267192003490425  0.77218536008366379  0.78215078939913452  0.79238558645680934
  0.80291821215046144  0.81347307490015852  0.82495711582873799  0.83626170267111355
  0.84660620352685290  0.85776063214246434  0.86929515967871607  0.88016492692021842
  0.89064156137500672  0.90144877285181590  0.91248325644815087  0.92373691117021928
  0.93459740699556371  0.94468460778739771  0.95389934517545272  0.96282149291102537
  0.97199292260851922  0.98165829384917402  0.99101006225566890  1.00000000000000000
  0.00000007263548105  0.00000127497032009  0.00000383336910219  0.00000762601533198
  0.00001217072829217  0.00001690073144848  0.00002134678884671  0.00002541455124460
  0.00002892180339943  0.00003190614899189  0.00003415431479077  0.00003554310818993
  0.00003680554675621  0.00003796724842290  0.00003903430727088  0.00004000930680473
  0.00004088320647304  0.00004165141653734  0.00004233980819525  0.00004296850830811
  0.00004354240269400  0.00004406587693723  0.00004454971678364  0.00004497144192717
  0.00004535507606913  0.00004569860192888  0.00004601401324966  0.00004630480558769
  0.00004655786918962  0.00004680474819928  0.00004702253419477  0.00004721004524398
  0.00004738866648320  0.00004756373167832  0.00004773340717618  0.00004787291989237
  0.00004800636834265  0.00004813417658952  0.00004825523783565  0.00004837488607449
  0.00004849151422641  0.00004860215583075  0.00004870372312937  0.00004880293868450
  0.00004890021472201  0.00004899564213988  0.00004909015948620  0.00004918353879620
  0.00004927651277648  0.00004937301368796  0.00004947055295000  0.00004958092679739
  0.00004969517837177  0.00004981162800215  0.00004992877988677  0.00005005101311161
  0.00005017453633926  0.00005030399768700  0.00005044020217699  0.00005060749012620
  0.00005077942547955  0.00005095621203745  0.00005114109481386  0.00005134065846585
  0.00005156298671365  0.00005182902195956  0.00005210471919552  0.00005239682529884
  0.00005276001535520  0.00005314371104204  0.00005358079847317  0.00005406610098001
  0.00005459934909741  0.00005520928093191  0.00005587394009802  0.00005661062582270
  0.00005742550291885  0.00005831554168955  0.00005932384029298  0.00006065098809562
  0.00006239820633786  0.00006441647927086  0.00006668221007052  0.00006925274208187
  0.00007219367110363  0.00007840078312840  0.00008666120410405  0.00009996018584220
  0.00011974146786613  0.00015181764734257  0.00020822431848265  0.00031554471661194
  0.00057073158305912  0.00143034968408915  0.00588755825459590  1.00000000000000000
 -0.00273349191745087  0.01050991604765259  0.02186395006715246  0.03380577771386247
  0.04542293811019994  0.05654964296853951  0.06885456328997779  0.08122645770482700
  0.09285534235193565  0.10366725052427062  0.11387708911802986  0.12413622386276080
  0.13484155047523932  0.14549552844909108  0.15565416553393530  0.16563429248912798
  0.17590142636825290  0.18662144786102616  0.19792224941958328  0.20995185646342504
  0.22276122916577615  0.23535674858464939  0.24685617848890043  0.25778013823919171
  0.26823594102867132  0.27842713482156634  0.28806104134952365  0.29777902672434597
  0.30793799485806445  0.31837261596741995  0.32872026433316082  0.33881567995048328
  0.34873211297443962  0.35838812800084374  0.36749346140675410  0.37635973379141491
  0.38536075330478475  0.39497261644505444  0.40518064514075569  0.41558505748162866
  0.42612224801411414  0.43725071531909210  0.44899015668695741  0.46030058909691696
  0.47070553438708185  0.48100869818194059  0.49161298670889458  0.50186914122843662
  0.51116510640411095  0.52040562878877161  0.53029978899250951  0.54072249146001439
  0.55134000323501964  0.56236409424664058  0.57386258507428634  0.58553985619218074
  0.59693553916571951  0.60790646931240222  0.61886968153319888  0.63026508552308136
  0.64182812728926208  0.65236660766590238  0.66204486833342824  0.67212888746271182
  0.68265225939499508  0.69272617474267928  0.70173629178330943  0.71035042602177068
  0.71925903239778977  0.72858918396034800  0.73851953626021549  0.74766678578504675
  0.75878583372243202  0.77025054314781238  0.78190297487694627  0.79381196704586010
  0.80577885241689962  0.81746854370406719  0.82884223054664563  0.84027901415938167
  0.85178296686757671  0.86271500309171789  0.87328235613674210  0.88415854387112514
  0.89481577874471163  0.90465405356218753  0.91392191494823383  0.92331302561491835
  0.93284921134624343  0.94258403357470655  0.95217446293879149  0.96158770632331525
  0.97108029074465751  0.98068909040150720  0.99034175212726083  1.00000000000000000
 -0.00242488253968858  0.00944318102786644  0.01986125379384789  0.03022799882465063
  0.04072814893566575  0.05046307473556494  0.06029084154558473  0.07263711700289441
  0.08446984710911952  0.09591418576203270  0.10704234956808509  0.11833127664040928
  0.12956928310839835  0.14096218591996790  0.15147058412743403  0.16116924032149066
  0.17093429588511966  0.18104074944586021  0.19153062343740310  0.20204574295295391
  0.21334706396885211  0.22516756479171524  0.23599070251695578  0.24597809459047104
  0.25603395973442378  0.26629714882766814  0.27637351525422865  0.28561050841309987
  0.29565245102208038  0.30678008660739481  0.31734050993678503  0.32716947927253187
  0.33672920368193326  0.34637713098339434  0.35610388860472858  0.36563147885005154
  0.37511070654683287  0.38490251814414705  0.39476781283203660  0.40485200187449949
  0.41532638426693819  0.42579775598090308  0.43625561607815361  0.44663463915209023
  0.45710319998852711  0.46780895144136253  0.47840313366591342  0.48913999288648813
  0.49977398399376005  0.51043519079545374  0.52091633673475846  0.53119296080266565
  0.54183761785469231  0.55327113650564619  0.56424320690499608  0.57395450438866702
  0.58335296340539777  0.59255248944999983  0.60206818626790781  0.61105421579942365
  0.61981629580011299  0.62853088885848352  0.63943980119961685  0.64955423922429756
  0.65926495549056474  0.66897945330210595  0.67841762935012284  0.68784871654313307
  0.69697008547957573  0.70601032869732205  0.71539322338971845  0.72475604464374210
  0.73504832605669257  0.74547105191481944  0.75583737591827094  0.76648053523572635
  0.77859402134433031  0.79176010183819090  0.80489786293617693  0.81610532836951588
  0.82599213122163195  0.83589721887620438  0.84614797817636334  0.85647520888034800
  0.86662223187629950  0.87707877958292113  0.88786993435274397  0.89885505691113077
  0.91034022408264093  0.92244577769008762  0.93500590297251374  0.94791504733617749
  0.96108669893417698  0.97434535982778314  0.98741211029038567  1.00000000000000000
 -0.00240140858103382  0.00834690535645754  0.01790125810802996  0.02744103771370184
  0.03711635787119066  0.04696733872611485  0.05737177840704102  0.06814003112426838
  0.07908899427003689  0.08931137005429501  0.09933724688289011  0.10905505929548366
  0.11873882882087290  0.12892651732078492  0.13909370352399997  0.14882656522050131
  0.15781079274431015  0.16697153191651948  0.17694343861570591  0.18731764956414082
  0.19752753979417503  0.20788015688012146  0.21875320346925564  0.22959471090250660
  0.23956865839332875  0.24942720103686603  0.25951469967559165  0.26943421973226833
  0.28047012743031274  0.29118074630757329  0.30303005334388522  0.31475133190228255
  0.32768955419090234  0.34036048904190186  0.35296778675524365  0.36526684030830053
  0.37747846164724869  0.38872345699977379  0.39991396966050602  0.41122299070978263
  0.42322229809720496  0.43588818234851201  0.44898441680074447  0.46203723267186309
  0.47493515401093711  0.48785971173752068  0.50096979273754061  0.51399274351056046
  0.52632863514150396  0.53849644226146620  0.55045326996093979  0.56289543222527927
  0.57513639040809506  0.58671193704632185  0.59807055257770814  0.60953706339084357
  0.62097443112128947  0.63237619229221065  0.64344215879177569  0.65434165691134294
  0.66525316161449177  0.67636764227923596  0.68750614073762328  0.69884498348860136
  0.71014006053072720  0.72098617335214876  0.73147213955924806  0.74142115028637501
  0.75109361216115655  0.76028380784185334  0.76938548162981180  0.77866721258513993
  0.78797406283821092  0.79732312299917885  0.80660244081720645  0.81601313184220026
  0.82555555995573471  0.83551226614068230  0.84563248403347080  0.85533717803657139
  0.86496870909400236  0.87473460943550929  0.88461565320863778  0.89504652822467512
  0.90461591634393512  0.91451752123285590  0.92287654281784182  0.93115428404323053
  0.93980157051416569  0.94873734960214340  0.95791546210531131  0.96652676607756349
  0.97441698239274765  0.98263520009890215  0.99116983083913113  1.00000000000000000
 -0.00248606322561854  0.00959916681500565  0.01923607808275247  0.02938450158655620
  0.03915894389526006  0.04920129135549864  0.05896844990849309  0.06970274910660482
  0.08052239332985106  0.09192742498454363  0.10325055417000145  0.11500212790781469
  0.12595817548590699  0.13590095451706749  0.14597131809397099  0.15634910624437706
  0.16637040049959195  0.17646864508583932  0.18713050163363693  0.19925119042018763
  0.21105132844213853  0.22183253808671491  0.23232632788784693  0.24223398763122031
  0.25345538005687895  0.26592249520364747  0.27772135797429121  0.28907939442972291
  0.30017139880613342  0.31064493816832894  0.32050631098733662  0.33035483482494205
  0.34088739632208320  0.35145100813129065  0.36164384372450120  0.37142719483651143
  0.38195559400752638  0.39296771906457212  0.40543214844123593  0.41750425304549554
  0.42874988112343942  0.44031746072919475  0.45154599291129482  0.46208510343127113
  0.47199815271269224  0.48215380671733959  0.49285017376476953  0.50409627525977041
  0.51538290213176863  0.52597824911242419  0.53596533546503067  0.54584309264725650
  0.55632970279973248  0.56629891824885892  0.57584837586215543  0.58561123549991012
  0.59545652086883649  0.60541035861717840  0.61493680471665990  0.62470571958898324
  0.63532135377245313  0.64585485175087787  0.65599075907194460  0.66597520458852055
  0.67596420339963970  0.68574689888964480  0.69559394979232114  0.70526244396135096
  0.71502177212785467  0.72490980629121227  0.73510314450512682  0.74598152685729924
  0.75678805466225196  0.76726713521694812  0.77745642260217052  0.78735589778007553
  0.79730927511035909  0.80699278154021215  0.81680811795004549  0.82625426241324962
  0.83575008003907947  0.84561549239831435  0.85551539290235756  0.86584575948166076
  0.87685076744228074  0.88885826812036073  0.90049548547591551  0.91108140926736203
  0.92153612543163099  0.93181599886705735  0.94236481476926814  0.95323382938853407
  0.96464556376979305  0.97700078116972799  0.98844060761609776  1.00000000000000000
 -0.00231117346143897  0.01038078590800227  0.02046913361639355  0.03069854828537449
  0.04156978753618817  0.05340222695864853  0.06590942508739769  0.07890435856775238
  0.09135680121080259  0.10335539232891265  0.11556051110157710  0.12723913921192515
  0.13800383820216622  0.14861969672264674  0.15919321410336759  0.16939762070273190
  0.17931996141285447  0.18916985436403017  0.19918286996454032  0.20900815486984431
  0.21850986715814757  0.22768686007114439  0.23648079892969451  0.24525688092562670
  0.25405885264257866  0.26344789004095243  0.27279765101104680  0.28187472530350732
  0.29089900577788502  0.29995890808303388  0.30901362305914165  0.31804056871537295
  0.32622095625662412  0.33420650588579320  0.34229887232639494  0.35074237290901578
  0.35925432660041157  0.36809743770082659  0.37697469630221048  0.38614624043130419
  0.39521205708442669  0.40442757597938267  0.41353081788511498  0.42267918006264177
  0.43158536294403244  0.44047199776172008  0.44967356657166158  0.45903701803096369
  0.46862145986857395  0.47851607313149186  0.48892202978094151  0.49990277328541477
  0.51084758150934362  0.52204585960313576  0.53133030815007531  0.54139594644566114
  0.55164924894589518  0.56205879347313026  0.57180000268187781  0.58120829872689361
  0.59064909885178329  0.60037338296229270  0.61045461888727426  0.62079489014720102
  0.63153148382070445  0.64254404329919868  0.65353465202176586  0.66447557570625282
  0.67565921566384979  0.68716836700656070  0.69853341037522776  0.70926072660717743
  0.72114254401737565  0.73217867665890601  0.74333018608706136  0.75431260760317220
  0.76512364135016464  0.77606137750982340  0.78666185720174753  0.79688719485787651
  0.80695317571460445  0.81799158911488790  0.82937736997008871  0.84118510814921987
  0.85332176624537637  0.86677047270327467  0.88057898806538581  0.89466364468629811
  0.90729008803990485  0.92015897277138425  0.93281129311923261  0.94602952022800868
  0.95960851097264432  0.97424974527877273  0.98731325477214371  1.00000000000000000
 -0.00206102546775940  0.00828438911054758  0.01702290560387399  0.02660632977456032
  0.03668976081400332  0.04688537183912707  0.05748848928529782  0.06829261358546238
  0.07911059619225008  0.08981543766779639  0.10053125820202213  0.11094785105999561
  0.12087968090076009  0.13107779217046628  0.14151474402536809  0.15187052562003925
  0.16229799861547206  0.17309563775762976  0.18415531405938726  0.19498334143904850
  0.20527412688181432  0.21504363365159065  0.22423850905031231  0.23417327818243130
  0.24463353145824851  0.25515383800819080  0.26550950135190571  0.27613818771988174
  0.28713810970034481  0.29810389162311018  0.30900295571024422  0.31974379298293149
  0.33051661153857542  0.34092531603923615  0.35110498878119462  0.36094443232592754
  0.37044831727835376  0.38045368728683598  0.39017591531775953  0.39976796130067072
  0.40956446120306256  0.41971171221633441  0.43010485630604400  0.44025448887866453
  0.45050355695486283  0.46110602855644750  0.47223885583944258  0.48384102951484620
  0.49578019590736117  0.50766088721880676  0.51941256902555077  0.53048689512585023
  0.54132956179169778  0.55226786138077510  0.56295199384711425  0.57336637200386165
  0.58372684086423765  0.59431344177730472  0.60505980960884498  0.61465495589226204
  0.62476299362300713  0.63463608491750678  0.64495497560451553  0.65511476559895909
  0.66581173698191987  0.67731253849179685  0.68929001352678432  0.70125582034275791
  0.71305728219386899  0.72584340426082650  0.73674032822545077  0.74706058993737079
  0.75764098475523567  0.76851741739092239  0.77864360183589365  0.78858597363692073
  0.79923239699834325  0.81033029373734822  0.82115976091846588  0.83148255567754781
  0.84231682570258015  0.85315204848548576  0.86392927211185278  0.87427624939814697
  0.88509473022663432  0.89604732474783466  0.90709880051767244  0.91818704721008437
  0.92916764779692085  0.94004936347927259  0.95101408899645046  0.96195892557013674
  0.97233365197975075  0.98232264483488241  0.99126025291415809  1.00000000000000000
  0.19829031211048911  0.42704098310813315  0.52698344784073359  0.58480441480845868
  0.61760523328972550  0.63499362086158007  0.64476179567447245  0.65124066197727359
  0.65628699676688629  0.66098143999073111  0.66544010856449431  0.66962460213729591
  0.67348259851957182  0.67718659650038193  0.68065244546757875  0.68410479550554637
  0.68748951854246299  0.69084525624798254  0.69418849398981652  0.69754408080087105
  0.70090305420900711  0.70413777702445657  0.70718182078850234  0.71017050859991160
  0.71313604188561119  0.71605672756002503  0.71888966729228609  0.72179643493512691
  0.72472681541521133  0.72773691055914003  0.73074777157522364  0.73369287668876937
  0.73656826554909183  0.73937444540790043  0.74219651888522831  0.74512286188446852
  0.74808155841948543  0.75107795670421185  0.75416289510984202  0.75723248362104700
  0.76044140395794046  0.76361889662935889  0.76681696072827377  0.76998496410186223
  0.77303985087824556  0.77599424249383375  0.77894170739119883  0.78201580832766060
  0.78519373348821020  0.78832851254324754  0.79146692837178056  0.79469982065420219
  0.79790380506116021  0.80124211958613356  0.80451976151963545  0.80766060001289819
  0.81085896183743533  0.81392073164483103  0.81685235674486956  0.81987814934050884
  0.82296785053810373  0.82606737547950737  0.82919200872776377  0.83225849086651726
  0.83540386290009794  0.83876250825042997  0.84223012957530852  0.84588140668532374
  0.84978361717624140  0.85382519575636207  0.85786245570052111  0.86178462283634327
  0.86558814784237192  0.86944542775169820  0.87332564009980429  0.87755269461332253
  0.88188504841574378  0.88622366265871422  0.89048528577150809  0.89475110181754425
  0.89909868870229348  0.90363342013133996  0.90829944960586251  0.91296358751538287
  0.91766464733675657  0.92272895711312930  0.92780998784688407  0.93313561712088289
  0.93846149597457051  0.94475155114794906  0.95085865054672913  0.95731258143908848
  0.96459239668221530  0.97298766309981599  0.98342430337750464  1.00000000000000000
 -0.02299953964134501  0.13786200623357306  0.17936961982324331  0.20538810274986968
  0.22695522719784517  0.24622865107876288  0.26516192412758949  0.28287742352977335
  0.29761110568282406  0.31117567801083257  0.32321414060125264  0.33467525941158061
  0.34581615680665834  0.35677242626130851  0.36744804642066081  0.37819345773467056
  0.38903297279449151  0.39971346799531049  0.41010137648728984  0.42001807108815092
  0.42939788560814102  0.43803792944463693  0.44595688978437920  0.45378352406542644
  0.46146162036341620  0.46880157231701075  0.47597866413190559  0.48290611872180739
  0.48949244153198290  0.49579629804267900  0.50200222132905858  0.50830287404100372
  0.51488972594628735  0.52173500002016948  0.52882530695817542  0.53589290573838599
  0.54261593150242937  0.54916503737462208  0.55535632547410785  0.56154555904615799
  0.56784716615886721  0.57436248034411430  0.58074605361606657  0.58664128269321680
  0.59234910077648706  0.59803894012635461  0.60386371213935508  0.60982475128856539
  0.61589846417530625  0.62205046672553255  0.62816108767640177  0.63413390337692754
  0.64019382735154151  0.64610440282898696  0.65181695763278391  0.65741978015563463
  0.66296733873414238  0.66845893182885119  0.67390258949757798  0.67935925320147250
  0.68484257924562908  0.69021895669276789  0.69544335475995400  0.70062929311569588
  0.70579508388769441  0.71084183492691211  0.71589708231542115  0.72098260504815292
  0.72624839007258746  0.73160675045840606  0.73706770277460754  0.74258240163168221
  0.74803970751718196  0.75346348298501853  0.75895884638114974  0.76449012680588035
  0.77002791041590446  0.77553030097573183  0.78083167535551401  0.78619339199333649
  0.79184439034310661  0.79807612813553197  0.80480857592093180  0.81190347194738133
  0.81933341265209192  0.82694427515720292  0.83462084972202766  0.84270053282490986
  0.85125730744905614  0.85958887869533995  0.86821669067666041  0.87761536044989275
  0.88796065837879778  0.89961385133081950  0.91772796709099935  1.00000000000000000
   2.2839187323817775E-012  -1.0000000000000000     
 F F F F F F F F F F F F F F F F F F F F F F F F F F F F F F F F F F F F F F F F F F F F F F F F F F F F F F F F F F F F F F F F F F F F F F F F F F F F F F F F F F F F F F F F F F F F F F F F F F F F F F F F F F F F F F F F F F F F F F F F F F F F F F F F
  <DiscreteSampler_grid>
  grouped_processes
  1 # 1 for a reference and 2 for a running grid.
  10 # Attribute 'min_bin_probing_points' of the grid.
  1 # Attribute 'grid_mode' of the grid. 1=='default',2=='initialization'
  0.0000000000000000 # Attribute 'small_contrib_threshold' of the grid.
  0.5000000000000000 # Attribute 'damping_power' of the grid.
 # binID   n_entries weight   weight_sqr   abs_weight
    13   10   1.196423243854895E-001   1.250573685419894E-001   1.196423243854895E-001
    14   10   1.196423243854896E-001   1.250573685419897E-001   1.196423243854896E-001
    16   10   1.621678693736722E-001   2.313295015292320E-001   1.621678693736722E-001
    17   10   1.621678693736724E-001   2.313295015292325E-001   1.621678693736724E-001
  </DiscreteSampler_grid>
