  0.00007132047049541  0.00007292776952699  0.00007499733256767  0.00007717640616216
  0.00007967926261222  0.00008262749813896  0.00008601138973191  0.00008952879663001
  0.00009187394140608  0.00009239575871744  0.00009249634650453  0.00009253258871969
  0.00009255041016120  0.00009256078534628  0.00009256749253408  0.00009257171603796
  0.00009257493954033  0.00009257757327573  0.00009257937905814  0.00009258096950744
  0.00009258227746148  0.00009258334347451  0.00009258417493379  0.00009258494385444
  0.00009258566708834  0.00009258630210890  0.00009258691389432  0.00009258745466859
  0.00009258796792545  0.00009258847421479  0.00009258897028390  0.00009258946653803
  0.00009258998145745  0.00009259049637686  0.00009259107830250  0.00009259168867891
  0.00009259237863236  0.00009259311335784  0.00009259394858613  0.00009259486956948
  0.00009259594124646  0.00009259752192225  0.00009259929432413  0.00009260153049907
  0.00009260455239350  0.00009260839366833  0.00009261317144425  0.00009261971008833
  0.00009263210570546  0.00009265512460549  0.00009269834911963  0.00009283353025295
  0.00009366690757458  0.00009653850977251  0.00010200284085905  0.00010978079508333
  0.00011909688951056  0.00013061878588015  0.00014493855355364  0.00016336817774001
  0.00018750609914428  0.00021784181988669  0.00025400884110984  0.00029699289019459
  0.00034719321007490  0.00040919493960608  0.00047929017204677  0.00055580833587980
  0.00064103152191941  0.00073896818060183  0.00084644094499352  0.00096401362661599
  0.00109996063169350  0.00126094626319551  0.00144061797647833  0.00164158333550967
  0.00185016564701610  0.00205653862598584  0.00227419375537888  0.00251603023596289
  0.00278233705970869  0.00306059768123916  0.00334454622147430  0.00361718943068127
  0.00387923257084946  0.00419787711733093  0.00454494694931914  0.00488577774703972
  0.00526402007490343  0.00572422716980328  0.00637643208211144  0.00734089548533609
  0.00901196067153233  0.01217994188561273  0.30888380287567541  1.00000000000000000
 -0.00000025893634668  0.00000817425464517  0.00002648957765229  0.00003509301397766
  0.00003868525160067  0.00004082032200337  0.00004240623130158  0.00004361144499327
  0.00004451492688682  0.00004515214128566  0.00004557976043254  0.00004591195798760
  0.00004619353062166  0.00004645397606490  0.00004669631163456  0.00004690832510338
  0.00004708692715309  0.00004723720523606  0.00004736784188546  0.00004748701497565
  0.00004760102463426  0.00004770825715719  0.00004780921961516  0.00004790568636136
  0.00004799792499742  0.00004808547007853  0.00004816760697647  0.00004824518787955
  0.00004832190050983  0.00004839147693375  0.00004844879491987  0.00004850583189921
  0.00004856348830467  0.00004861891942712  0.00004867230853940  0.00004872419867382
  0.00004877431077213  0.00004882080240539  0.00004886391785616  0.00004890638495264
  0.00004894986719726  0.00004899417999322  0.00004904004253998  0.00004908982337639
  0.00004914604829238  0.00004919932897906  0.00004925003977875  0.00004929959798948
  0.00004934959404494  0.00004940058031861  0.00004945118696599  0.00004950244539001
  0.00004955569296797  0.00004961253221412  0.00004967161144975  0.00004973280764561
  0.00004979578006131  0.00004985739579607  0.00004991616014145  0.00004997562610876
  0.00005003984402568  0.00005010393156314  0.00005016512299608  0.00005023130132847
  0.00005030274890828  0.00005037554926212  0.00005045590500432  0.00005054452155980
  0.00005064890395947  0.00005077378801381  0.00005090144517335  0.00005103081716646
  0.00005115961248029  0.00005129706422170  0.00005144249943756  0.00005160197016100
  0.00005179069698646  0.00005202031032143  0.00005230025141806  0.00005261900938796
  0.00005297776619045  0.00005339760995109  0.00005390120979558  0.00005454863641783
  0.00005540629243934  0.00005666264055064  0.00005847908168344  0.00006096618640727
  0.00006466416313453  0.00007136684780094  0.00008718573364482  0.00013861782318468
  0.00032488923316709  0.00121539855208425  0.60391782759622969  1.00000000000000000
  0.00000013098204202  0.00000199209109154  0.00000354487783537  0.00000550327041258
  0.00000802838364668  0.00001058446399219  0.00001342642454473  0.00001660035146481
  0.00001975181064654  0.00002292887917294  0.00002595395513280  0.00002880115710557
  0.00003134741201401  0.00003398567860736  0.00003622331819703  0.00003833285406441
  0.00004047085356732  0.00004257528141598  0.00004448785603375  0.00004668024442770
  0.00004912183243538  0.00005154915160696  0.00005406247336734  0.00005671764573202
  0.00005978110591482  0.00006285933614646  0.00006586136980902  0.00006888277898025
  0.00007220008289430  0.00007583755090440  0.00007962372072749  0.00008365022390406
  0.00008799549324888  0.00009239872707817  0.00009685178711643  0.00010136574445174
  0.00010604459395146  0.00011112752302627  0.00011658957348148  0.00012237577002897
  0.00012849030943272  0.00013482279205951  0.00014156556735432  0.00014940059315722
  0.00015824026775576  0.00016740876172442  0.00017672258813711  0.00018506448254943
  0.00019399367312574  0.00020362914150718  0.00021482915888346  0.00022784092989757
  0.00024226160993375  0.00025728197127275  0.00027204198953210  0.00028557481041153
  0.00029754777492655  0.00031005354527765  0.00032388667967589  0.00033816887779018
  0.00035401473643726  0.00037507585677621  0.00040148379698262  0.00042967687741329
  0.00045813536864846  0.00048651676322202  0.00051552930876407  0.00054685678389517
  0.00056994565124075  0.00059701297811197  0.00062549543344045  0.00065954822483668
  0.00069902223607972  0.00074190079961396  0.00078711469385067  0.00083685288001705
  0.00088200470642263  0.00093286536070331  0.00098311017915751  0.00103456770812861
  0.00108948719585945  0.00114601232558158  0.00121681008359985  0.00131045068097602
  0.00142336110361939  0.00155453253855000  0.00171323486909771  0.00190578052940355
  0.00205267894239932  0.00219957735539510  0.00234647576839088  0.00522977430607757
  0.00834976491306399  0.01146975552005041  0.49975068256496835  1.00000000000000000
 -0.00171373620117594  0.00684953458593315  0.01615485678774267  0.02525882107240334
  0.03233165326689398  0.03902691443300336  0.04624145482197463  0.05485005048951559
  0.06352639840354531  0.07119377749523971  0.07801391418922357  0.08575361862074542
  0.09432828464432155  0.10287306539693637  0.11150799385832046  0.12006869757716965
  0.12895661733275979  0.13844987834783345  0.14815497173653333  0.15764778118124254
  0.16628687253068605  0.17458785180221228  0.18313029115531063  0.19106149471994424
  0.19804301668054808  0.20582403680595332  0.21386023645325716  0.22225111673037007
  0.23098676663808385  0.24037000233889727  0.25078944418759203  0.26100402887338287
  0.26954321895592603  0.27734877990631823  0.28591403365927198  0.29418196651809808
  0.30229661961285098  0.31195941339097988  0.32239137261537498  0.33242696985006764
  0.34183230142926202  0.35075452399509555  0.36018423129175803  0.37094143857591361
  0.38204065094892220  0.39353232731435295  0.40518511533477736  0.41592191462505274
  0.42578290925095907  0.43554715391517629  0.44536658525790451  0.45551257782519067
  0.46609097965637986  0.47603464450631883  0.48570485878522784  0.49512210813684460
  0.50442350047162010  0.51281660700435039  0.52254365560072313  0.53345705700216417
  0.54534266057390324  0.55708694920254775  0.56873965129971193  0.58023687696664639
  0.59190981877527027  0.60329932372328210  0.61412903764851390  0.62543813741340315
  0.63659001741934451  0.64825509675162651  0.66085804443410745  0.67392870451283704
  0.68772067409893756  0.70193503909853816  0.71600789571400614  0.72929178124988769
  0.74134179304857928  0.75286191580524553  0.76466051584708705  0.77648848278810312
  0.78805726791883768  0.80014886311180378  0.81316752326181463  0.82689554502301221
  0.84088647444989040  0.85542051815405529  0.87046509373203862  0.88466993372481839
  0.89780249994621919  0.91091682008666841  0.92455936392186211  0.93867324542125141
  0.95330677316793377  0.96855124449203389  0.98422187029800301  1.00000000000000000
 -0.00176783783905437  0.00754679091300546  0.01734374108566508  0.02955063243716520
  0.03798472674931024  0.04672344182764520  0.05679004020280581  0.06687759569206242
  0.07792487089016613  0.08949930923462976  0.10159496292146160  0.11447960215943849
  0.12695209839582539  0.13839680206279162  0.14949128585103524  0.16016593176025701
  0.16995858494557950  0.17739668383147178  0.18438540226857880  0.19253660817492213
  0.20255467943902586  0.21464182853245328  0.22734807789454875  0.23902220392106160
  0.24917758502625578  0.25850486556378105  0.26834340069571405  0.27891303598676709
  0.29040756077168106  0.30192594591401578  0.31291982609601621  0.32365675690548962
  0.33502298546234888  0.34584113585081372  0.35608121675701659  0.36597288791413174
  0.37579972917342286  0.38565497001033477  0.39624140616927273  0.40669997545323561
  0.41670765369630419  0.42667983528399750  0.43664893219259521  0.44645181450607080
  0.45620637665558950  0.46595259801811356  0.47531251817990627  0.48463493246147193
  0.49461405769594791  0.50545680528662940  0.51645661855392255  0.52693843039070154
  0.53712370634179429  0.54712237858825452  0.55682154931487271  0.56737660939839474
  0.57794618475922155  0.58765353282799082  0.59751142749970920  0.60805292071106021
  0.61955036862049018  0.63111183660061221  0.64165496936473365  0.65126858605857041
  0.66063843552933754  0.67050660442674270  0.68166402188579722  0.69304333247026129
  0.70463242996111730  0.71627093520408347  0.72768047486701160  0.73905472651433812
  0.75036327096376543  0.76181848269670394  0.77336404814174486  0.78467327167190215
  0.79580283009545827  0.80661470186098960  0.81755277445483920  0.82845268827311458
  0.83933559715332595  0.85023799916576626  0.86132834474664988  0.87249198005835116
  0.88378543233812135  0.89518464945421095  0.90668810908208175  0.91760463233397871
  0.92883239715254939  0.93974523736777626  0.94983738512171045  0.95901451559403772
  0.96806170964851668  0.97739250817249013  0.98689803005923815  1.00000000000000000
 -0.00193706575287079  0.00686793450044824  0.01664602265409288  0.02668021800296531
  0.03692037210040236  0.04687153247543799  0.05648818672534490  0.06665839685151105
  0.07747481325635737  0.08762338289495294  0.09776488321133206  0.10871717740627744
  0.11926042234605816  0.12936770727298516  0.13959637164141411  0.15035534571473547
  0.16314752217008124  0.17522501197277962  0.18579450975845466  0.19619916228075324
  0.20623225331847719  0.21601009697590248  0.22647021411694052  0.23756742083322260
  0.24988695647182119  0.26308574283688940  0.27704875894525838  0.29185290799718827
  0.30654201740551362  0.31908666627539184  0.32978242661001711  0.34014628524401586
  0.35284084569831603  0.36570064776061367  0.37691220042884893  0.38816640377809497
  0.40036059985370714  0.41308326130117179  0.42487445766920512  0.43539059979450750
  0.44603367338125938  0.45743832336951951  0.46873316488970934  0.48045669744561254
  0.49263221463194384  0.50482340712625418  0.51657521119346916  0.52826718943376794
  0.53922431954924344  0.54912101962964432  0.55854212989459751  0.57004187734629574
  0.58307928821017452  0.59603114270643109  0.60809555338761989  0.61981238433575070
  0.63120813815642551  0.64309382728582931  0.65563324851257221  0.66765251473357767
  0.67952523436349044  0.69172574073945203  0.70409520921246183  0.71577658129336785
  0.72655141408537827  0.73675840154475136  0.74626548010914751  0.75669631489727229
  0.76800557078370724  0.77820890517088814  0.78842674742792618  0.79777777630803748
  0.80660740976259171  0.81533025507438339  0.82463791112842344  0.83464878831031053
  0.84492320286904943  0.85462774638088235  0.86380583176007586  0.87280938954999943
  0.88103299144150193  0.88845539777509563  0.89623024223146064  0.90381978767178561
  0.91063577729035095  0.91820965145847677  0.92656214411510796  0.93511278881426241
  0.94400132674372195  0.95338089247270152  0.96276244412691292  0.97141663444597459
  0.97932419873040777  0.98678798141210367  0.99356322744585091  1.00000000000000000
 -0.00290979485056384  0.01018591248283310  0.02091041720619174  0.03223700831041491
  0.04190468539469461  0.05071836125875334  0.06091754604890010  0.07080688549959810
  0.08378566957707710  0.09585765945177802  0.10684168977587133  0.11740551437436451
  0.12787836142171358  0.13874408373623981  0.15020522961456115  0.16190239127584921
  0.17353414840061757  0.18509238407871617  0.19680792704983890  0.20884746580522781
  0.22069845633615834  0.23144321983663640  0.24122704208569218  0.25093700085143283
  0.26099036141896698  0.27101935189006815  0.28052842525888960  0.28994552824184744
  0.29943394574887455  0.30912067496281903  0.31922299403263660  0.32960435858727721
  0.34024060445959509  0.35084243276538840  0.36062577235517068  0.37035625124648325
  0.38103326761308753  0.39196036298610226  0.40199646600732214  0.41148470957938454
  0.42210480284259216  0.43394056473990811  0.44559964494857524  0.45681107359292938
  0.46719154366228588  0.47708193544166577  0.48663455643750692  0.49672702869949198
  0.50770634547192439  0.51855542008468891  0.52905806575995473  0.53972802307199252
  0.55058239078791871  0.56140110954762767  0.57266650367667504  0.58448329540706023
  0.59632050002185288  0.60733864834682294  0.61651683483181074  0.62461162888966004
  0.63228679180527692  0.64167155744965687  0.64912433203891551  0.65625403009665639
  0.66596906461132122  0.67735588853060624  0.68953029009413369  0.70209757352010926
  0.71453123594851942  0.72655418832296825  0.73842145862253528  0.75004992995482278
  0.76141932178305349  0.77235234499942296  0.78240447473305297  0.79154704462748848
  0.80104474053108765  0.80980327930072427  0.81942364209342522  0.83023715949062415
  0.84159224652226383  0.85216560157330568  0.86237520452302618  0.87245625764101975
  0.88296876569858784  0.89370334713195276  0.90484308144184022  0.91679730802536041
  0.92894779470249411  0.93875423914960443  0.94795840313321100  0.95725191824202516
  0.96696975984588474  0.97766186994796667  0.98879833154521080  1.00000000000000000
 -0.00242600704937042  0.00931848527267242  0.02003619703040169  0.03194320148920996
  0.04258837072029158  0.05300241974656821  0.06312981001172897  0.07323468763137249
  0.08394901356665312  0.09514174535786500  0.10689640884236774  0.11914980333461606
  0.13128813916803567  0.14189981209955227  0.15188625071692402  0.16141359798425930
  0.17074153295311209  0.18082063514502428  0.19085511357897453  0.20097514816506337
  0.21157208858449347  0.22303080128046676  0.23457369693917929  0.24520583498957324
  0.25499898392029785  0.26493731960387801  0.27452184119393996  0.28269413495333079
  0.29236817298267498  0.30089328749386274  0.31043324373276843  0.32198380043666214
  0.33348463218301372  0.34505317837234356  0.35635770757334967  0.36731027320837500
  0.37823392572116382  0.38924686748845311  0.40019215839352035  0.41172597836841757
  0.42315041445661788  0.43416105092388596  0.44498223950475196  0.45584260113345770
  0.46675566409893893  0.47785240807477186  0.48910077701321286  0.50062656343133394
  0.51241092981367931  0.52437920015083572  0.53625886423542801  0.54776046366161046
  0.55911801427441155  0.57064218926052479  0.58220940158931067  0.59349807384367648
  0.60438411920721102  0.61512049926184165  0.62579945551521365  0.63682692165936827
  0.64809257694759281  0.65998878499457692  0.67112599482926516  0.68052817987877179
  0.69025011506676770  0.70035693284997647  0.70949720082521084  0.71792417546234266
  0.72682512407282707  0.73746967593110213  0.74920172915525529  0.75980147199482562
  0.76950552721011134  0.77927707036107763  0.78876115401303493  0.79898196027516821
  0.80959066387794609  0.81928001282005480  0.82869958384565745  0.83873187421438833
  0.84904649492394646  0.85983346189525856  0.87143270978102894  0.88338395678714565
  0.89485637796741324  0.90518940182632746  0.91466877319802986  0.92418593569610263
  0.93437081197891247  0.94463575788611853  0.95421954258994990  0.96343352242609681
  0.97176612119608841  0.98036748226809911  0.98992349098700161  1.00000000000000000
  0.01893624831617888  0.21559434116667830  0.39564571578087127  0.55586609774254858
  0.62395727165225678  0.64140372354013497  0.64980092224202690  0.65592357431811166
  0.66054809037108109  0.66454005448920817  0.66823931304332562  0.67166309244699662
  0.67470981004189290  0.67773395670569048  0.68074933000468385  0.68372339343151367
  0.68701679277675254  0.69038966472014085  0.69329142046599235  0.69629909273823576
  0.69962048177839475  0.70287885736717015  0.70592551836001771  0.70883536059707475
  0.71172664453867107  0.71472090160859880  0.71769589910057452  0.72063702094738158
  0.72354461889203525  0.72648627836516366  0.72955114729029202  0.73267976944018853
  0.73578553470925034  0.73877806853134131  0.74168835819029577  0.74460227617958441
  0.74762970552468588  0.75078692698949101  0.75397250856605968  0.75702245524070888
  0.76008622433124040  0.76315704654849525  0.76636411667151039  0.76970980120171273
  0.77258971641537577  0.77560752744845074  0.77882508999756994  0.78202794548576160
  0.78517504444368325  0.78835106474527583  0.79161013145410963  0.79494174863436318
  0.79830245583873549  0.80175363814334266  0.80543925890692625  0.80886763016015539
  0.81238310435716277  0.81569919357240661  0.81880321646268051  0.82176084111488013
  0.82443369500173502  0.82749169146255463  0.83055455724557359  0.83373899397314999
  0.83677128818347724  0.84052643182001885  0.84444516705456629  0.84850606049897770
  0.85253668027807394  0.85654280550897799  0.86061330962454974  0.86465758794927405
  0.86831952769347720  0.87151961993131710  0.87455720053415875  0.87776179916542629
  0.88143587120836620  0.88529910836640691  0.88905012254054738  0.89292518873271232
  0.89702873801819871  0.90148564383169139  0.90596203916068574  0.91047126575412662
  0.91527075493682752  0.92019100289383426  0.92525939304175053  0.93074559338364427
  0.93676542324420076  0.94284112151498711  0.94853189727944009  0.95452097517181755
  0.96115221024669750  0.96847068138648174  0.97908499690963824  1.00000000000000000
 -0.04105999588604750  0.16899543348512519  0.24293963089267054  0.27141064894356648
  0.29188949715174517  0.30909728209363169  0.32281006263712264  0.33170882367994919
  0.33960286626468089  0.35041700959241273  0.36200360666554426  0.37376624926010471
  0.38579160790268147  0.39718184986675931  0.40728010181311253  0.41670312510400975
  0.42576232843603162  0.43434285348835272  0.44243148720089825  0.45038639603479935
  0.45960066692350693  0.46935514249114907  0.47910516592078517  0.48832980652333741
  0.49661463233939318  0.50418303466594006  0.51135064231938288  0.51831304947171775
  0.52520121836271894  0.53199106685572850  0.53837650347874932  0.54428523971194809
  0.54967701558493798  0.55503352001190820  0.56106062994518302  0.56705628296499522
  0.57261553080798033  0.57779734788707604  0.58355476738778578  0.58960519476343898
  0.59560195565026519  0.60143284234602257  0.60688106627583538  0.61241111707658336
  0.61808585201770305  0.62347070141560135  0.62846883417085031  0.63344485862149558
  0.63827421390236150  0.64315765299396987  0.64805430741743397  0.65269122258651935
  0.65705846921574784  0.66127999430345297  0.66584975760031373  0.67059083821284471
  0.67560009253969866  0.68045304128335726  0.68546326307112526  0.69038560444712027
  0.69492784071833436  0.69916396436495265  0.70354569091168850  0.70804325839122983
  0.71240852618248407  0.71690206060163419  0.72150200427531874  0.72607407391985446
  0.73033013489204879  0.73425582218396312  0.73853409537513781  0.74165620972991120
  0.74480094264749930  0.74832603328948144  0.75209605222671139  0.75580279078122936
  0.76030304382849778  0.76514110715444084  0.77012359241366901  0.77524948319470899
  0.78047536506318937  0.78547572480882955  0.79049912873065054  0.79595243130954396
  0.80148017797431637  0.80717400426932850  0.81357205749055717  0.82023661529213354
  0.82698312910862171  0.83461796515676379  0.84339044553477471  0.85365780705750172
  0.86582218303868419  0.88226113330318512  0.91510889918331162  1.00000000000000000
   1.6766812066302267E-010  -1.0000000000000000     
 F F F F F F F F F F F F F F F F F F F F F F F F F F F F F F F F F F F F F F F F F F F F F F F F F F F F F F F F F F F F F F F F F F F F F F F F F F F F F F F F F F F F F F F F F F F F F F F F F F F F F F F F F F F F F F F F F F F F F F F F F F F F F F F F
  <DiscreteSampler_grid>
  grouped_processes
  1 # 1 for a reference and 2 for a running grid.
  10 # Attribute 'min_bin_probing_points' of the grid.
  1 # Attribute 'grid_mode' of the grid. 1=='default',2=='initialization'
  0.0000000000000000 # Attribute 'small_contrib_threshold' of the grid.
  0.5000000000000000 # Attribute 'damping_power' of the grid.
 # binID   n_entries weight   weight_sqr   abs_weight
    13   10   1.916616242839248E-003   1.323409576781786E-005   1.916616242839248E-003
    14   10   1.916616242839248E-003   1.323409576781787E-005   1.916616242839248E-003
    16   10   9.394912558774816E-004   3.164470393882989E-006   9.394912558774816E-004
    17   10   9.394912558774813E-004   3.164470393882987E-006   9.394912558774813E-004
  </DiscreteSampler_grid>
