  0.00000011674447912  0.00000021660734240  0.00000031181628747  0.00000081197884602
  0.00000364829021400  0.00001089033606188  0.00001985530322834  0.00002836017351403
  0.00003451112427728  0.00003813335742983  0.00003996749117967  0.00004131295521121
  0.00004232258023611  0.00004306628629597  0.00004383684160491  0.00004457121515140
  0.00004520406939463  0.00004566651520401  0.00004603159862278  0.00004631635159334
  0.00004653104449627  0.00004671715888521  0.00004688189032616  0.00004703285804579
  0.00004717501934060  0.00004731122062930  0.00004745411767618  0.00004757011352701
  0.00004767782869678  0.00004777345932511  0.00004786316885131  0.00004795729845625
  0.00004804375417270  0.00004811321539887  0.00004817332803842  0.00004825387442620
  0.00004833675311577  0.00004841482826583  0.00004849087896832  0.00004856220813245
  0.00004862611537482  0.00004868596696006  0.00004874595031540  0.00004880684699082
  0.00004886745867300  0.00004892580044786  0.00004898703083994  0.00004905348019587
  0.00004911792554988  0.00004918062933366  0.00004924122748138  0.00004929700560676
  0.00004934797314919  0.00004940256270405  0.00004945553598831  0.00004950898568069
  0.00004956255134152  0.00004961998724778  0.00004967691362208  0.00004973260218673
  0.00004978784221940  0.00004984397577688  0.00004990255972347  0.00004996474011167
  0.00005003021991045  0.00005009711447933  0.00005016599679192  0.00005023494962478
  0.00005030866582577  0.00005041176750293  0.00005053115100371  0.00005065807703864
  0.00005079128371372  0.00005093337712199  0.00005108882416714  0.00005126422445869
  0.00005146360261135  0.00005169698579679  0.00005197013484138  0.00005228770984635
  0.00005267350919965  0.00005310580122345  0.00005364871252201  0.00005431152775528
  0.00005512918555947  0.00005620267635639  0.00005766495918748  0.00006001775319641
  0.00006363661050580  0.00006918993757662  0.00008563182769327  0.00015508465287309
  0.00046287655959193  0.00184933584945487  0.38334682747906890  1.00000000000000000
  0.00007097253322560  0.00007436992374082  0.00007789315602906  0.00008159407841259
  0.00008551654122683  0.00008914691270416  0.00009149231275382  0.00009214977149761
  0.00009232628379329  0.00009237796145695  0.00009240410455709  0.00009241731903733
  0.00009242703825950  0.00009243321528559  0.00009243740121978  0.00009244088040639
  0.00009244345250332  0.00009244542232382  0.00009244724573674  0.00009244876347474
  0.00009245015390990  0.00009245126115839  0.00009245232634688  0.00009245329086319
  0.00009245425060795  0.00009245515088621  0.00009245605116447  0.00009245698742777
  0.00009245793944976  0.00009245894455039  0.00009246003057097  0.00009246118866983
  0.00009246246833364  0.00009246402353577  0.00009246582220070  0.00009246812585639
  0.00009247059449552  0.00009247419426141  0.00009247908818040  0.00009248554852299
  0.00009249448583962  0.00009250723585839  0.00009253198146009  0.00009257821135903
  0.00009266877404264  0.00009302855021250  0.00009446907889015  0.00009900306202947
  0.00010534208218725  0.00011293735503909  0.00012204011785520  0.00013286288987697
  0.00014531177855711  0.00015922534388081  0.00017553104079967  0.00019500930045552
  0.00021749454456879  0.00024296147429293  0.00026953045966273  0.00029933594568264
  0.00033491793506493  0.00037487417513552  0.00041646858319719  0.00046539847718990
  0.00052056576254260  0.00057840791301735  0.00064261843056380  0.00071452562113398
  0.00079271465821173  0.00088463214024223  0.00098439541683329  0.00108377249198415
  0.00118348645276313  0.00128193760897347  0.00139068115966201  0.00149808866769197
  0.00160033899682185  0.00170453873788168  0.00182693456321149  0.00197787263225454
  0.00214143241053971  0.00233513002088124  0.00254744989213329  0.00278918690110592
  0.00302321069744205  0.00324684040198258  0.00346678155792119  0.00369159497436624
  0.00393139936662623  0.00420317279694391  0.00452113632748899  0.00490663284200619
  0.00533819421608312  0.00578900309060700  0.57939437009888584  1.00000000000000000
  0.00000006401705533  0.00000214697669662  0.00000381927832010  0.00000519307440636
  0.00000734060198467  0.00000985423935711  0.00001273393695962  0.00001570383823482
  0.00001878722820057  0.00002194245747860  0.00002489728351140  0.00002754575325246
  0.00003008249317187  0.00003259065281826  0.00003509251193764  0.00003749796690727
  0.00003981055259355  0.00004196926475675  0.00004422108221508  0.00004647824072631
  0.00004883151759996  0.00005135292170881  0.00005399082564445  0.00005679646322716
  0.00005939530732934  0.00006160976178956  0.00006382320496985  0.00006584836537789
  0.00006822862308053  0.00007168124605291  0.00007533024620017  0.00007879818604125
  0.00008237586733212  0.00008609581907131  0.00008994926680110  0.00009409786889901
  0.00009868577807223  0.00010384380274847  0.00010828930725974  0.00011217377644929
  0.00011609141445859  0.00012061232509596  0.00012590638602099  0.00013209984271311
  0.00013912273415878  0.00014658700078837  0.00015447883703628  0.00016334931099451
  0.00017303405969705  0.00018354575280398  0.00019551239701176  0.00020641474054797
  0.00021730170174632  0.00022899399435611  0.00023742999669351  0.00024465994540366
  0.00025374808849492  0.00026391267552388  0.00027361700486575  0.00028295545568078
  0.00029092129937258  0.00030667317715334  0.00032432044747421  0.00034022698415067
  0.00035430216626273  0.00036800238774787  0.00038162239037862  0.00039580536869866
  0.00041065995071258  0.00042619641889149  0.00044312465072425  0.00046163365251004
  0.00047856671689080  0.00049248794993085  0.00051586709334765  0.00053863582711380
  0.00057208188224943  0.00061252664048751  0.00065690317424844  0.00071210520369923
  0.00077681206899273  0.00084781985465293  0.00093116992751503  0.00102533187127157
  0.00112250273491546  0.00122285609873949  0.00135834016028066  0.00149915082886496
  0.00164031319034010  0.00178665500720044  0.00194971920614894  0.00214394899453561
  0.00237685459866113  0.00269512912058464  0.09006338457118709  1.00000000000000000
 -0.00295941145738474  0.00869071907601271  0.01977165513697369  0.03015486087927464
  0.04035124579131730  0.05128042586600386  0.06276589301376602  0.07411126597696845
  0.08543110049761929  0.09723823389686342  0.10955799774609608  0.12232223098553380
  0.13601472525376571  0.15101437411424881  0.16602795714884039  0.17814720902969336
  0.19032947423233926  0.20193254750779216  0.21262949071782325  0.22433808101235853
  0.23668061105165381  0.24864293796781370  0.26110198916040961  0.27634356094819451
  0.29107675012515150  0.30573017415231291  0.31995962934530536  0.33338211310477622
  0.34514921171140223  0.35419548976492193  0.36357128132372618  0.37277340410921467
  0.38202976414568096  0.39391158142969868  0.40800854920432006  0.42125479463078702
  0.43452184475969818  0.44602140957252551  0.45480964933607637  0.46272058165798186
  0.47175662715901162  0.48292084255199136  0.49576957152850648  0.50860395776558975
  0.52127452404548502  0.53364700774297846  0.54554607360033802  0.55738970753953321
  0.56833788349078596  0.58043894558550557  0.59323450255112353  0.60681404631659774
  0.61913714506439343  0.62919488093601383  0.63858185820462021  0.64728322149711492
  0.65625723701089556  0.66755168611165938  0.67906737746634416  0.68839791805807371
  0.69585920074832752  0.70286839963699144  0.71114180292852047  0.72055851076060884
  0.73109150264660139  0.74326054342800885  0.75594784823119676  0.76828230101295092
  0.78041104286170604  0.79255234937549224  0.80431318584601919  0.81553587488137591
  0.82620463928399612  0.83641086277942966  0.84608682333538954  0.85564153623318207
  0.86598916816495153  0.87584649522266467  0.88434307394132050  0.89168059496226260
  0.89835596940965545  0.90492007780917039  0.91301345740164785  0.92151664376669040
  0.92996054078776502  0.93907241841221190  0.94682202261647974  0.95250300365572216
  0.95763686336074061  0.96297136563021823  0.96847073725237165  0.97369444645427161
  0.97911494321457315  0.98469790476976449  0.98990876047585596  1.00000000000000000
 -0.00408349555079667  0.01186426656215929  0.02711085118547298  0.04125827994784828
  0.05380813357900738  0.06460817577275291  0.07447569398346456  0.08406012118697938
  0.09281419118989524  0.10107977826038804  0.10982196718467419  0.11900457183538279
  0.12919851071425559  0.14024285599275224  0.15137792559220462  0.16274892280706418
  0.17459006297847732  0.18691978475560564  0.19947861038598286  0.21180146635428415
  0.22386352050376332  0.23601360970277296  0.24855607761026674  0.26125439860761335
  0.27328375141833922  0.28434735160169672  0.29467658636174837  0.30433927489778634
  0.31393361222949717  0.32482860660418411  0.33564747260398264  0.34487171306899905
  0.35397203728423993  0.36360783184192069  0.37324834579011523  0.38290499874252398
  0.39390599917595170  0.40542233730425203  0.41632588588126368  0.42760054553017562
  0.43916015910476797  0.45084782179040855  0.46244744102127289  0.47209253290973990
  0.47799348409196485  0.48449381465119867  0.49195215493990413  0.49795795219856420
  0.50480929314249978  0.51267504487041771  0.52034883740671167  0.52956675996765368
  0.54175675313312011  0.55465124001325061  0.56789921787102349  0.57879044205789809
  0.58834786941361839  0.59743535135916792  0.60606966759821268  0.61623674062865885
  0.62828843551914759  0.64071015707875756  0.64956968752281086  0.65753953129770604
  0.66684752704004213  0.67669224105197723  0.68660229833355091  0.69605594408406346
  0.70623085501103966  0.71796606331145396  0.73007769378701437  0.73964085831763193
  0.74797421737158765  0.75651185627682671  0.76482183491674061  0.77367765894262086
  0.78433777239771996  0.79414300399466786  0.80265071475849292  0.81157098559685226
  0.82175432423712313  0.83236848997379265  0.84286140184008218  0.85362661845647791
  0.86551793630951401  0.87830376935179022  0.89095095775175381  0.90321866526844385
  0.91527053684979842  0.92705893149358276  0.93924123712021823  0.95165190935181776
  0.96392443174844789  0.97561736036325530  0.98785485920761829  1.00000000000000000
 -0.00137436224038600  0.00576800155314585  0.01324453334800101  0.02093957938246385
  0.02921678516801731  0.03770508597378305  0.04424284864874282  0.04912295591914047
  0.05407750443621585  0.06054897968638077  0.06614550973028185  0.07369421261361554
  0.08448333314150094  0.09452077564142751  0.10449458947582278  0.11467491070464740
  0.12538781138643107  0.13621044470074836  0.14638181176103149  0.15664839659647287
  0.16716317591354499  0.17790642235769988  0.18903815440640612  0.19971336306640783
  0.20957025623841136  0.21877933947034486  0.22805082883598737  0.23782002379622619
  0.24764114940795931  0.25677153070320113  0.26518315329142689  0.27422313047669172
  0.28434109134071378  0.29557335736920387  0.30794359541625033  0.32038672876994295
  0.33198386993001477  0.34309103926674539  0.35390132679714442  0.36492996793295879
  0.37635166992098412  0.38772672408095687  0.39850427314964393  0.40874964883008097
  0.41918407458297174  0.42874867590735616  0.43785978262752273  0.44597951670811198
  0.45370094834585689  0.46272266042269466  0.47321936890012500  0.48413838338211113
  0.49470299486706593  0.50470200492592399  0.51261281221669763  0.51915706386055960
  0.52720149560264340  0.53689987398313233  0.54757419076081237  0.55891109483811263
  0.56931181487758631  0.57905522577778434  0.58685088422160703  0.59581023835580049
  0.60558643448027272  0.61639549190306331  0.62863470330401872  0.64097620591554838
  0.64819495722432219  0.65331986510185525  0.65853599690318898  0.66669950013371559
  0.67958467379163434  0.69405857044381736  0.70845944058127164  0.72240685381914616
  0.73575823353162073  0.74944816191683483  0.76369422958926014  0.77788579626877852
  0.79218545486968184  0.80699831315594850  0.82336118840508565  0.83717704061147480
  0.85229882200245877  0.86831159056088314  0.88400906571498383  0.89804574937041992
  0.90975805026961654  0.92132559936428826  0.93246282982182371  0.94553068087836623
  0.95864668698746558  0.97140786108423682  0.98563954095609085  1.00000000000000000
 -0.00261661712854613  0.00919331148311846  0.02023394477347406  0.03022172802078798
  0.03966117801323218  0.04888841919831354  0.05862062680202735  0.06942455359590514
  0.08041894180015635  0.09129658980006268  0.10433293850193319  0.11707879871867412
  0.12958759593553598  0.14224228024452595  0.15506866267501246  0.16778941187293364
  0.17894018851258559  0.18700068914285523  0.19599980251715954  0.20480033227953873
  0.21346449784454102  0.22284492505789358  0.23448694207763365  0.24750557618146776
  0.26065010791873711  0.27296651388583149  0.28385472365305175  0.29468049142896352
  0.30255029856352561  0.31008225371300491  0.31681371396838637  0.32283597560845895
  0.33148656438513563  0.34204616390906789  0.35477515325080083  0.36834687518394976
  0.37998596011935110  0.39018260931913229  0.40063466715927254  0.41201855311604269
  0.42364605363910002  0.43466524278769408  0.44511935823436988  0.45549260607470166
  0.46605482951739846  0.47716379292646377  0.48927886154833100  0.50238235023828626
  0.51542042641621455  0.52784593427070681  0.54017325054766940  0.55058685981966593
  0.55655115305654312  0.56356058429019806  0.57080957116351738  0.57811385785611868
  0.58609691722317547  0.59621722387289278  0.60827542508293919  0.62082097725366736
  0.63288141102243833  0.64427054703744324  0.65523847925222189  0.66598315236856442
  0.67680127161298975  0.68836441584864494  0.70064122557677211  0.71323698333476604
  0.72594371337454588  0.73830961677639018  0.75019137361388444  0.76283893151819060
  0.77529904430922303  0.78758365197041047  0.79796553384277236  0.80513960835619092
  0.81207883914030521  0.81979067619996093  0.82900571424078351  0.83893220777452882
  0.84931499811381572  0.85949407793754118  0.86977660882270691  0.88140014830321900
  0.89412954505902464  0.90578944757364688  0.91428683466086524  0.91999675472971576
  0.92638217211018414  0.93497409303266399  0.94331890180003175  0.95252847975890287
  0.96235661715663789  0.97299862193215514  0.98577576023389157  1.00000000000000000
 -0.00305260343001802  0.01019993591508793  0.02286026433989575  0.03570952246988091
  0.04892226671964864  0.06185145489359580  0.07347108575629445  0.08370766406632532
  0.09338186317946759  0.10289021652449455  0.11288767791945151  0.12351177134402733
  0.13406918650345911  0.14542323764206994  0.15833348517763621  0.17156729684546812
  0.18341085266894888  0.19378009824483314  0.20351175236434502  0.21324439772285170
  0.22360250500597173  0.23384470147387776  0.24467340563961718  0.25582874346107254
  0.26712086915449668  0.27821317436132081  0.28856848225892889  0.29865789540704013
  0.30870447098012960  0.31876499420519278  0.33093817178600959  0.34422300784797294
  0.35700788442352649  0.36910960099564183  0.38136643622753325  0.39398523403766605
  0.40666012110440480  0.41960609973897012  0.43282887864631225  0.44631898843326090
  0.45958474151470330  0.47237888957590307  0.48453616428116458  0.49587971968268563
  0.50716324637480648  0.51861336797752544  0.52802955018600606  0.53566915102120549
  0.54296576649262374  0.55041467095560037  0.55919256841327758  0.56883682752842057
  0.57833258319681113  0.58744751185267308  0.59626589092405968  0.60613712611168991
  0.61688861800995964  0.62757770868467100  0.63820094624823198  0.64837642503995285
  0.65663700084261312  0.66479222946367800  0.67451509878691018  0.68553562860622952
  0.69617298990885845  0.70578195578942593  0.71511290489165846  0.72445009053036813
  0.73247332658594078  0.74010401232663370  0.74738172937132541  0.75550418677396736
  0.76116087375464359  0.77064128328694859  0.78082666315192417  0.79046158056706051
  0.80070469836287617  0.81173040880201996  0.82237439257749156  0.83228421140337294
  0.84271826706086728  0.85210356301157653  0.86302614171230896  0.87381467603246221
  0.88184827372407371  0.89059958883492119  0.89967476897038545  0.90854547043784728
  0.91781463581368194  0.92906204632884937  0.94168682086500211  0.95426159208518924
  0.96629083224153789  0.97793252937901720  0.98946170956528812  1.00000000000000000
  0.04798276497845562  0.12794841144675684  0.19715521460384242  0.23830057966096585
  0.28740520746338227  0.32972322350963434  0.37065318085100180  0.41132141700830765
  0.44472454067191763  0.48135862903087184  0.52182988617916681  0.56414080834507441
  0.60221323179638575  0.62794496116970555  0.64356304494570415  0.65189478822485303
  0.65768901091131449  0.66299025355317265  0.66782021250915014  0.67189995499479138
  0.67538037370083082  0.67908244737523737  0.68356473302632048  0.68780171884587671
  0.69140753000739119  0.69480179777245821  0.69809308235593392  0.70133419521075668
  0.70448510687158616  0.70778035820812579  0.71145796364161906  0.71473098077298136
  0.71730531858251323  0.71969668111382656  0.72207030863487465  0.72430840077627678
  0.72597100411876681  0.72814013664080446  0.73127304223071421  0.73466839937958661
  0.73812339300376706  0.74149989932538574  0.74519509752666635  0.74955670109700390
  0.75399638569430938  0.75822994801161214  0.76235825559175496  0.76627080185595986
  0.76996762360475113  0.77377649544884675  0.77752202643915358  0.78115154364839146
  0.78471839484886885  0.78832639173803065  0.79210397714347880  0.79614123700328343
  0.80036614017610408  0.80464131264352423  0.80888285836370255  0.81296076277229612
  0.81672589919790528  0.82056908452039923  0.82465878706829965  0.82876178525754896
  0.83232693686309667  0.83562841981397462  0.83915255773572572  0.84269669154871041
  0.84602209090110858  0.84917931674866642  0.85287950314181049  0.85719557522066803
  0.86162042848516074  0.86586255407908419  0.87010049883869212  0.87424630416688387
  0.87808049028017610  0.88173338672412493  0.88522712860892128  0.88885961207998854
  0.89287788198843043  0.89731080856350875  0.90262104128346465  0.90861074057529156
  0.91451210311199838  0.92006864463007110  0.92543404657020978  0.93031894302505669
  0.93465617708288207  0.93901409286586457  0.94374899644726529  0.94960621268450007
  0.95790376924241571  0.96728215295101438  0.97962638214462405  1.00000000000000000
 -0.03879189833160605  0.16445209841038580  0.20549712621318542  0.23049366478524308
  0.25274304197620018  0.27019881362942838  0.28353736901165894  0.29561146838248742
  0.30593637511202693  0.31851809537554410  0.33160832877540175  0.34400446207257213
  0.35626427194286037  0.36859752935478513  0.38045522681034533  0.39190127980341782
  0.40242490131192615  0.41212823437858204  0.42129762354050865  0.42970880790026256
  0.43694858759410671  0.44324475583147810  0.44944699507076213  0.45482900118583125
  0.45968376764617747  0.46514618381939798  0.47213720727922687  0.47727281277307781
  0.48145774665187885  0.48629690015397564  0.49134263430008940  0.49634927057309369
  0.50178642727882017  0.50936541534482049  0.51569315565830609  0.52112337565472133
  0.52531322638265487  0.52898729389613242  0.53438016435238489  0.54097900977413171
  0.54763792322552263  0.55409856746391495  0.56021362942499264  0.56568589661859103
  0.57122340412888728  0.57691563580592253  0.58264247576319161  0.58850001590705336
  0.59376666089992214  0.59927531391671540  0.60492874185730139  0.61061001073524013
  0.61638500480544767  0.62207568736273555  0.62737075899810568  0.63227128158213086
  0.63719648345916369  0.64181616840186950  0.64703044952742594  0.65241964892514981
  0.65763292940612772  0.66160315569331651  0.66454565671185750  0.66793501354239404
  0.67160317604809394  0.67556642471627926  0.68042128059972840  0.68584443522362093
  0.69088145436532789  0.69589372325519261  0.70072590850635996  0.70457806652407518
  0.70801371228915311  0.71145142965104058  0.71514498600952747  0.71894479229260511
  0.72257032145093969  0.72612689064067548  0.72974597903579186  0.73394297455556212
  0.73859521266277806  0.74299766993189342  0.74728058623022142  0.75135113484122740
  0.75800978024346921  0.76451175546502570  0.77031794826490529  0.77563801476992134
  0.78090690425658627  0.78660298403875839  0.79277085271978220  0.79993634362273336
  0.80997957378057306  0.83039994788633098  0.88275422280137117  1.00000000000000000
   2.4091058315840889E-010  -1.0000000000000000     
 F F F F F F F F F F F F F F F F F F F F F F F F F F F F F F F F F F F F F F F F F F F F F F F F F F F F F F F F F F F F F F F F F F F F F F F F F F F F F F F F F F F F F F F F F F F F F F F F F F F F F F F F F F F F F F F F F F F F F F F F F F F F F F F F
  <DiscreteSampler_grid>
  grouped_processes
  1 # 1 for a reference and 2 for a running grid.
  10 # Attribute 'min_bin_probing_points' of the grid.
  1 # Attribute 'grid_mode' of the grid. 1=='default',2=='initialization'
  0.0000000000000000 # Attribute 'small_contrib_threshold' of the grid.
  0.5000000000000000 # Attribute 'damping_power' of the grid.
 # binID   n_entries weight   weight_sqr   abs_weight
    13   10   1.506801026798972E-002   4.307723327665942E-004   1.506801026798972E-002
    14   10   1.506801026798970E-002   4.307723327665935E-004   1.506801026798970E-002
    16   10   8.920647040879451E-003   2.459214347766272E-004   8.920647040879451E-003
    17   10   8.920647040879446E-003   2.459214347766270E-004   8.920647040879446E-003
  </DiscreteSampler_grid>
