  0.00007131723286933  0.00007289773146214  0.00007492813448764  0.00007716108443669
  0.00007968884596773  0.00008266671532379  0.00008582601156638  0.00008836774618837
  0.00009083851020475  0.00009215112263329  0.00009243434849839  0.00009250983969071
  0.00009253772001508  0.00009255403827640  0.00009256056371110  0.00009256598843127
  0.00009257033614632  0.00009257372783626  0.00009257650284176  0.00009257865365753
  0.00009258020131964  0.00009258166040863  0.00009258276028988  0.00009258369197859
  0.00009258447110511  0.00009258517360572  0.00009258584962785  0.00009258644133749
  0.00009258702142211  0.00009258754480234  0.00009258804458378  0.00009258854023868
  0.00009258902526246  0.00009258951028624  0.00009259001991259  0.00009259053570379
  0.00009259108354419  0.00009259166787890  0.00009259231959278  0.00009259306863940
  0.00009259389971148  0.00009259478764269  0.00009259578246916  0.00009259696519105
  0.00009259851715683  0.00009260055747146  0.00009260288291922  0.00009260610149501
  0.00009261017191740  0.00009261520462902  0.00009262155222680  0.00009263338286431
  0.00009265692551516  0.00009269919432283  0.00009278670461721  0.00009321758974405
  0.00009471715670694  0.00009868431964799  0.00010497715879646  0.00011258409734163
  0.00012210287544682  0.00013371508819437  0.00014798945169258  0.00016596492302736
  0.00018911865742873  0.00021786049730334  0.00025304953041411  0.00029431455029771
  0.00034136229792609  0.00039321392623734  0.00045482551812833  0.00052542470173031
  0.00060399635309547  0.00069286074308575  0.00079060547411627  0.00089122939419777
  0.00099933767176945  0.00112217591759811  0.00125493397550252  0.00140952217423331
  0.00157557252113025  0.00175645169627302  0.00196616651040460  0.00222924160638282
  0.00249981345076338  0.00279652489141437  0.00311368653606443  0.00352486034921604
  0.00425481558794188  0.00532141640590036  0.00672846105814741  0.00829245583453186
  0.01057283923857365  0.07232225378707671  0.26668074250049695  1.00000000000000000
 -0.00387949068270381  0.01850063679453960  0.03807862587829113  0.05264647062077255
  0.06756321657971791  0.08098243167193764  0.09386711314513420  0.10351674347834268
  0.11417802116878407  0.12454921371392547  0.13413988040433839  0.14385314025356880
  0.15430674562683105  0.16480668409591845  0.17499892847696313  0.18560657083351575
  0.19556022757311500  0.20389360774338941  0.21181938876430934  0.22013245078841978
  0.23113123431231866  0.24384734210867035  0.25657927285875193  0.26862506653563745
  0.28060144588830133  0.29275565288887373  0.30501022655985843  0.31707584286565010
  0.32587449342005415  0.33306563875382456  0.34243064997857831  0.35227911338540685
  0.36321921502748988  0.37474539442364224  0.38576279912457745  0.39749779085521730
  0.40879485493160239  0.41840923884342196  0.42923929209862771  0.43997886900369604
  0.45061257372734076  0.46161083429031519  0.47452610768592751  0.48679236439976159
  0.49735279381054603  0.50710940911186253  0.51690519280402003  0.52736847034698386
  0.53848517103697369  0.54993543925780242  0.56174170601210649  0.57374126268206316
  0.58514582234545764  0.59559754074317173  0.60315568327626234  0.60990983608602134
  0.61732982917402923  0.62553607465711625  0.63534743162735285  0.64532645649192943
  0.65444516363921534  0.66298429455272012  0.67197533459877490  0.68090190638470371
  0.68969601179853435  0.69935274770389066  0.71020103734470763  0.71963568888614260
  0.72890860494552667  0.73904633682358944  0.74914932148557278  0.75848160271093268
  0.76816037816750093  0.77860384126953863  0.79029447873943326  0.80319615793798305
  0.81690243154906994  0.83008772408629683  0.84202096757483158  0.85270056088463708
  0.86216698353057486  0.87035332667435406  0.87938519857324560  0.88969756210856299
  0.90135778095970731  0.91455301484957352  0.92339113074505819  0.92983172548892767
  0.93655583161886924  0.94456606397044218  0.95070053380035380  0.95884899550821567
  0.97004516487358594  0.98176483447502338  0.99146903141119047  1.00000000000000000
  0.00000106716693429  0.00000279465326543  0.00000402570716641  0.00000543984113985
  0.00000743173328964  0.00000972704269723  0.00001223201950750  0.00001518285935463
  0.00001855535540603  0.00002200901588747  0.00002563457351290  0.00002894888328875
  0.00003124073697899  0.00003304840966798  0.00003517415464172  0.00003681247457343
  0.00003874011205429  0.00004132693109718  0.00004429136369497  0.00004711551772025
  0.00004972059906229  0.00005219284368680  0.00005487818580853  0.00005772042416512
  0.00006060067493634  0.00006402575644812  0.00006804006654183  0.00007233602620597
  0.00007674670418828  0.00008123819742622  0.00008551538199178  0.00009114627300097
  0.00009528276962321  0.00010063707831166  0.00010627240894231  0.00011125596191481
  0.00011641969083944  0.00012152884345983  0.00012705096449695  0.00013266606398513
  0.00013810447706422  0.00014380203738967  0.00014979067985371  0.00015552875466173
  0.00016106037930138  0.00016673438260848  0.00017372472810530  0.00018141868397008
  0.00019012411149788  0.00019993664863109  0.00021062412856368  0.00022229400343115
  0.00023519944349629  0.00024896320762593  0.00026344870470148  0.00027907817413670
  0.00029613263994547  0.00031485192600293  0.00033617903518288  0.00035703328954312
  0.00037525056969884  0.00039031022235117  0.00040443265692548  0.00041636840258531
  0.00042946728565118  0.00044393592644426  0.00046196165015628  0.00048829858664454
  0.00051968387712636  0.00055501765893265  0.00059365765432494  0.00062913948349502
  0.00066976958936769  0.00071603443438195  0.00076427452732504  0.00081578658724094
  0.00087944876240532  0.00096344524017536  0.00101589642671279  0.00106051931674979
  0.00111408009793492  0.00116637113799895  0.00121981647261334  0.00126953903767769
  0.00132130342672330  0.00138461059120350  0.00147788513740114  0.00158460952219714
  0.00167662329368149  0.00180649944815010  0.00200485868419223  0.00237950108014175
  0.00371984743083234  0.00801177165491718  0.01972071696675680  1.00000000000000000
 -0.00179130755939096  0.00734727447636920  0.01563592790461412  0.02444233532415507
  0.03322094007253561  0.04169612868563925  0.04999702196054736  0.05832357203856525
  0.06662826232436192  0.07450899060682301  0.08252848585872058  0.09127228204764332
  0.10096599819330603  0.11115863106252531  0.12117644263510743  0.13117626202250274
  0.14152004527328840  0.15165900004231153  0.16135593525910197  0.17134332163981572
  0.18204366209363365  0.19299773780654542  0.20157579769124823  0.20792603171656307
  0.21471594388460630  0.22198008604250008  0.22951795949317308  0.23705180814668020
  0.24519910063038322  0.25413647820144997  0.26315219284112118  0.27298042809314710
  0.28281808768374211  0.29296826548522065  0.30334486805888922  0.31429364909560381
  0.32473488050909272  0.33560445572838238  0.34700095406928150  0.35791503708457501
  0.36835492332885528  0.37822947669792123  0.38798916308630066  0.39784129980648758
  0.40899433223204484  0.42135320559483747  0.43373988157285959  0.44482930210121063
  0.45366404866869131  0.46082680702046119  0.46833141016860730  0.47674409618562757
  0.48595772262307341  0.49578784896818512  0.50361400153093661  0.51136244734307801
  0.52118420474951677  0.52916964596817928  0.53726241207537162  0.54803030888238857
  0.55898669277006219  0.56920198460918869  0.58009079454970736  0.59122714748229044
  0.60260235447425137  0.61457929711739234  0.62673783178539111  0.63916583707053243
  0.65201941483112025  0.66517736015189577  0.67879332371140499  0.69279002193356587
  0.70691784722553619  0.71805957050447422  0.72797605718198677  0.73628662186128302
  0.74537218496194280  0.75537448220770953  0.76964577508759469  0.78638906352047644
  0.80308385574197416  0.81866697514620834  0.83401231107034568  0.84938686637370553
  0.86460942019202613  0.87938601986895149  0.89262450907433855  0.90657884126981780
  0.92108533240287127  0.93581760216388965  0.94964917234948842  0.96200302156716544
  0.97246202310833030  0.98100620474700950  0.98984001425666734  1.00000000000000000
 -0.00169245694892834  0.00693280766756621  0.01784611717642170  0.02731338341564301
  0.03664054327902378  0.04491622760095731  0.05507556280542780  0.06723702036118812
  0.07894981001875274  0.08823747578784996  0.09636351973522408  0.10481258732693413
  0.11430857922105558  0.12579485517905467  0.13804587693490994  0.15017301941387276
  0.16295521320686127  0.17571415266617663  0.18760705785007104  0.19850972018740703
  0.20894558178906322  0.21994893710519170  0.23251090183089940  0.24598615714127692
  0.26047743138827034  0.27263430637263453  0.28406603682908038  0.29647236681561751
  0.30609767085065237  0.31365562673322067  0.32108207536062811  0.32579655771103183
  0.33516187302151973  0.34569184845907885  0.35652928327437722  0.36675227734116411
  0.37655884650247334  0.38611272057829105  0.39615083669358164  0.40632637628588891
  0.41598217363735629  0.42506122773238952  0.43411234138452232  0.44307088355690927
  0.45135439765999152  0.46064475723917281  0.46997918292513069  0.47870579983766726
  0.48913810738652996  0.50100518818032613  0.51253041666620724  0.52274960262154857
  0.53330745078101538  0.54556881056615780  0.55778697692800050  0.56914505232037771
  0.57999025878885579  0.59054783212497952  0.60051498699980421  0.60974830199180541
  0.61842859604273437  0.62720443127312697  0.63604826559862127  0.64536750330946324
  0.65635799696717001  0.66922573559054910  0.68304718711215096  0.69596290202957034
  0.70793679307337209  0.71987170471160744  0.73194071800366922  0.74312385189320895
  0.75299520903516604  0.76232768447291632  0.77170848795617542  0.78017143491300023
  0.78978275801430742  0.80094370578236818  0.81119243593003820  0.82106714375280088
  0.83033754226598055  0.83891026043138262  0.84862413574679996  0.86015436133850842
  0.87249429906680442  0.88466934743894288  0.89659056141293669  0.90867291005375073
  0.92107303492229675  0.93385181451658172  0.94694633211072810  0.96002944398599388
  0.97151554693904418  0.98118428237031319  0.99027298668819641  1.00000000000000000
 -0.00183273303682672  0.00710341576901792  0.01585747683683234  0.02415880376637502
  0.03152712782919639  0.03851976437151475  0.04527068665526821  0.05273898786645329
  0.06058949789201264  0.06848182659108830  0.07784376002454110  0.08748267039081352
  0.09665699696210515  0.10699855443264789  0.11882173542179972  0.13146220420314292
  0.14415145630190521  0.15584644214821500  0.16633563355204742  0.17760234442462269
  0.19072964855549296  0.20548750248777209  0.22157891698564830  0.23598749443805747
  0.24682002674692793  0.25744363239980356  0.26879618006853595  0.27939318361754223
  0.28900762295518201  0.29951627776817780  0.30940270227145322  0.32126352625985888
  0.33740430740961130  0.35222887479995318  0.36563217179517515  0.37790149974047987
  0.39013437060652290  0.40402562060398783  0.41954899964666487  0.43591449155020640
  0.45224404105621002  0.46749993142229290  0.48046976863056950  0.49116767511051890
  0.50202638277269263  0.51370994008164295  0.52313393845852685  0.53509689391165172
  0.55015302130162491  0.56517790573877469  0.57885512637284642  0.59181303267369467
  0.60492009034373362  0.61842233759002452  0.63202885721942248  0.64508445438144002
  0.65726200510454802  0.66862357327477528  0.67967498254295389  0.69042637743954327
  0.70076467365722717  0.71077173833530105  0.72032369535177843  0.72925495027602627
  0.73738158940947007  0.74627971609361532  0.75619890276162194  0.76637060595463524
  0.77581397817062858  0.78566004949374690  0.79585586965055921  0.80518443034302123
  0.81490869485896766  0.82512224961434666  0.83514663652192078  0.84480440832001669
  0.85411951559226729  0.86326804123272549  0.87274073726523749  0.88277134979628935
  0.89317580281164632  0.90365559713954491  0.91408894100098070  0.92396686877867451
  0.93311940133175808  0.94173648257974318  0.94996557711245966  0.95731513631534682
  0.96329648040655180  0.96876637920681818  0.97394221608441534  0.97899067250044636
  0.98424867503859248  0.99000747322788307  0.99525082026231992  1.00000000000000000
 -0.00208494647401685  0.00880708252302022  0.01764808886594966  0.02672501463404586
  0.03612639249618945  0.04753755783713242  0.06007961725892982  0.07058722013400950
  0.07904016392582919  0.08792867729306585  0.09736500346254270  0.10755215086379706
  0.11869274960894589  0.13045466225516864  0.14265316665200678  0.15509827174854784
  0.16887378320093552  0.18119761841536655  0.19235295516855702  0.20318667625643835
  0.21366733456492690  0.22596192798622314  0.23932164518336627  0.25228529357313806
  0.26430897365066824  0.27580421984964615  0.28746179583752057  0.29961542763305338
  0.31265018436897818  0.32472546315308654  0.33623761214601483  0.34772397331952792
  0.35959679256779103  0.37120357949251032  0.38169103024493978  0.39188065826766383
  0.40143218594336033  0.41138932060216898  0.42132981287769167  0.43080443160833543
  0.44128174794975411  0.45317249938474646  0.46706853979670204  0.47896057376722545
  0.48984721216444294  0.50112635172826725  0.51011174114935187  0.51907404114913214
  0.52791993097335055  0.53694188357508632  0.54668394278582222  0.55766635623130678
  0.56925302499485553  0.58096642975235102  0.59221568287906234  0.60402834626371071
  0.61578498657816561  0.62771490762842663  0.63959336904711395  0.65149155585473184
  0.66355822091470540  0.67584340948566846  0.68851808147257565  0.70181248313622713
  0.71531309098288487  0.72675806182409042  0.73649052692455841  0.74633764323253438
  0.75560772027575118  0.76444378553076731  0.77486293839351006  0.78440419412548534
  0.79397269950240046  0.80257656068996586  0.81114951395929347  0.82091868734183193
  0.83202239595497507  0.84443380532972390  0.85686435237985303  0.86543931333415369
  0.87139574802548381  0.87815220846792563  0.88434283137738279  0.89149466085132045
  0.90292513135330077  0.91400028784849141  0.92145695103398739  0.92852210938349511
  0.93597696974072309  0.94435244338202962  0.95396098532300833  0.96549078358478657
  0.97730076441201330  0.98605514891707535  0.99311176516092048  1.00000000000000000
 -0.00170743844638923  0.00786779061040116  0.01460395030965448  0.02309298751751006
  0.03436877412769435  0.04693289821080289  0.05941278325045653  0.07115601382914437
  0.08196741444713034  0.09233835072193301  0.10284995845549325  0.11360910933833612
  0.12407409481052829  0.13393509108819932  0.14354756555526690  0.15298617446929280
  0.16326427403951274  0.17385594745795460  0.18520176178158829  0.19785604568451776
  0.21051093418712291  0.22281808099104983  0.23260585893974900  0.24244288781956752
  0.25247740098522736  0.26085055873955781  0.27061929567677695  0.28100337738314368
  0.29121371350670600  0.30217034685357830  0.31365315244899900  0.32515934555499337
  0.33692186220569176  0.34880538853396159  0.36042673297028616  0.37136591471249070
  0.38015687624425010  0.38783963062469162  0.39640353156092073  0.40470841848706157
  0.41292869403392779  0.42033001639074774  0.43137013665682222  0.44503749379716268
  0.45702929666857400  0.46698144277920134  0.47432036802748778  0.48112561748684568
  0.48978877902846935  0.49816357082158802  0.50803755123626859  0.52039425569267617
  0.53350060976230340  0.54687311032652752  0.56078536993792971  0.57392744500603565
  0.58512603241860128  0.59508561829989215  0.60485021222325397  0.61496006162433881
  0.62523781999496275  0.63546995008985452  0.64598294371941434  0.65710914781607666
  0.66858097301716568  0.67997673065903086  0.69181360813734727  0.70418396411954698
  0.71604291253796792  0.72848144885305610  0.74085146745740016  0.75110943235818239
  0.75894213661233134  0.76771460345846965  0.77660608482895543  0.78518678675595988
  0.79484782708086432  0.80525725341735677  0.81571466433381046  0.82689612802212131
  0.83901127369485762  0.85113244997221371  0.86269618567740736  0.87395410136016682
  0.88526934635777699  0.89788110686512046  0.90911625390475648  0.92008187337551484
  0.93015307005609327  0.93880864664617059  0.94770119019926979  0.95646954990365396
  0.96572641572439355  0.97657030031861491  0.98820067319714111  1.00000000000000000
  0.00894481551716188  0.26922683619323678  0.47458360723634740  0.59983316877357595
  0.63345095434421073  0.64612465476052694  0.65417592022761584  0.65993826628974661
  0.66432089594202848  0.66856313931783873  0.67283919434632200  0.67736222181359862
  0.68123953093325662  0.68397250619269456  0.68638515443883785  0.68850114523954065
  0.69062616353360917  0.69286473428232020  0.69574319369551363  0.69847161235594335
  0.70091988937990946  0.70380802455655533  0.70718124087572720  0.71083224829271052
  0.71460576243465346  0.71822609515192248  0.72163889573522366  0.72484107177763757
  0.72789568597397403  0.73096064366386648  0.73402078592142384  0.73694028431111980
  0.73961867650415691  0.74178078722636709  0.74356416909822032  0.74535397014467852
  0.74716190017075423  0.74941440328447040  0.75176847224643106  0.75418690238247676
  0.75615603015591071  0.75807699106290383  0.76055926098505300  0.76342877357523964
  0.76621021768321129  0.76887643689463026  0.77167986951771050  0.77481951696346285
  0.77823901962475395  0.78181248109761126  0.78540399503774905  0.78904419106659018
  0.79280239620785953  0.79681257184199383  0.80073454816605716  0.80444150618681809
  0.80793099186020512  0.81119857212256108  0.81434244766087682  0.81753033436855038
  0.82081846590851237  0.82418735441408097  0.82770586512257782  0.83101647813481361
  0.83451678876815383  0.83767457819656765  0.84107870602084434  0.84466937079998416
  0.84889281446956066  0.85302342211317095  0.85690703521568157  0.86051339799313975
  0.86396813633840164  0.86772587879953822  0.87194617071332725  0.87638350672106136
  0.88077127529682120  0.88483244640095438  0.88833963967625307  0.89157506900725114
  0.89490755446048909  0.89813513040002524  0.90183617333058996  0.90655352640449594
  0.91163011488360135  0.91680658384613256  0.92232350384522743  0.92817910195220654
  0.93426172407101149  0.94064593041504918  0.94744310025349310  0.95513009825923778
  0.96294145150683064  0.97194437393676114  0.98375163886293182  1.00000000000000000
 -0.02770505655626922  0.12558072121153951  0.23951370565874303  0.26660225412621957
  0.29174583228177531  0.31197345173283203  0.32946376464716165  0.34516993679095437
  0.35909132984004921  0.37082977246626986  0.38038982230817830  0.38906860760252149
  0.39854455236735320  0.40982165592523645  0.42102943199218834  0.43139748272493317
  0.44198910540577707  0.45177466420510470  0.46057646027489529  0.46951546192397242
  0.47824718095652491  0.48673090851891354  0.49590130007350663  0.50555181845469732
  0.51479988106031449  0.52266419752423987  0.52850466215079028  0.53365850961980588
  0.53920912122732667  0.54508377743808967  0.54979564542118997  0.55400131484677428
  0.56033815876734550  0.56769541623574626  0.57501813873623508  0.58236081205411594
  0.59023955901598468  0.59828548693619754  0.60521227968191937  0.61094451340981570
  0.61628055741256849  0.62158977520471925  0.62691960276845893  0.63290115350085985
  0.63921723488780724  0.64526738434723674  0.65138297231804676  0.65770111812249754
  0.66374192652702257  0.66849848067942541  0.67246047577301271  0.67566401516725449
  0.67896159055443328  0.68298800911367952  0.68722040727497269  0.69152245911714805
  0.69621880678998849  0.70095981631660931  0.70525508700679673  0.70918565372090214
  0.71326395342926718  0.71766998936082538  0.72149216101638169  0.72500356927490828
  0.72898405954013357  0.73335254646815484  0.73726495843525364  0.74072367181568655
  0.74445518162071611  0.74816639836022603  0.75191131337934314  0.75600676420611579
  0.76043721102447803  0.76472154928644598  0.76857740303259470  0.77247859346080883
  0.77663728447327196  0.78104634679986507  0.78593555584054930  0.79146702406369795
  0.79778118382647056  0.80255173165475369  0.80768973766750318  0.81322122980700218
  0.81873949490575504  0.82429078176236692  0.82958061434637220  0.83507540534319669
  0.84153705311082549  0.84811152351640551  0.85481707808509888  0.86390583215369088
  0.87432535634987163  0.88948865911314479  0.91346817723014540  1.00000000000000000
   3.3576851887007355E-010  -1.0000000000000000     
 F F F F F F F F F F F F F F F F F F F F F F F F F F F F F F F F F F F F F F F F F F F F F F F F F F F F F F F F F F F F F F F F F F F F F F F F F F F F F F F F F F F F F F F F F F F F F F F F F F F F F F F F F F F F F F F F F F F F F F F F F F F F F F F F
  <DiscreteSampler_grid>
  grouped_processes
  1 # 1 for a reference and 2 for a running grid.
  10 # Attribute 'min_bin_probing_points' of the grid.
  1 # Attribute 'grid_mode' of the grid. 1=='default',2=='initialization'
  0.0000000000000000 # Attribute 'small_contrib_threshold' of the grid.
  0.5000000000000000 # Attribute 'damping_power' of the grid.
 # binID   n_entries weight   weight_sqr   abs_weight
    13   10   1.730099209805003E-001   1.009779080889828E-001   1.730099209805003E-001
    14   10   1.730099209805002E-001   1.009779080889828E-001   1.730099209805002E-001
    16   10   2.973544667473025E-001   3.147688199996020E-001   2.973544667473025E-001
    17   10   2.973544667473026E-001   3.147688199996025E-001   2.973544667473026E-001
  </DiscreteSampler_grid>
