  0.02399377888951517  0.03185168273401180  0.04197937773951725  0.05256083728814316
  0.06313384874784243  0.07356237365661565  0.08380649695400239  0.09408334671339873
  0.10449385615724981  0.11471072371019525  0.12480988662942050  0.13474759842645700
  0.14483229814024318  0.15483216426090532  0.16481759238531149  0.17494711046774775
  0.18511708074460612  0.19538772926620385  0.20551440981550556  0.21561188343087700
  0.22564375692754163  0.23558462919682288  0.24561232962510290  0.25579348151190051
  0.26620481600167023  0.27631341740701931  0.28610763852753146  0.29590492617707997
  0.30580581987503225  0.31589482541429792  0.32595901647096126  0.33613134600181205
  0.34644631871379761  0.35671483420772893  0.36679986005583831  0.37694172050753638
  0.38703373594172386  0.39708201479484345  0.40726901857201936  0.41741916907718546
  0.42770946689581435  0.43794816574795276  0.44822320176347313  0.45865477655201919
  0.46875585031598216  0.47918168374633852  0.48933834978018093  0.49966839991617018
  0.50955993642100272  0.51963941653059431  0.52970470665279179  0.53994710854487638
  0.55001362693114697  0.56017212781455250  0.57056216460005693  0.58089636582678772
  0.59107242048127906  0.60111223699808192  0.61121731194435014  0.62150154418267656
  0.63172703329687485  0.64212798971391172  0.65248467165389978  0.66280664175158976
  0.67291473895082599  0.68296837532254417  0.69332488927025626  0.70347886159192152
  0.71362201877610254  0.72346238555409892  0.73355030148952904  0.74359246692543213
  0.75369537829714273  0.76375951661704755  0.77402308802770159  0.78442640599508651
  0.79472204104711741  0.80496778582773898  0.81500110999042852  0.82511283721119610
  0.83519046796138607  0.84532353411890848  0.85540913753418191  0.86538292098011416
  0.87549748390722115  0.88563479177592819  0.89571963540342903  0.90561818093253188
  0.91563514304659765  0.92574172301185920  0.93588165646291877  0.94602457000227469
  0.95638486734813932  0.96518533594044065  0.97105537723340218  1.00000000000000000
  0.03080767823661886  0.03659571559275131  0.04539735285862435  0.05595227110230007
  0.06621656993093007  0.07637041738457102  0.08645700603565225  0.09665475768972881
  0.10696510928679724  0.11739303355476111  0.12777074273723427  0.13803375080719588
  0.14823643926991864  0.15848565761445871  0.16877179407814463  0.17910989205828154
  0.18956127824230687  0.19989411535969706  0.21010900260945198  0.22014980440219359
  0.23011379022872791  0.23996776324589145  0.24995059623305133  0.25999588222792730
  0.27005283123822249  0.28010199960191745  0.28996223810525384  0.29975020716320278
  0.30961125976239195  0.31955072003051377  0.32956797453738373  0.33947109619682780
  0.34941679799933001  0.35936126011115360  0.36949336760715468  0.37946996214290429
  0.38930923522751637  0.39915306074782386  0.40908141116514435  0.41906408291989117
  0.42889570309349329  0.43888778727906669  0.44905574590167130  0.45943364612529503
  0.46946391818343192  0.47955280132601735  0.48949538768766426  0.49942503924869269
  0.50936670548458607  0.51930151208319231  0.52942416198925080  0.53977010847177009
  0.55014004708028963  0.56050540603572929  0.57064463783934793  0.58069922260603002
  0.59063900084361420  0.60050208391156845  0.61030742819425421  0.62015766620440704
  0.63008873005425947  0.64012815247517862  0.65015989702534349  0.66021382121094219
  0.67024711338147547  0.68035748326966572  0.69056738941369278  0.70084828492158702
  0.71120883534923729  0.72154562229621366  0.73192962244267756  0.74230580160650372
  0.75265894337712624  0.76287104187761889  0.77305957337887699  0.78306953520910028
  0.79298245495182706  0.80286200537973595  0.81287154894175007  0.82294867193734000
  0.83314344426014608  0.84292892944186715  0.85281904586258739  0.86272085798914333
  0.87292671921500187  0.88311571829340574  0.89307967049482651  0.90307480553303432
  0.91319098407182975  0.92361142910214455  0.93410364274886459  0.94468614376918381
  0.95539802578135524  0.96467870302855330  0.96909587355285765  1.00000000000000000
 -0.00223862374711231  0.00913015157086382  0.01870740558670105  0.02860613786835681
  0.03851055081536148  0.04845623611226709  0.05833928025774959  0.06846433675403889
  0.07866568667465008  0.08908542823175009  0.09949757393999743  0.10994542780986528
  0.12040110179995153  0.13094733756757673  0.14155824141496995  0.15247347771142539
  0.16351910585848992  0.17481957642695042  0.18616190071238053  0.19757463641419243
  0.20921757315341541  0.22089471872575878  0.23257422112843176  0.24414587435329785
  0.25587616971734023  0.26782251730783319  0.27987250651589424  0.29200405621316639
  0.30421148586974822  0.31636385209256263  0.32866159956091356  0.34093982611058926
  0.35319119163942997  0.36552972583393845  0.37802367335050613  0.39055045566452451
  0.40314035006181742  0.41572082381179903  0.42824867137588080  0.44083182844353069
  0.45356659728563176  0.46621168914133870  0.47878240266200134  0.49127883312913395
  0.50360769479805589  0.51584857233523951  0.52815325251846812  0.54048953912362929
  0.55257272719830808  0.56431120847835858  0.57595129888462249  0.58767549648422757
  0.59937505760780330  0.61092070070453308  0.62230100391683518  0.63360977899856419
  0.64461011151686409  0.65535809622097807  0.66603249113519014  0.67684263469520323
  0.68762338595082551  0.69834006536444715  0.70882164641795231  0.71891210049431675
  0.72887717244593009  0.73881653609287645  0.74874848051711607  0.75844937647268407
  0.76804473934395534  0.77756027107430570  0.78706300327610368  0.79652726225819892
  0.80587374844909843  0.81507550165570353  0.82412290548012257  0.83311083234707961
  0.84203458308402024  0.85090540383240632  0.85960225856707095  0.86812387162900106
  0.87664687109055606  0.88535118750438535  0.89402732886730263  0.90251520897652360
  0.91087255353344188  0.91923496050321474  0.92757996255668129  0.93590776898395267
  0.94424167682310678  0.95253091945535540  0.96070931587418562  0.96874980800717225
  0.97665401680801212  0.98447685644965555  0.99228574674479231  1.00000000000000000
 -0.00224952706568810  0.00943402433049850  0.01944007933856252  0.02977350758629757
  0.04015629897728093  0.05061630008993202  0.06118974819664467  0.07153284693004053
  0.08205916855516435  0.09247754669537675  0.10309114352384506  0.11328334226134494
  0.12343541734852323  0.13378581373710974  0.14437434806312979  0.15524745765411679
  0.16611957334035585  0.17712956821870077  0.18790572888921145  0.19853539502005565
  0.20877168972793184  0.21880622278866010  0.22878949406404361  0.23887544428469906
  0.24905075673303009  0.25917940283632079  0.26946320642255556  0.28004170748122420
  0.29089032864222836  0.30167087777465279  0.31225782941109043  0.32273649018086747
  0.33316646456153126  0.34347543143985121  0.35374396989566181  0.36399538906509377
  0.37440508073805112  0.38471171271720062  0.39498205383779544  0.40533571900891302
  0.41572145653209203  0.42619068017088707  0.43670716694843453  0.44761530258155596
  0.45873123841172014  0.46974659048457124  0.48043669294245128  0.49089935459602208
  0.50152469084652695  0.51234466020896363  0.52330025242096612  0.53410745495776746
  0.54485770457164129  0.55556415098728862  0.56621133810015467  0.57683766050686114
  0.58748488351295503  0.59807346530556171  0.60846319663960913  0.61884973981300961
  0.62947459122939309  0.64009241009154039  0.65057544151657976  0.66092995194195370
  0.67131572702585895  0.68195443262789324  0.69253621641253538  0.70314996236544169
  0.71357592162531214  0.72403610229992366  0.73435526373422777  0.74451292389305046
  0.75456153139768944  0.76476891328535634  0.77529981988494978  0.78600336198990195
  0.79674291367178229  0.80755060557880365  0.81837046196189855  0.82901637781270254
  0.83950656405727364  0.85004364277393762  0.86059759438991190  0.87100486591935733
  0.88130605387529992  0.89161232451079830  0.90219464111141512  0.91284833641090568
  0.92372018895615871  0.93458783362803566  0.94548452032791996  0.95643403520973347
  0.96722534222141365  0.97819035447174774  0.98895468510891493  1.00000000000000000
 -0.00236520490386322  0.00963398804349524  0.01954194397400347  0.03016980724922590
  0.04055390852367706  0.05146225257377212  0.06228581350037250  0.07329025727051734
  0.08427912317762019  0.09504206738797437  0.10577891827286223  0.11637310730615079
  0.12700407837396713  0.13771172347624036  0.14821543114200167  0.15857029060404901
  0.16879364821892273  0.17914407327403126  0.18962700613833136  0.20033895536246837
  0.21110222405011766  0.22206671483336030  0.23272078243459360  0.24329900353215922
  0.25374623043808464  0.26413523702275787  0.27448012935370775  0.28484399098671026
  0.29539692953623975  0.30605384832189930  0.31645574821408229  0.32677064991007360
  0.33710510891054524  0.34780569089654478  0.35852582017666185  0.36925245426476122
  0.37982350855642000  0.39050509652702592  0.40096053400318560  0.41121142096773494
  0.42161073092477386  0.43197202231747783  0.44227312728434076  0.45241071635882529
  0.46272733630913637  0.47321990093665600  0.48370057676784223  0.49397829710967778
  0.50420067582347927  0.51440759806382530  0.52470199946836904  0.53516958600436892
  0.54584419297529241  0.55654859075452312  0.56727471290048981  0.57785042550706489
  0.58861892206878852  0.59926174876163929  0.60977683964667651  0.62008345326059378
  0.63034642613541303  0.64060455426896312  0.65088573835846142  0.66113536695085950
  0.67167225313092871  0.68234825082997341  0.69302482125692721  0.70351143756872669
  0.71397457325289593  0.72437838898885654  0.73508222355567010  0.74589452960787561
  0.75690157719090356  0.76765961954733153  0.77836620239102094  0.78913637420843119
  0.79969711731580939  0.81036920924678668  0.82111089511546809  0.83186676659053937
  0.84240706162729972  0.85278444715177326  0.86322348011668271  0.87359865758424127
  0.88429130659677080  0.89491485019613448  0.90542700582582936  0.91582769256590058
  0.92644658802363600  0.93704217931962297  0.94734299999761507  0.95780939968511625
  0.96854071313571222  0.97915247989032239  0.98955092206851425  1.00000000000000000
 -0.00256999676520022  0.00970529617598203  0.01995053929606823  0.03045116904043986
  0.04095950238637046  0.05162822185688241  0.06247053357302296  0.07318475791310079
  0.08382168515673187  0.09416921696867560  0.10454989398396816  0.11494932999438209
  0.12531563659725142  0.13590380126944404  0.14641725194492899  0.15718030529603505
  0.16793886849723691  0.17872196244793243  0.18950335286910222  0.20052316446968171
  0.21124802180649008  0.22177184118096627  0.23211666116941390  0.24245729931845780
  0.25295023919047616  0.26330329590578866  0.27385638927022748  0.28448898224920649
  0.29506192227365469  0.30559141791681110  0.31601853205262920  0.32643836811976679
  0.33680777471422646  0.34722591327376079  0.35779502367915234  0.36841910149095192
  0.37908141583790000  0.38973620561209660  0.40050430588926589  0.41133440125623527
  0.42220264427531506  0.43298061731407356  0.44371915236341020  0.45447859821496650
  0.46531492239086086  0.47631847732259969  0.48727100166418824  0.49810766040130844
  0.50897723205580958  0.51990534694733315  0.53048866982003995  0.54093208301384099
  0.55135459391417485  0.56181948123110115  0.57211747304822425  0.58235318366920619
  0.59273537850234059  0.60314678548134526  0.61359594098589965  0.62388396804055712
  0.63440632321808155  0.64493558041631227  0.65557653359849311  0.66607775675233338
  0.67643713644142867  0.68687274473039384  0.69737778223099656  0.70787433849525105
  0.71822194257957428  0.72857731888411648  0.73871472577088082  0.74882569411541910
  0.75909947513402931  0.76952595670022006  0.78013120314049345  0.79063842197137535
  0.80137625450978356  0.81199066249913032  0.82271758239142800  0.83330416673176810
  0.84387847111069991  0.85420893819412713  0.86463836917077463  0.87524545190615533
  0.88599091919489570  0.89657677864147178  0.90700745662549309  0.91736171262452093
  0.92780899009873397  0.93834918154563574  0.94865500009220871  0.95889888876083129
  0.96908704634553444  0.97943716234520350  0.98973153141765113  1.00000000000000000
 -0.00277714881269586  0.01103798413330496  0.02246172996241521  0.03482066352129448
  0.04695312471901864  0.05874712765895065  0.07051014098505944  0.08193991172066513
  0.09302941594191635  0.10404330190730234  0.11537150070169946  0.12661649092179189
  0.13739441945472367  0.14786803600752541  0.15824225976689191  0.16850091028250375
  0.17857029711790293  0.18857606357384943  0.19856225221652610  0.20851933282052507
  0.21849300680539452  0.22852213786732509  0.23854895343826260  0.24853312061881022
  0.25836672720152981  0.26816033670676243  0.27791445535766446  0.28752421843079790
  0.29701080020337689  0.30641050941550430  0.31589610845987415  0.32557050158383494
  0.33536341468638414  0.34504379745531794  0.35452535760920595  0.36382263271099380
  0.37310128358883088  0.38246552414780921  0.39183855929600631  0.40115503376266043
  0.41040330168760086  0.41970498846684562  0.42937481609700079  0.43905368239775022
  0.44857398063485548  0.45800684071121317  0.46748964429976875  0.47704147785483852
  0.48634225969307887  0.49558762896773395  0.50497794272586327  0.51454186631581855
  0.52417981409963876  0.53379779959590989  0.54340867400518300  0.55306779097939196
  0.56261765553078602  0.57209066779621465  0.58150623825269399  0.59104911120569659
  0.60077041081416782  0.61053342981498215  0.62036040074767440  0.63024165056051762
  0.64021310114699304  0.65012451343321886  0.65997373307126816  0.66992257962338375
  0.67997770038071670  0.69005121649314283  0.70005684356769760  0.71001702046151061
  0.72012467227763610  0.73046200855858079  0.74100179215836581  0.75169612352567727
  0.76252721580440497  0.77356603194342677  0.78473702757778263  0.79595909296587075
  0.80718065949125584  0.81845836544592077  0.82990906969298672  0.84153288302144835
  0.85339616660395567  0.86553810148398047  0.87795472934885255  0.89050626463311444
  0.90310143878530147  0.91573454772960206  0.92861731803974934  0.94196824450911376
  0.95585112369050518  0.97025713685500969  0.98504805942264950  1.00000000000000000
 -0.00229462716346413  0.00949760508814142  0.01973776030067388  0.03004403062626905
  0.04045296853878430  0.05090446593125160  0.06141553135098756  0.07212097462557034
  0.08278386063427876  0.09357912791377083  0.10432043693692068  0.11534847728927777
  0.12627478322287852  0.13697725261273555  0.14747386271619853  0.15782473616858669
  0.16795925332453987  0.17797709663964908  0.18798822447477989  0.19836049213748499
  0.20867605676938575  0.21892162753694516  0.22903241764750606  0.23923451101709159
  0.24942484778842139  0.25979995541685569  0.27014032342928684  0.28070713582039314
  0.29122514260148480  0.30184247757756183  0.31256622310895266  0.32315359748631550
  0.33372267018485302  0.34398680162836420  0.35425961443695103  0.36438304535054644
  0.37450615623752237  0.38470760210149241  0.39508335646820492  0.40567150130348018
  0.41636496018424041  0.42708213971453834  0.43787452300198920  0.44857950460133716
  0.45918322033627218  0.46966844789738627  0.48001019235177317  0.49032363009295449
  0.50056212045335713  0.51109546622737034  0.52168740127253521  0.53246257490704785
  0.54311387053672300  0.55375903376476410  0.56440243411935098  0.57496805066384971
  0.58547216157120285  0.59585817003960262  0.60635369902750702  0.61704649739684891
  0.62787093494429835  0.63884505383935419  0.64966793770747466  0.66029782743078203
  0.67077273164591000  0.68125699332310174  0.69178644946284962  0.70245144899494993
  0.71332586659600861  0.72428461364820718  0.73510106489708515  0.74561224398531090
  0.75600027825444416  0.76650355066361164  0.77717479967501746  0.78777657414573510
  0.79814264982137173  0.80835799723273327  0.81847550220167764  0.82865791541073264
  0.83896678706049443  0.84944548465676084  0.85997920035309106  0.87059646108152977
  0.88121528621339718  0.89176818453632334  0.90239390269966346  0.91328469001313239
  0.92429524375623062  0.93542883200265070  0.94643173912391476  0.95754645972004482
  0.96827699353097607  0.97901907306890756  0.98945096947212252  1.00000000000000000
  0.02290531000481008  0.06688850644593541  0.08199034230342021  0.09621009909225658
  0.11130603461296971  0.12540712750098743  0.13804369708831521  0.14949534114405030
  0.16018593676377330  0.17024870469488604  0.17980916494000593  0.18905536395061134
  0.19809669814222941  0.20697285406576232  0.21560069966416898  0.22400185904574652
  0.23226983990839659  0.24042235336110651  0.24847446024625958  0.25639329950394990
  0.26427007402312058  0.27213491187267441  0.28000440274356980  0.28781220325344875
  0.29552338590252381  0.30312599127126255  0.31071932211277253  0.31825053164659822
  0.32568267803013723  0.33307258149547542  0.34038898903302656  0.34771510591845373
  0.35496584614703658  0.36210913840851050  0.36923782332802968  0.37643112127414979
  0.38368151699988134  0.39093361037633978  0.39818617539910273  0.40548792194182959
  0.41283057301667886  0.42022963095527299  0.42765727287202110  0.43506054694199647
  0.44240066616411455  0.44974122578858788  0.45703355609992868  0.46439157522826674
  0.47179933796694390  0.47929327247621900  0.48694155750759904  0.49454769343062199
  0.50203165654016457  0.50943132177136152  0.51689684233339406  0.52456917834800876
  0.53245138624964661  0.54043958532124248  0.54840907860332733  0.55637561931671076
  0.56441635552083180  0.57256044679048890  0.58084595389782456  0.58926827038912843
  0.59773992992045000  0.60623676085545286  0.61499407066727318  0.62378317476944356
  0.63275503683975409  0.64159281030328064  0.65043632795349760  0.65937964136368821
  0.66860904371193930  0.67809559948633447  0.68764957971970952  0.69725850168401227
  0.70702168837919011  0.71693065051070448  0.72699793712621497  0.73725959194667567
  0.74773544180633167  0.75845162374093844  0.76943800687343700  0.78083722476369910
  0.79266706893021310  0.80491556187106417  0.81779706283447551  0.83120468513641554
  0.84505617385041609  0.85930068517077418  0.87431442263512105  0.89054875704036673
  0.90849103889663119  0.92918387419827386  0.95663917604375004  1.00000000000000000
 -0.02296432352546281  0.14279262551919356  0.18510829744532523  0.21127067926623774
  0.23212231830539554  0.25073310217194111  0.26762432749024101  0.28301999903085229
  0.29725157079325443  0.31041669996660248  0.32283215449868341  0.33476623268200045
  0.34622810866994580  0.35716257659148859  0.36763044176027576  0.37770258222975411
  0.38742604954470394  0.39682247713057889  0.40588018814608628  0.41467835644108131
  0.42323860811977798  0.43162442277074253  0.43992163634078391  0.44800007413665754
  0.45591101265361017  0.46363133896950087  0.47128200712811591  0.47896008555656505
  0.48651307825662515  0.49398148611829579  0.50124706381845296  0.50829974044133142
  0.51523598307012830  0.52204008034958915  0.52868987723409577  0.53526315182984596
  0.54180097355039258  0.54824756667073316  0.55460540256547675  0.56091003620305602
  0.56710195750829784  0.57316573221846334  0.57917839362658152  0.58513527434017243
  0.59108277585724944  0.59702342178044887  0.60295479697958687  0.60881339922574351
  0.61466005328178042  0.62045032735015349  0.62618661767941064  0.63183818285413929
  0.63742724258246652  0.64298555094850085  0.64848738873860279  0.65392644906287833
  0.65932845889605129  0.66469361482772615  0.67003286899201653  0.67537572995532325
  0.68074183666392751  0.68612693447503392  0.69148592736402270  0.69677199600563389
  0.70202700621764691  0.70729124083497308  0.71262595985765265  0.71800796482012741
  0.72336500272800985  0.72866413035174471  0.73387833790683699  0.73906155714134181
  0.74434633866911648  0.74972009975733422  0.75515445648149426  0.76056845877837731
  0.76587955972633615  0.77124175449554333  0.77669139996070469  0.78230526758420837
  0.78807855454946862  0.79401343639187749  0.80012466585444353  0.80630681640973456
  0.81265778360668162  0.81935432309860756  0.82644133889625859  0.83366167756992815
  0.84171527517807587  0.84974583333602649  0.85905918905521006  0.86943457472120511
  0.88223512823739902  0.89826112110886258  0.92630268774912483  1.00000000000000000
   6.4832570333074059E-012  -1.0000000000000000     
 F F F F F F F F F F F F F F F F F F F F F F F F F F F F F F F F F F F F F F F F F F F F F F F F F F F F F F F F F F F F F F F F F F F F F F F F F F F F F F F F F F F F F F F F F F F F F F F F F F F F F F F F F F F F F F F F F F F F F F F F F F F F F F F F
  <DiscreteSampler_grid>
  grouped_processes
  1 # 1 for a reference and 2 for a running grid.
  10 # Attribute 'min_bin_probing_points' of the grid.
  1 # Attribute 'grid_mode' of the grid. 1=='default',2=='initialization'
  0.0000000000000000 # Attribute 'small_contrib_threshold' of the grid.
  0.5000000000000000 # Attribute 'damping_power' of the grid.
 # binID   n_entries weight   weight_sqr   abs_weight
    13   10   4.028142812984241E+000   4.077410730864759E+001   4.028142812984241E+000
    14   10   4.028142812984247E+000   4.077410730864766E+001   4.028142812984247E+000
    16   10   5.198489473431385E+000   6.953852030078077E+001   5.198489473431385E+000
    17   10   5.198489473431393E+000   6.953852030078089E+001   5.198489473431393E+000
  </DiscreteSampler_grid>
