  0.03062189786771155  0.03664758034106916  0.04622818369882084  0.05739404397542097
  0.06816553670677887  0.07844825675142658  0.08838472739220228  0.09751878663984412
  0.10661118846866054  0.11541066068250377  0.12439121111425001  0.13396895309480661
  0.14386393740520106  0.15354227125708683  0.16295223002471770  0.17268731193946985
  0.18285976263547415  0.19308667474635574  0.20310246446921607  0.21303855700481317
  0.22311071919951431  0.23354601439914685  0.24438881324353756  0.25541255115505218
  0.26634140896097919  0.27701704089529966  0.28730065828764073  0.29730694661078999
  0.30700978466454310  0.31604976074547125  0.32448506434895102  0.33309074981849107
  0.34198948335259749  0.35055251525056164  0.35886892922500135  0.36733283489920837
  0.37681921982002448  0.38750905363112670  0.39783945490550737  0.40813011510803471
  0.41872664037522073  0.42981607992376630  0.44045915145282205  0.45043132686718446
  0.46055525713925721  0.47083890908077186  0.48107224336990284  0.49118443234719172
  0.50130206285502488  0.51100714972713956  0.52044897331068174  0.52975986110919182
  0.53889754366674136  0.54815745488933110  0.55777779344041700  0.56778871276052456
  0.57787381416724137  0.58776623901531155  0.59720184527889664  0.60681183460653387
  0.61678883961745978  0.62686444642511163  0.63709407729990797  0.64721523146665805
  0.65833679331157757  0.66917142283630959  0.67935845303251685  0.68965489449359052
  0.70017620019824067  0.71077870291705891  0.72144960297221894  0.73192705108740830
  0.74239562097543554  0.75288420413531854  0.76343063878046369  0.77452390844250885
  0.78551762015083293  0.79639461587861748  0.80844103267082890  0.81853625951789166
  0.82870453675721867  0.83894514437160661  0.84960074366805294  0.86000162250676893
  0.87002294284386128  0.88036041196891768  0.89076423533204752  0.90098859535878251
  0.91099121075740297  0.92118211591386556  0.93176282505061703  0.94249225758938937
  0.95362781409602759  0.96367926633222323  0.96932962273016432  1.00000000000000000
  0.00000008903767305  0.00000129864127060  0.00000390204188234  0.00000780844855201
  0.00001242822510234  0.00001731724245968  0.00002194190473040  0.00002608003588593
  0.00002963763895667  0.00003264452089653  0.00003459814152216  0.00003589525683810
  0.00003709224385957  0.00003819278251997  0.00003919658031583  0.00004011823101996
  0.00004096037001355  0.00004171418003619  0.00004240104216983  0.00004303733909052
  0.00004362322696139  0.00004414151147121  0.00004460450270434  0.00004502901420616
  0.00004539034538798  0.00004573782006617  0.00004604380261389  0.00004632966755205
  0.00004659624095622  0.00004681975257879  0.00004703193661025  0.00004723168547192
  0.00004741798791672  0.00004757173509364  0.00004772087675725  0.00004786683579877
  0.00004800801140704  0.00004813911399697  0.00004825483859134  0.00004836844052227
  0.00004848114448363  0.00004858871119900  0.00004869544994934  0.00004879930155174
  0.00004890176003830  0.00004900186270329  0.00004910131168718  0.00004920002042903
  0.00004929895814659  0.00004939808972435  0.00004949698839975  0.00004959574572793
  0.00004970638750003  0.00004982222411082  0.00004994764413272  0.00005007575823200
  0.00005020939714007  0.00005034434400083  0.00005048541573965  0.00005063933989530
  0.00005081361643962  0.00005100179444974  0.00005119645976671  0.00005139918135851
  0.00005163410571123  0.00005189233492108  0.00005217588209768  0.00005248297192464
  0.00005284163929999  0.00005324176719905  0.00005367327304596  0.00005416763054702
  0.00005471579010332  0.00005531934315166  0.00005599080669158  0.00005674306184493
  0.00005757289254810  0.00005848790656245  0.00005951130002584  0.00006091839811645
  0.00006289703384280  0.00006503467875208  0.00006743982783089  0.00007013107445932
  0.00007402219425090  0.00008118801288293  0.00009102266114538  0.00010817405109811
  0.00013400001163191  0.00017836208302600  0.00026398080816851  0.00046779720718305
  0.00105806699993161  0.00362610660402185  0.20675383265453692  1.00000000000000000
 -0.00222898640600982  0.00906926371839636  0.01875712790954076  0.03049076434032850
  0.04166414477869625  0.05233198166986017  0.06278233085385276  0.07424703497015188
  0.08508275538933571  0.09533278674322319  0.10602523145044980  0.11726833639789064
  0.12970146370127095  0.14263697486370794  0.15489237592469024  0.16652745950267889
  0.17776631003353299  0.18921341913153916  0.20070223243460131  0.21169511455042656
  0.22200577911437300  0.23197407115119323  0.24208074305540681  0.25227823523166237
  0.26248362107968587  0.27278771032193450  0.28297783135552884  0.29343405982508147
  0.30489372162584299  0.31716873343554908  0.32983705773298827  0.34056682026242335
  0.34989361153795778  0.35932803632966487  0.36867941341477034  0.37806636441435176
  0.38759606745514230  0.39760878472632954  0.40749563147413098  0.41664561839736514
  0.42545816714599421  0.43435599908370798  0.44323152854565340  0.45211555209855347
  0.46072133208337734  0.46931168339183771  0.47770667059964689  0.48748962250205874
  0.49763252129361940  0.50856712864629183  0.51921516730944361  0.53007649645773625
  0.54061963348507125  0.55045772058539877  0.55994680643090233  0.56959209686831347
  0.57921980968716535  0.58860709454534099  0.59788298002439144  0.60725129182451287
  0.61723328385937015  0.62793539362441353  0.63933831806564478  0.65072839918309167
  0.66167642720163755  0.67220420889214316  0.68260380056930980  0.69296090488172102
  0.70303815650092050  0.71318214920222223  0.72350121089053454  0.73429620339590373
  0.74588155876759621  0.75673796231146251  0.76718295836910588  0.77784664881561905
  0.78860590025787236  0.79893210215695964  0.80895585731862518  0.81987173490216936
  0.83131821748841217  0.84248083251747541  0.85381872760755539  0.86590841028108745
  0.87812527650192829  0.88914739065438486  0.89976342905838946  0.91102537431675756
  0.92217157027445029  0.93335122544893767  0.94545112824589961  0.95738033899537001
  0.96872524659628156  0.97939916072924094  0.98963479268125443  1.00000000000000000
 -0.00229229955002391  0.00928796146578259  0.01906378573180537  0.02967540885241574
  0.04069291740908165  0.05035932100834607  0.06057748168581546  0.07133034600628996
  0.08235612999926835  0.09150358085032771  0.10080530415190168  0.11054296968267925
  0.12065662488937809  0.12992813085444979  0.13895672983379601  0.14803025014036553
  0.15772353563210775  0.16758048791650099  0.17771676009950194  0.18751510436643176
  0.19739062153394607  0.20729827663905789  0.21822647900612199  0.22944781407406384
  0.24016450751123075  0.25074389858141410  0.26264710424110477  0.27421020772793775
  0.28437626642128355  0.29493162712195048  0.30566179160661722  0.31731626319988865
  0.32865400503035758  0.34042040837404369  0.35138818848319864  0.36274603529254945
  0.37385425170745229  0.38503747700106128  0.39633273490752885  0.40820760265727407
  0.41998036047859105  0.43149468768664734  0.44231938707372009  0.45297386536263645
  0.46340646053716977  0.47332555502737572  0.48341203641413871  0.49384085057204441
  0.50474244572970417  0.51586165856606159  0.52689352059701200  0.53762226543067426
  0.54789244583646690  0.55754518547945042  0.56667166459851570  0.57542143418515501
  0.58452499489476761  0.59400668845985216  0.60375324342078585  0.61398935378711594
  0.62431521387041766  0.63518442896371496  0.64616648644180241  0.65696794931061797
  0.66792700874352517  0.67902789265413088  0.68982423096104795  0.70024168106811480
  0.71083959695104360  0.72104044174269988  0.73098794332579431  0.74095946434357640
  0.75129472514985607  0.76192990149312645  0.77279903820357720  0.78387033727399213
  0.79506050400879658  0.80634758485073299  0.81826287357550176  0.83005755168153916
  0.84135727915070513  0.85197722881367766  0.86227700997743162  0.87254792485297894
  0.88288871734256291  0.89330219003089995  0.90452978819232877  0.91578571025145294
  0.92628714859192907  0.93641626796495891  0.94669145631258123  0.95699282900229832
  0.96683928961190824  0.97726845186904854  0.98853504852911667  1.00000000000000000
 -0.00202292071390864  0.00777124599481524  0.01604614156700394  0.02535132631655054
  0.03533988486120337  0.04586521787424486  0.05645151026024619  0.06841452332644220
  0.08197916233861241  0.09431735166000386  0.10549697444099088  0.11611449045666948
  0.12696184748240702  0.13782554211305020  0.14825724899811080  0.15845046922492928
  0.16933027562434466  0.18136324247242602  0.19370815679113507  0.20594875265915519
  0.21795623026932529  0.23020698835491554  0.24287217207247316  0.25579280291171480
  0.26849744193975944  0.28031323267187691  0.29180126368777559  0.30340126932792338
  0.31529933858408421  0.32646168514279034  0.33715515803542973  0.34777412469709290
  0.35890553029748579  0.37050777637599919  0.38188916985364141  0.39334244791810191
  0.40482047025015838  0.41597308353876683  0.42706317281845402  0.43934550664167943
  0.45319249267075523  0.46766916520334195  0.48204315312440937  0.49584022358117186
  0.50906874967539806  0.52184394764984887  0.53453997706616641  0.54760904970044189
  0.56081715295275880  0.57364781965978373  0.58599704305565936  0.59775017100357963
  0.60895925811540075  0.61988781363658274  0.63072265493669433  0.64133013183700072
  0.65104403237216524  0.66025037363019945  0.66977283656369824  0.67947459970015933
  0.68912533356422645  0.69902114975202190  0.70940210567768536  0.72034877256648377
  0.73135972580868014  0.74248821716935931  0.75364446075625380  0.76486248825210190
  0.77530830600923017  0.78539672139494565  0.79493610381923063  0.80378073730783717
  0.81249662909916920  0.82094484475485685  0.82954804487508726  0.83847494091742325
  0.84760328716430378  0.85629343494704946  0.86428608240217786  0.87217192244587372
  0.87999961817014405  0.88779932615809620  0.89585273300899193  0.90391410343144285
  0.91183577481839073  0.91997817345332056  0.92844623647566027  0.93699922913998879
  0.94543916533899641  0.95385794174504424  0.96199914977406076  0.96936198214135072
  0.97691793056844467  0.98462686937229449  0.99231281291352491  1.00000000000000000
 -0.00295952691400048  0.01096818963966935  0.02218710512574620  0.03305112277305315
  0.04388561799194002  0.05550062930311937  0.06747442339023345  0.07932335013680754
  0.09053714740934365  0.10108360678865262  0.11157311942952026  0.12193896414937838
  0.13228857093609467  0.14258175593910832  0.15272524660303632  0.16280441404555757
  0.17288446461913426  0.18297289766024402  0.19257656149304783  0.20189372387097845
  0.21186830551045932  0.22265622718356298  0.23350207531051592  0.24450213683256286
  0.25607362657140970  0.26792769569252162  0.27984811389012842  0.29122301820446111
  0.30182584409455582  0.31206113260969870  0.32229563798104433  0.33221998966080257
  0.34141451906844184  0.35015238431110179  0.35865304055743985  0.36708564422681661
  0.37602921454326899  0.38520224231598688  0.39405139878020895  0.40300185454992843
  0.41176801964995413  0.42133827740395585  0.43209579184109120  0.44281460113024729
  0.45313069029560460  0.46356899023111275  0.47448526702186705  0.48540877047992992
  0.49606842349627434  0.50699062033945108  0.51859650259311363  0.53080241024362629
  0.54287921241370107  0.55381520873712875  0.56423932032434743  0.57417892143077931
  0.58413710300518240  0.59426165404631281  0.60444197616803474  0.61487689454076666
  0.62557710642971154  0.63672049157436772  0.64799347714483602  0.65977872099212886
  0.67157627668974895  0.68311368752634583  0.69431509630289312  0.70556478594954397
  0.71702609774655179  0.72833809674765282  0.73906426881913878  0.74980264439829947
  0.76129684389492780  0.77286183187991353  0.78409015902091006  0.79490227718866024
  0.80525354169084862  0.81648501442205823  0.82808235444195222  0.83869676880443234
  0.84875345402572910  0.85869250478336501  0.86873680029299316  0.87876199939997601
  0.88875170875243803  0.89873400457763997  0.90871552023103330  0.91883135271440219
  0.92947062953319637  0.94014652254112074  0.95021129670191162  0.95978710085698360
  0.96918753141491221  0.97898608740869186  0.98952358458320344  1.00000000000000000
 -0.00385216146249697  0.01475846133343395  0.02817409437947763  0.04079257900195615
  0.05278766621058661  0.06440832879275089  0.07574107788488860  0.08841654853855159
  0.10150917645895530  0.11321209752133815  0.12461889151455553  0.13703029152118690
  0.14877060772985085  0.15994473417625615  0.17061046280094178  0.18071032158109682
  0.19032712587070402  0.19947092801749178  0.20840848484946700  0.21817908419490725
  0.22841907880757537  0.23888198799574867  0.24916013104943144  0.25898085604241922
  0.26858544137722246  0.27783922520593268  0.28672129734156226  0.29538620953174544
  0.30406092614095837  0.31313842578675993  0.32202950032850902  0.33060595354850841
  0.33927221876063207  0.34806160353439675  0.35735464228011482  0.36708654439238936
  0.37695822118756672  0.38682904589648337  0.39653135485521895  0.40624073554102164
  0.41600954366404713  0.42583970900816603  0.43535144395031339  0.44460570402176597
  0.45373694515108559  0.46277473759824511  0.47181428752116344  0.48093806739345935
  0.48994359241195490  0.49919835741524077  0.50851645103579424  0.51771865327870292
  0.52656238332111627  0.53534815399981039  0.54423484387457632  0.55317132446893236
  0.56230033400187573  0.57170799288543317  0.58136671039845644  0.59050692899023771
  0.59941606254885271  0.60841449628942501  0.61779146726506828  0.62693349265655918
  0.63640714757773242  0.64587915975010113  0.65750753884445667  0.66956334401056039
  0.68150712178311201  0.69303068002517587  0.70393687162747143  0.71436672719418559
  0.72452953326945424  0.73443797598471083  0.74419212839930482  0.75450236233082746
  0.76529331130135603  0.77581381403203509  0.78636638785757862  0.79775166324554880
  0.80985328589594996  0.82165466324826475  0.83331271626097769  0.84547387493854542
  0.85762500707588962  0.86929798704700334  0.88063159829121862  0.89193310631863665
  0.90347509331610587  0.91442722747009497  0.92582938627173494  0.93728799160952125
  0.95061272985724243  0.96543206468652365  0.98248168205930508  1.00000000000000000
 -0.00261653250920857  0.00954116587290579  0.01991135033566164  0.03008901277892139
  0.03985185641222018  0.04925003941753937  0.05880538820145514  0.06848738193073668
  0.07869423426288795  0.08875222695975245  0.09881347995006370  0.10893692389728947
  0.11922186408379257  0.12980602321177923  0.14186866738340209  0.15378632829336453
  0.16596029177303509  0.17883830451502311  0.19068115874056751  0.20161456659657739
  0.21213996900796858  0.22212917528021323  0.23150181552345039  0.24034046289439320
  0.24908850122097853  0.25839498904495239  0.26748633699563051  0.27681727753982199
  0.28637967418215426  0.29735614200554106  0.30978277459012116  0.32107030787318480
  0.33177570369125997  0.34155249959369194  0.35107530752701394  0.36092474083593412
  0.37126696947555637  0.38137285268867160  0.39116985853506486  0.40143811179447342
  0.41237985272405009  0.42343552984499827  0.43462153284313931  0.44579569518649514
  0.45643616973179296  0.46677659030907487  0.47698100411852257  0.48759871679207656
  0.49815865267507153  0.50848540883041715  0.51880508634121758  0.52936503804442603
  0.53998206963793771  0.55027620701507818  0.56045105346931101  0.57081465724597746
  0.58141177030957969  0.59139196185303633  0.60127294722418123  0.61115630673507892
  0.62092703505078806  0.63097062670054360  0.64120230505960385  0.65136279091111149
  0.66173851222467905  0.67217325112301352  0.68305833676742278  0.69386145671501631
  0.70510083046637095  0.71681176950063885  0.72876992557937548  0.74001787718873857
  0.75071269194740331  0.76126574736750929  0.77160187891818199  0.78196204101733324
  0.79310287446262673  0.80536819711599184  0.81772343124742608  0.82850848707661151
  0.84000675362068589  0.85109770179628996  0.86128167851306991  0.87102399416350618
  0.88107397989944258  0.89219190009668670  0.90312232858394592  0.91435373208207882
  0.92556409882158053  0.93641220008597426  0.94682491669897817  0.95716912563466483
  0.96794709453982142  0.97825312992147839  0.98922171866846531  1.00000000000000000
 -0.00020983420136836  0.28624477796698300  0.40979757344098378  0.48232493466338966
  0.52458201461930831  0.54459786877331973  0.55611663743963047  0.56468488706582520
  0.57105922848832369  0.57683994868436761  0.58223645621419362  0.58711041533155928
  0.59183563546716034  0.59641821502178372  0.60088406542029582  0.60540261095070602
  0.60970523334012683  0.61387925790380993  0.61795162471717635  0.62199080716250821
  0.62621308700220857  0.63060924812798902  0.63506132890475608  0.63945137607400748
  0.64368229611411243  0.64791029873350503  0.65213552311641476  0.65634703249996329
  0.66081965912510532  0.66532226225320823  0.66975268985975456  0.67420771588361750
  0.67879278266049603  0.68326951450796558  0.68748575130637379  0.69157426556153856
  0.69563358615116888  0.69965561300634405  0.70368994231832394  0.70780510850668865
  0.71163073083370709  0.71537455031961439  0.71916714077424715  0.72297725195207851
  0.72664289934471593  0.73046207237995964  0.73445046658502910  0.73852440454628054
  0.74270063155029864  0.74701488694526952  0.75134068253838593  0.75540919190669054
  0.75943847340128212  0.76345469668935295  0.76746854678244625  0.77147189456585263
  0.77541546465869571  0.77928940235355071  0.78320830880138570  0.78717664685117694
  0.79118452240730508  0.79496789771534748  0.79872787371476672  0.80252120202105337
  0.80648117036940214  0.81063581841793286  0.81473692742023607  0.81900532299432482
  0.82308182574919064  0.82725083700278645  0.83150113628376743  0.83599644224085512
  0.84075197534696333  0.84558673738671808  0.85029351957102417  0.85502141987328817
  0.86014409001881353  0.86505744574858545  0.86998828006081652  0.87488030990350452
  0.87983068454159574  0.88500396593839437  0.89021583132703908  0.89564469559006343
  0.90134943507384746  0.90734806738230445  0.91304402367972870  0.91883510926479917
  0.92504212941183928  0.93166385184022460  0.93909297739279241  0.94758146685684719
  0.95658626681393799  0.96633049694204587  0.97888409354385419  1.00000000000000000
 -0.01581788807123805  0.13235450813426389  0.17659854929910346  0.20588502695191840
  0.22830879452381311  0.24718187673100853  0.26557845027865340  0.28178908660603752
  0.29793452302598583  0.31402626151928098  0.32774276335465907  0.33974259825620273
  0.35091374750866172  0.36126988538309135  0.37114571578636668  0.38071837651577228
  0.38976955264727553  0.39844669366550844  0.40691396537792135  0.41530934721367047
  0.42352535029351285  0.43178682786771933  0.43981989180570041  0.44755153830321492
  0.45495361004036955  0.46232379642204247  0.46962563285687980  0.47676687267058809
  0.48369943912118729  0.49055224251120944  0.49746071120033436  0.50441520487485414
  0.51118147742323394  0.51775524590380895  0.52393500272739479  0.52986231975880138
  0.53587827736000970  0.54195481445512494  0.54822733493729192  0.55449392507042217
  0.56065564312982386  0.56662326103226013  0.57247255794984919  0.57827714458202661
  0.58411406877155314  0.59000752693602165  0.59585757694817243  0.60156462619476703
  0.60702543277676357  0.61245448715329542  0.61796283834438004  0.62340729255460836
  0.62883036746083032  0.63408020242463059  0.63934073767934996  0.64467428047589337
  0.65024602511021468  0.65606400820391664  0.66195943690501535  0.66776176698927869
  0.67337185639424224  0.67868206014351706  0.68389071774690513  0.68892214422576714
  0.69408876666350605  0.69909608638458032  0.70423531776500936  0.70917174811704720
  0.71398942550902977  0.71895482293615753  0.72397963522250863  0.72890327828707990
  0.73377874020760847  0.73867950244160629  0.74365325900303669  0.74870879718858485
  0.75391227713635500  0.75920709245538553  0.76410924239703648  0.76883776946378168
  0.77411097396745965  0.77984230985784819  0.78574439723747835  0.79201761864929587
  0.79909522348071393  0.80682016563517944  0.81503812716037183  0.82380464042940493
  0.83338037064609738  0.84413733190416329  0.85539197578129511  0.86764915209637616
  0.88169194111390892  0.89866788889871785  0.92356134226284259  1.00000000000000000
   2.0689221042564384E-012  -1.0000000000000000     
 F F F F F F F F F F F F F F F F F F F F F F F F F F F F F F F F F F F F F F F F F F F F F F F F F F F F F F F F F F F F F F F F F F F F F F F F F F F F F F F F F F F F F F F F F F F F F F F F F F F F F F F F F F F F F F F F F F F F F F F F F F F F F F F F
  <DiscreteSampler_grid>
  grouped_processes
  1 # 1 for a reference and 2 for a running grid.
  10 # Attribute 'min_bin_probing_points' of the grid.
  1 # Attribute 'grid_mode' of the grid. 1=='default',2=='initialization'
  0.0000000000000000 # Attribute 'small_contrib_threshold' of the grid.
  0.5000000000000000 # Attribute 'damping_power' of the grid.
 # binID   n_entries weight   weight_sqr   abs_weight
    13   10   8.151731668703687E-003   1.420649045166257E-004   8.151731668703687E-003
    14   10   8.151731668703687E-003   1.420649045166257E-004   8.151731668703687E-003
    16   10   1.023425247866903E-002   2.301945126626777E-004   1.023425247866903E-002
    17   10   1.023425247866903E-002   2.301945126626780E-004   1.023425247866903E-002
  </DiscreteSampler_grid>
