 -0.00057015139739754  0.00273886947411141  0.00840781039155038  0.01807476304306858
  0.02927956354450634  0.04121423978121669  0.05220454692109451  0.06228819106614270
  0.07091231426360489  0.07906509011242417  0.08756591414301461  0.09696476395818467
  0.10676571735257474  0.11699792438614316  0.12760906460817545  0.13817526839700550
  0.14962230881831329  0.16219338890011151  0.17484711968227726  0.18737497810145978
  0.19947419647758804  0.21078312699807333  0.22252335473791740  0.23535125627556713
  0.24782664052655703  0.25880447220564967  0.26856577198453013  0.27909103297774857
  0.29134219348617302  0.30432384620247160  0.31712982834856457  0.32990998080125461
  0.34249931880670553  0.35433049183592324  0.36533748984998621  0.37658476417729841
  0.38811589832189980  0.40070144710423528  0.41460910421395436  0.42832855531340330
  0.44178853550002950  0.45496120797555017  0.46780577859451333  0.47997095718948590
  0.49152066951264817  0.50311493211072311  0.51509897403232330  0.52651881142535939
  0.53617829943475115  0.54549852584766534  0.55461954361136634  0.56300192060699272
  0.57082711986157864  0.57861002255578164  0.58596182336746705  0.59396329214157628
  0.60364623820654029  0.61340059203167341  0.62426984708346300  0.63531685553896733
  0.64754541702429258  0.65956112274925216  0.67053304775748568  0.68178105092812891
  0.69336313755279122  0.70572744847512570  0.71711195182356480  0.72769640433522464
  0.73776268933442313  0.74806711400008385  0.75987395353993448  0.77080220070635797
  0.77934932668189161  0.78781862345273501  0.79720293397984876  0.80635075980814286
  0.81499846608252402  0.82312503377929602  0.83162073220974664  0.83966256207442425
  0.84844069193684613  0.85914502508094848  0.87006156253768729  0.87988860564063787
  0.88978205138269684  0.89938212732005762  0.91027509266783546  0.92201651789486516
  0.93245730140262384  0.94352525022394396  0.95452945706925163  0.96499458226178947
  0.97574108638720269  0.98660518567796729  0.99439897828834090  1.00000000000000000
  0.00007108331209959  0.00007394551685274  0.00007747303488700  0.00008116224560099
  0.00008554891686021  0.00008968753561762  0.00009202291564831  0.00009237078734833
  0.00009248994642738  0.00009252796588692  0.00009254798160992  0.00009256130931413
  0.00009256647261434  0.00009257121420979  0.00009257502152001  0.00009257801346271
  0.00009258054975148  0.00009258243378559  0.00009258397673408  0.00009258551968257
  0.00009258700245715  0.00009258841740076  0.00009258983234437  0.00009259124728798
  0.00009259278638409  0.00009259432606905  0.00009259586575401  0.00009259818259133
  0.00009260069130831  0.00009260427478929  0.00009260855199704  0.00009261351804600
  0.00009262157630192  0.00009263647200681  0.00009266077889254  0.00009269774183519
  0.00009283685437042  0.00009351490581503  0.00009671879391666  0.00010246517927184
  0.00010981386782379  0.00011847836698983  0.00012846972543176  0.00013959440070167
  0.00015250964687377  0.00016712410564433  0.00018341773103746  0.00020171826168758
  0.00022229168202897  0.00024423366479137  0.00026851491286132  0.00029521729071381
  0.00032432995060197  0.00035549460032636  0.00038834595563268  0.00042104626801685
  0.00045580091774057  0.00049292122750738  0.00053348073816830  0.00057735229431995
  0.00062403829137864  0.00067529659841313  0.00073207987898534  0.00079147270282775
  0.00085553469059905  0.00093109755030975  0.00100611197464783  0.00108326091956676
  0.00116378229545616  0.00125632996796507  0.00135572334958192  0.00146475307252759
  0.00158366408484070  0.00170982176021059  0.00183541917436696  0.00196131813987250
  0.00208866410414603  0.00223379162890970  0.00239793462481337  0.00260957749156403
  0.00283687449054161  0.00304722147458586  0.00326243524054498  0.00349159677193584
  0.00374679651369725  0.00400893352427432  0.00433840840446819  0.00468447667528787
  0.00509165584859546  0.00559065089429113  0.00609151799945746  0.00681068186333938
  0.00781362112288360  0.01983991086972720  0.36990840069373687  1.00000000000000000
  0.00000075067992177  0.00000332908140634  0.00000460334907473  0.00000608113694428
  0.00000777994825927  0.00000964562579099  0.00001181151253267  0.00001384507561261
  0.00001609836394681  0.00001852247242811  0.00002087262356046  0.00002304406422361
  0.00002512501779830  0.00002740841037000  0.00002989170056841  0.00003218835966288
  0.00003439130600421  0.00003671344748049  0.00003908511896178  0.00004124778321323
  0.00004300309832557  0.00004456799377485  0.00004633320288526  0.00004891918790990
  0.00005162878554607  0.00005413982486608  0.00005667724584689  0.00005948499004672
  0.00006251737457334  0.00006545604675563  0.00006819963344172  0.00007128037507834
  0.00007473941385362  0.00007870469193490  0.00008269281811666  0.00008653806704993
  0.00009045010619187  0.00009428469379533  0.00009794519195662  0.00010190513767588
  0.00010653276596540  0.00011158299488073  0.00011698765269895  0.00012344134714733
  0.00013056895251421  0.00013794700709175  0.00014555813803976  0.00015310548405010
  0.00016052920249960  0.00016807650958102  0.00017578441151701  0.00018385256842585
  0.00019207829453558  0.00020007874420808  0.00020845031827439  0.00021836983864227
  0.00022904446128034  0.00024043385317114  0.00025274380601144  0.00026608503516490
  0.00028040604401280  0.00029412982474927  0.00030667517783894  0.00031952888539330
  0.00033317780567505  0.00034881750892852  0.00036724115787211  0.00038681141454913
  0.00040669959966926  0.00042769823593888  0.00045165894828210  0.00047571754981359
  0.00049494479416038  0.00051429301881111  0.00053541239297920  0.00056068446240969
  0.00058939049183658  0.00062425139415517  0.00066873773428712  0.00072418904232634
  0.00078585980138039  0.00085136518743672  0.00091704631671459  0.00098326933422816
  0.00105344531580779  0.00112750381971361  0.00123464201212005  0.00135144392953691
  0.00145946177125539  0.00158552812276942  0.00174396092204621  0.00191499592769331
  0.00209088913368626  0.01459750051864163  0.12049861076173506  1.00000000000000000
 -0.00410134879342100  0.01127031354642925  0.02457833283742417  0.03674235366962936
  0.04852725445182057  0.06003933552971383  0.07011763043105949  0.08109161137991644
  0.09188971919070228  0.10145009931318934  0.11206796832236311  0.12380712343832030
  0.13620335618423862  0.14872404184582591  0.16116529983369279  0.17462928389516644
  0.19021571181330271  0.20468638652204418  0.21619830033138512  0.22589360161832489
  0.23485069687685320  0.24433305113506437  0.25619228083542489  0.27135658438033455
  0.28493631820949905  0.29801367999720202  0.31160320909082623  0.32667514483895471
  0.33994003347179524  0.35155187395016430  0.36369152613608113  0.37631368624825595
  0.38902606727646932  0.40000259044953052  0.40985744452144346  0.41941989607997998
  0.42959921226251080  0.44033879388631664  0.45081287871888737  0.46152104530405819
  0.47284320359251175  0.48735497625171292  0.49922720698339113  0.50941489957914754
  0.51985516443951252  0.53263190129483207  0.54506195906132282  0.55791300542717248
  0.57093756669608597  0.58390419969122298  0.59643545484115912  0.60759367468626557
  0.61805016090779064  0.62963385390048243  0.64046512442855819  0.65068597414466389
  0.66083516947494936  0.67115934995232762  0.68137515678488059  0.69093778964562036
  0.70055869028820217  0.71084537084770849  0.72193028085380018  0.73286548487975900
  0.74336697957798337  0.75313935133879262  0.76208620720672648  0.77240971660586288
  0.78326732967361767  0.79371142005781847  0.80244324897616737  0.81030647866879824
  0.81910872032175097  0.82876128423831241  0.83856923214925294  0.84863202611006905
  0.85937510391349459  0.87041200051070433  0.88121783685593702  0.89189277578579740
  0.90189430134389403  0.90989541870026414  0.91637601118196887  0.92328267189495872
  0.92904904323601578  0.93532087775199835  0.94218946375917467  0.94894651606896563
  0.95595644013586534  0.96464705342163493  0.97211758181588770  0.97804915043433038
  0.98391453015770536  0.98958471701471828  0.99496436680314437  1.00000000000000000
 -0.00313901258786032  0.01046214610330962  0.02261111945272615  0.03394693036772160
  0.04493853267220616  0.05593172575713198  0.06611414212452488  0.07680636930635873
  0.08771046460474405  0.09872315461354741  0.10873936839930280  0.11852325987650714
  0.12851257170175293  0.13901416920011503  0.15043532088780323  0.16101381627441441
  0.17069319325062443  0.18098458010974838  0.18985711389516552  0.19821884481095786
  0.20387351544361856  0.21243020614162461  0.22083173045287047  0.23037344160186468
  0.24102692278608745  0.25246641204461662  0.26322638507882506  0.27261619869407733
  0.28133362688867553  0.28970468120718929  0.29954124027713752  0.31057910210884365
  0.32231984201587593  0.33346909040835093  0.34277437441461145  0.35148675512481564
  0.36074357607677399  0.37089563764358058  0.38236985859331418  0.39339756442981400
  0.40323702047563786  0.41261518342347420  0.42179092065140583  0.43169973075706564
  0.44183110295107608  0.45180080395279754  0.46215401862933692  0.47336902320395452
  0.48530241679004515  0.49772616133188585  0.50995631959914367  0.52157614254156393
  0.53206316102433260  0.54107725323446920  0.54838877371459216  0.55521707282088695
  0.56361819187451179  0.57489499131723820  0.58737633241157050  0.59938145258004782
  0.61107688593168585  0.62239874233979398  0.63454596080468006  0.64683786083125761
  0.65960378363583438  0.67209999389271968  0.68304196441289577  0.69242934756135244
  0.70167000465703178  0.71182178279529951  0.72324221322482707  0.73558463693335019
  0.74839404550878963  0.76147541077709602  0.77443130050030928  0.78636880098229833
  0.79714171081558682  0.80844785812162889  0.81965052068441246  0.83102290599093365
  0.84244367774128537  0.85403249363020262  0.86551189908254456  0.87560074689179113
  0.88528492535813930  0.89516332797923381  0.90484893925219712  0.91465809814703725
  0.92489020776226938  0.93455252354435192  0.94357434579046751  0.95262071719032626
  0.96324660157279396  0.97476341311837755  0.98700128349343086  1.00000000000000000
 -0.00199032790247474  0.00841064752221477  0.01640054630862706  0.02407694607769958
  0.03153566431255603  0.03997025200655378  0.04949063758319739  0.05919777314979994
  0.06850101705293750  0.07582812875802755  0.08141446231483358  0.08701772073897339
  0.09398483277088693  0.10245138907255970  0.11044469456831883  0.11808506678262561
  0.12587817612891297  0.13361881960085073  0.13985141651191330  0.14650245814807339
  0.15400667797311560  0.16213240381736313  0.17027650732039265  0.17834169736191002
  0.18607204660667645  0.19412325615966958  0.20286944688279782  0.21425458164950478
  0.22439630613712153  0.23455112941979167  0.24476581387090926  0.25533154174323575
  0.26599863362138393  0.27749280316274283  0.28962484082414769  0.30168884972261950
  0.31328539676133171  0.32441305438601342  0.33515475976176534  0.34610140077825774
  0.35734179457442211  0.36887320854711719  0.38040119359414981  0.39069944052786926
  0.39953735766716575  0.40823878998758095  0.41748285053782547  0.42723416210181275
  0.43574405328071691  0.44354972965654038  0.45165398718789002  0.46115762161279550
  0.47031599078552250  0.48163971847664933  0.49347650132070076  0.50585461472730797
  0.51844712786006875  0.53139807855980570  0.54339568700742313  0.55405795639095290
  0.56404680912558414  0.57391305371369516  0.58329766661578353  0.59240441335349114
  0.60129777190479605  0.61047047046272596  0.61970200802138520  0.63069700702091303
  0.64364128385972363  0.65681594259278930  0.66964545591711677  0.68082348348893895
  0.69149510005566805  0.70113771347209097  0.71112448637278280  0.72232486324754330
  0.73471551504062649  0.74779309061802290  0.76110689666264686  0.77495115406104742
  0.78892465003358780  0.80256573266631126  0.81620238652571331  0.83015872369679544
  0.84422959620395122  0.85860124825913497  0.87436885602114656  0.89100241681079528
  0.90806017078887380  0.92517144384478356  0.94187615795531010  0.95685204426336223
  0.96766305921620088  0.97819873790323353  0.98868633852951004  1.00000000000000000
 -0.00170235878950057  0.00723396999403086  0.01665237980874375  0.02618938574150056
  0.03677232807618634  0.04790062881708512  0.05732265412592030  0.06674800787564325
  0.07650443584947419  0.08636133620931488  0.09683228715292186  0.10965710993797131
  0.12186296337903046  0.13478821289363471  0.14739647255051386  0.15951521253954920
  0.17136278385433792  0.18220451588062500  0.19134217953501040  0.20018293331764428
  0.21002035236159081  0.22063557615256985  0.23129687434831603  0.24183590558218632
  0.25251707677692209  0.26276935206837504  0.27307729774414341  0.28223379056284298
  0.29125603426681584  0.30201194732578546  0.31242501045214621  0.32097988374033526
  0.32929611304395540  0.33725034555413580  0.34594567679273946  0.35688508996171031
  0.36880086147420638  0.38040861995756137  0.39176124327200657  0.40115249977763168
  0.40974227040096844  0.41878420313227538  0.42768457955403172  0.43734766847018908
  0.44972410336632479  0.46360300699541085  0.47578437736725948  0.48638388803098914
  0.49722960689986767  0.50823014115020348  0.52058382267187420  0.53363436384488450
  0.54604139357417891  0.55779278958547773  0.56885731768850467  0.57876792451412840
  0.58843619823871063  0.59953946801670988  0.61163327113698451  0.62368520696955665
  0.63552436941529467  0.64649994946760081  0.65758142564134703  0.66865614815257224
  0.67931055070475144  0.69009801273746052  0.70071905276036606  0.71131352420057359
  0.72176999023263566  0.73160217347012457  0.74088617276567437  0.74954994662592744
  0.75854913949069602  0.76938620483343390  0.77948603559845753  0.78919180399868460
  0.79701984401055626  0.80617203498854229  0.81734983984826581  0.82912972683998531
  0.84210701807828570  0.85407161694607370  0.86621285168690743  0.87818663949453868
  0.88990505871386816  0.90088808210164639  0.91166532027949931  0.92248824651374850
  0.93288147653758990  0.94299387394771261  0.95315705924686966  0.96247998156784742
  0.97100615542591540  0.97980505291188758  0.98754982053069063  1.00000000000000000
 -0.00146365890056193  0.00712606703570415  0.01624773099172956  0.02560626667275677
  0.03560610780977622  0.04745959048410486  0.05991532865866126  0.07197110961432364
  0.08329972958787546  0.09363367105672168  0.10403275545432179  0.11547683042443103
  0.12632337803702234  0.13574145358576248  0.14435370740006154  0.15370861544411410
  0.16301525302005779  0.17251866411721639  0.18101188617172953  0.18914295385303703
  0.19680922002245710  0.20451851879532421  0.21286468457704549  0.22156382471221736
  0.23145946840135403  0.24222277375057122  0.25301491664509074  0.26372807624958211
  0.27456273393854314  0.28507985695124455  0.29564559852211514  0.30649535319233129
  0.31611428979440848  0.32548405372179173  0.33525473081247020  0.34562346761529628
  0.35702136047121708  0.36908518916577354  0.38128372498939367  0.39370607366467536
  0.40649335626968092  0.41968190152777413  0.43272478881825521  0.44388372807510801
  0.45561710187936794  0.46558117239551944  0.47610795387899313  0.48742910956018365
  0.49864512596700872  0.51033159849671095  0.52203292061829421  0.53315126163395143
  0.54371419989804393  0.55326955479638906  0.56260214296605915  0.57261904312329759
  0.58424996706909271  0.59592022637349928  0.60660790443451462  0.61669180761734321
  0.62782923195874896  0.64018257418426305  0.65235451520112897  0.66352543147407961
  0.67452397166005806  0.68609888318332701  0.69751918306681071  0.70893321628760353
  0.72101037906247478  0.73185607379100626  0.74172392984141944  0.75121718988697161
  0.76084626024959312  0.77137697399644278  0.78267330075677821  0.79500795988991091
  0.80769999828483607  0.81935563883639906  0.82863481167627551  0.83578690399105759
  0.84298231337702056  0.85156448219793501  0.86000394146546910  0.86800486506485386
  0.87743134219962204  0.89040494180089147  0.90428264489657062  0.91715305176749862
  0.92919852958413385  0.94071319958932886  0.95197952104434647  0.96354298140649741
  0.97431849998513087  0.98364168392443496  0.99214935614548738  1.00000000000000000
  0.17456978926777761  0.29706501065180507  0.38171218769098869  0.42220206346203265
  0.44601323084747041  0.46454336293379328  0.47927382322942541  0.49196272323218965
  0.50581519033616817  0.51715481872419666  0.52464459161622135  0.53509634581517951
  0.55503499777152354  0.60267362799567992  0.63281681790205135  0.64348569758946406
  0.64979802582110247  0.65505727503236166  0.65941498445421731  0.66358887042453452
  0.66734719251722552  0.67059091016152050  0.67373881990150963  0.67684925002782992
  0.68000521012066784  0.68322185399475410  0.68616519608708648  0.68888607321482653
  0.69239446542512129  0.69638455837188384  0.69983545048000007  0.70353013873668835
  0.70729976795862926  0.71067451710658269  0.71399778053662222  0.71698624237130604
  0.72047081826653037  0.72462412377241503  0.72806367614845247  0.73168196970877386
  0.73488902047917060  0.73789948084172763  0.74109502375050007  0.74416318192961073
  0.74716098973758649  0.75037577093718399  0.75415778301803138  0.75829029564738781
  0.76256984520509596  0.76713114197342269  0.77102605501387333  0.77479823613768684
  0.77857231486098133  0.78247578804683993  0.78656331386332046  0.79059386879692894
  0.79439511620884962  0.79782497500448124  0.80120648460262989  0.80462005957642102
  0.80782691823603581  0.81128011656343657  0.81491393750956420  0.81859144969493991
  0.82242668388127194  0.82643248754744481  0.83048711895826000  0.83451364589640464
  0.83830833265125504  0.84180938635629921  0.84511284525281005  0.84837450437398743
  0.85178175095835185  0.85539870096971238  0.85926020490807442  0.86353031466486085
  0.86820063870533037  0.87298958570976781  0.87767165204186059  0.88249478005182824
  0.88746379211526694  0.89297085917922980  0.89864756616551122  0.90444620306663703
  0.91032629756356498  0.91609814678758150  0.92197166019683663  0.92791592315256755
  0.93374017493162209  0.93969241119436098  0.94597181151429965  0.95257907188168300
  0.96023275202903002  0.96933659546922790  0.98222377785689152  1.00000000000000000
 -0.03208033504910289  0.13841987450906126  0.20355927835362198  0.23495507250088404
  0.25946156897199019  0.27770270550873710  0.29338646215566339  0.30945782099592989
  0.32425596322411221  0.33614148785608122  0.34699920540055668  0.35834535523313121
  0.36964706784074902  0.38087294679570766  0.39092253528774723  0.39852558067047444
  0.40577889037878417  0.41300354901059849  0.42233823891233946  0.43266827856193185
  0.43855699137068382  0.44425212316970236  0.45116683851947426  0.45910025923606207
  0.46881377566597604  0.47798046121068327  0.48586564318339637  0.49258989250042046
  0.49851877734015565  0.50429413129344325  0.51128719087999519  0.51935657434876914
  0.52678627993306859  0.53346227632021559  0.53926853410954079  0.54448644907673749
  0.55023725310114746  0.55599085522084846  0.56153730668055379  0.56724959061237379
  0.57311916200955126  0.57948655072586197  0.58587558081454738  0.59188632522400586
  0.59743683844897044  0.60276839879015010  0.60803834741685214  0.61377927413178657
  0.61994442883966161  0.62574549810824343  0.63071599883408336  0.63523058875443728
  0.63955974939599802  0.64354718801646127  0.64737270311980744  0.65167243024040367
  0.65675230044745736  0.66199642852059326  0.66686448995958048  0.67145944434276006
  0.67605783718766299  0.68064774856566934  0.68519881157846674  0.68967680144067400
  0.69379667611059193  0.69731045610051956  0.70117602242588484  0.70627070212129617
  0.71104792400599603  0.71584234918819234  0.72042941719455200  0.72474567230777909
  0.72922176784063386  0.73374909982885961  0.73834913313171646  0.74315195418720636
  0.74812740407998546  0.75325799335562660  0.75870230310596276  0.76451735122735442
  0.77012306466597702  0.77597224414048316  0.78264561153194745  0.78926507212021368
  0.79540256619862770  0.80100737121838528  0.80628372319785357  0.81147906041828921
  0.81634958959893156  0.82158556385242520  0.82643479220093641  0.83183687070534651
  0.83613661535206796  0.84988655688777281  0.90000450459464576  1.00000000000000000
   2.7342928758825266E-010  -1.0000000000000000     
 F F F F F F F F F F F F F F F F F F F F F F F F F F F F F F F F F F F F F F F F F F F F F F F F F F F F F F F F F F F F F F F F F F F F F F F F F F F F F F F F F F F F F F F F F F F F F F F F F F F F F F F F F F F F F F F F F F F F F F F F F F F F F F F F
  <DiscreteSampler_grid>
  grouped_processes
  1 # 1 for a reference and 2 for a running grid.
  10 # Attribute 'min_bin_probing_points' of the grid.
  1 # Attribute 'grid_mode' of the grid. 1=='default',2=='initialization'
  0.0000000000000000 # Attribute 'small_contrib_threshold' of the grid.
  0.5000000000000000 # Attribute 'damping_power' of the grid.
 # binID   n_entries weight   weight_sqr   abs_weight
    13   10   1.466354214593754E-001   1.076122896086323E-001   1.466354214593754E-001
    14   10   1.466354214593748E-001   1.076122896086309E-001   1.466354214593748E-001
    16   10   3.303601809101987E-001   3.752417806515249E-001   3.303601809101987E-001
    17   10   3.303601809101979E-001   3.752417806515215E-001   3.303601809101979E-001
  </DiscreteSampler_grid>
