 -0.00247051644878759  0.00927798135431587  0.01957522646688168  0.03033278377750500
  0.04117519967734349  0.05228589019465193  0.06308548094395776  0.07341397327282319
  0.08351290564460075  0.09325340455344371  0.10292003806011030  0.11161126590356218
  0.12046005395927295  0.12961264873205142  0.13896293288606973  0.14814412307949473
  0.15727219433062462  0.16662824870307871  0.17727161442351483  0.18809652773217247
  0.19855544782954271  0.20939649849014594  0.22152618087328041  0.23373417315178097
  0.24503720687621311  0.25648533247574085  0.26840761567344079  0.28043659085930384
  0.29247136525647183  0.30461221263070554  0.31678356730098212  0.32899057468491988
  0.34068206340341428  0.35169647585294694  0.36269565233084877  0.37363420616492182
  0.38441156106944752  0.39562172137821916  0.40811697063145747  0.42015135207031684
  0.43150967677438090  0.44243682919712068  0.45315127211046297  0.46333229083019734
  0.47317109743087354  0.48341544840962342  0.49427691568881466  0.50488701027026495
  0.51512392020847708  0.52535956499331016  0.53557225933940344  0.54550841163270081
  0.55532315451018288  0.56546769668689412  0.57602693052487852  0.58686712576684497
  0.59772553778750148  0.60870855440930371  0.61985323220107347  0.63132849713389794
  0.64286567833512687  0.65380479370265387  0.66507154764422671  0.67714060521158825
  0.68919101084089807  0.70024503313494724  0.71094143270482602  0.72128089342428792
  0.73123525454495508  0.74094182268030262  0.75092112747849671  0.76126819398926782
  0.77175955085621684  0.78190159777292734  0.79160046338078727  0.80156701758672877
  0.81199530154054933  0.82322474010861790  0.83463194229973714  0.84572729944258018
  0.85623125636981290  0.86615527151969529  0.87594497293909268  0.88569538119162394
  0.89543226104506501  0.90498859331749348  0.91433893985578596  0.92379813471943206
  0.93363432767820553  0.94342253156502420  0.95292561512048024  0.96235490986179606
  0.97185865801723459  0.98144566668338651  0.99094868959267512  1.00000000000000000
  0.00000008491479465  0.00000133858862467  0.00000401094845892  0.00000788003226614
  0.00001249725440674  0.00001724842050117  0.00002175928938295  0.00002584623275046
  0.00002932361229079  0.00003225850970665  0.00003438322368582  0.00003578044565151
  0.00003704902759620  0.00003821193155749  0.00003928052701308  0.00004026046779514
  0.00004113821919116  0.00004187258570491  0.00004254426175601  0.00004315494176185
  0.00004371382375329  0.00004422311584393  0.00004468045743075  0.00004510105946910
  0.00004546996963019  0.00004581208233832  0.00004612269294269  0.00004640401552692
  0.00004667590207022  0.00004689893105637  0.00004710848100711  0.00004731324030411
  0.00004749700904702  0.00004766364874236  0.00004781260314581  0.00004795463856264
  0.00004809462420604  0.00004823046609321  0.00004835454287390  0.00004846792757744
  0.00004857732388947  0.00004868536540001  0.00004879055107746  0.00004889526951306
  0.00004899663530737  0.00004909850184854  0.00004920323944508  0.00004930834337764
  0.00004941524677760  0.00004952261293972  0.00004963211663624  0.00004974242012789
  0.00004985534076358  0.00004997259307848  0.00005009792568939  0.00005023301334060
  0.00005037735421282  0.00005052708730616  0.00005067906856094  0.00005083847343866
  0.00005101245143419  0.00005120687104311  0.00005143032030064  0.00005166301443167
  0.00005190466067338  0.00005220129284117  0.00005252693415588  0.00005288137927018
  0.00005327296876961  0.00005372487311007  0.00005422473643832  0.00005477747786879
  0.00005539936588858  0.00005608791310713  0.00005684254818041  0.00005769264815914
  0.00005861113297197  0.00005962916011810  0.00006107360552869  0.00006289188867065
  0.00006487767395428  0.00006710788583663  0.00006963072974544  0.00007290238091990
  0.00007913899708017  0.00008762363774008  0.00010041176783213  0.00012013531074083
  0.00015109908878314  0.00020831846409846  0.00031554062597015  0.00057387864516185
  0.00141005888555261  0.00474432691023878  0.29033624776948097  1.00000000000000000
 -0.00214328060208095  0.00882924645422721  0.01779332955997290  0.02725939497280406
  0.03695677380551617  0.04736959815837789  0.05894149676031933  0.07048293740611358
  0.08216366956881227  0.09332486926253827  0.10438716825219543  0.11526079088251728
  0.12636410551996116  0.13725029985780809  0.14833617879479175  0.15999910190156300
  0.17155758500459772  0.18274599848693562  0.19365979369773623  0.20509181318531078
  0.21703964190957656  0.22872738813503360  0.23948872864457013  0.24984008134547148
  0.25970898143326604  0.26936204351335002  0.27865321544386723  0.28788578021874139
  0.29741751897930069  0.30741884341936959  0.31773395544574723  0.32868267794613842
  0.33952359328453413  0.35064473930606227  0.36187015001641959  0.37323362881108357
  0.38383489960550210  0.39408715159396585  0.40372518148527459  0.41325589834334558
  0.42277163243182209  0.43259803114727147  0.44244591290005375  0.45374187776577135
  0.46476350404664124  0.47665401892353726  0.48917602334161231  0.50169874135423465
  0.51314046002086688  0.52499967358533439  0.53729612941724991  0.54898795491332386
  0.56031102429196411  0.57134361854574944  0.58187628424259574  0.59109579155261160
  0.59962161135392600  0.60812963699814593  0.61643379154239986  0.62443568420286599
  0.63229622589946699  0.64038706322212824  0.64895152728402672  0.65833484098155193
  0.66810088174728377  0.67890567942181590  0.68944973127341680  0.69954116869220095
  0.70952363745791736  0.71942247557201155  0.72920195836635493  0.73891169607068330
  0.74865099210928177  0.75857593664107259  0.76857617497756692  0.77879594905448968
  0.78928505420052097  0.80008020837945770  0.81094318814754718  0.82205118368650920
  0.83334106289697996  0.84456229389005189  0.85512665892780737  0.86504325839347784
  0.87501509286063461  0.88499169209713235  0.89493263802832590  0.90523653874684884
  0.91609283723308610  0.92789496214927825  0.94017666515660259  0.95226666771690804
  0.96455034944633999  0.97663441420634356  0.98847691253088932  1.00000000000000000
 -0.00286209287342834  0.00985369490691981  0.02128331471648960  0.03258544548271060
  0.04325954008249114  0.05334248920443822  0.06371577281789928  0.07449809557248185
  0.08549570387346508  0.09636484428464925  0.10739270622321148  0.11872959261766493
  0.12974738028683358  0.13998941990721278  0.15016848594515744  0.16029188647480114
  0.17105064028162204  0.18233664132874194  0.19383688268976620  0.20549382138370287
  0.21640670092867637  0.22628015859769091  0.23579681568503244  0.24536727267244063
  0.25492449747935925  0.26443927802940648  0.27398096116980664  0.28396682723559152
  0.29349185231969471  0.30330281611099924  0.31281672116207876  0.32299203250650621
  0.33306365628328849  0.34338831881261644  0.35365267465268485  0.36404853051731506
  0.37474463715510564  0.38519320327528805  0.39568471552593859  0.40715635512118892
  0.41885401500034292  0.43061314077062740  0.44110234946003507  0.45095116424690390
  0.46079805059230378  0.47063332597366708  0.48018341280669408  0.48973403926497722
  0.49950515751842461  0.50963658497484776  0.51973270920707204  0.53040567334146915
  0.54124574131368197  0.55148504507058793  0.56145896925169514  0.57288671828307380
  0.58402235223235321  0.59421895032865946  0.60483416044151372  0.61648192043443595
  0.62759150398154306  0.63826119892691580  0.64891973406445547  0.65995677756810545
  0.67104333367163960  0.68243891308683946  0.69379619027058859  0.70482358410767110
  0.71449992485974589  0.72382844691119197  0.73346441004402751  0.74236179088790311
  0.75140583542937445  0.76090608044002384  0.77053886816748018  0.78284536112336933
  0.79473880667420238  0.80585192160456343  0.81669461681637323  0.82730908786699653
  0.83835383684250786  0.84938102295817586  0.86068332291463279  0.87197430846591750
  0.88264273705550855  0.89278936277688037  0.90276144005698455  0.91267555612430851
  0.92292652640963235  0.93304082536561983  0.94369640928529563  0.95493216881446419
  0.96636485698579511  0.97805503608862865  0.98929918450157694  1.00000000000000000
 -0.00282483189568737  0.00993368206420444  0.02116536069791169  0.03169230822199411
  0.04250730468661373  0.05369432900634902  0.06471733503102318  0.07534331987374450
  0.08599001834370498  0.09694336746289968  0.10779192333056897  0.11845042714306557
  0.12923916213531728  0.13958853728817866  0.14958696168213617  0.15956471414166137
  0.16975345785668039  0.18013581755282612  0.19118790700803406  0.20253860270582413
  0.21406514455230105  0.22492073763248732  0.23582022244794115  0.24642266163025295
  0.25677095978656778  0.26709074672447919  0.27756053129174624  0.28831260271438020
  0.29925797132153958  0.30999107159050354  0.32114328121338770  0.33301622074798737
  0.34526322267362408  0.35783843423241080  0.37062505483254510  0.38361970517378313
  0.39644057363803131  0.40909572392308852  0.42146446075761512  0.43345945424994897
  0.44511164379358165  0.45655368586671807  0.46814846027979046  0.47977620137426602
  0.49103810353906135  0.50225916591552011  0.51343272345464541  0.52437299260421788
  0.53456166793197968  0.54578884528745297  0.55762350340957245  0.56985993764341303
  0.58135096016914967  0.59527187879288901  0.60840127787068454  0.61956610551547353
  0.62985026365808217  0.63922948840495508  0.64917149501469451  0.65954174575744628
  0.67018255498204760  0.68112194484039235  0.69250237892468236  0.70453953527524271
  0.71677671120891318  0.72879844373341784  0.74053285585781536  0.75193996178990685
  0.76357208592018344  0.77482489548698774  0.78564198282175224  0.79663883920694356
  0.80776774063898826  0.81828575285813043  0.82840090234991814  0.83823902496956293
  0.84801089072648328  0.85741674622361586  0.86633432386318687  0.87526047930807782
  0.88394970760114644  0.89253368036561653  0.90122512500931740  0.91003808553932042
  0.91921267114643057  0.92760156798495164  0.93594517116784537  0.94365078161158078
  0.95135201219344701  0.95879169484503679  0.96625230066621082  0.97358967032947386
  0.98050133010467089  0.98715189761182998  0.99344350067014930  1.00000000000000000
 -0.00236796873282034  0.00939539389171140  0.01900459600305869  0.02858440470752590
  0.03822707929229732  0.04687676987257787  0.05481559438401302  0.06286495696376498
  0.07168226644938601  0.08128668129909340  0.09110972549629109  0.10083817628392708
  0.11060778706019754  0.12065744777011315  0.13039038266408087  0.13965832622492017
  0.14911730792205313  0.15840909089102947  0.16813172292912501  0.17813343508585275
  0.18871027474727339  0.19916199022409747  0.20929691015155769  0.21913128725328404
  0.22890414254341981  0.23870905212815843  0.24841623335939370  0.25803360305994055
  0.26799302191289731  0.27800535143023936  0.28813345299481463  0.29782366863698245
  0.30730469965962365  0.31689380981573673  0.32718144954702205  0.33724463902716506
  0.34695352077793928  0.35668602042710573  0.36647340465011957  0.37604424993044050
  0.38532895543848855  0.39466211882225349  0.40470706763974074  0.41536411298191178
  0.42636841799283376  0.43763679551870116  0.44957727838597428  0.46174350847189632
  0.47357216556636650  0.48542379610738695  0.49694947088579910  0.50803163153248776
  0.51850915249048612  0.52905794463518818  0.53971959665897451  0.54937154870543858
  0.55914378604098680  0.56913166787831238  0.58003130488707533  0.59013360093202150
  0.60000287573275901  0.61094190431296813  0.62304103180218484  0.63411336335334501
  0.64465030972451687  0.65556339409200504  0.66619135548027342  0.67650535221846908
  0.68726753971339061  0.69968545891685219  0.71293195796911379  0.72560579250039114
  0.73760613445225720  0.74899696569950769  0.75990983874886409  0.77055928702573284
  0.78099975712001346  0.79127819069310834  0.80148438998341565  0.81176861935049016
  0.82232366849056648  0.83337336377155857  0.84563044538585697  0.85814250035023465
  0.87016270807413065  0.88278525129392782  0.89528688151373104  0.90739028043004977
  0.91965957349110339  0.93198879730982542  0.94408358392901370  0.95578907693367299
  0.96682749553900427  0.97765237855600806  0.98860647807153279  1.00000000000000000
 -0.00351545646020289  0.01304915418340785  0.02627651872934540  0.03916208708505295
  0.05152003222018744  0.06403487597571005  0.07606140661569838  0.08856503089890168
  0.10154627972334941  0.11400630417321653  0.12585384677255751  0.13743872689994274
  0.14841502259824962  0.15904556981253370  0.17000753121771431  0.18002347472916644
  0.18971815184641516  0.19916204959014328  0.20899659938495471  0.21895099942736057
  0.22907151910866932  0.23932223434877742  0.24989991049605217  0.26025557592247306
  0.27042858138665299  0.28030511100622674  0.28996200028471836  0.29961707216166827
  0.30925740085421621  0.31978476313276899  0.33050845529739847  0.34096830694919866
  0.35138451361126632  0.36179338876693734  0.37249062231203189  0.38387539463487313
  0.39521850536542402  0.40437353520834890  0.41355650933352833  0.42244608220235302
  0.43125054193190970  0.43969608633813950  0.44808685570306334  0.45647155518934429
  0.46483813851754635  0.47357016096763571  0.48225036760440859  0.49105177133864503
  0.49955300652831824  0.50772393078892064  0.51585103431312740  0.52428088129117245
  0.53292791278358553  0.54178251615117456  0.55109787131183430  0.56072034035144358
  0.57201880633992919  0.58423595878662660  0.59407272071798456  0.60402679908785739
  0.61407999634621824  0.62376849383120525  0.63255641143568575  0.64123853772860295
  0.65061308562269371  0.66107068351703491  0.67094387552241830  0.67994526936084243
  0.68906364797280695  0.69833840967472560  0.70767911490960056  0.71693857316836673
  0.72645082844759046  0.73707077805212473  0.74817382234286167  0.75912641428551075
  0.77011700740550926  0.78014808192547436  0.79024361877162463  0.80013642157472409
  0.81008538895934301  0.82029376395375220  0.83070590810769385  0.84159338209774937
  0.85369288447180858  0.86726916808823529  0.88148667835931671  0.89487211155755675
  0.90683725895266776  0.91900727202628474  0.93240842472200935  0.94575576888773050
  0.95874153619963931  0.97261314400672916  0.98659406405989691  1.00000000000000000
 -0.00325934109351226  0.01182487795891265  0.02472830913850667  0.03740433458647710
  0.04938219228880100  0.06081580180298563  0.07205668830067030  0.08326460265335836
  0.09502636962139528  0.10601730830549924  0.11609389455783709  0.12608588645774527
  0.13669068688846950  0.14717524563005444  0.15669753603403025  0.16641263633178865
  0.17748819253665193  0.18920258721030014  0.19982275496317806  0.21053865123828075
  0.22209890338294777  0.23327956096924810  0.24385731433927096  0.25445453401379658
  0.26507725109885544  0.27503267370798057  0.28412194989206357  0.29359901523346477
  0.30364427196165178  0.31387694143869083  0.32363571860536844  0.33291093024779844
  0.34259643955425262  0.35258767880949693  0.36322174811780278  0.37363172808994116
  0.38493101433541083  0.39617194932388200  0.40627736103653289  0.41612880055599399
  0.42595989185523692  0.43583190756201790  0.44610385646400519  0.45630747250833248
  0.46657987810072621  0.47678868350915266  0.48644658724781370  0.49613835510799886
  0.50626627242739841  0.51628384889766921  0.52613493323015148  0.53538731162534581
  0.54542154018102118  0.55626432877156828  0.56753115584926583  0.57834120900921970
  0.58954192961835172  0.60095059355190861  0.61187933084672519  0.62248372345912995
  0.63276059261620221  0.64357027985406001  0.65425413447570491  0.66513611385458038
  0.67577355275672601  0.68607935837745437  0.69733078600169141  0.70892401061876975
  0.72099410036434386  0.73290033261002974  0.74376496902161027  0.75427170353071837
  0.76455453685344654  0.77426490594230979  0.78376904248363366  0.79364683825624016
  0.80394033313143620  0.81399939639452001  0.82382205649841089  0.83386380129776183
  0.84390495794649600  0.85387083609705916  0.86412060333427965  0.87429147409480812
  0.88417849144026817  0.89372425234612018  0.90372001992623985  0.91409850637219414
  0.92490085634731101  0.93598380670298120  0.94672926926085910  0.95722500625288132
  0.96800012934593460  0.97890860098134247  0.98960877936285541  1.00000000000000000
  0.18856412655908000  0.42499014370955462  0.52469809301059456  0.58325551015916000
  0.61735937574668287  0.63345790024881476  0.64225337989715103  0.64860551591709914
  0.65329016424175101  0.65752273731223687  0.66155064223279214  0.66541622413555790
  0.66905308229815186  0.67250104613422446  0.67589174576446920  0.67935979506584854
  0.68287233127605174  0.68633383065139020  0.68983521007947801  0.69329671010096428
  0.69673300115805592  0.70009343962208626  0.70358562194864782  0.70703572973192030
  0.71042648281921528  0.71382731267414523  0.71729437870687696  0.72080092118047656
  0.72428191315931789  0.72771096833854310  0.73096900534613674  0.73406594573360162
  0.73709555901071300  0.74026959433774797  0.74354249538107209  0.74685176586742086
  0.75006621747252078  0.75300858585959840  0.75573051420767512  0.75854328356582712
  0.76140571120143252  0.76436932218212439  0.76739770089619097  0.77044152779912534
  0.77358741457071334  0.77672907674682645  0.77981049679931103  0.78286282261573858
  0.78592101129270864  0.78899337571958961  0.79217579186548759  0.79553213370742992
  0.79886909836446485  0.80221683004899735  0.80563734645516261  0.80921214272408692
  0.81282979255897370  0.81630344709399738  0.81969829401506988  0.82307728041765582
  0.82640853754903321  0.82969065738701664  0.83293633259003275  0.83612235342433261
  0.83954292417539578  0.84309921915982111  0.84676190463746370  0.85049745410764699
  0.85420636472301392  0.85786088118796933  0.86148873337759213  0.86501049692377097
  0.86849747013426359  0.87199625239343537  0.87566519952846167  0.87958318809037161
  0.88359922785341893  0.88762054892899878  0.89162599789737096  0.89560390789093813
  0.89971408731599634  0.90403987486311865  0.90846931273104392  0.91293388763893724
  0.91742798780880042  0.92221160971802296  0.92722123811043111  0.93210312338587309
  0.93717122136172126  0.94287436231339328  0.94902884132775467  0.95555559339092933
  0.96297730945407289  0.97160889469067135  0.98334256870448700  1.00000000000000000
 -0.02113711817921038  0.12957465994883460  0.17129163208157663  0.20400017825771150
  0.22777949335944880  0.24676747660467124  0.26228730727518029  0.27726014489188711
  0.29176638797127569  0.30479564502532325  0.31768575947894562  0.33070890833637007
  0.34212137171575158  0.35217624347299120  0.36112531721163305  0.36948745313156567
  0.37765880439808797  0.38584946141579402  0.39434933501737829  0.40340769217517175
  0.41248452617936004  0.42117574568976707  0.42914557673569881  0.43686415536566559
  0.44473545592855862  0.45305367169995009  0.46117164542476141  0.46913314466334333
  0.47680022393234822  0.48435877642937791  0.49184755825434834  0.49950078435119305
  0.50715917196987126  0.51459160469280629  0.52170517479876921  0.52859091525558288
  0.53537740900036457  0.54211983507657391  0.54883544061909562  0.55558722719417319
  0.56231689197270585  0.56793156973191661  0.57332280106271449  0.57865092043876509
  0.58388670647187091  0.58907688835825989  0.59433980476493631  0.59953140709189012
  0.60453698361428321  0.60988335547200134  0.61502840847258722  0.62027156825610974
  0.62547459917075654  0.63110837242546303  0.63690312624612655  0.64282539920893855
  0.64885663150145756  0.65503765007604353  0.66111526585451941  0.66695598697356062
  0.67281772735271705  0.67847101846802094  0.68407088461002763  0.68961085042755910
  0.69471965385956591  0.69976131540686559  0.70477676362041508  0.70971379764989007
  0.71461751580304345  0.71949900584974980  0.72446724766293646  0.72963518781717007
  0.73501700944607151  0.74069552512775427  0.74633366544774282  0.75202000740873753
  0.75777650669389451  0.76345456264499034  0.76922720330975769  0.77533036441684944
  0.78171528644379784  0.78812103755219853  0.79429921334408560  0.80026756871710558
  0.80644672019101926  0.81250712449417839  0.81939265000323758  0.82723477791212763
  0.83581639229181937  0.84559927184298844  0.85792554453010539  0.87391411404066777
  0.88897232226036926  0.90480130436054618  0.92748308079090425  1.00000000000000000
   2.2580646846574791E-012  -1.0000000000000000     
 F F F F F F F F F F F F F F F F F F F F F F F F F F F F F F F F F F F F F F F F F F F F F F F F F F F F F F F F F F F F F F F F F F F F F F F F F F F F F F F F F F F F F F F F F F F F F F F F F F F F F F F F F F F F F F F F F F F F F F F F F F F F F F F F
  <DiscreteSampler_grid>
  grouped_processes
  1 # 1 for a reference and 2 for a running grid.
  10 # Attribute 'min_bin_probing_points' of the grid.
  1 # Attribute 'grid_mode' of the grid. 1=='default',2=='initialization'
  0.0000000000000000 # Attribute 'small_contrib_threshold' of the grid.
  0.5000000000000000 # Attribute 'damping_power' of the grid.
 # binID   n_entries weight   weight_sqr   abs_weight
    13   10   3.279586388593621E-002   7.775056094514861E-003   3.279586388593621E-002
    14   10   3.279586388593626E-002   7.775056094514894E-003   3.279586388593626E-002
    16   10   4.322422825611519E-002   1.369529926701898E-002   4.322422825611519E-002
    17   10   4.322422825611525E-002   1.369529926701904E-002   4.322422825611525E-002
  </DiscreteSampler_grid>
