 -0.00218611815463500  0.00954967398040433  0.01971385493708186  0.03001623517798366
  0.04024780924449086  0.05028978427388462  0.06036301014226642  0.07069496949859214
  0.08131050115405133  0.09200793477225032  0.10275106742080768  0.11352186771090249
  0.12432603862747298  0.13502670833275171  0.14552787529622727  0.15598074945453017
  0.16645746980182000  0.17674696498731768  0.18709266006039743  0.19740385423024809
  0.20779736214033800  0.21814579922317304  0.22849598415330580  0.23892498099519938
  0.24942145838469532  0.26009101787480404  0.27079331245831451  0.28136496009766498
  0.29199132038086711  0.30275285465362034  0.31348598885646950  0.32395255304941994
  0.33449807036189211  0.34534027581783078  0.35634346901506841  0.36718572718791997
  0.37803677845323769  0.38884241632501299  0.39959397543981484  0.41015025460985771
  0.42068079071024511  0.43123732391349695  0.44170949943150351  0.45230120060268564
  0.46300187994473824  0.47392334888357912  0.48474239997551327  0.49532460186758615
  0.50574949789962265  0.51610443048058419  0.52648174856576591  0.53680800404815310
  0.54695089276370890  0.55709530276722841  0.56740430403768316  0.57802869861312223
  0.58870939357549201  0.59925583309093755  0.60955920414370890  0.61972012538687093
  0.63002252741395237  0.64049151711944596  0.65110055710784531  0.66165443537626201
  0.67207688807956445  0.68243468109619709  0.69284471030885186  0.70342209816769263
  0.71393078599689719  0.72430514761871800  0.73493168731382652  0.74596929727039507
  0.75698846404906939  0.76779785409996681  0.77844703927392500  0.78920306279043295
  0.80000417290192860  0.81076695553925004  0.82150851891866083  0.83223218182418890
  0.84297559232703911  0.85359165173975038  0.86411824976259088  0.87455797510157207
  0.88502379255020325  0.89561086088255104  0.90622856938428364  0.91674748139102236
  0.92701165539314423  0.93733200215610224  0.94758724393440363  0.95792094672655448
  0.96836965027919419  0.97885305007073586  0.98949655754659305  1.00000000000000000
 -0.00323462899525741  0.01418390074580845  0.02677325543984044  0.03760716914995654
  0.04828992545746928  0.05852267269040277  0.06886203261047756  0.07927124770207597
  0.08987293671229896  0.10045022934486342  0.11106761460527950  0.12167031477314272
  0.13239047734864040  0.14315925324190643  0.15375843167168518  0.16429671105253635
  0.17500817352896275  0.18577780504365285  0.19637653352842652  0.20670731545778825
  0.21718538670996099  0.22753415727970067  0.23812688632699791  0.24872560561009746
  0.25935524370197505  0.26987158502602143  0.28025158306876369  0.29067604160938054
  0.30087923324982413  0.31107187995394903  0.32127946701801197  0.33135721314544520
  0.34144113785188096  0.35151366717923038  0.36179140281741828  0.37218473813743047
  0.38286939098710188  0.39355448669246534  0.40423848980755367  0.41482724296279005
  0.42535790498934339  0.43595112991250612  0.44662737420782989  0.45725469658688461
  0.46783964494953129  0.47818575840439759  0.48868238416683552  0.49907321420188622
  0.50940668554351876  0.51971264452289889  0.52985479875322250  0.53995141478498432
  0.55015995860008449  0.56046969123514490  0.57079873938636927  0.58103174505436761
  0.59143534529763109  0.60189245267027092  0.61224154678549814  0.62243576009572710
  0.63275983749126363  0.64325672092917030  0.65357412845534868  0.66368801318226711
  0.67387265408684105  0.68417496635842745  0.69456870528208270  0.70471395675051751
  0.71510740939202655  0.72555934932121136  0.73622894593990407  0.74693889649968404
  0.75755552379869329  0.76799153788712538  0.77822317437063804  0.78850237537731149
  0.79890601704444753  0.80953162660863165  0.82021416891826293  0.83062595032085573
  0.84120018701559796  0.85196539788330161  0.86270205385785126  0.87329774433520291
  0.88366523006672737  0.89412316773748812  0.90425628843643724  0.91463764220565491
  0.92503541096482478  0.93553185175457498  0.94598956326129469  0.95667106135890934
  0.96750885722250723  0.97823803606923310  0.98909973248705296  1.00000000000000000
 -0.00204696917081073  0.00796469870466673  0.01692460258295571  0.02623212580870850
  0.03588731990461271  0.04574697544407946  0.05560870388107398  0.06550330403733670
  0.07566333591867909  0.08609208099105972  0.09672985167166465  0.10722140256595751
  0.11757794891184462  0.12814917913135843  0.13896995119664957  0.14982982458224584
  0.16061766499286620  0.17150617249132583  0.18266450427187131  0.19394372803410695
  0.20528575936403931  0.21679413111017862  0.22842530718525081  0.24034024252639602
  0.25214315859437003  0.26431234842008772  0.27641055348595145  0.28880142312612672
  0.30141901340169214  0.31417204201360593  0.32678598397123909  0.33933017652325603
  0.35187029276975268  0.36444839091737163  0.37708671506569591  0.38978837073349798
  0.40243080864929287  0.41510349471734603  0.42770353125590310  0.44010504916020210
  0.45210893569062266  0.46415718324453253  0.47619503684350512  0.48845855600354854
  0.50076350668868008  0.51324797344801298  0.52557403057886165  0.53792652363709248
  0.54990083531871881  0.56174085010830788  0.57354268561330057  0.58538341266720917
  0.59705241957400879  0.60853504404323344  0.61995933020625349  0.63142122817825996
  0.64294423761487707  0.65432567961233701  0.66562919342391180  0.67664663590158447
  0.68754445754500104  0.69850370105255277  0.70948496515298942  0.72035978296912040
  0.73099172126752354  0.74138488081314691  0.75159167332952792  0.76167419735952935
  0.77160392018423807  0.78138904485122063  0.79105352384878336  0.80073266371000829
  0.81037612128322645  0.81986541951509095  0.82925435399593772  0.83840157677006133
  0.84736039512977790  0.85615133608182303  0.86499478996705648  0.87371841226631231
  0.88217280590176472  0.89036437077562636  0.89858235834092137  0.90683401673778452
  0.91501835906932139  0.92309856595670070  0.93115456643911565  0.93911592836006308
  0.94696880633026570  0.95478606673921518  0.96256623996558188  0.97034241076123262
  0.97799518331812541  0.98545567088917152  0.99275161312583582  1.00000000000000000
 -0.00250161730408341  0.01013883536450448  0.02060798529477459  0.03139792189788075
  0.04198021549237984  0.05252743433984722  0.06307032215258562  0.07343273334772957
  0.08371477104699496  0.09398197431217641  0.10443985217028622  0.11496051188929586
  0.12524086273865748  0.13561994082324530  0.14602651154125657  0.15664560845579134
  0.16757766311609065  0.17865273313179272  0.18958994376303787  0.20014560124233580
  0.21078878167156775  0.22124065062967602  0.23156330178184029  0.24165847677737484
  0.25198853527757231  0.26253809136456674  0.27318854166770845  0.28376391369580745
  0.29426116055992602  0.30458866784620614  0.31493577391077260  0.32556266149072671
  0.33623499843911558  0.34709957761696864  0.35776783261067396  0.36854567193435595
  0.37914688187494000  0.38969432005212212  0.40014004839076694  0.41058447598354508
  0.42103026169163393  0.43149647292577026  0.44194906452040122  0.45238840695531551
  0.46302708813444587  0.47364790497606896  0.48422381366963035  0.49489193192804676
  0.50562117226402792  0.51624096915333417  0.52668341942334662  0.53716812202813169
  0.54778062161974406  0.55854342846770610  0.56936439143576278  0.58013702822602198
  0.59062935979215303  0.60088408674561200  0.61102202990629118  0.62130504002764331
  0.63174507724843454  0.64232280307708434  0.65275798190081780  0.66306818326024131
  0.67346081950411207  0.68415872387489107  0.69500337587009442  0.70584881059161686
  0.71641424743248672  0.72705189007691517  0.73764279840865332  0.74836084347122878
  0.75897820690766016  0.76980364268599777  0.78066634175313465  0.79157214367796991
  0.80220644294183552  0.81275663025613065  0.82325769017688621  0.83377528146936852
  0.84418892250228139  0.85464615262294663  0.86508129969341863  0.87535992332348933
  0.88559128814191057  0.89594102727684677  0.90626040808682662  0.91665907513489164
  0.92698677984394995  0.93750560739752098  0.94783245913266700  0.95812382252970085
  0.96849174393407711  0.97917623230924244  0.98960801468002879  1.00000000000000000
 -0.00262933929437712  0.01009163879729888  0.02097587729573812  0.03188466612715778
  0.04259142327194806  0.05310917210957334  0.06354955992272034  0.07389529154263036
  0.08400680097570411  0.09429473414916228  0.10480761763634543  0.11568644775068945
  0.12654472517285212  0.13737357892501137  0.14818498099041494  0.15873961082462829
  0.16919914389268553  0.17928746555599709  0.18933182393509512  0.19933909554057200
  0.20956829020835610  0.21981610847059685  0.23020920238218998  0.24072845134578599
  0.25125843990319174  0.26189614551320139  0.27269419374173826  0.28372919418949555
  0.29463700857718256  0.30541620762111882  0.31606639989557966  0.32650975402876126
  0.33699979418218912  0.34758575579448397  0.35824393856715114  0.36899222392011172
  0.37984925849438261  0.39036608085139463  0.40059469734860598  0.41060051288695448
  0.42080344453641411  0.43115244307804185  0.44150548387062499  0.45201803742447727
  0.46255284748243952  0.47333060002895166  0.48398369825853743  0.49442956365816143
  0.50475135390876391  0.51505179812303681  0.52557159357352745  0.53626972414416385
  0.54710251771751628  0.55784330439220364  0.56835925074813620  0.57907671961230411
  0.58984773250448841  0.60076499756643520  0.61143722593555117  0.62204562440006528
  0.63276749185025150  0.64352959576724267  0.65432631641988925  0.66505240351411343
  0.67554519329934415  0.68594822534782962  0.69613701861456001  0.70645608785186964
  0.71686809126995676  0.72740970374319858  0.73788158458743991  0.74832661716696625
  0.75898863967418162  0.76962019021787742  0.77984905989867481  0.78989820730813909
  0.79995085089475948  0.81001008789160811  0.82008238627589236  0.83010830334342034
  0.84048490027708322  0.85095879039970024  0.86156887253175496  0.87231160537013475
  0.88307887768218651  0.89375752239913286  0.90429525013550127  0.91476963944271994
  0.92537856324542356  0.93582016606115559  0.94659253046356018  0.95728796117624015
  0.96808497181357955  0.97872637258293826  0.98935407026117006  1.00000000000000000
 -0.00233863826077804  0.00916035590714292  0.01892616085140315  0.02943856899422310
  0.03972438858209230  0.05022282780654395  0.06058048957659599  0.07127267054820845
  0.08178533945157622  0.09253597060958806  0.10319828558904479  0.11399670049936808
  0.12474612538872214  0.13547254340129508  0.14625742545351350  0.15680467895762337
  0.16750400723295841  0.17814951813570762  0.18872485585287815  0.19927432009772991
  0.20982779169035010  0.22043974186090823  0.23087848403720362  0.24134370153970477
  0.25199798302216064  0.26271652683975383  0.27315406290896410  0.28367898330522484
  0.29420840540902615  0.30481998159058471  0.31530471484077971  0.32572251279721631
  0.33602116397722442  0.34621168885930792  0.35658329238638325  0.36706716502286935
  0.37757428455385666  0.38795407675433585  0.39817799795925651  0.40829649327352907
  0.41833222046506063  0.42846973208997663  0.43863791435219601  0.44894274865014000
  0.45935382105317918  0.46985158911566571  0.48028332550876374  0.49058122403295856
  0.50090997961699868  0.51117164282421146  0.52149877114157928  0.53180490653940116
  0.54227991541145015  0.55309683846889635  0.56411950439919267  0.57514116111318969
  0.58605191670652546  0.59679342622473819  0.60736241820107362  0.61758667572916015
  0.62762401250826472  0.63758811366710411  0.64775527682354228  0.65809309067688981
  0.66852990750068753  0.67900923012821413  0.68945844133573142  0.70000188145238995
  0.71061537597172431  0.72140886916223490  0.73212922283229520  0.74263056840080832
  0.75301690413330780  0.76340148892172255  0.77399997874349546  0.78463039466188744
  0.79523993453222619  0.80588630699870023  0.81651401220711051  0.82709780601595995
  0.83752908873727450  0.84811765979852838  0.85924341383412028  0.87058950273990177
  0.88148066362492017  0.89215271212013170  0.90276697150927265  0.91344341881975177
  0.92416420941939015  0.93490843582772076  0.94571053368356739  0.95686953720284329
  0.96801086136186631  0.97915954128322591  0.98959538621158760  1.00000000000000000
 -0.00272570359973442  0.01148427159815825  0.02330092768368409  0.03560261110971145
  0.04759992086708523  0.05925903148918757  0.07081521190633451  0.08233675491140301
  0.09360589409290072  0.10470517527683205  0.11565822623511218  0.12655444704294763
  0.13738005687374724  0.14810051432226987  0.15875326273046705  0.16923980480791831
  0.17946662271618566  0.18945228466059549  0.19933159399551154  0.20921830474377959
  0.21916154070878355  0.22918956296661799  0.23925423618962746  0.24929490584191116
  0.25906600453059930  0.26871530095098295  0.27833871759589757  0.28805489769228743
  0.29779786447593265  0.30751791988750887  0.31711380390718807  0.32671649403686420
  0.33622010232350352  0.34549105795648449  0.35478422983657421  0.36416913530412159
  0.37361641287137776  0.38298044138323428  0.39219634112267115  0.40168160433528327
  0.41135254736868609  0.42092710527981825  0.43019888695368785  0.43930569674614062
  0.44838181231487373  0.45748722188631724  0.46669449153356235  0.47593508192038053
  0.48529427845158424  0.49466374525949014  0.50391213190631823  0.51303495851807657
  0.52214599090614155  0.53142036680556304  0.54077077703517185  0.55020965581222903
  0.55967676870876570  0.56918908901899956  0.57880515205742822  0.58835181742767106
  0.59798961109164706  0.60764497609624446  0.61723448177302320  0.62699916031238112
  0.63680065488281912  0.64682419820199344  0.65666072685735266  0.66639241342311106
  0.67609644102964317  0.68598204870863988  0.69616829573210104  0.70632494047169614
  0.71665444066123174  0.72707175719679373  0.73793866292973298  0.74879161077693801
  0.75975519692334892  0.77093064927862509  0.78238091225004247  0.79389764304661081
  0.80538607171189713  0.81696175219611333  0.82850804233953046  0.84000372117168332
  0.85172932216097696  0.86375380268068602  0.87601074765509224  0.88857572187730838
  0.90151819576165859  0.91478914421605662  0.92839734518190442  0.94242653799660103
  0.95668092595254306  0.97113888623945333  0.98561850751351054  1.00000000000000000
 -0.00240873134721786  0.00963025031260739  0.01979849863830757  0.03041860667269104
  0.04098528971059005  0.05134378978903676  0.06173728593160524  0.07229442381640956
  0.08282940383176032  0.09308313072470255  0.10340614032649201  0.11409553678692962
  0.12492156351582050  0.13552831241073413  0.14603666483473904  0.15650337281639318
  0.16703893988758312  0.17749930593598634  0.18792111045450810  0.19845519047452470
  0.20910361249227705  0.21985906280827763  0.23045539101421414  0.24093113258977247
  0.25137121850055794  0.26196843069776193  0.27257037959328045  0.28303044139360561
  0.29360272236210216  0.30423633526305116  0.31483884979342081  0.32509191962634648
  0.33534112295856838  0.34573166053990034  0.35610941822279196  0.36664398888381161
  0.37724091798678322  0.38796615058886019  0.39858358980436542  0.40894445140450031
  0.41942576602549947  0.42980888815937823  0.44025947610298094  0.45085448426242830
  0.46145129554937997  0.47225136071877477  0.48293299031417020  0.49356157729992273
  0.50434836027190366  0.51500791833088222  0.52571269965276923  0.53625950086403262
  0.54691427450164554  0.55731733125452088  0.56762078118556558  0.57779183814234325
  0.58827420367995920  0.59898755879043286  0.60973519595561210  0.62022467441970708
  0.63066990670224443  0.64105784322612636  0.65159647783291563  0.66203796263858705
  0.67271633304488632  0.68334562624545836  0.69383266224854345  0.70425995446293033
  0.71465496601356870  0.72508460174766509  0.73550650746581570  0.74588928917032593
  0.75645689967975016  0.76701966458333370  0.77779492239094983  0.78865802307402266
  0.79922496762746875  0.80974752064271205  0.82019325818286326  0.83056607430658214
  0.84087568685722724  0.85124710269502468  0.86186742193898114  0.87240491076933280
  0.88299389430518416  0.89372790845114947  0.90443693532570213  0.91497520593409487
  0.92549716753049061  0.93622396006887276  0.94703729314599872  0.95768653614432653
  0.96816842046500851  0.97854065886994435  0.98917286269178295  1.00000000000000000
  0.28161093380223579  0.49053617836045343  0.49739630368403742  0.50651599795846003
  0.52385932223782372  0.53067015585134014  0.54073346359676466  0.54625715509697936
  0.55294756810585299  0.56125078697196629  0.57629496337103248  0.59257852704538749
  0.61768624813136330  0.63493717315234688  0.64404793942194483  0.65050162654704446
  0.65576882621482124  0.66071979366144284  0.66548352815654133  0.66977725875804561
  0.67380837558178375  0.67775874402899272  0.68161477126346481  0.68540995960945894
  0.68906211105137161  0.69264168744437282  0.69619523389222093  0.69973810388305813
  0.70324394879669228  0.70670206515630263  0.71012460427837232  0.71350580649528839
  0.71686917982173426  0.72025167883740848  0.72360789040675044  0.72695636797248198
  0.73028503180023496  0.73357065313259473  0.73683592604019732  0.74008793636127013
  0.74334284114783511  0.74659790699939454  0.74985202059538836  0.75308685716916368
  0.75631030562917090  0.75956619559821792  0.76283377454371648  0.76611518239833098
  0.76939204851259735  0.77265578825798187  0.77593339535251826  0.77924032266071164
  0.78258108255781811  0.78594970554971066  0.78934247038866723  0.79275471970857103
  0.79619334693091948  0.79964182028665332  0.80308653764028770  0.80653472345171762
  0.80999365497979847  0.81349775104532607  0.81706081953485044  0.82064114842433200
  0.82424451934780263  0.82788315158879422  0.83155423610270052  0.83527396671389076
  0.83912231917659719  0.84293545762933919  0.84677808608342064  0.85063600668586203
  0.85454214137717044  0.85856115141307177  0.86269372930131005  0.86691463912900801
  0.87119474487278681  0.87554677243432821  0.88000720083755346  0.88451905536625108
  0.88905515747857589  0.89368169500945338  0.89848120571145484  0.90350770020538951
  0.90864010167106413  0.91394619967257451  0.91947055754021034  0.92521339334767461
  0.93111634230252782  0.93734853112246330  0.94414136935496296  0.95155117802270706
  0.95977689072967098  0.96940762873468589  0.98178874127747096  1.00000000000000000
  0.00394303939921762  0.13774715217701147  0.18052451120204555  0.20733914133091425
  0.22910970240050185  0.24826826583539829  0.26506172856809701  0.28077332675303862
  0.29536378350604992  0.30898437638926279  0.32180386772150060  0.33395295003002129
  0.34546855268474042  0.35640274505260711  0.36691662353680010  0.37718805521619025
  0.38709388470234735  0.39680897409842003  0.40609828871424641  0.41527795949062002
  0.42396049977011213  0.43265009931049792  0.44118557480110693  0.44947247722745187
  0.45751836706381516  0.46533604322478117  0.47307776855063371  0.48078144103445408
  0.48833927499225682  0.49582341034597827  0.50314685132254877  0.51041590230881750
  0.51763381053965940  0.52475397117339506  0.53171327139015268  0.53851557315153387
  0.54516538758370725  0.55168864937641104  0.55816565416974517  0.56460602210486288
  0.57098636587723117  0.57734321288201973  0.58364511306461031  0.58989558972927847
  0.59608358681253515  0.60222266345556941  0.60821428241329700  0.61412354864683627
  0.62002407533298587  0.62586549970030425  0.63157990474668224  0.63722277748739142
  0.64279228663140586  0.64825923502095073  0.65366508203789575  0.65903786668086184
  0.66440087349602850  0.66978631313936776  0.67510993745417469  0.68041567345697651
  0.68567833083809704  0.69094794381549141  0.69621323776622568  0.70140889558149944
  0.70659584158405242  0.71173180347451470  0.71685173490898024  0.72201052905882401
  0.72720791911905758  0.73244233064523090  0.73773475119397225  0.74304659624808267
  0.74837554473256074  0.75362417181912067  0.75889514761369414  0.76414179370377922
  0.76947510161579036  0.77501711123067785  0.78059550046765125  0.78629487859891012
  0.79216111309557291  0.79814747636081473  0.80420291527116117  0.81031999831226353
  0.81662918941326623  0.82323964716321307  0.83007819774544422  0.83726794810298422
  0.84520367333761004  0.85366954776964454  0.86354937021519207  0.87471277244833467
  0.88853586324085898  0.90637008522737361  0.93247782570193638  1.00000000000000000
   6.2472585796266685E-012  -1.0000000000000000     
 F F F F F F F F F F F F F F F F F F F F F F F F F F F F F F F F F F F F F F F F F F F F F F F F F F F F F F F F F F F F F F F F F F F F F F F F F F F F F F F F F F F F F F F F F F F F F F F F F F F F F F F F F F F F F F F F F F F F F F F F F F F F F F F F
  <DiscreteSampler_grid>
  grouped_processes
  1 # 1 for a reference and 2 for a running grid.
  10 # Attribute 'min_bin_probing_points' of the grid.
  1 # Attribute 'grid_mode' of the grid. 1=='default',2=='initialization'
  0.0000000000000000 # Attribute 'small_contrib_threshold' of the grid.
  0.5000000000000000 # Attribute 'damping_power' of the grid.
 # binID   n_entries weight   weight_sqr   abs_weight
    13   10   2.228576594061094E+000   2.388403674762644E+001   2.228576594061094E+000
    14   10   2.228576594061092E+000   2.388403674762639E+001   2.228576594061092E+000
    16   10   2.726900507133757E+000   3.581049614236747E+001   2.726900507133757E+000
    17   10   2.726900507133756E+000   3.581049614236743E+001   2.726900507133756E+000
  </DiscreteSampler_grid>
