  0.00000010036635418  0.00000019261854396  0.00000028216278460  0.00000070117944974
  0.00000295178976045  0.00001122403016809  0.00002240923434331  0.00003080963386847
  0.00003548528731341  0.00003830446002443  0.00004033359827628  0.00004166238830385
  0.00004264803674181  0.00004340877133617  0.00004397093534036  0.00004462457076607
  0.00004524953306943  0.00004563823724609  0.00004596734871596  0.00004626184299617
  0.00004652482870381  0.00004674894314521  0.00004696254066616  0.00004718838370713
  0.00004740661901932  0.00004758896146492  0.00004773992176132  0.00004786992788835
  0.00004798978663539  0.00004810314027496  0.00004821216553888  0.00004831799338876
  0.00004842134889393  0.00004851452792457  0.00004859672959193  0.00004867024849875
  0.00004873560449918  0.00004879112469582  0.00004885147855227  0.00004891158764546
  0.00004897133737001  0.00004902929803761  0.00004908315096618  0.00004913507257845
  0.00004919064970958  0.00004925013442144  0.00004930839580142  0.00004936256899121
  0.00004941392154458  0.00004946719714229  0.00004952404384787  0.00004958568319232
  0.00004964926751441  0.00004971389979728  0.00004977973086598  0.00004983758484320
  0.00004988434833070  0.00004993928187874  0.00004999189170696  0.00005003949824773
  0.00005009396735270  0.00005016308683707  0.00005023365095596  0.00005029799960767
  0.00005036535336419  0.00005043786949684  0.00005051289431362  0.00005060617105178
  0.00005071471108374  0.00005082000310688  0.00005092842853910  0.00005104271659881
  0.00005116865831056  0.00005130190493804  0.00005144295096271  0.00005159695202459
  0.00005175601271797  0.00005193681791498  0.00005216988304702  0.00005243876930139
  0.00005270083555438  0.00005295970259670  0.00005326990878011  0.00005370861445500
  0.00005424593740974  0.00005482049571593  0.00005572036767215  0.00005720268786329
  0.00005943972601931  0.00006374635751194  0.00007329895893771  0.00009839269944474
  0.00016578865849846  0.00069620739267870  0.41210776097569385  1.00000000000000000
  0.00007104781662924  0.00007400012922988  0.00007724597655473  0.00008090872280008
  0.00008501333347766  0.00008855513397046  0.00009128396374867  0.00009229004001543
  0.00009244812911419  0.00009249595774421  0.00009252434357908  0.00009254383626541
  0.00009255712708960  0.00009256523696874  0.00009256990167251  0.00009257333664087
  0.00009257636407740  0.00009257898984108  0.00009258091266907  0.00009258274944495
  0.00009258404361736  0.00009258525387277  0.00009258646412819  0.00009258756956352
  0.00009258865464347  0.00009258973972342  0.00009259085986115  0.00009259202126617
  0.00009259318267118  0.00009259450262573  0.00009259618685106  0.00009259795095627
  0.00009260043323958  0.00009260328478468  0.00009260657688565  0.00009261078438460
  0.00009261787727084  0.00009262988598740  0.00009264706274657  0.00009267884199556
  0.00009275494653514  0.00009311916134722  0.00009506418428502  0.00009865684533316
  0.00010517688734804  0.00011420674179695  0.00012446780389972  0.00013598620598862
  0.00014834096622358  0.00016156018580540  0.00017775658281289  0.00019751882097165
  0.00022003074969428  0.00024699400603187  0.00027833479214703  0.00031418450012102
  0.00035509456405117  0.00039978064991041  0.00044227351164703  0.00048406441065602
  0.00052864436015192  0.00058265608666290  0.00065679060897798  0.00073775389502744
  0.00082302415221365  0.00091925938202688  0.00101888363679360  0.00112345027047501
  0.00123149308335892  0.00133402555077564  0.00143595717656572  0.00155163300718147
  0.00166818579131894  0.00178759241843535  0.00191505414375746  0.00206133635308006
  0.00222775160172370  0.00238659208422897  0.00252126020151335  0.00266245432902072
  0.00282751402132838  0.00303902363164671  0.00327564876975058  0.00350923757796702
  0.00374024452591875  0.00398063696845130  0.00421672296800051  0.00446039326762517
  0.00480115949421658  0.00525452550734482  0.00583158409456883  0.00669216653587370
  0.00804007138144682  0.00971927757957663  0.13699822848251422  1.00000000000000000
 -0.00000001946501201  0.00000360691664628  0.00000591161919467  0.00000836153596017
  0.00001055024921434  0.00001271558014328  0.00001547858778497  0.00001814857202347
  0.00002020657396727  0.00002224663404909  0.00002432505743802  0.00002701767956622
  0.00002992775235623  0.00003290554109797  0.00003571153887195  0.00003822235609604
  0.00004050669749194  0.00004268180037751  0.00004495779392805  0.00004713682506097
  0.00004911591694105  0.00005142964521118  0.00005376297053786  0.00005622086580503
  0.00005921072814691  0.00006269314251053  0.00006647280250799  0.00007018990864918
  0.00007387727386112  0.00007763933763464  0.00008161098696147  0.00008564169358101
  0.00008904563177478  0.00009169034543028  0.00009467691691704  0.00009810975779671
  0.00010152211618867  0.00010501916237561  0.00010882377863526  0.00011400940516847
  0.00011972250227913  0.00012539317460393  0.00013127406645071  0.00013763465587117
  0.00014451409125723  0.00015228690348181  0.00016047062749545  0.00016839164131559
  0.00017532046167607  0.00018268725855151  0.00019087031592223  0.00020085321936549
  0.00021084365925356  0.00021959017312756  0.00022878404270611  0.00023838977599116
  0.00024915523049409  0.00026075081370858  0.00027259953670688  0.00028386671377350
  0.00029649484261543  0.00031225832516801  0.00032513055300775  0.00033600771235592
  0.00034666281973582  0.00035841759170493  0.00037211657753240  0.00038809172842642
  0.00040103653585482  0.00041073487922542  0.00043139606882565  0.00045171440610671
  0.00047349320196394  0.00049470441343604  0.00052376912833503  0.00055859023439806
  0.00060890661052866  0.00066376443856615  0.00072509825631665  0.00080145509006434
  0.00089050776828878  0.00098502946015746  0.00108556861442544  0.00118595120529113
  0.00129212414695422  0.00141665956433698  0.00152989645238387  0.00166053971485195
  0.00183849454793687  0.00202192168467003  0.00219037039880905  0.00238073313091852
  0.00263901987439778  0.00305922716421427  0.20750513262547340  1.00000000000000000
 -0.00261630271045905  0.01022868166842284  0.01855215647093054  0.02607603657204578
  0.03472705014205654  0.04687016118833866  0.05486705291127262  0.06242789023358192
  0.07053646055533097  0.08018297566113343  0.09078034197201593  0.10155264417274990
  0.11331688340588245  0.12621046504905178  0.13915464304288677  0.15163375259644085
  0.16391993058781376  0.17556672390552883  0.18698383426098070  0.19951265940853583
  0.21243024116479078  0.22690559625504259  0.24295918811335077  0.25993516679357054
  0.27536274601935018  0.29192738399240259  0.30572528233137558  0.31861832400927342
  0.33186265491938066  0.34701766362713449  0.36181197757432265  0.37492001069557013
  0.38784782557786868  0.39856300022981528  0.40796876950207384  0.42251168347484014
  0.43679623804528250  0.45110924833468435  0.46340839325181760  0.47551470248370425
  0.48810662392562931  0.50128095066507583  0.51511360268251272  0.52900984541338891
  0.54276123869892623  0.55374874614433511  0.56168171858077087  0.56798134041703763
  0.57383715316734873  0.58062528137710523  0.59200114006209126  0.60485099833159195
  0.61601875318405319  0.62782276023342254  0.64080539852210616  0.65385359651019193
  0.66244591694445776  0.66923049974665549  0.67678091039072819  0.68491245246134480
  0.69185295300859839  0.69971923248298806  0.70741235180702633  0.71516581300605919
  0.72505914112295200  0.73644534932982464  0.74700448944439446  0.75659694065038230
  0.76572790140803548  0.77524326852140923  0.78701143375749794  0.79843105989132168
  0.80789735912409333  0.81634529576033543  0.82378412899041409  0.83068223347555015
  0.83855659865453946  0.84662035526178436  0.85462470939622959  0.86546190146989110
  0.87511861462709151  0.88523329827898589  0.89539313418713673  0.90508598918078720
  0.91447218796741481  0.92381951003835894  0.93205759550468448  0.93991840921919512
  0.94801026337391403  0.95573809790246100  0.96290091855791493  0.97009208424279336
  0.97775640255292007  0.98577378810956151  0.99305955262795909  1.00000000000000000
 -0.00407284323401833  0.01393748185447425  0.02681814675525463  0.03723594689861846
  0.04624550122208182  0.05533522522445647  0.06661707117024135  0.08032955261952503
  0.09391261420475791  0.10635251189330140  0.11789585804503740  0.12973220154450940
  0.14191469739297546  0.15360635172049167  0.16464761222190161  0.17498744350858239
  0.18551869565475299  0.19588098612856186  0.20712292593216033  0.21874029055430214
  0.23043525826785313  0.24165164126237657  0.25431518429746264  0.26594752419086110
  0.27699869671523569  0.28782786876677902  0.29837318525707668  0.30934306396426126
  0.32088521638848022  0.33154320939368653  0.34056833532576103  0.34873802405750542
  0.35625453207773733  0.36383196221310843  0.37167410395664835  0.38292392239251116
  0.39265782813074546  0.40305426704328712  0.41525068562740813  0.42704113062476284
  0.43621234307740453  0.44471419664955969  0.45257714757056522  0.45943010249905997
  0.46666508041014348  0.47516892156730051  0.48456987143006425  0.49436377868842085
  0.50411957019308995  0.51607219259904291  0.52608092156295083  0.53377862431720291
  0.54125635133342498  0.54829442502352554  0.55742479843092752  0.56805325394244677
  0.57871204669254939  0.58874228792006389  0.59941807551328841  0.61075673808411035
  0.62023722779080892  0.63028589959333936  0.64021621292884712  0.65172637617100515
  0.66456939155223105  0.67595348363727126  0.68761903077646891  0.69969345998121046
  0.71299429572002759  0.72701691331647322  0.73980022940154577  0.75044559720219750
  0.76046744278889888  0.77085015424164005  0.78315819256342356  0.79599070473458655
  0.80810733738107843  0.81982141053587876  0.83016309079916895  0.83847836924684416
  0.84684642298291812  0.85516898097143168  0.86354764835810283  0.87129894017015497
  0.87884069636085516  0.88685535143260386  0.89839839352646200  0.91056515991479570
  0.92295859769382493  0.93452190479877295  0.94650458022166628  0.95754284377625842
  0.96695069866879368  0.97702483908523441  0.98763862700767269  1.00000000000000000
 -0.00247819252435752  0.00930255872035583  0.01655053066504506  0.02449780649781449
  0.03312462578146629  0.04249997954043765  0.05141043611117564  0.06067019589311988
  0.06850217259546384  0.07515190460260224  0.08226121076671553  0.09083344802390929
  0.10131156848788693  0.11176629594541866  0.12130921956159199  0.13050578893730055
  0.13908821212570005  0.14725656877626769  0.15521890018800194  0.16373852854741577
  0.17219238106750884  0.18111410552103213  0.19171370339399160  0.20379943471531256
  0.21468830259270988  0.22490025287557919  0.23512140219855079  0.24546553983375768
  0.25525970861247743  0.26407632792299945  0.27298505385312033  0.28343501018273098
  0.29728800484568946  0.31239354893753168  0.32613319019734899  0.33827007635925649
  0.34957968388079463  0.36144809852680221  0.37265070602889566  0.38196030973623879
  0.39141623190331665  0.40194579330137781  0.41342280094838202  0.42349509112591016
  0.43335096121468780  0.44455440391979106  0.45642797693034565  0.46664454622260571
  0.47391819369559940  0.48179760221459622  0.49021149067029590  0.49940654547023017
  0.50856691077976268  0.51858551515517248  0.52912002142616876  0.53986270049624996
  0.55106160108302948  0.56351823343882135  0.57262673903607819  0.57868557140344301
  0.58578497277408692  0.59384461428573776  0.59985401490100210  0.60551262889608859
  0.61365481531652710  0.62483949825457141  0.63761002121643995  0.65082152270313187
  0.66342351751582740  0.67433323487033248  0.68633979078864127  0.69791443205716397
  0.71171987575220674  0.72671492448880959  0.74134840271130042  0.75548528285150041
  0.76951126597374653  0.78329046143348247  0.79590010612756157  0.80665570032058065
  0.81607045085355112  0.82465604309468865  0.83344112528826297  0.84291935843056132
  0.85542100301240065  0.86989174563601757  0.88468179583157347  0.89973870920552612
  0.91409925748266962  0.92744131506930871  0.94085871223675843  0.95443794189401154
  0.96776248190187586  0.97911995063813928  0.98971554452486510  1.00000000000000000
 -0.00252597466823759  0.00896882007956816  0.02039679369053405  0.03137196196391336
  0.04231838182901525  0.05268520348591436  0.06166844693451645  0.07112604365857714
  0.08186340769148243  0.09391804757821917  0.10751055499417131  0.12147013345705350
  0.13530783391366649  0.14896202356024035  0.16252341767621128  0.17592110208208078
  0.18855210210802587  0.20071983456448778  0.21359990769517898  0.22603479579958707
  0.23980395307303548  0.25321479523853596  0.26585909625715165  0.27811060300291301
  0.29006440720657761  0.30206007607301238  0.31476708580386081  0.32806018042181334
  0.33874874687090456  0.34807064956339290  0.35748303401935633  0.36762880366048256
  0.37903181611072945  0.38532238067013064  0.39222206551617245  0.39880786560745385
  0.40773471460431443  0.41893346952876376  0.42888373170764854  0.43837269120959022
  0.44734430459043006  0.45567216134147853  0.46381863454268352  0.47149562426201225
  0.47667942715029860  0.48252363454926828  0.49153620717570701  0.49952964956484952
  0.50589542726961823  0.51653479086500609  0.53033828700934249  0.54333724049009291
  0.55482989612345934  0.56548051084348416  0.57636683165520242  0.58589765928060800
  0.59640693746647599  0.60750021112074593  0.61741444675829316  0.62952947460189335
  0.64204843943901901  0.65362931136844504  0.66357347990988869  0.67329120328615932
  0.68174236602986182  0.68978003985176539  0.69846797162399532  0.70536860716589911
  0.71171560240883169  0.71804543200651216  0.72642996150416395  0.73747513789220898
  0.74875640826759149  0.75850958316004014  0.76753721670373476  0.77829780811067928
  0.79048493259804375  0.80263115164428755  0.81455749841126879  0.82632568516837213
  0.83734024653623462  0.84684894201781735  0.85619787263145875  0.86774591944570734
  0.88076104808255506  0.89332962856613729  0.90454762300602953  0.91470275216605113
  0.92541802279603691  0.93640135647662526  0.94674166109161073  0.95832912265253734
  0.96939840056734961  0.97988606674421486  0.99011192910616452  1.00000000000000000
 -0.00300779352796419  0.01057347272750259  0.02219210511956039  0.03260532987739075
  0.04177043880213333  0.05018623557017168  0.05742666839801028  0.06630581687085654
  0.07763510538456692  0.08909624770271500  0.09970132924345085  0.11064413700931650
  0.12290961236315723  0.13371929001289082  0.14101569159769600  0.14467974670868264
  0.14996698521701327  0.15913419660728634  0.16831126510991232  0.17748189444055171
  0.18838952685754445  0.19977873199091331  0.21022280574388305  0.21980927639861869
  0.23024281913454503  0.23965297235613284  0.24841215542920295  0.25659818173755244
  0.26428006642879887  0.27275305135383454  0.28151470863251121  0.29165550454911338
  0.30231309191870925  0.31353280866123939  0.32605719336404465  0.33932011901992515
  0.35188827666095013  0.36333230926884508  0.37358276243184019  0.38233360696175672
  0.38984612386034107  0.39830401644007196  0.40645667232136684  0.41522768464244636
  0.42483353723046169  0.43397002281642033  0.44165007059981898  0.45226211960986490
  0.46330996722207779  0.47586412191079297  0.49020068070076966  0.50456040466674945
  0.51928720848226229  0.53392414308837399  0.54769509047780507  0.56044988000375218
  0.57230881598911043  0.58376579321839595  0.59488406831795071  0.60576112916070923
  0.61712671267267405  0.62946312438103691  0.64197681625414982  0.65533196759880419
  0.66773657527045616  0.67760018136055711  0.68652277496380820  0.69555258198935532
  0.70444941980341325  0.71551801246080671  0.72717896945235849  0.73796185638090872
  0.74862608205667514  0.75994638003230264  0.77165482703989563  0.78309346220433029
  0.79440146795025646  0.80550324585290933  0.81709223857835733  0.82836684703596974
  0.83916020606263686  0.84974528001329463  0.86013108069033084  0.86969702915892833
  0.87887923326644535  0.88857818866702287  0.89958170451572650  0.91229105535351296
  0.92530734483736843  0.93754820231628122  0.94831900571584571  0.95885434208846876
  0.96918284044198599  0.97962245618270472  0.99007582776089553  1.00000000000000000
  0.01988021088691571  0.17221806907152726  0.23570577769164755  0.27625561592263792
  0.31478525051761647  0.35731207871906900  0.40223951073452835  0.44629386601310800
  0.48675374801768484  0.52948519555856810  0.57771876352565898  0.61648741243293426
  0.63848933974432309  0.64923830118048376  0.65642152817225574  0.66260505106317868
  0.66811816092359355  0.67319702074936549  0.67748391184018641  0.68078227637758060
  0.68380291921779024  0.68683847025774902  0.68968915917801510  0.69278201053031296
  0.69578299850562497  0.69806555465253595  0.70000025821324952  0.70209107539497395
  0.70541137063343373  0.70961395962224871  0.71389143794455068  0.71777108254414423
  0.72148854224122538  0.72507548043362124  0.72857367781367355  0.73213782037240061
  0.73579636390597991  0.73950405758968130  0.74324811663704293  0.74688683603111528
  0.75024954711037761  0.75364758520746278  0.75679838728977711  0.75956447354867129
  0.76239055968553815  0.76571818638943412  0.76909586032499133  0.77231337372968545
  0.77534894321141679  0.77852424977943602  0.78206037841526355  0.78542225650271613
  0.78889131629807940  0.79247276320330040  0.79587142131548594  0.79924191924757493
  0.80304953123802170  0.80706235403663673  0.81103088053055306  0.81500887791156784
  0.81906428367390660  0.82319920129876811  0.82722154744575926  0.83133166616399645
  0.83578218993069819  0.84037158568342341  0.84468364518439032  0.84846631063826838
  0.85196465142191924  0.85531409847740780  0.85877720779588784  0.86288490776287197
  0.86700527260688676  0.87096524240527562  0.87526201962030492  0.87903893247331177
  0.88271938398710303  0.88688798535208013  0.89140377444496111  0.89637324078021452
  0.90105219243009127  0.90494959252598040  0.90893326565174293  0.91293749442045302
  0.91670436612659489  0.92137565602529825  0.92716430388250159  0.93279851677078074
  0.93803237382730909  0.94303200486386807  0.94887311602309798  0.95468342817150731
  0.96043670074894982  0.96908116768921138  0.98064357616428577  1.00000000000000000
 -0.04455603877946467  0.15523519306261699  0.21744535098243478  0.24848593138142128
  0.27015917826502328  0.28841455630280965  0.30488689835602134  0.31965799340599610
  0.33347996961690712  0.34474151287404725  0.35450805241798267  0.36360597456331606
  0.37340888497847852  0.38185081196891890  0.38843858666065689  0.39509315293378372
  0.40152940011822863  0.40738031343798353  0.41409496853684746  0.42456568244250309
  0.43324992642539650  0.44211422293814845  0.45009631969455771  0.45700163129403476
  0.46244756063266668  0.46706463465284637  0.47161587702364255  0.47629791687106282
  0.48230086038680586  0.48875558008022546  0.49504787624281565  0.50085434713884081
  0.50674203290414654  0.51344850815613863  0.52152562072298347  0.52868148554735372
  0.53514891377757423  0.54091905974762466  0.54536289049083098  0.54999645739664216
  0.55462284557254682  0.55934524944612463  0.56446290374299746  0.56929306055735296
  0.57447158493809158  0.57927574169972196  0.58390555535977995  0.58872969362614258
  0.59335932170322125  0.59830287871229915  0.60349040235315976  0.60805239427413771
  0.61289281414556740  0.61776083727553133  0.62252889412504175  0.62684086920983639
  0.63082165697225123  0.63463030061835290  0.63842798760333819  0.64210804957304135
  0.64608627895654813  0.65066397990391656  0.65493716129934842  0.65906375870534728
  0.66330375540230979  0.66799948007642840  0.67305728688332100  0.67791316873881691
  0.68236954110103742  0.68633622497936608  0.69009479937587548  0.69402809891908079
  0.69826837437679112  0.70314380814874966  0.70866358018950393  0.71468010659482639
  0.72100461895343593  0.72717229805456207  0.73211098352261073  0.73609954921594811
  0.73958353544741195  0.74340995835745505  0.74768554171504986  0.75212320104557884
  0.75728369671820162  0.76403941677217702  0.77083158158226905  0.77649071160157612
  0.78212190638885759  0.78837721448571374  0.79606295724059817  0.80487195709575032
  0.82172470273645071  0.84972783229462912  0.90436657465330339  1.00000000000000000
   2.7288974758147092E-010  -1.0000000000000000     
 F F F F F F F F F F F F F F F F F F F F F F F F F F F F F F F F F F F F F F F F F F F F F F F F F F F F F F F F F F F F F F F F F F F F F F F F F F F F F F F F F F F F F F F F F F F F F F F F F F F F F F F F F F F F F F F F F F F F F F F F F F F F F F F F
  <DiscreteSampler_grid>
  grouped_processes
  1 # 1 for a reference and 2 for a running grid.
  10 # Attribute 'min_bin_probing_points' of the grid.
  1 # Attribute 'grid_mode' of the grid. 1=='default',2=='initialization'
  0.0000000000000000 # Attribute 'small_contrib_threshold' of the grid.
  0.5000000000000000 # Attribute 'damping_power' of the grid.
 # binID   n_entries weight   weight_sqr   abs_weight
    13   10   2.838804824884775E-002   3.941277162502418E-003   2.838804824884775E-002
    14   10   2.838804824884790E-002   3.941277162502446E-003   2.838804824884790E-002
    16   10   9.630854441132073E-003   3.213526511440388E-004   9.630854441132073E-003
    17   10   9.630854441132139E-003   3.213526511440439E-004   9.630854441132139E-003
  </DiscreteSampler_grid>
