  0.00000015583669562  0.00000034230280556  0.00000044519041428  0.00000051516384395
  0.00000058117505455  0.00000066722140927  0.00000078770521556  0.00000090840368441
  0.00000104398942650  0.00000119037156196  0.00000135980699261  0.00000154262979223
  0.00000178326082436  0.00000209142224326  0.00000242917105478  0.00000279716139603
  0.00000318576707740  0.00000365113223529  0.00000417558483169  0.00000475404282508
  0.00000536037084751  0.00000604175158347  0.00000686670284259  0.00000783750974364
  0.00000894080113561  0.00001041027004946  0.00001200890342316  0.00001369724709592
  0.00001516923506347  0.00001678048439307  0.00001807134355510  0.00001928720424541
  0.00002067219105818  0.00002193378200015  0.00002313883085704  0.00002447862506458
  0.00002625563692702  0.00002814158739564  0.00002990410974475  0.00003108390772890
  0.00003223445001165  0.00003333595163745  0.00003440451528806  0.00003545032077860
  0.00003707043153602  0.00003919671473728  0.00006133974562647  0.00006309890715967
  0.00006435914652953  0.00006549080454029  0.00006664739684979  0.00006785171048340
  0.00006918063217796  0.00007061160101324  0.00007211997239002  0.00007364145184872
  0.00007502550493046  0.00007645405036751  0.00007790173690172  0.00007939233172160
  0.00008138576524685  0.00008353090490019  0.00008563321792998  0.00008884037056502
  0.00009276156644507  0.00009719299050779  0.00010177350101854  0.00010729933407228
  0.00011399822272073  0.00012184963548657  0.00013068612545255  0.00014051099450168
  0.00015071747293011  0.00016043020662138  0.00017188745787609  0.00018400913966801
  0.00019921070859847  0.00021966015881815  0.00024666299097242  0.00028426296891031
  0.00032565784728531  0.00037439708085829  0.00042600557404805  0.00048908067426285
  0.00056740921429238  0.00067394554663646  0.00079748529520193  0.00095891813782320
  0.00118078703924784  0.00150813694148992  0.00202325759451795  0.00273375882850765
  0.00382988533149716  0.01149533210040885  0.05022469211156966  1.00000000000000000
  0.00007120708602583  0.00007207572349156  0.00007332432838125  0.00007460821479101
  0.00007574123717462  0.00007697419803698  0.00007826658816267  0.00007952427286725
  0.00008070998438098  0.00008184681868485  0.00008298888696650  0.00008417571955936
  0.00008539442441983  0.00008660702644340  0.00008785570125536  0.00008904036389640
  0.00008985379286719  0.00009067409663559  0.00009137693577415  0.00009169343339845
  0.00009200993102276  0.00009232440183706  0.00009263749711602  0.00009295065184456
  0.00009326455609509  0.00009357846034561  0.00009416233073031  0.00009515453266249
  0.00009646147946829  0.00009792332282139  0.00009948066647252  0.00010111169502312
  0.00010279939846345  0.00010466268860934  0.00010672260347756  0.00010879093150063
  0.00011106524275397  0.00011368290212735  0.00011671599274217  0.00012017204906960
  0.00012356447731605  0.00012744354637137  0.00013134184391218  0.00013525074211026
  0.00013919515982150  0.00014331289447629  0.00014771383622420  0.00015205941566293
  0.00015640258769949  0.00016105488174535  0.00016581631071708  0.00017082386746144
  0.00017605919202195  0.00018161163805334  0.00018760534257587  0.00019509728879269
  0.00020431420870151  0.00021361891894326  0.00022244062873092  0.00023098258083226
  0.00024033286445063  0.00025099451377064  0.00026245304549358  0.00027238327911889
  0.00028295336126788  0.00029373313363526  0.00030742124787923  0.00032290702730908
  0.00033868574375713  0.00035481314512209  0.00037281489127452  0.00039262818234184
  0.00041643988980592  0.00044463995627226  0.00047406499630960  0.00050627056452207
  0.00054273562522011  0.00058210260974992  0.00062118212408874  0.00065748503112077
  0.00069721794990312  0.00073951102338552  0.00078304530206782  0.00083519738846956
  0.00090468940542379  0.00098575381875278  0.00106765722096444  0.00115417498987396
  0.00125736589122730  0.00141863180559280  0.00167455986699507  0.00204115669095720
  0.00241942792733344  0.00284066336618078  0.12949119967070782  1.00000000000000000
 -0.00278081088052566  0.01442790043891685  0.02863131877788662  0.04013483345115823
  0.05150370556203054  0.06286374356025462  0.07488297982124142  0.08871991373505335
  0.10233251118176707  0.11642589984218861  0.13127784227293207  0.14389088524527840
  0.15355040921601001  0.16267564987201313  0.17154003959383318  0.17974943333005231
  0.19029237308361271  0.20277645003745876  0.21457243326008130  0.22577574789366403
  0.23529361771090626  0.24403219021597192  0.25341613165404409  0.26310746579736960
  0.27500372028943587  0.28972459874000833  0.30388988849932530  0.31812332784001396
  0.33104810520647543  0.34213581978538987  0.35275171221023754  0.36373139905063556
  0.37654606432324811  0.38867951162865255  0.39886480731999857  0.40936109684760136
  0.41891383610680522  0.42970066878230323  0.44023418023989058  0.45048322363556143
  0.46064753144110077  0.47123703611823869  0.48103112301367534  0.49109860856137016
  0.50122144369577404  0.51201807561771706  0.52373565913998577  0.53567702028145747
  0.54792218587218078  0.55986651016590594  0.57197409142756017  0.58348042817939716
  0.59479796508878713  0.60579192595709852  0.61718527763033537  0.62737315540222605
  0.63722128627388386  0.64765445128018018  0.65929795003785963  0.67062588258455469
  0.68019529097723175  0.68980787884419303  0.70065372517311963  0.71221799801422936
  0.72264842003212659  0.73264526788348705  0.74287516448881163  0.75306923979904838
  0.76348615331068381  0.77485037516040822  0.78747547404477758  0.80099437895003744
  0.81049310070378833  0.81781463043382663  0.82397267430297139  0.83018041221552241
  0.83634848363619430  0.84442816938314835  0.85380327876924278  0.86247734718374103
  0.87191821852218032  0.88315999803303080  0.89596359997563957  0.90907538120942599
  0.92298349445147310  0.93520768609847138  0.94333156368313309  0.95128595557323226
  0.95832361424623802  0.96423548220344835  0.96963109014414139  0.97422164752618778
  0.97864433156034714  0.98512243873871463  0.99259889080847929  1.00000000000000000
 -0.00417215827424722  0.01671891202697013  0.02835947216870609  0.04015321691191941
  0.05115074486252113  0.06260519601039785  0.07416647718546317  0.08599583290442007
  0.09770295255003056  0.10883548505200456  0.11965923703089010  0.13161543997900657
  0.14519984743331918  0.15689589377035743  0.16683647800570287  0.17618442218041780
  0.18557341191251317  0.19651216664381105  0.20739927500763153  0.21886792406389538
  0.23083048413039559  0.24275025615664708  0.25442878424004234  0.26595628329789783
  0.27686438258216667  0.28737027010644889  0.29925535390865876  0.31145629669223956
  0.31961330884759231  0.32740814973628707  0.33502869879458019  0.34243498103131403
  0.35225205540518473  0.36458329162539643  0.37668698088438618  0.38798826554366939
  0.39923594604548784  0.41081498653126797  0.42251795520212954  0.43262123119502915
  0.44174572127001277  0.45058762316194761  0.45991649018340297  0.46998142155920281
  0.48033211919188717  0.49096660668771858  0.50152151714909876  0.51228879467676036
  0.52391805310369077  0.53637080378182511  0.54828060992735450  0.55835888079545193
  0.56715982112065189  0.57550125081538239  0.58402972534613884  0.59422908392958274
  0.60336032032041387  0.61049323159454449  0.61807985529122911  0.62551466993381011
  0.63234646832073671  0.63941471220476509  0.65110126558246506  0.66249350675036733
  0.67083527284418065  0.67949535796096949  0.68792119707250932  0.69758808139577533
  0.70742531134027031  0.71455859003898115  0.72126256492494478  0.72812342512510875
  0.73466081056950339  0.74168180973138775  0.74972699384598707  0.75754268809664926
  0.76538710758137118  0.77505011537482515  0.78808609554220221  0.79881271721068081
  0.80939152861498465  0.82022192451927056  0.83229716371119333  0.84384878632411653
  0.85583650423753999  0.86870027325329380  0.88267313220768984  0.89696509133444446
  0.90997708840110170  0.92185003342020400  0.93395519685533124  0.94831750399079329
  0.96187406212796045  0.97441247643784046  0.98668951277203243  1.00000000000000000
 -0.00217394672529265  0.00670674706792274  0.01513059462376804  0.02296101872865382
  0.03051250128422724  0.03777566249456423  0.04514599213021110  0.05306192345015528
  0.06116290006717953  0.06847779939762604  0.07539343722157563  0.08251735573573853
  0.09103039425964952  0.10071088052201435  0.10808227926106606  0.11517377013256302
  0.12209293948048103  0.12916892827600515  0.13770513588238203  0.14709990232678746
  0.15654804718378354  0.16589938912032401  0.17440725119672612  0.18267313235608748
  0.19064768910344379  0.19942452542931777  0.20891721664019597  0.21907263149369857
  0.22863847899346251  0.23751332296821842  0.24634288599679827  0.25543083677613426
  0.26520797116931050  0.27508113041572152  0.28425945582622864  0.29313471471019537
  0.30182731342957442  0.30811125724196425  0.31280940171053750  0.31704600548029682
  0.32115655906001073  0.32585332048457055  0.33079367991627984  0.33949824569920972
  0.34916706063272607  0.35858174203381377  0.36816823331035964  0.37798426051973577
  0.38731934535191892  0.39657650762871749  0.40690353953788966  0.41961979126260446
  0.43295563500395540  0.44523645769102660  0.45737858041937257  0.47011104374058399
  0.48247307061373124  0.49350547565705061  0.50484101717573959  0.51615949501004865
  0.52505885246953110  0.53250950639556471  0.53949946258104753  0.54621099970017672
  0.55268036511595720  0.56001574456717174  0.56748010742473654  0.57380670053701943
  0.57967143253793474  0.58433729297574000  0.59058784422854149  0.59890025121246426
  0.60768953085513888  0.61694759193957671  0.62910410937727523  0.64408129469313813
  0.66020871110412283  0.67586592488906660  0.69018253310083622  0.70607458065605644
  0.72319097461698545  0.74192448807246925  0.75964109739852570  0.77543229965257132
  0.78898115202425922  0.80100382564056449  0.81201356779229472  0.82415044446552621
  0.84115584619469697  0.86437433151708054  0.88952402307183687  0.91286240897172244
  0.93496797257388375  0.95473111462183602  0.97370838229177303  1.00000000000000000
 -0.00237487261689796  0.01091928249335593  0.01957295206341366  0.02873389129625473
  0.03869449661123892  0.04956018216307217  0.06098324740497214  0.07234955351562414
  0.08412656771684485  0.09674665718119503  0.10926123508129465  0.12171066249420122
  0.13361570360468794  0.14576869459528594  0.15441870393577248  0.16048512836299678
  0.16681164819255723  0.17314138931384071  0.17962554490684551  0.18824463344600231
  0.20011066850170289  0.21042582716366068  0.21542649467903677  0.21927349819833505
  0.22312735358117672  0.22687343099434534  0.23079001848578687  0.23721779773036170
  0.24232068000208865  0.24753251257851208  0.25329866669075896  0.26088399312113320
  0.26989732301187308  0.28029219092660379  0.29072087751959852  0.30031967174356516
  0.30899866658798819  0.31872456871314525  0.32972860940281806  0.34145116615649018
  0.35379315894025987  0.36548586436856428  0.37702920150684321  0.38905049696018912
  0.40191444803725962  0.41502347451602162  0.42803076630806497  0.44030027207693245
  0.45361211177395633  0.46640237818707481  0.47899953535063300  0.49147922966181862
  0.50307112179593838  0.51375353270146318  0.52474998378906923  0.53747083663393991
  0.54894541733995528  0.55973083518836020  0.57088285007440065  0.58206997814329808
  0.59328250881070854  0.60477974457779038  0.61645077665275150  0.62836762616961572
  0.64004644669943045  0.64970183785886615  0.65727350089823400  0.66506126528162490
  0.67317298991884622  0.68225156987794311  0.69196614301301573  0.70230852320778525
  0.71253171432080331  0.72525118045127224  0.73778008831500375  0.75029282655407237
  0.76343377077836172  0.77707248467579515  0.79074879325446146  0.80198141810003742
  0.81252919518736721  0.82284514322578939  0.83302736985219483  0.84433247635010666
  0.85768892132785746  0.87115433820620258  0.88476221558763124  0.89805315931382834
  0.91174310627006050  0.92561538393463361  0.93878689119606751  0.95178113366475436
  0.96588414873830775  0.97875623020471747  0.98948907815589116  1.00000000000000000
 -0.00891440303417415  0.05750211585328772  0.10708583284621292  0.14488588742536648
  0.17195073782048270  0.19491856748987582  0.21511208995515693  0.23237125786559762
  0.24693396415881311  0.26064503213249568  0.27267416531916472  0.28416101741847366
  0.29479483816464341  0.30473482144760838  0.31431652821995681  0.32383382638975350
  0.33334609499305107  0.34145424616110476  0.34984912740538326  0.35782432507935358
  0.36484400909452730  0.37142058877932427  0.37740327941140261  0.38238564373443945
  0.38738929629477709  0.39219580728154979  0.39753882202354263  0.40466303919749214
  0.41199650519094738  0.41903070184139396  0.42320813896709286  0.42750142927870421
  0.43202590902831578  0.43600843659592359  0.43958028459144766  0.44458316612813303
  0.44973552309195225  0.45488031891481068  0.46022621219632615  0.46582585241549385
  0.47151073023344808  0.47725898427310265  0.48169734486082760  0.48567197340933443
  0.48960339838408545  0.49314784577644100  0.49665134965309876  0.50006422798355077
  0.50375338896943100  0.50748962997289793  0.51134144436101781  0.51549877424074553
  0.52006892251036874  0.52378193568963616  0.52673547415781852  0.52962815729667068
  0.53260973730230665  0.53602686898354091  0.54040590540986144  0.54592102730159697
  0.55267347468185446  0.55937278543166069  0.56563619489805850  0.57179536550140297
  0.57780021533507786  0.58441467754381848  0.59090186749125051  0.59681131057618597
  0.60233874093395534  0.60788549337526754  0.61350795113490986  0.61922868409676657
  0.62545970628508385  0.63112827072454369  0.63564283685349943  0.64034095177561556
  0.64495407581462683  0.64997536510647103  0.65632219766214284  0.66465763090982966
  0.67301143531014818  0.68166797108481414  0.69126707842795920  0.70186629023754155
  0.71322291628704881  0.72516976422487323  0.73747091099641726  0.75020180436819006
  0.76406780905145200  0.78019913735391810  0.80071316047794960  0.82504756238868437
  0.85295900262855406  0.88918177847458091  0.93462963464187243  1.00000000000000000
 -0.00308672800938883  0.01284159423196790  0.01895517561766723  0.02594501118206980
  0.03328187115343943  0.04098001026639681  0.04905020295176475  0.06077267317724682
  0.07194787175776647  0.08014212480408725  0.08867289492853944  0.09735139053954228
  0.10605320476147727  0.11511990713416692  0.12616507890569512  0.13692940498412029
  0.14677156181874479  0.15694468693770797  0.16737142938815980  0.18010212549150220
  0.19301159011941688  0.20517119318553886  0.21746883970089115  0.22854729245171790
  0.23884677177114985  0.24889244192028900  0.25980548372688567  0.27051297921359596
  0.27888418086423605  0.28690801183807751  0.29436137758019509  0.30223483635079657
  0.31031639274794348  0.31804515629514601  0.32552610857150793  0.33433605168625302
  0.34601401759328837  0.35930468656371395  0.37277439644765742  0.38621260460091150
  0.39908338135845728  0.41124518747013949  0.42245233611121696  0.43316895592475935
  0.44427522948898313  0.45668108575732558  0.46881300433429579  0.47942860055185971
  0.49021068222487252  0.50090109450128661  0.51211254527863526  0.52312116563246502
  0.53644413403470925  0.54830727137315960  0.55891035475375050  0.56895067655290399
  0.57904875161804892  0.58965061977673527  0.60091076468503302  0.61206804487260413
  0.62300417412753095  0.63424620549721944  0.64541873656693249  0.65708125555849806
  0.66883077843109906  0.68170574107001536  0.69272474074827950  0.70014960328994369
  0.70756936588132080  0.71510597620377681  0.72327013736048718  0.73528646368998074
  0.74717625856469116  0.75750588768943061  0.76732216365350603  0.77757755237830350
  0.78793385949164463  0.79885766691139926  0.81054018347674495  0.82232027690646869
  0.83335522457639388  0.84390605232549998  0.85342189160869864  0.86269354663233289
  0.87198274584632773  0.88088665443930025  0.88990449273770778  0.90017773181053817
  0.90906534362176161  0.91895036485423454  0.93030722059476201  0.94266920605176419
  0.95892030173646980  0.97410397560290229  0.98770200764905403  1.00000000000000000
  0.11942427923430453  0.17604287426017459  0.20615297206456304  0.22447659920553406
  0.23929760270771969  0.25788373618478017  0.27797669322893670  0.29959667683979069
  0.31742191313339774  0.33558575624983150  0.35140807639144939  0.36898084830591099
  0.38690293016166633  0.40223625484902553  0.41522833754266919  0.42913583354813950
  0.44350301503281997  0.45692964975353717  0.47092850120230717  0.48635662556676956
  0.50179955643124841  0.51467609269548376  0.52702856272333853  0.53906507381731827
  0.55118106888163843  0.56370653802053061  0.57682013358961071  0.58965856887450985
  0.60164753077860245  0.61241106010544444  0.62275509669094653  0.63251342881598938
  0.64208964124463530  0.65194965294251483  0.66142659010608418  0.67085270880008196
  0.67939815520169300  0.68703600692577160  0.69494473853214178  0.70291833345301924
  0.71147678331653630  0.72027167896742750  0.72825554613015642  0.73548780829510219
  0.74253560409727304  0.74963720485963103  0.75740932396732219  0.76561873790496160
  0.77398676517366438  0.78137300971831769  0.78837884587088281  0.79511488010220088
  0.80178220683214052  0.80806433479200523  0.81464609035518731  0.82115650674042351
  0.82642232869149312  0.83157038744545486  0.83673463214682842  0.84182316483362907
  0.84800993933098134  0.85427492551330331  0.85967830527424771  0.86417615371403345
  0.86736489404395634  0.87050055679720550  0.87345707555575791  0.87647133504566455
  0.87956797415024091  0.88405336519996192  0.88877146304270138  0.89321454684007584
  0.89709160921554454  0.89996889894085852  0.90289813624753035  0.90600166781065905
  0.90910697367409676  0.91222959926508229  0.91562011669960652  0.91911797171459841
  0.92236095762883763  0.92552111165759809  0.92866309245995660  0.93273342886831467
  0.93723378684288738  0.94197278895417624  0.94646527956940740  0.95077205256236463
  0.95492942889056309  0.95958486430827650  0.96478482715278924  0.97030104250057636
  0.97523502533533957  0.98112695394169580  0.98949636811602426  1.00000000000000000
 -0.01188671764773582  0.13981679391920745  0.18843254371298929  0.21559481782407836
  0.23581623136306931  0.25591699195182072  0.27424465869763026  0.29079482097986870
  0.30585164449793667  0.31880698887005121  0.33201551942487995  0.34504857521079818
  0.35655990878537624  0.36720769818873106  0.37940593275333645  0.39127139629292707
  0.40198231737515749  0.41170933577854646  0.42110299489191433  0.43000859616870685
  0.43912090628966238  0.44835196460210175  0.45725964492476245  0.46616430234835010
  0.47553692941422848  0.48561266499335543  0.49618453966254117  0.50618286788141986
  0.51508886628392470  0.52216397332116993  0.52696712031506199  0.53110466517460264
  0.53569448002972864  0.54040514387086469  0.54548367441998913  0.55076573288663710
  0.55615166211702927  0.56137939762650113  0.56623604533148675  0.57087541843399892
  0.57540468444696236  0.57994682691447086  0.58460762707289904  0.59093409386346818
  0.59731167301784160  0.60415551046781213  0.61128333019727465  0.61719243341114416
  0.62283148002870581  0.62826711312109140  0.63333765891929883  0.63972126411472185
  0.64604319765166673  0.65193257046870845  0.65748864985232269  0.66315516078387027
  0.66887642727614804  0.67463822956840147  0.68046941821107421  0.68591874327035662
  0.69083247812088655  0.69565426351583493  0.70054298456351405  0.70601772185778222
  0.71043784140024502  0.71362374401846540  0.71655895346922993  0.71913854370444230
  0.72148367168444583  0.72389686802481534  0.72631846019965229  0.72955027675839634
  0.73457988396802598  0.73970182726252409  0.74460461031483383  0.75014934997020621
  0.75629126496417876  0.76224362675417123  0.76842520447582552  0.77438057134516547
  0.78023772091478538  0.78631683430266008  0.79280532688884320  0.80038466671906427
  0.80803756005520988  0.81436470437341812  0.82118905464872194  0.82811351605694350
  0.83609739689269258  0.84473428078885615  0.85325099991881603  0.86127709739692848
  0.86999487281322374  0.88152746329287857  0.89994679741219452  1.00000000000000000
   2.3051787717944867E-012  -1.0000000000000000     
 F F F F F F F F F F F F F F F F F F F F F F F F F F F F F F F F F F F F F F F F F F F F F F F F F F F F F F F F F F F F F F F F F F F F F F F F F F F F F F F F F F F F F F F F F F F F F F F F F F F F F F F F F F F F F F F F F F F F F F F F F F F F F F F F
  <DiscreteSampler_grid>
  grouped_processes
  1 # 1 for a reference and 2 for a running grid.
  10 # Attribute 'min_bin_probing_points' of the grid.
  1 # Attribute 'grid_mode' of the grid. 1=='default',2=='initialization'
  0.0000000000000000 # Attribute 'small_contrib_threshold' of the grid.
  0.5000000000000000 # Attribute 'damping_power' of the grid.
 # binID   n_entries weight   weight_sqr   abs_weight
    13   10   6.372308792190495E-006   1.288034189330252E-010   6.372308792190495E-006
    14   10   6.372308792190496E-006   1.288034189330253E-010   6.372308792190496E-006
    16   10   3.711228842656730E-006   4.624322035058230E-011   3.711228842656730E-006
    17   10   3.711228842656730E-006   4.624322035058227E-011   3.711228842656730E-006
  </DiscreteSampler_grid>
