 -0.00246916547342726  0.00892258354187786  0.01885401508294272  0.02998323918759865
  0.04184619094274003  0.05382898785901113  0.06503223337433048  0.07530817328654543
  0.08563981650780426  0.09614310546254513  0.10684750915768745  0.11709650771735819
  0.12734335000569494  0.13798438767843069  0.14861122462500739  0.15902199292884187
  0.16919347168957533  0.17984946789809630  0.19074128944501220  0.20186535226837621
  0.21412159380890466  0.22642560871144876  0.23728803324682107  0.24715520603893409
  0.25655125145457569  0.26608389863277648  0.27585081874515083  0.28543146393079483
  0.29556658684689213  0.30623351907927626  0.31770745660684097  0.32950711052676740
  0.34067869355609687  0.35147311043926188  0.36294338488196509  0.37485540928594263
  0.38624044274345110  0.39733227251191672  0.40863948410011947  0.41931034863642358
  0.42928142584295770  0.43926570774363144  0.44972130361695933  0.46060235375588093
  0.47147875498090425  0.48256235962185756  0.49404056314814548  0.50500028481309467
  0.51516331031763529  0.52510468779514952  0.53499949066766084  0.54494941457303725
  0.55437486905434119  0.56444976975405836  0.57548829102570254  0.58666248841059798
  0.59763910137473331  0.60872248244822691  0.62024518808522289  0.63188413091030138
  0.64319529574297973  0.65385672394675742  0.66415929075711277  0.67459329398921397
  0.68489247687771571  0.69403407906287162  0.70282202672636584  0.71230242310536640
  0.72235896498983376  0.73191020468674550  0.74128804292004979  0.75069330201790208
  0.76098201230234541  0.77125928573686775  0.78223208669341338  0.79301107481982980
  0.80433775348748138  0.81574454912173577  0.82760010450037680  0.83861149456598627
  0.84910404480911106  0.85918372290715228  0.86884123544224934  0.87855943273086057
  0.88849756801154678  0.89831628258582064  0.90869804219988726  0.91865992082087033
  0.92885838874448123  0.93891637880899725  0.94859820004615336  0.95843278521467834
  0.96822462822695843  0.97833269848691828  0.98898239654354625  1.00000000000000000
  0.00000006627040497  0.00000153955621287  0.00000434147622638  0.00000833904039672
  0.00001300279995561  0.00001776568150242  0.00002226272484233  0.00002626397914212
  0.00002974843430994  0.00003272435242442  0.00003475004661395  0.00003609293627136
  0.00003736943535845  0.00003852589664854  0.00003958317036802  0.00004055915506046
  0.00004138893190513  0.00004209525780424  0.00004274576868311  0.00004334064568439
  0.00004387657264877  0.00004435759077062  0.00004479993779118  0.00004520185297959
  0.00004555841285021  0.00004589586767897  0.00004617647244249  0.00004644910954704
  0.00004669956968104  0.00004691096399874  0.00004711431790339  0.00004730917836209
  0.00004749449501598  0.00004764111381909  0.00004778436964480  0.00004792455286926
  0.00004806020347551  0.00004819169135999  0.00004831136669417  0.00004842518439373
  0.00004853350018020  0.00004863875618723  0.00004874291453523  0.00004884425060148
  0.00004894522087281  0.00004904687470937  0.00004914863896036  0.00004925287217215
  0.00004935710394323  0.00004946131946282  0.00004956582447562  0.00004967233805767
  0.00004977920248210  0.00004988736550526  0.00005000458710982  0.00005014203667657
  0.00005028221945178  0.00005042558384880  0.00005057639911743  0.00005073123724085
  0.00005090113533436  0.00005109112831434  0.00005130361636586  0.00005152557043005
  0.00005175867232780  0.00005201103884571  0.00005232798799156  0.00005265323747687
  0.00005302223219637  0.00005344089228474  0.00005388892304186  0.00005441175693310
  0.00005497439006772  0.00005560639083132  0.00005631870208022  0.00005710431270334
  0.00005797119423785  0.00005892045361596  0.00006001685387322  0.00006159202484409
  0.00006335931374980  0.00006533380326628  0.00006753609885505  0.00006998762735234
  0.00007335009527045  0.00008023111875762  0.00008902762856766  0.00010421297792367
  0.00012663939926168  0.00016412064383864  0.00022976584530632  0.00036703207691995
  0.00069878084642968  0.00186694298717311  0.17154523486835163  1.00000000000000000
 -0.00325816449095922  0.01151077587104724  0.02371916058323249  0.03566011992228858
  0.04679328723574323  0.05739992138022314  0.06737053417669314  0.07690749012648034
  0.08726147317520573  0.09757093956204861  0.10951258908832701  0.12145768175711799
  0.13419409850576769  0.14693127963830099  0.15856834958255453  0.17052039432282373
  0.18307190405733095  0.19556124267302150  0.20810067990575645  0.22057113559022251
  0.23240236751935556  0.24339101308946301  0.25382388778393639  0.26422632917012651
  0.27386156247499810  0.28285824041701674  0.29168444128268156  0.30038814315448809
  0.30938947861128624  0.31832407486893638  0.32682200741599360  0.33531598059444617
  0.34406559449319463  0.35271197692263129  0.36116902746854634  0.36974206071138593
  0.37856246217229900  0.38816627913130436  0.39806002484466829  0.40824987248532019
  0.41893907989396256  0.43151832400519780  0.44374380588170825  0.45514431132960376
  0.46633014527354155  0.47712829889781277  0.48728174030299459  0.49760225958586612
  0.50914910407849456  0.52132836984165443  0.53253221801838768  0.54311275665455550
  0.55374086896992758  0.56395216261986603  0.57317687859073452  0.58272128477981633
  0.59279664569332124  0.60280020744073037  0.61184611521811016  0.62027223343248916
  0.62943439889367603  0.63930735200965816  0.64941933770797367  0.65873455017501981
  0.66836990957173992  0.67937418735343802  0.69036703165024449  0.70064135316125553
  0.71128533394357685  0.72185984632453404  0.73212318442867297  0.74229141560401568
  0.75255427683324461  0.76276597318321393  0.77294178765036226  0.78264859527008901
  0.79284468094840921  0.80343203352679093  0.81425928753267551  0.82474007543247940
  0.83523430010268340  0.84629697114782942  0.85780757709420907  0.86918708849937931
  0.88057535694089817  0.89208158364222978  0.90292270413239673  0.91417494481665784
  0.92514496423714232  0.93649297215008909  0.94746478864955741  0.95873247886450119
  0.96931842868773976  0.97979634997745413  0.98983618818874930  1.00000000000000000
 -0.00248114224258816  0.00948674393037951  0.01897487858009447  0.03005903073946346
  0.04069637842882039  0.05269557935637062  0.06463075935947445  0.07696029983313100
  0.08961178214962547  0.10151715574963634  0.11221688554095025  0.12206974360718074
  0.13186761914797041  0.14168313708464195  0.15152157514068859  0.16130831088841208
  0.17164073098248955  0.18279425853502762  0.19305120701971032  0.20230786781438381
  0.21121810313943171  0.22003309965074244  0.22913762241023619  0.23877742759515339
  0.24847183124456457  0.25895313244818424  0.26962600805651038  0.27996447460889234
  0.29021852020684186  0.30023490817078552  0.30972503018878367  0.31944772345151723
  0.32918432967985634  0.33955857078500817  0.35080473067630980  0.36175836333153127
  0.37243233597381059  0.38285718452796735  0.39400138135293300  0.40544266811739882
  0.41729221305646780  0.43063043721018890  0.44224691368932428  0.45283313286152288
  0.46342124548185726  0.47376945944571991  0.48384070397611439  0.49300535351925812
  0.50211412067099204  0.51211503482152521  0.52230025711579708  0.53317989367700258
  0.54412687935253146  0.55618672768622035  0.56800204683089528  0.57915503314139127
  0.59129506399501419  0.60367825203248893  0.61555940706045931  0.62678126542693913
  0.63716238767915623  0.64766545653853558  0.65772725408836175  0.66746817196407215
  0.67692994454383881  0.68670088228446136  0.69764485483546512  0.70880602705910700
  0.71972887633122040  0.73027101727155241  0.74095776474873731  0.75122606012488091
  0.76079040982187718  0.77014920717854785  0.77903021352529644  0.78781225390556464
  0.79664792353134695  0.80634265776687164  0.81625512388296817  0.82620860804695895
  0.83617660091504376  0.84737496107802746  0.85854031149470844  0.86845096178791170
  0.87872630030271071  0.88934368815098541  0.90005464088899179  0.90956397997556770
  0.91993960612435943  0.93145825421396733  0.94381503346008411  0.95516537566743087
  0.96674876639158613  0.97833141001136026  0.98886963651587367  1.00000000000000000
 -0.00183763746731728  0.00726348894378243  0.01467017625644074  0.02281403011315787
  0.03155516137058398  0.04062651371284873  0.05008101996310147  0.05954925231897300
  0.07004597134395851  0.08123114751595277  0.09185420400138300  0.10195583041185827
  0.11177486400585319  0.12137636955521078  0.13143497925763020  0.14217299606609327
  0.15340896589790126  0.16497132562631583  0.17676775022200630  0.18857265733146525
  0.19988658932712930  0.21116338996330108  0.22241204859176508  0.23332274232095382
  0.24398637848764407  0.25496007103682888  0.26649765657266117  0.27856969749631727
  0.29110712074409401  0.30427811745342981  0.31652865379147727  0.32801617520948601
  0.33935943610125363  0.35034401005187238  0.36091519977507802  0.37131398200284976
  0.38201647494443935  0.39318050791000880  0.40490453688855083  0.41725716470918456
  0.43037518730475605  0.44380461211967587  0.45808944265269502  0.47317092067146260
  0.48835728964953712  0.50142457803928486  0.51343004569755624  0.52490880512765281
  0.53650176901112290  0.54837713377059683  0.56075633158810323  0.57299678995245196
  0.58503748178922321  0.59642876709734027  0.60771772216911668  0.61924033175056004
  0.63125340869627800  0.64346633486972415  0.65533947297086037  0.66696632414170787
  0.67854646536792373  0.68935670620282397  0.69919864693472777  0.70901299350443803
  0.71899222086410997  0.72862827153621468  0.73776201420006426  0.74680430749348259
  0.75639424186421245  0.76612114587000979  0.77557713699905251  0.78521984489583196
  0.79542922211694522  0.80620527154946453  0.81633888595721260  0.82576641024606257
  0.83465050064690272  0.84351695353123302  0.85226866351180319  0.86067045282894572
  0.86844341924034707  0.87638271858010908  0.88445900978674663  0.89264700542893249
  0.90170240432462279  0.91127340572803539  0.92088733397542366  0.93040294716796246
  0.93936012985341188  0.94797238368780679  0.95651228497758889  0.96507724011101592
  0.97370722787761765  0.98241579698255987  0.99116693856226912  1.00000000000000000
 -0.00294223713030840  0.01021003319487631  0.02182581592018617  0.03336846318449565
  0.04451500716602073  0.05539196795505869  0.06634745778211514  0.07753305514150537
  0.08844362661717133  0.09962794636501718  0.11174294892370282  0.12460329936262493
  0.13823108767168679  0.15081041900709541  0.16156147586659272  0.17278870187746870
  0.18401669960565364  0.19545295210112823  0.20633109971703700  0.21640136942002181
  0.22604784538479447  0.23560706250806990  0.24460359036434728  0.25317335478278891
  0.26159433388949466  0.27052374955211794  0.28116738246702999  0.29268384630168170
  0.30544205619615233  0.31689387728748608  0.32689317346047492  0.33673511701287362
  0.34637313125894842  0.35554047500845704  0.36422609772966152  0.37342746251037595
  0.38368852615712512  0.39401483568458012  0.40366226998360066  0.41335771545293581
  0.42375529269012646  0.43401940923310617  0.44396471828348294  0.45378840376797164
  0.46417049240609204  0.47456468518233308  0.48492569885917303  0.49514719955309872
  0.50602637163292163  0.51725527846677244  0.52807623876782184  0.53906101007977081
  0.54970809881416027  0.55976982586739266  0.56882110093539351  0.57773429818629074
  0.58753503257188544  0.59844033930940022  0.60941713663277430  0.62002232081557862
  0.63083912525089780  0.64235845402935887  0.65462766154280672  0.66720783753988766
  0.67959789667489445  0.69061027009664899  0.70041733522604188  0.70973566346503758
  0.71900896112315804  0.72835276036209973  0.73752550467036837  0.74651475115349786
  0.75573392319350918  0.76497593437157685  0.77451557654833825  0.78402036219911253
  0.79422280045820959  0.80789752927947345  0.82083951813746470  0.83417639548550238
  0.84351387127289257  0.85374706075789641  0.86344777450066224  0.87330903734093646
  0.88238174797714997  0.89137112055206902  0.90065888164365715  0.91060839340576594
  0.92069959562408499  0.93127051444350561  0.94247449227935542  0.95375191028830186
  0.96524041124376758  0.97692449473068066  0.98847555584904079  1.00000000000000000
 -0.00258925490739240  0.01097099317794227  0.02204175907213186  0.03334053652374289
  0.04453921327237458  0.05521947229293818  0.06582595271428465  0.07667011024326519
  0.08801607922672089  0.10006783278068765  0.11233994376835585  0.12471875515909572
  0.13693775152516743  0.14836778263397396  0.15819183226473357  0.16790108618771460
  0.17741612207768925  0.18666245996809919  0.19584141024889190  0.20485180979128373
  0.21461624134245816  0.22497162881318891  0.23531312478567865  0.24597806615354445
  0.25581186386198840  0.26486032406132975  0.27352415765104998  0.28212092450658022
  0.29065357593113916  0.29947652749998915  0.30842853719801827  0.31791484118220881
  0.32817600153180765  0.33837528382933402  0.34818248671519320  0.35814674721106377
  0.36778099619942450  0.37784828660295883  0.38783419326354984  0.39801109059415968
  0.40861028399666699  0.41904788002709142  0.42915923483919022  0.43912073371562516
  0.44879822275021941  0.45823626411456353  0.46771180983524413  0.47757118094144357
  0.48786636675282447  0.49811342753023991  0.50792048910663645  0.51705283401757118
  0.52631066616359878  0.53554360835272929  0.54491213166735197  0.55482470924447669
  0.56504838572121585  0.57507710049285965  0.58498038400275409  0.59508942205853776
  0.60534520342859011  0.61572495078235490  0.62602876701996835  0.63590249248155328
  0.64519489995431090  0.65417664096666617  0.66333649118509441  0.67275741267951716
  0.68217685564174668  0.69159997091427350  0.70100895745789993  0.71068152849237753
  0.72048262118424600  0.73071309233454762  0.74173220510980009  0.75361116178447662
  0.76647687699637268  0.78004862400658270  0.79263470504922251  0.80325781004953456
  0.81321608411819857  0.82350450021706001  0.83446018724235560  0.84556228305967240
  0.85639058900081988  0.86805613559029027  0.87949846228645323  0.89110178529449335
  0.90261439081356187  0.91428412503034184  0.92683200213670180  0.94065004031158506
  0.95578339995320816  0.97071407018663491  0.98549934785424997  1.00000000000000000
 -0.00243511568937466  0.00951796588014554  0.01939037591529284  0.03011925387578033
  0.04131606133624796  0.05272514008877144  0.06445877506191640  0.07656348933453185
  0.08806051704116070  0.09941124435081361  0.11072579253774434  0.12159441735622625
  0.13188848218207067  0.14199423591019036  0.15252375194791681  0.16302412129918462
  0.17358684478067643  0.18358163365519345  0.19437071324052654  0.20543794744397184
  0.21755948098659206  0.22997592257676544  0.24167913796416121  0.25307364918884057
  0.26419723246246357  0.27497286597803861  0.28549464659326240  0.29578367183253773
  0.30597429340189131  0.31644245446186003  0.32702311126512074  0.33719658064123675
  0.34714892332653979  0.35722796667735518  0.36775003672103146  0.37869998893111895
  0.38972537651927602  0.40028998451227527  0.41036980018694952  0.42090701998946795
  0.43225577125444742  0.44393079982304645  0.45541664522840691  0.46646921872027575
  0.47713001215235412  0.48736937688609144  0.49726495537850485  0.50670197046169452
  0.51619127126887476  0.52583701627271529  0.53546651897165376  0.54553013063433875
  0.55579793751910789  0.56645992178936433  0.57731038990730932  0.58791501553135772
  0.59847921230865875  0.60905864750586380  0.61966592970551482  0.63035932828172592
  0.64166330684778716  0.65342946046800887  0.66550848145178099  0.67743443132283410
  0.68923138799940642  0.70162818351622136  0.71403651942384860  0.72530305312944088
  0.73596989752296127  0.74616201688334993  0.75625024070491298  0.76644991640853755
  0.77641247784336564  0.78630095044309323  0.79680777306426531  0.80793676225933209
  0.81857241983455298  0.82871418836813360  0.83883244929550516  0.84905303064601112
  0.85876508094487691  0.86806237103454686  0.87768803839010057  0.88810127867529343
  0.89874330198711372  0.90907922747291059  0.91937597548505856  0.92967260678023533
  0.93925755643086373  0.94777409949743696  0.95597696010903366  0.96436112804515717
  0.97313512762339660  0.98201377215922014  0.99111417256046075  1.00000000000000000
  0.20405337617220054  0.42951176332032753  0.52861673534456821  0.58628893663517334
  0.61947417578336472  0.63489182368324737  0.64348127905524488  0.64981965621400495
  0.65510999149923121  0.65998862366174960  0.66469126520344801  0.66903797928687303
  0.67320317632085147  0.67723965734947011  0.68126619761631868  0.68530332429313068
  0.68928759151315722  0.69316014623356514  0.69688603600417032  0.70043282166085952
  0.70386713409011226  0.70732710936627785  0.71044613521745992  0.71347186956463227
  0.71655029088132827  0.71973687708533218  0.72308977563861532  0.72656962310862616
  0.72985662999084433  0.73286241196608481  0.73579304554678560  0.73875029580954421
  0.74182320630511589  0.74487291770349462  0.74783849549597847  0.75064961476526937
  0.75327224007183013  0.75589324115631051  0.75859884716163939  0.76134258237875641
  0.76403856423098016  0.76671021270714212  0.76942391433836543  0.77222101467937720
  0.77506573255255451  0.77792642578154414  0.78095073049483110  0.78397434036127966
  0.78700137601597087  0.78986638871406478  0.79286265441713744  0.79595472413001189
  0.79899649266579309  0.80198678757452346  0.80492212259559803  0.80783918505688368
  0.81083178224511621  0.81391070562184220  0.81699087953741067  0.82008791117163116
  0.82325068047280914  0.82646362745414426  0.82976216946517900  0.83323563038715320
  0.83677923904504725  0.84042428242241951  0.84414572769262608  0.84788165986027131
  0.85165142857501375  0.85538147332018710  0.85907456645484448  0.86275798865735787
  0.86641354125879955  0.87021187833008640  0.87416659635788974  0.87828838713923740
  0.88266988558346759  0.88670162260606655  0.89082531756855976  0.89491469372295807
  0.89903082545489188  0.90331176507589672  0.90756936797887533  0.91197166648280537
  0.91658533359116179  0.92135467724783182  0.92639408823811265  0.93160424566155764
  0.93704433088276495  0.94285103544854043  0.94896930817284575  0.95550678053849203
  0.96302682720884536  0.97164980775536947  0.98258729661613919  1.00000000000000000
 -0.02474133994427231  0.13761447990497472  0.18286752498684705  0.20946315061728635
  0.23006928142900104  0.24794760367960447  0.26450198945599790  0.27875644965541857
  0.29213686308488440  0.30561907565862578  0.31823576648488039  0.32988412899045705
  0.34163180589246955  0.35326217341823107  0.36402646370226316  0.37419669539249839
  0.38392253794506148  0.39365000735301831  0.40377539780257721  0.41384628552719710
  0.42361455783114665  0.43319735642124296  0.44223797971868822  0.45135297503215871
  0.45995338292575716  0.46839645729705259  0.47650557828436207  0.48431795651141252
  0.49185810593302937  0.49924586859373493  0.50682658889318988  0.51469983786889451
  0.52250880596291427  0.53008890460090174  0.53760571848253957  0.54481681634139489
  0.55197502469135207  0.55921943854024569  0.56601454263574935  0.57254141589505314
  0.57934756028829459  0.58598455882402301  0.59220666065031535  0.59809246491977941
  0.60388267147983676  0.60975224372880443  0.61563257586965003  0.62138359217071937
  0.62701619456515623  0.63260831978469267  0.63822346591913837  0.64385433150893401
  0.64930306640890167  0.65474469912204836  0.66001763372304389  0.66533306604832398
  0.67068301043285272  0.67605833736790899  0.68151037231861777  0.68678428715271556
  0.69195446780612413  0.69703731534992541  0.70191813573875428  0.70674625663243706
  0.71165258379059615  0.71652934019276326  0.72154360688602315  0.72660071523848657
  0.73153079657614728  0.73639036024200155  0.74127886491871298  0.74628883111434341
  0.75118744718944719  0.75611535446960432  0.76100983510370424  0.76585944138425810
  0.77110045850747622  0.77666578315454504  0.78245854415785154  0.78844066786918821
  0.79457920916864944  0.80088308653046059  0.80729850613884468  0.81368088575096609
  0.82014863228924983  0.82690009978686874  0.83377350835063435  0.84129753268876806
  0.84931435473722716  0.85856180538668947  0.86911422355166890  0.88107545943250809
  0.89408452364721691  0.90862980635152524  0.93355599349162199  1.00000000000000000
   2.2742190473369892E-012  -1.0000000000000000     
 F F F F F F F F F F F F F F F F F F F F F F F F F F F F F F F F F F F F F F F F F F F F F F F F F F F F F F F F F F F F F F F F F F F F F F F F F F F F F F F F F F F F F F F F F F F F F F F F F F F F F F F F F F F F F F F F F F F F F F F F F F F F F F F F
  <DiscreteSampler_grid>
  grouped_processes
  1 # 1 for a reference and 2 for a running grid.
  10 # Attribute 'min_bin_probing_points' of the grid.
  1 # Attribute 'grid_mode' of the grid. 1=='default',2=='initialization'
  0.0000000000000000 # Attribute 'small_contrib_threshold' of the grid.
  0.5000000000000000 # Attribute 'damping_power' of the grid.
 # binID   n_entries weight   weight_sqr   abs_weight
    13   10   8.269089724174408E-003   1.282414624796415E-004   8.269089724174408E-003
    14   10   8.269089724174407E-003   1.282414624796415E-004   8.269089724174407E-003
    16   10   1.071912862806302E-002   2.184306934499810E-004   1.071912862806302E-002
    17   10   1.071912862806302E-002   2.184306934499808E-004   1.071912862806302E-002
  </DiscreteSampler_grid>
