 -0.00195630962342133  0.00846204393336386  0.01788392925516688  0.02870218108022345
  0.03908012164049988  0.04871942803313337  0.05798832246138742  0.06787139831649315
  0.07849910739524396  0.08906211100019960  0.09916792453569376  0.10943043604725040
  0.12027161621881716  0.13070095345940619  0.14106393140724635  0.15200271867065193
  0.16366728304785932  0.17553271874636256  0.18701129300386837  0.19879085187365636
  0.21007533488201580  0.22087328986720253  0.23174477413022224  0.24203491164401900
  0.25226482810214063  0.26246345922076630  0.27306712680829320  0.28375689342854715
  0.29461892096502429  0.30661846273796528  0.31852201302465560  0.33109778048843636
  0.34155876978696764  0.35196229268222545  0.36192383943762524  0.37225781169523336
  0.38320496751181549  0.39473560953837783  0.40486310390439911  0.41490561681196625
  0.42456882163403503  0.43437351249378103  0.44378558560051395  0.45334489530160699
  0.46381240760911319  0.47512793814286891  0.48556186346024505  0.49579378937053731
  0.50558500294190545  0.51498045299696060  0.52448318091664325  0.53437231650879324
  0.54439636528842039  0.55542835557943426  0.56608650305136476  0.57857836317136901
  0.59078162290305869  0.60250104581103003  0.61334579315649884  0.62364062521640229
  0.63387962055826541  0.64416325177061307  0.65451359304009193  0.66500551380006401
  0.67627472393379973  0.68747150252822775  0.69788226319731850  0.70774786830382841
  0.71741742016742105  0.72732385162946900  0.73719186129956149  0.74719199477402154
  0.75760092807694801  0.76812526873338660  0.77933688833230885  0.79088997563035124
  0.80186723786771152  0.81257819937893216  0.82286392861939028  0.83313030148391176
  0.84321104957732740  0.85359509530250599  0.86426109040103005  0.87529802544235302
  0.88674227331632027  0.89775188410602469  0.90844999013534422  0.91845929592709408
  0.92809197972480839  0.93835608491309497  0.94908741804967500  0.95944428478362287
  0.96962465015944566  0.97912329885101756  0.98991220828771842  1.00000000000000000
  0.00000008624607639  0.00000143985330099  0.00000419591050142  0.00000811433580965
  0.00001272675453914  0.00001752460209934  0.00002204490592315  0.00002616339785310
  0.00002960659314511  0.00003246878824578  0.00003446117713152  0.00003582303041200
  0.00003705454178391  0.00003819155574395  0.00003923570021621  0.00004019534860905
  0.00004105186219700  0.00004181155527149  0.00004250198311138  0.00004313745844595
  0.00004370688748742  0.00004422175930403  0.00004469774615769  0.00004510998766592
  0.00004549266812021  0.00004583498037850  0.00004614822929655  0.00004643472545042
  0.00004667948039153  0.00004691724564452  0.00004712905217378  0.00004731477266841
  0.00004748529123825  0.00004765196320741  0.00004781532561011  0.00004795589731988
  0.00004808953225418  0.00004821335788201  0.00004833313445143  0.00004845149775431
  0.00004856439596613  0.00004867545456809  0.00004877869905295  0.00004888026976537
  0.00004897815712880  0.00004907567496570  0.00004917266227895  0.00004926957611737
  0.00004936641379833  0.00004946387689334  0.00004956181460242  0.00004967315625125
  0.00004979297377019  0.00004991493577996  0.00005003794797483  0.00005016681944894
  0.00005029734025604  0.00005043409996224  0.00005057994743725  0.00005074722893309
  0.00005092318303046  0.00005110469383843  0.00005129600790074  0.00005150663888959
  0.00005174215329032  0.00005202441981786  0.00005231418624751  0.00005264777976315
  0.00005302733366244  0.00005343767966192  0.00005391678180181  0.00005443613467321
  0.00005503598900315  0.00005570403714494  0.00005644359787214  0.00005726141047856
  0.00005817477322814  0.00005913457572470  0.00006047809656323  0.00006225396235379
  0.00006430585336142  0.00006659861888852  0.00006917272642468  0.00007234133303559
  0.00007841956737737  0.00008740098740317  0.00010015316366235  0.00012064118424408
  0.00015201725046139  0.00020955136258523  0.00031644534349731  0.00056276875447272
  0.00136210488440661  0.00495943773367551  0.15484926524827344  1.00000000000000000
 -0.00225068670436368  0.00869395601213458  0.01786061434010359  0.02721731338782767
  0.03706788790371634  0.04759608667964211  0.05842034800302876  0.06980605484741981
  0.08154003788487271  0.09265119078585127  0.10348887653666539  0.11360829036589437
  0.12361902263888626  0.13341660883098896  0.14299887643234177  0.15315766521691079
  0.16410645433099777  0.17499288576821168  0.18586225286739580  0.19642962535913705
  0.20723775247282197  0.21755384507458167  0.22762961099417486  0.23747233474355156
  0.24677424530882441  0.25615063800549093  0.26550712482400241  0.27487224081279804
  0.28428804389268747  0.29380197104641559  0.30389436874573994  0.31446286904410409
  0.32507889754153824  0.33535668445099148  0.34510037090955520  0.35488476598948082
  0.36522104175086817  0.37586519159122472  0.38680661380288028  0.39774823332741072
  0.40881084388642730  0.42020724516697661  0.43181287314028705  0.44303539408938181
  0.45384270052317222  0.46446732201363600  0.47484759799877702  0.48491520718908832
  0.49516942699285477  0.50630648979186976  0.51811232189605116  0.52999634123551276
  0.54172649749870716  0.55323135998494821  0.56446557733315261  0.57549267348065902
  0.58644817971276220  0.59759549548059998  0.60936185578099511  0.62152005334859284
  0.63278336788777811  0.64335564460319705  0.65442791008628087  0.66626339520450262
  0.67803387904594303  0.68860095866771953  0.69856511308767377  0.70872437594654802
  0.71901742699119653  0.72883654082974458  0.73830475078613667  0.74778429960402837
  0.75771775596513935  0.76846254766185151  0.77892349994451338  0.78900144790580640
  0.79879978371177751  0.80861160115037012  0.81860859280131304  0.82884564105671465
  0.83912482047124548  0.85012524122582145  0.86059181237120175  0.87248685930751158
  0.88334603502366282  0.89470387745516333  0.90490864687897621  0.91536555318096768
  0.92530888816403367  0.93557493326148500  0.94549575817607800  0.95509096992631459
  0.96519900268003234  0.97577771542447256  0.98759206481416506  1.00000000000000000
 -0.00236349069475596  0.00918332717569140  0.01942527628237334  0.02879276166904669
  0.03886497476256844  0.04967837748344772  0.06091765517312661  0.07119720907456084
  0.08107142451759547  0.09232515936658703  0.10403127513596087  0.11575367256235737
  0.12794265502862748  0.14052375713392481  0.15259219670406313  0.16423001203851115
  0.17574398647423967  0.18710696608817753  0.19821944931101640  0.20942608347488947
  0.22088452355412133  0.23208840582142992  0.24289131394930866  0.25366751383022645
  0.26447737283649253  0.27559542530461362  0.28713530228336248  0.29917284571626906
  0.31132776888637481  0.32192456750197634  0.33248999745754870  0.34311236842303039
  0.35364812761162168  0.36355373666666063  0.37350484428265596  0.38399676232329188
  0.39486591300674251  0.40547243891962259  0.41598373952332346  0.42614248824612083
  0.43577808797580081  0.44519091006342049  0.45440940509330258  0.46404594081461320
  0.47420679432629076  0.48557423477322442  0.49790282258716734  0.50947411850600965
  0.52045429641201624  0.53162618055586097  0.54273099805149527  0.55309457106177506
  0.56387251058583376  0.57507950534350893  0.58610007456757873  0.59659384822013772
  0.60704730156999176  0.61740481346597631  0.62761215768442158  0.63768885093747596
  0.64797029412361151  0.65884608265477307  0.67018084967173330  0.68181898900127236
  0.69323760112524091  0.70435345238652802  0.71493435208291722  0.72534894070188871
  0.73609829238396007  0.74694571717916247  0.75727705472394691  0.76721830477803354
  0.77695928015342963  0.78625655235113068  0.79557826397482123  0.80462355021742593
  0.81385863414972082  0.82307393617674962  0.83251867654324574  0.84247832524360133
  0.85219427943768911  0.86103026347563261  0.86963963972044178  0.87882246407520359
  0.88863464203944365  0.89861708637948756  0.90896020348133788  0.91955976753868307
  0.93033041331186839  0.94049396596646229  0.95013111597065814  0.95967660772994268
  0.96917576246282233  0.97892814667572448  0.98914091860453612  1.00000000000000000
 -0.00257315164559887  0.00948240705924663  0.01862315694138160  0.02789001693732668
  0.03745273849693462  0.04757634081097143  0.05779251219914655  0.06854619690620462
  0.08020267552324516  0.09141834029236186  0.10303968080171116  0.11522713058044720
  0.12649454504746832  0.13656266506890208  0.14635003750623607  0.15630649976114303
  0.16652473285184322  0.17704135308117627  0.18834723917394419  0.20035194786734417
  0.21360809303603542  0.22744951928134099  0.24060837697844012  0.25354945297694909
  0.26738247505561513  0.28185111125155615  0.29613395042974994  0.30821455143547039
  0.32031218846911003  0.33220220585035731  0.34333584025036235  0.35429764133605224
  0.36642410294799660  0.37917506010541169  0.39145413493801801  0.40385591502891560
  0.41631962539137807  0.42845632466075506  0.44052848816562568  0.45275129225074601
  0.46477302791974234  0.47712251804237871  0.49018721461713155  0.50348132823590019
  0.51627850958637578  0.52766203838691106  0.53851895272242301  0.54969704502801131
  0.56110744293285519  0.57242207557714453  0.58388753290046225  0.59557541326553209
  0.60755630995706067  0.61957004963895934  0.63127604852069452  0.64260781433086644
  0.65404354009480581  0.66528896597324261  0.67609571860918083  0.68671406880390462
  0.69723278621739759  0.70730037627486064  0.71637578779620770  0.72506950688618954
  0.73372368638699259  0.74202324911863859  0.75015601269257437  0.75821219738675805
  0.76645289512112158  0.77477080227185591  0.78358040990056022  0.79257721422927740
  0.80211340169218170  0.81156535023891319  0.82069140776222582  0.82991706120940667
  0.83913710070802949  0.84798461606159614  0.85626419204997795  0.86431972107625954
  0.87248387625361745  0.88092581179949148  0.88924698043591477  0.89739339926081896
  0.90589594220416314  0.91446876030539892  0.92283912475102492  0.93118376146187032
  0.93986339021724852  0.94896435135490853  0.95764387765373715  0.96589394861505906
  0.97408970873606882  0.98239478238590705  0.99091199016524056  1.00000000000000000
 -0.00167829044873653  0.00712435247788651  0.01487644971087771  0.02342643519541497
  0.03202284808819596  0.04092154451599535  0.05111295754884735  0.06155489881230079
  0.07129635281410461  0.08056185232701413  0.09031326714925296  0.10039480195218936
  0.11103036145880152  0.12178781617167148  0.13328535871195560  0.14467278868395261
  0.15538600157327875  0.16575413923029328  0.17579871091815316  0.18565170468257772
  0.19546277275791660  0.20530573884031655  0.21515761575560766  0.22488389694325719
  0.23435831231599744  0.24404400546090385  0.25420152932881424  0.26420577282510022
  0.27400997237427177  0.28375151722345915  0.29397986102771589  0.30484171500028873
  0.31579312131037401  0.32647711311912159  0.33714241532128841  0.34814010213200447
  0.35928729205239118  0.37070583618931735  0.38196405377528692  0.39327908950076762
  0.40472805669179590  0.41591840725026125  0.42758025989571014  0.43913174656385146
  0.45035843499707129  0.46092697494970536  0.47134724648193993  0.48200528365558254
  0.49268094010975255  0.50335205608629230  0.51386327343435134  0.52390372681630015
  0.53360282738888576  0.54356458528047602  0.55373483276797031  0.56405061204669094
  0.57453044884135562  0.58514488664269626  0.59612221180540415  0.60698557107992057
  0.61766704491456126  0.62821788261993905  0.63891406571758158  0.64982785598431880
  0.66035113841253290  0.67062774781440460  0.68108444071298890  0.69179976197378745
  0.70277704772037874  0.71380238207004421  0.72458753668404707  0.73500242397046911
  0.74528982198305926  0.75603795920566419  0.76734022749388897  0.77884629419507601
  0.79013239225330312  0.80060888477873016  0.81041122756703532  0.82021888479568172
  0.83004140572435869  0.83975547874014678  0.84949189232304778  0.85971942626031028
  0.87080296377888078  0.88245529965933289  0.89410410985500544  0.90570811903864457
  0.91748128522711314  0.92882234950784681  0.94068471006710219  0.95199151558089268
  0.96331890310282298  0.97465068799443622  0.98711492011540203  1.00000000000000000
 -0.00244137018134654  0.01100820071930903  0.02276685324562932  0.03531024301191699
  0.04747232994737428  0.05879633066461441  0.07069825325321001  0.08217578035583765
  0.09281182954973634  0.10308471688869916  0.11364244724403899  0.12436757352359029
  0.13528193159513197  0.14647234510916604  0.15770815266896171  0.16920217635192511
  0.18114584813686527  0.19315423062158946  0.20498743447515122  0.21688435189122865
  0.22866011768948957  0.24009426940256612  0.25134407842745848  0.26205347373171567
  0.27217157789561874  0.28154293086508675  0.29109044417574503  0.30098532606317080
  0.31075749406482023  0.32010648798917096  0.32941393120458140  0.33898686905983288
  0.34868905095764186  0.35791063085981162  0.36682644656072816  0.37655105505585479
  0.38642270659073774  0.39595152292560165  0.40485797605406915  0.41363546339373580
  0.42257252106458615  0.43154857130001906  0.44045774586688419  0.44932544497724597
  0.45810318915833725  0.46643524991415924  0.47433259223867796  0.48232233230511673
  0.49112293483958014  0.50004259186708133  0.50982800612413359  0.51880190488363476
  0.52932146641665534  0.53964619365686795  0.54996104118095346  0.56007109499821595
  0.56988421943435985  0.57970839589984113  0.58918596221571795  0.59831407970275452
  0.60759175503411489  0.61715554879397394  0.62668076339129386  0.63605394008774596
  0.64563275534814102  0.65598181326376681  0.66640376325915407  0.67605852273175626
  0.68596490214079076  0.69674546818142757  0.70809896837170838  0.71960140517665727
  0.73111920178856371  0.74315932309117883  0.75466150806936205  0.76605306686800245
  0.77763783817328036  0.78838529286903214  0.79821966457591809  0.80775031267302444
  0.81816979795281886  0.82889829399067660  0.83917071178950053  0.84913284449535176
  0.86002184032199913  0.87166269529035934  0.88285794922550920  0.89400152197639371
  0.90680807100554628  0.92002655703266345  0.93339448291536198  0.94764396531255080
  0.96225032037680613  0.97604473146311255  0.98839743799172408  1.00000000000000000
 -0.00234213213442972  0.00808545090279891  0.01815344230074910  0.02797872789280712
  0.03809744876575481  0.04882941494841139  0.05989399899777108  0.06972667188664038
  0.07951036689296588  0.08947420690851363  0.10000574841631722  0.10957264496339880
  0.11877322456189048  0.12827229611745963  0.13890608756697553  0.14926768306249363
  0.15936868027352832  0.16974034329505786  0.18101321404314599  0.19247886949652240
  0.20365060831423226  0.21467630071508959  0.22546229871240422  0.23635982028293193
  0.24752335442950910  0.25854347623287266  0.26918501480454937  0.27935941498404032
  0.28906628950055085  0.29861443845603192  0.30808397675054333  0.31783196448084838
  0.32831969949867956  0.33957906469075788  0.35126493622765875  0.36271856336186747
  0.37401704388058382  0.38507464598423963  0.39571386000058822  0.40611666098372706
  0.41678290021728398  0.42776506802097108  0.43913906351743820  0.45137845210295996
  0.46339348334792274  0.47508963033247215  0.48690419540485597  0.49873104189497375
  0.50905921752642791  0.51917772468584678  0.52958854871684113  0.54041206665627051
  0.55069277609697032  0.56081046892586750  0.57254154569591609  0.58454715159003168
  0.59606008389871212  0.60674636174627605  0.61626358189137675  0.62515558828387785
  0.63384595669918053  0.64257381298378968  0.65171209481468406  0.66087756803481612
  0.67092406409582483  0.68193257715617372  0.69259398871809874  0.70327487544170675
  0.71414705344315965  0.72561932130652729  0.73692797086715967  0.74757888665567196
  0.75774729607007218  0.76786810993843779  0.77854911139017013  0.78899065574324967
  0.79951508281854766  0.81039940071650018  0.82147924487796409  0.83259759855690552
  0.84304401997101086  0.85340471705179333  0.86399662821902445  0.87477276433341344
  0.88654159289418832  0.89786706749568490  0.90791654229645313  0.91831037185471120
  0.92858131139606903  0.93863752998789873  0.94868532777728742  0.95861734268120757
  0.96920237135926313  0.97989056631435867  0.99007545558369892  1.00000000000000000
  0.19083594621588801  0.43020917414643267  0.52975608601668966  0.58666948632233995
  0.61867689848793095  0.63424635207649449  0.64293755961877264  0.64903920677581883
  0.65400964405253548  0.65865331850487729  0.66317207092590502  0.66747220134329976
  0.67145306922442449  0.67523086115807973  0.67891434461099365  0.68241871123261888
  0.68582271449976484  0.68909868475152236  0.69226691390717421  0.69538774412330118
  0.69849035960940642  0.70168437730679678  0.70499725060028884  0.70835880756975156
  0.71170103339895885  0.71503471336331204  0.71835479505545408  0.72156589088163470
  0.72471974418053242  0.72769123412783143  0.73048756575879381  0.73325929174274473
  0.73609867499862403  0.73895361764999212  0.74182198399864907  0.74457863228977739
  0.74729486735557549  0.75001854150616087  0.75271295330676014  0.75534567933210162
  0.75794113171813471  0.76054380633678131  0.76317071592468222  0.76585954425087144
  0.76864550339520143  0.77140308963742155  0.77430321256240697  0.77730570786995434
  0.78036741997211967  0.78358808220387388  0.78685398952049634  0.78990070448847316
  0.79315295520375295  0.79645518677463789  0.79973652542062745  0.80304260246446268
  0.80637042471111098  0.80970216541498896  0.81315672452046017  0.81669281506377100
  0.82023259567626239  0.82369323026392560  0.82706403413273100  0.83040450861061954
  0.83376532078740606  0.83718488919124012  0.84065021518628424  0.84409708104236081
  0.84753136997509126  0.85103138560404190  0.85472388882711015  0.85874370051540505
  0.86252441067299679  0.86625343517763309  0.86988329273769649  0.87360002230786105
  0.87760174628849574  0.88189083447115357  0.88634323720566854  0.89080000662956604
  0.89528082814471233  0.89997093556780161  0.90479445211639664  0.90975814713104197
  0.91489198237959402  0.92007244585105141  0.92544317118105068  0.93095391669862892
  0.93663082256604768  0.94278412552942770  0.94935412998446000  0.95656660101955149
  0.96435464580890673  0.97277513409336780  0.98334817172372890  1.00000000000000000
 -0.02396786180305317  0.14179093533138892  0.18323179828176883  0.21159079862934674
  0.23267649016167324  0.25004386350978358  0.26671261435207322  0.28222585604858902
  0.29640417753589843  0.30886032912835576  0.32116167770455384  0.33294359403461177
  0.34381170359855545  0.35417859363145254  0.36440547615711566  0.37437942645111510
  0.38442927250049025  0.39407447571385046  0.40409399250735706  0.41356708807693837
  0.42333588855509352  0.43258545707227375  0.44139831470435131  0.44982057949070786
  0.45797402450844560  0.46570738196049466  0.47334857208334347  0.48118507853395881
  0.48910273090394712  0.49694447257466956  0.50462654416314778  0.51188340074938077
  0.51876028338460967  0.52599352985774861  0.53332760980547567  0.54091451785062872
  0.54871055087029619  0.55672380302150870  0.56408255661802698  0.57094064866285676
  0.57767691638504692  0.58419751342973558  0.59060894641477146  0.59701121244047373
  0.60354507257583601  0.60978587590661593  0.61582406861023065  0.62161985153813859
  0.62719944653810733  0.63266318178452652  0.63811879687342377  0.64361473228610067
  0.64894933772571972  0.65415903785694773  0.65927488468102735  0.66435394490706590
  0.66936481300703343  0.67435847041208130  0.67948513704532687  0.68481896301547518
  0.69041789794235553  0.69581434300551204  0.70100139360015123  0.70619683892244933
  0.71144685289773535  0.71667098350855662  0.72189377330743754  0.72710303322122871
  0.73212139949563582  0.73712453378418852  0.74224260941560749  0.74718642442229477
  0.75193302276114027  0.75675413328129271  0.76151948178426165  0.76645785788755094
  0.77143460986411327  0.77632386847074608  0.78124261406190709  0.78605186843233787
  0.79107791256518778  0.79659213478884394  0.80267265374084329  0.80862338472201423
  0.81520159110097989  0.82203395685100122  0.82932677046821812  0.83792617999226371
  0.84754221728805867  0.85783097336290881  0.86884123326204210  0.88056439770290984
  0.89418776837497860  0.91090095497150514  0.93511401703893682  1.00000000000000000
   2.2639308542676575E-012  -1.0000000000000000     
 F F F F F F F F F F F F F F F F F F F F F F F F F F F F F F F F F F F F F F F F F F F F F F F F F F F F F F F F F F F F F F F F F F F F F F F F F F F F F F F F F F F F F F F F F F F F F F F F F F F F F F F F F F F F F F F F F F F F F F F F F F F F F F F F
  <DiscreteSampler_grid>
  grouped_processes
  1 # 1 for a reference and 2 for a running grid.
  10 # Attribute 'min_bin_probing_points' of the grid.
  1 # Attribute 'grid_mode' of the grid. 1=='default',2=='initialization'
  0.0000000000000000 # Attribute 'small_contrib_threshold' of the grid.
  0.5000000000000000 # Attribute 'damping_power' of the grid.
 # binID   n_entries weight   weight_sqr   abs_weight
    13   10   5.691098608796184E-003   5.643074097823828E-005   5.691098608796184E-003
    14   10   5.691098608796186E-003   5.643074097823822E-005   5.691098608796186E-003
    16   10   7.337844968437121E-003   9.498428554979618E-005   7.337844968437121E-003
    17   10   7.337844968437124E-003   9.498428554979607E-005   7.337844968437124E-003
  </DiscreteSampler_grid>
