 -0.00119888751947008  0.00396167541286560  0.01122275763272994  0.02062254196986068
  0.03125362428532275  0.04232797901602473  0.05376622210437016  0.06556477789705986
  0.07708189248896004  0.08818240845810831  0.09907667204131217  0.11018195842653396
  0.12165923168989144  0.13346491814297787  0.14333469074792043  0.14950625655597022
  0.15525764596615335  0.16164719824254598  0.16944301654552751  0.17711201788586692
  0.18626706231693843  0.19762367341891429  0.20790540345562156  0.21643221601274396
  0.22265634693381869  0.22827001609311590  0.23618574847199267  0.24417001032426749
  0.24966097774809354  0.25627019091802172  0.26493647642948348  0.27165860502297556
  0.28284023216778537  0.29511550892268529  0.30790986741535825  0.32079124662060249
  0.33321428669377301  0.34503627393474978  0.35669321213617405  0.36869858084406842
  0.38042220004748750  0.39146758291905481  0.40256465845749284  0.41440617455876305
  0.42666987163724479  0.43896660401956134  0.45129297081131980  0.46344653757026744
  0.47517638158972164  0.48694296757171124  0.49999329186571279  0.51374544834098435
  0.52650439330792997  0.53763290106389316  0.54771057388473932  0.55709066347827751
  0.56768891991060799  0.57830271517257403  0.58923098783432781  0.60019823999101207
  0.61145663119379068  0.62269126724677626  0.63383781249578963  0.64492024122480196
  0.65606641981527392  0.66760457090063974  0.67952782266962541  0.69156263524794981
  0.70323543428697255  0.71421917054438733  0.72484978036109160  0.73545976575442895
  0.74586101157864704  0.75607893937732940  0.76676187362167803  0.77799275705014470
  0.78945148693423339  0.80099951019666016  0.81256706922163802  0.82410421099221709
  0.83545975625177105  0.84649338981531386  0.85750160381094376  0.86896416361880691
  0.88099811215292223  0.89336858788209883  0.90542930904319563  0.91709382981544407
  0.92887611664464809  0.94017753784545210  0.95192908791044606  0.96370488863887938
  0.97518152639396594  0.98470298307402815  0.99249058727401362  1.00000000000000000
  0.00007071158742919  0.00007558361200175  0.00007967184322332  0.00008297388613168
  0.00008640437782782  0.00009001612340957  0.00009182063957845  0.00009240209785233
  0.00009250347544070  0.00009253739911359  0.00009255242314618  0.00009256116457517
  0.00009256732785569  0.00009257175728622  0.00009257493757849  0.00009257724935956
  0.00009257899082200  0.00009258040820105  0.00009258168770701  0.00009258268747745
  0.00009258346104255  0.00009258416874071  0.00009258477771012  0.00009258531862934
  0.00009258581368909  0.00009258626946539  0.00009258668074418  0.00009258706860608
  0.00009258742571678  0.00009258777519853  0.00009258811919477  0.00009258843467972
  0.00009258875074949  0.00009258906767695  0.00009258939082336  0.00009258971739396
  0.00009259006575118  0.00009259041855218  0.00009259077759934  0.00009259119320576
  0.00009259162806061  0.00009259207923736  0.00009259261477761  0.00009259318308619
  0.00009259384126370  0.00009259472174142  0.00009259569611658  0.00009259678636492
  0.00009259802158741  0.00009259968559931  0.00009260190222627  0.00009260476607676
  0.00009260866213369  0.00009261424841195  0.00009262354464023  0.00009264069635068
  0.00009267655770269  0.00009278908556600  0.00009331669394766  0.00009589425676346
  0.00010075846254944  0.00010635478277778  0.00011282167046682  0.00012440139347177
  0.00013846304803771  0.00015414117725301  0.00017172593609868  0.00019055136276799
  0.00021270870525708  0.00024230284136608  0.00028201393813157  0.00033052747062984
  0.00039252000049718  0.00047787181882583  0.00058418043088472  0.00070404096013062
  0.00083436492345045  0.00096470813915120  0.00108525877011174  0.00120088284471597
  0.00131710730179742  0.00144943127547727  0.00159153201594690  0.00174944244278868
  0.00193424108726288  0.00213355586737494  0.00235673069962183  0.00267209319990033
  0.00311702447651356  0.00366741637238058  0.00409681207501101  0.00440902587795637
  0.00482133412318447  0.00516913182785001  0.16392138369806736  1.00000000000000000
  0.00000031185190040  0.00000383838930936  0.00000712484535835  0.00001121674889824
  0.00001431431985759  0.00001701983977920  0.00001994022234842  0.00002312340479387
  0.00002596222956651  0.00002842639353313  0.00003066398310933  0.00003240160063580
  0.00003384100722686  0.00003516317193742  0.00003673624807665  0.00003846668798214
  0.00004027682443156  0.00004218054140446  0.00004423959990075  0.00004600268796400
  0.00004740429351936  0.00004947373793220  0.00005218541282050  0.00005497524545696
  0.00005786864989724  0.00006094205640430  0.00006425970280172  0.00006794815287835
  0.00007209628511923  0.00007642220023554  0.00008080480159811  0.00008531583126132
  0.00008995191425196  0.00009476207610423  0.00009972880928679  0.00010448826935342
  0.00010935001330168  0.00011457168719650  0.00012006360998034  0.00012592545636948
  0.00013218001193718  0.00013873568432676  0.00014546400806159  0.00015229598843004
  0.00015952540332960  0.00016705008278940  0.00017433556942662  0.00018201655350868
  0.00018976007837396  0.00019790421403940  0.00020666159336815  0.00021582815839601
  0.00022534192203956  0.00023500374238668  0.00024469385895817  0.00025386759451713
  0.00026220732687994  0.00027059497301858  0.00028032617615418  0.00029012820014961
  0.00029834134409870  0.00030645920900393  0.00031517995863538  0.00032686550003608
  0.00033876898894799  0.00035114110028941  0.00036559975597938  0.00038218953291405
  0.00040130741952418  0.00042409307294400  0.00045595253139307  0.00049190242493692
  0.00052962957379448  0.00056948184175820  0.00061019728476002  0.00064691544571230
  0.00068016895780192  0.00072236182647164  0.00076554113440706  0.00080537888760788
  0.00085179699375532  0.00091854125017331  0.00099896152769122  0.00108653714621940
  0.00117620025789164  0.00125718213129654  0.00137586403610580  0.00151844675569956
  0.00168420350664437  0.00187701917375852  0.00210891982899803  0.00520655500262724
  0.01056716962561625  0.01900705218863919  0.03214547576284106  1.00000000000000000
 -0.00287675653311402  0.00841441025704810  0.01965597639040702  0.03070726077407906
  0.04143070788157290  0.05195906434419235  0.06269497118591906  0.07368160465043536
  0.08482686442708823  0.09631674537010963  0.10804367802997268  0.12040489613221850
  0.13440319858760358  0.14852497465660425  0.16201690108384667  0.17586201945750052
  0.19042701827614306  0.20525952331604180  0.21976522887012367  0.23352177601073262
  0.24655322682942357  0.25892665373485535  0.26947453656744297  0.27768146917600478
  0.28407961275172794  0.28913740120792131  0.29562320590401336  0.30155033246454960
  0.31126669744758861  0.32502024335450602  0.33856853827977890  0.35149307558869508
  0.36375216539622551  0.37647239564238316  0.38900181444277121  0.40078000536711150
  0.41095586978705684  0.42154856344530628  0.43267429520144080  0.44340520562172403
  0.45370217085535736  0.46385886068854842  0.47531016026047723  0.48808589534367486
  0.50118170629390935  0.51470189930480759  0.52840265695683208  0.54065797055024145
  0.55064886118477352  0.56014967545321348  0.56929641970327594  0.57780581920194041
  0.58449367949445996  0.59223195792701300  0.60167111069998647  0.61324159245161225
  0.62634246832835061  0.63955311045041197  0.65228412986321460  0.66479025192060481
  0.67747669857395576  0.69035374046406583  0.70283144652933593  0.71450006760719309
  0.72476324792007674  0.73372951455373481  0.74287832410434051  0.75155556503734422
  0.76027811872582995  0.77093039926136531  0.78248109798003251  0.79369176346505788
  0.80601916326639989  0.81791875618761301  0.82910814366382313  0.83971313530038105
  0.84984303507580772  0.85975113917878210  0.86933876818486355  0.87891736370751317
  0.88888450569321564  0.89883802901859455  0.90837504648213208  0.91716083179611185
  0.92554501903758302  0.93346730911363107  0.94126577912574472  0.94907354172703440
  0.95688567464662322  0.96434575686033752  0.97138078293836938  0.97800447706409599
  0.98358439587655200  0.98825358294281795  0.99356037695310750  1.00000000000000000
 -0.00342232497185119  0.01149237719006295  0.02261339978824949  0.03298422283064825
  0.04286922926054042  0.05184984604510312  0.06137981072712806  0.07299517974562345
  0.08537613553013877  0.09783382577523585  0.11031733247732586  0.12291233475906641
  0.13571539273768374  0.14906644724104506  0.16376784141339337  0.17916569956706319
  0.19370804442209047  0.20488795880244193  0.21520445198397764  0.22463382752316940
  0.23328646456488258  0.24169977568552301  0.25062920961383056  0.25957799928997455
  0.26805973610026174  0.27661434164687315  0.28621993535130058  0.29649827068303269
  0.30954933442589455  0.32319689375348370  0.33666757949331577  0.34865548948492076
  0.35891117463344729  0.36934094362532471  0.37965568397843097  0.38987749391836063
  0.40036331651983442  0.41081722031942119  0.42296978312619904  0.43857808996547198
  0.45239944666892729  0.46487022683543189  0.47700345644707354  0.48825694696572214
  0.49909503705046782  0.51024398306606755  0.52216110196793686  0.53471758817504556
  0.54659430050445201  0.55712146335884727  0.56710414059485603  0.57756423001043400
  0.58902614262713593  0.59990595751577269  0.60898049509874730  0.61686119013436846
  0.62488783495502764  0.63395970601077634  0.64403570655889131  0.65401807549062918
  0.66321519492787850  0.67308497299150338  0.68433520122686775  0.69576777158185021
  0.70737949533966338  0.71941864492969820  0.73100286319213981  0.73991616665619353
  0.74670633808346276  0.75402037862224269  0.76070242046381964  0.76746388596767212
  0.77408661400235945  0.78100048790139787  0.78885685737378231  0.79936798090439287
  0.81187520156146353  0.82484954231209839  0.83738657469465105  0.84943990158380878
  0.86105898473935139  0.87165810219838191  0.88187132575872718  0.89263027300526754
  0.90417565646524345  0.91599584804878231  0.92736220095862409  0.93818706422539322
  0.94882863757902214  0.95789073698247107  0.96508503303699578  0.97132953440747027
  0.97714821878947677  0.98334703782116550  0.99126781553366472  1.00000000000000000
 -0.00146628144025544  0.00599816866640219  0.01411125147512922  0.02265938258098336
  0.03164409953276535  0.04109170157819228  0.05074531573633250  0.06032064563293861
  0.06996618799717916  0.07915431286257066  0.08674844443674941  0.09420796027867977
  0.10228041352165557  0.11081743720335389  0.11934567827744676  0.12828362739847121
  0.13834670137676808  0.14937499062856788  0.16059859789275355  0.17179813443067771
  0.18311598662131578  0.19413361315500161  0.20472901527420398  0.21526018975497038
  0.22524778732234360  0.23480295451771574  0.24428780083853138  0.25419014966111270
  0.26437252557282848  0.27482382755559176  0.28521121498844504  0.29370709644178489
  0.29971107713504253  0.30531199984156032  0.31155433066327276  0.31844050855694905
  0.32562919686186559  0.33319248753292008  0.34036085079973122  0.34646268130439789
  0.35403736386882168  0.36248439812782240  0.37265242245899921  0.38318252943907882
  0.39309072371758508  0.40078831727077663  0.40789004932672213  0.41522870046996296
  0.42278418473639517  0.42990304946112562  0.43466384650579332  0.43871979188848248
  0.44454569769429014  0.45270001407584026  0.46168125127570470  0.47224975281624948
  0.48297874597996221  0.49314095570204047  0.50302012698640319  0.51406308031464887
  0.52650717540701830  0.53932772735742862  0.55214629981190289  0.56417249127513924
  0.57635769892331756  0.58808252467787570  0.59910012361067333  0.61020577930195274
  0.62162990055751666  0.63297086744647102  0.64436677217961269  0.65605786618762441
  0.66778965798738676  0.67926902053686034  0.68956952721585174  0.69895555854964997
  0.70883605669304506  0.71972326153833477  0.73154393698899267  0.74570523960653934
  0.76300778857216911  0.77625108899443718  0.78905135304952467  0.80107508913277714
  0.81338589109787240  0.82711297221935931  0.84212489886893371  0.85805405265184087
  0.87480027446120323  0.89241181866579322  0.91106239003519407  0.92794657446496798
  0.94525534857482119  0.96310054395158462  0.98135716556973596  1.00000000000000000
 -0.00335360903447925  0.01075025594512978  0.02395210295046911  0.03686967236584426
  0.04979812976784453  0.06266169668542522  0.07531625236620726  0.08760793747970871
  0.09922449397420385  0.10999489990971845  0.12051301060180362  0.13177008024153553
  0.14367916868133626  0.15631633351561014  0.16903803862425465  0.18108554969414059
  0.19240012527822001  0.20296584107572374  0.21262552162435996  0.22269075970622229
  0.23369923027119896  0.24498759020123556  0.25592781948019511  0.26640174501749481
  0.27677754083695377  0.28756844573098678  0.29901907265527405  0.31087342749884767
  0.32341602931705427  0.33440296521423829  0.34266648597832400  0.35241605436009588
  0.36255518580146490  0.37228362510101914  0.38117518590134336  0.38966119018792045
  0.39853623840820090  0.40971520306959441  0.42195177607653062  0.43414667628214199
  0.44550737948483027  0.45566181991380439  0.46567105588676261  0.47635601166366681
  0.48550229355101743  0.49379958671088292  0.50401271290961525  0.51498084319893589
  0.52530498975288475  0.53490751096318156  0.54474771528693866  0.55597593268710399
  0.56636648946804435  0.57436256462923285  0.58151449246145137  0.58865475076220108
  0.59668536064973066  0.60516545986277226  0.61348422816692838  0.62156725969947424
  0.63042947092101775  0.63888714786698853  0.64649554619393157  0.65449349972576820
  0.66214664348953522  0.67015967672239840  0.67773323241364980  0.68512848326058495
  0.69293352749890025  0.70331716557109258  0.71511196928027221  0.72723503858425897
  0.73955000862814890  0.75185646270040207  0.76344768349485415  0.77445055970577226
  0.78509157313165190  0.79632650185617848  0.80845958256434003  0.81992252059767434
  0.83036835010322996  0.84068714682683165  0.85088785439765335  0.86174247378459434
  0.87399987388583400  0.88674882705732494  0.89898406050244917  0.91056951262110108
  0.92218634351692441  0.93364833144655068  0.94412141923331538  0.95394745862011709
  0.96484534189482385  0.97681293318798168  0.98866995608952868  1.00000000000000000
 -0.00270512121470258  0.00937097675777788  0.02052192816332507  0.03059875523092389
  0.04029182572134222  0.05059596431273759  0.06186636410847710  0.07332419564977592
  0.08341371793182413  0.09179909681162249  0.09836590384589038  0.10665010247240796
  0.11569651524920188  0.12430115960611871  0.13292882373748316  0.13974409223123754
  0.14482622200520193  0.15453585319436525  0.16824053169100703  0.18159699931834605
  0.19353134011995879  0.20432868473730309  0.21479781986214053  0.22579035712313014
  0.23727744864820546  0.24795116959925914  0.25740818948137029  0.26671778779360106
  0.27642871618026776  0.28683732969082426  0.29687045937269035  0.30672270131030083
  0.31855317486698265  0.33132324276330566  0.34349923662633103  0.35513669995649133
  0.36688320591335422  0.37914012472443254  0.39199588420714099  0.40432790347963249
  0.41625026710243862  0.42800014936794034  0.43916064267104904  0.44937392819201954
  0.46008705236653230  0.47207911383425133  0.48469582195880184  0.49710462211098361
  0.50846548975739025  0.51862527523861690  0.52853914851224459  0.53861909485821757
  0.54838599291585544  0.55829583550065853  0.56907123618837996  0.57974169710195400
  0.58909072819727126  0.59804850142367227  0.60801312911540861  0.61779230159909915
  0.62800264797907912  0.63699233059636484  0.64852996585566403  0.66018228769273912
  0.67162677319857789  0.68330950776384558  0.69531741716471585  0.70739392886997610
  0.71889239453934006  0.72994026282603264  0.74119274879746289  0.75265492182138738
  0.76396726086090505  0.77502271724423677  0.78605119150789227  0.79713803042402565
  0.80828439366302263  0.81982255062821163  0.83175025379903944  0.84395386724549404
  0.85668559559603386  0.86910451757639073  0.88085102797097425  0.89263912055148498
  0.90481939453777960  0.91636561251362270  0.92586646397381911  0.93328894947610985
  0.94047046062861639  0.94810502422914100  0.95593364895349542  0.96373338749853721
  0.97149352727226979  0.97771151018552116  0.98358335836675226  1.00000000000000000
  0.28212408512083537  0.32749876906430830  0.37287345300778124  0.41824813695125423
  0.43430234161615117  0.44353592581221341  0.45616622364263554  0.49817511271136056
  0.52258167889088936  0.54241626540571630  0.56233578968879172  0.58936449287444903
  0.62626497038379758  0.64219991124718134  0.65030902181380912  0.65484406775398074
  0.65827818487784906  0.66222555252629944  0.66550944029806502  0.66873464799358540
  0.67158811403549157  0.67446922549006438  0.67765735724224752  0.68096289584842340
  0.68491108234710718  0.68869316181695373  0.69198095216254973  0.69529290268049693
  0.69882083054653599  0.70233150874752692  0.70554864795517525  0.70852034023073784
  0.71146097795121743  0.71480126443736458  0.71924942935545555  0.72314613230052971
  0.72683764709230370  0.73051186503937393  0.73408527350832409  0.73749344007276108
  0.74083940013381333  0.74420808700594598  0.74757670172520818  0.75096260428852157
  0.75429122219980527  0.75774682258840464  0.76146439823236622  0.76525003994941854
  0.76913753624519865  0.77325664744956457  0.77760520198005867  0.78186555262989255
  0.78597439429723170  0.79012107160621792  0.79432164211804546  0.79848507993368123
  0.80239317051488634  0.80652296755256980  0.81077724934927264  0.81494122508734801
  0.81911738029447256  0.82338459420751919  0.82766151373868768  0.83182915480122788
  0.83599589159925991  0.84057843442734437  0.84552205688872217  0.85049311019275287
  0.85547270823209642  0.86052167197812857  0.86552889292152668  0.87030915980020007
  0.87458431864824326  0.87813257545365575  0.88179244117636157  0.88564032084248911
  0.88918024460267875  0.89205821553679399  0.89480938774332797  0.89840351663848173
  0.90273456984369627  0.90697701629703287  0.91107091512094940  0.91524367486910618
  0.91925394592928888  0.92296225479990945  0.92664248917580627  0.93017744593763785
  0.93404674115550890  0.93929766122649405  0.94646202877888230  0.95459571137982258
  0.96250988584906083  0.97083272051766889  0.98238413561320836  1.00000000000000000
 -0.03993067251774597  0.16441168937057876  0.21723077089035320  0.23759459026740878
  0.25278388034692212  0.26651054372952815  0.28243944551920386  0.29908317330130835
  0.31480462178150909  0.32949270953175624  0.34356081846787362  0.35723880358714294
  0.36956827390629049  0.38078154203880538  0.39213908540850118  0.40276039910294725
  0.41057225796978430  0.41878015456659801  0.42704298659650386  0.43501183969642454
  0.44250497824996537  0.44916676691948310  0.45475807998720391  0.46062488071143237
  0.46657455244551743  0.47239523622677448  0.47763032882934936  0.48276530184634969
  0.48818275956867374  0.49332849176053978  0.49873711561199152  0.50418312978683022
  0.50978101739680781  0.51559636637814954  0.52149178908584282  0.52719365735672941
  0.53249794295077157  0.53804564388874920  0.54344042134148673  0.54946768552716796
  0.55577296167587864  0.56204093642581920  0.56797003786036881  0.57443497384069409
  0.58140621332452180  0.58819010226876878  0.59448696782416721  0.60073645925119867
  0.60675332208853527  0.61219192411402945  0.61725678924829008  0.62210778674518274
  0.62687070254081345  0.63178386374283568  0.63701545340393473  0.64236908586566566
  0.64768836237813643  0.65280602332927851  0.65810620661766073  0.66347259307997652
  0.66847285509684873  0.67309144328768222  0.67750939620226924  0.68198069143439355
  0.68644791677795602  0.69087613858944119  0.69579274281079373  0.70015332615085557
  0.70494928354599729  0.70981710690767030  0.71467512186591775  0.71956764790598760
  0.72444527303288642  0.72919230050891493  0.73415597252769993  0.73941122514691227
  0.74420939473505177  0.74906666111156328  0.75412902283245131  0.75931450987065396
  0.76440827548559742  0.76934397425162138  0.77356439929677834  0.77710094207013491
  0.78121133721897518  0.78599047614370654  0.79138708723351880  0.79657327026496694
  0.80136607458354303  0.80591700710798952  0.81182220056783549  0.81956681971381973
  0.82820132452105688  0.84870404569087299  0.90028992734207214  1.00000000000000000
   2.7297933979880649E-010  -1.0000000000000000     
 F F F F F F F F F F F F F F F F F F F F F F F F F F F F F F F F F F F F F F F F F F F F F F F F F F F F F F F F F F F F F F F F F F F F F F F F F F F F F F F F F F F F F F F F F F F F F F F F F F F F F F F F F F F F F F F F F F F F F F F F F F F F F F F F
  <DiscreteSampler_grid>
  grouped_processes
  1 # 1 for a reference and 2 for a running grid.
  10 # Attribute 'min_bin_probing_points' of the grid.
  1 # Attribute 'grid_mode' of the grid. 1=='default',2=='initialization'
  0.0000000000000000 # Attribute 'small_contrib_threshold' of the grid.
  0.5000000000000000 # Attribute 'damping_power' of the grid.
 # binID   n_entries weight   weight_sqr   abs_weight
    13   10   3.079889520810396E-001   3.814095697012582E-001   3.079889520810396E-001
    14   10   3.079889520810402E-001   3.814095697012601E-001   3.079889520810402E-001
    16   10   3.449342985435547E-001   2.397955924627503E-001   3.449342985435547E-001
    17   10   3.449342985435550E-001   2.397955924627508E-001   3.449342985435550E-001
  </DiscreteSampler_grid>
