  0.00000005149559822  0.00000049941650633  0.00000087786838157  0.00000144470117824
  0.00000220169875256  0.00000315637017548  0.00000420497367040  0.00000533901809926
  0.00000656337812252  0.00000786637756788  0.00000923029030571  0.00001057720495830
  0.00001188133305483  0.00001317114814659  0.00001444890981769  0.00001569870850132
  0.00001692378223081  0.00001808525571607  0.00001922386690754  0.00002031808249888
  0.00002135873036917  0.00002234251220625  0.00002328082452344  0.00002419456239355
  0.00002508645766920  0.00002595184454845  0.00002680298995864  0.00002761364343342
  0.00002835039666159  0.00002904366177792  0.00002970575840721  0.00003033470594620
  0.00003092595981639  0.00003149912988600  0.00003204692694397  0.00003258643568510
  0.00003311692787950  0.00003362811446532  0.00003413791840901  0.00003466002783129
  0.00003518794142632  0.00003568918666981  0.00003626481509507  0.00003692610331807
  0.00004279113665908  0.00006287779631251  0.00006382321054297  0.00006463225271629
  0.00006537105948601  0.00006604695864817  0.00006673399814990  0.00006744523222454
  0.00006825426857600  0.00006908279542288  0.00006993796188367  0.00007084484535830
  0.00007177445799285  0.00007283639509122  0.00007400057172032  0.00007519156532720
  0.00007647351865290  0.00007780814863234  0.00007922185032486  0.00008073417870371
  0.00008234287504066  0.00008402576216022  0.00008577721315328  0.00008789441078222
  0.00009040392471167  0.00009335567814806  0.00009649350366382  0.00009974068287221
  0.00010323249363312  0.00010753216846190  0.00011295688659994  0.00011889461028469
  0.00012526388074675  0.00013252671435397  0.00014209776163795  0.00015234866858275
  0.00016533500709712  0.00018226327485712  0.00020189515651771  0.00022579158808500
  0.00025526547229265  0.00029600046109979  0.00035455902195476  0.00043742567358701
  0.00055701956825682  0.00073920876427675  0.00104247137370072  0.00170762532105993
  0.00352768444799322  0.00804538521366414  0.05518432773547961  1.00000000000000000
  0.03125899585153685  0.03606061767492254  0.04528367907446482  0.05591737694804978
  0.06667861382252295  0.07765377899452895  0.08865243942821699  0.09940647338007798
  0.10994319906746712  0.11952598498384805  0.12930275661045182  0.13917104513566150
  0.14948118148994297  0.16011871413025555  0.17084773784837615  0.18139258707800651
  0.19218093163858446  0.20327533168479311  0.21388933772000218  0.22407958457687624
  0.23385285411795148  0.24354057680695138  0.25304536287894941  0.26275387287826929
  0.27274945127568490  0.28361023508872124  0.29465106517246037  0.30642373366338416
  0.31756623644710191  0.32814162569945104  0.33853102245488875  0.34889921399408941
  0.35893045363341897  0.36904365940887984  0.37972658779965945  0.39016965756264654
  0.39992594468596915  0.40956502970254005  0.41956040554016166  0.43006116673611405
  0.44071066387437197  0.45150172277493755  0.46222631584246815  0.47269160020852963
  0.48314698533059053  0.49394388798281724  0.50526396750521596  0.51664167171722220
  0.52765066781867787  0.53847345748225717  0.54900870812690739  0.55913853080180442
  0.56906367599624330  0.57848499519367647  0.58809778258527601  0.59771308336390383
  0.60754255481589936  0.61746207741627956  0.62738325886919100  0.63739510793277654
  0.64723197945322219  0.65701018019435597  0.66739048716092475  0.67863181080629142
  0.69026971836722983  0.70151083490582777  0.71226687909594721  0.72269331348106336
  0.73206396499809900  0.74051142043401663  0.74888347279094680  0.75725158668924308
  0.76556328889080316  0.77396804321855051  0.78226647243636727  0.79052403953734618
  0.79977465413086657  0.80929539226122593  0.81861895867590651  0.82828064118262734
  0.83809254082310303  0.84772118652660799  0.85678046814566944  0.86579315300978532
  0.87538414598150682  0.88539546483297826  0.89523222615824294  0.90489037005957851
  0.91480480441854062  0.92555239058472027  0.93641594018506180  0.94664839024894476
  0.95616294473147467  0.96467132029034453  0.96895369586540592  1.00000000000000000
 -0.00259248767052617  0.00949672589015086  0.01987844319702350  0.03044960188036858
  0.04085255740072192  0.05127288820307231  0.06165790567741827  0.07225045183747669
  0.08294703385025526  0.09402736899825513  0.10551747169066619  0.11765079004624718
  0.13056432326705084  0.14348360909926802  0.15567518321181545  0.16733939598518036
  0.17883337735318333  0.19020187501400390  0.20142123834786346  0.21247977519259731
  0.22380466150793274  0.23560444061421401  0.24755455744519358  0.25920742484838205
  0.27093224194678478  0.28271023293340425  0.29448764868974481  0.30601382683063683
  0.31823028692497202  0.33070812245128861  0.34305814409305174  0.35518378197807304
  0.36790264309210763  0.38082549866367149  0.39329336822071620  0.40509550732608124
  0.41658169519179733  0.42837357795357223  0.44039204939160459  0.45248159577788194
  0.46495472881487920  0.47842376155409794  0.49293712443514420  0.50661869549877481
  0.51947431400139443  0.53171580419472686  0.54330726452165012  0.55363516140701607
  0.56385516723157580  0.57415804871461484  0.58442992062845256  0.59439559001322351
  0.60475160902149439  0.61627072039205733  0.62747597526584864  0.63783063623024239
  0.64912223949872727  0.66190513197391709  0.67447585663292187  0.68619521365525071
  0.69770612256037878  0.70877558904619831  0.71891811361758085  0.72848257418958529
  0.73779330782681374  0.74697658632536057  0.75641690334110823  0.76624258192063077
  0.77645373846916166  0.78656804438559558  0.79655423010277271  0.80685643385876504
  0.81716405907545520  0.82647644682111510  0.83537328096882202  0.84376656416996942
  0.85240998557565439  0.86128771365887635  0.87069651269567439  0.87993403948572646
  0.88916921715555153  0.89828970187974133  0.90715177155826576  0.91560534520461190
  0.92329104873110079  0.93089638194803237  0.93846957100281503  0.94599501861931756
  0.95336589059045385  0.96044462682961773  0.96733351610493890  0.97414421424021169
  0.98073948245435516  0.98711002390300051  0.99350532568720928  1.00000000000000000
 -0.00287648332957933  0.01015924443876064  0.02099808996489194  0.03178986624433493
  0.04264826172602584  0.05405328867835697  0.06547232601285230  0.07654531904709559
  0.08758006587546438  0.09857673319952931  0.10929839115064308  0.11981943901687665
  0.13094871013601125  0.14233534673740186  0.15363744873563562  0.16508844048003757
  0.17670636607461090  0.18858079569237149  0.20085383738514601  0.21291399807480335
  0.22438367178286425  0.23495933871255123  0.24517692870081609  0.25521394112540952
  0.26496455766558469  0.27444224353648677  0.28382087792470206  0.29391537951977265
  0.30478511813053055  0.31603704881019884  0.32669454845717999  0.33727761658379674
  0.34812287827479482  0.35943669424289193  0.37108972233865412  0.38296335310459290
  0.39430209874405009  0.40450834685699261  0.41449226898006808  0.42392168684411369
  0.43276125554946537  0.44206366533096697  0.45194482401439529  0.46289233770843391
  0.47475041633460702  0.48586917080068592  0.49594471127533746  0.50617993339337064
  0.51622987159203637  0.52599179407964203  0.53625577092240373  0.54764799630052652
  0.55991946768996070  0.57108164596197253  0.58216734755633681  0.59274409252996763
  0.60353801634302540  0.61462831970060272  0.62556885392667816  0.63623445537981271
  0.64675244075457805  0.65697999887055181  0.66707982618720574  0.67696829279266624
  0.68687328940433878  0.69680835137159003  0.70652792471587988  0.71645418311442344
  0.72663485824900065  0.73712049743243802  0.74801515217161685  0.75817473750879194
  0.76839507386311101  0.77857400988866032  0.78899839477085210  0.79949785134742357
  0.80979944995291075  0.81913479172127335  0.82817669380520731  0.83760458197013810
  0.84722931376539390  0.85696788504569255  0.86697878907379311  0.87733696566095909
  0.88808196190994126  0.89829714824504514  0.90811013648143957  0.91804416364042107
  0.92851193766851436  0.93881612263468817  0.94884416523358184  0.95891229769213115
  0.96944144397475485  0.98014848449835668  0.99012656302714741  1.00000000000000000
 -0.00209985086243889  0.00908558603234489  0.01857053037647873  0.02842454769012030
  0.03825263657526698  0.04801628048351412  0.05819886093901569  0.06835200134877588
  0.07921044787960176  0.08977936691647675  0.10039793922163601  0.11019305741601548
  0.12001017156053236  0.13054756294331732  0.14148336075172230  0.15209386030710453
  0.16255988193681517  0.17291479227190357  0.18346266518045740  0.19396117312018685
  0.20439351006952966  0.21474178486763221  0.22541660287051032  0.23640540319804065
  0.24782524217977872  0.25851341172233067  0.26895302863355769  0.27949638655753972
  0.29025371979486869  0.30069148818523506  0.31063613916937799  0.32076128130347054
  0.33117008848978907  0.34199741464083155  0.35241260968243093  0.36265657364111048
  0.37268237208013150  0.38324171322327411  0.39433107487107116  0.40523111352973346
  0.41608163165751005  0.42694441143618800  0.43814525324081144  0.44962475532289053
  0.46104563203135462  0.47234772445462314  0.48338805411127000  0.49422843217481505
  0.50502863391037767  0.51597124714352693  0.52647988393961553  0.53702035586562147
  0.54789126288070467  0.55952453907912114  0.57106784054024595  0.58236954909027383
  0.59369322774692102  0.60501326970900760  0.61619958612676329  0.62712362001321609
  0.63827481103118189  0.64839245918738431  0.65748563060149878  0.66674805900200762
  0.67577735506552217  0.68476537806302029  0.69409718113547159  0.70355691215337268
  0.71335645412058679  0.72454435060238820  0.73484260026944503  0.74542879649354232
  0.75556750371149062  0.76571264844056319  0.77578938774490880  0.78562328507603196
  0.79548045773009846  0.80571134590575344  0.81630469469225775  0.82699474384107030
  0.83701009978095398  0.84654569947541292  0.85628696987947073  0.86694684759874530
  0.87834986944834414  0.89021153452742396  0.90179784214986403  0.91255488189035228
  0.92287740941930729  0.93314834902421462  0.94361621313959521  0.95442809560871378
  0.96533361234322046  0.97682512436324831  0.98819287705915781  1.00000000000000000
 -0.00216164231562459  0.00970404045222582  0.02014063133167388  0.03044984729490098
  0.04074897178926778  0.05121443769158574  0.06225388973772852  0.07299667973908058
  0.08339398930754947  0.09370172892473072  0.10383866530282884  0.11386468876559133
  0.12356125246072766  0.13293817202545755  0.14206339723801251  0.15113612690132130
  0.16001411082662589  0.16933984239200853  0.17878505304374490  0.18821084976239855
  0.19768209331768877  0.20674767792307325  0.21668701491397072  0.22711516733441495
  0.23750645284535746  0.24719145644269055  0.25657315064779790  0.26656243398508450
  0.27701728074242499  0.28866870402829248  0.30023656016340533  0.31133431687327828
  0.32203406862891076  0.33249823214887908  0.34268645654482188  0.35291794380666180
  0.36332493500082397  0.37342848742938112  0.38379224290377972  0.39421697668320249
  0.40509567633917559  0.41647363256908476  0.42851643270075956  0.44050148183235638
  0.45190503852871833  0.46342645135609273  0.47497040568605847  0.48635362846935848
  0.49746900571150554  0.50770345446843568  0.51758704406114253  0.52727367147449078
  0.53708115954758795  0.54722823435290657  0.55822091223187709  0.57017532094021794
  0.58239465053835315  0.59417277137548896  0.60536111013049454  0.61631497661708512
  0.62732692101846732  0.63870494241466780  0.65044154962417111  0.66224901563682625
  0.67445803984987651  0.68702442680384257  0.69907893641162777  0.71084750053244006
  0.72164443062341654  0.73239458298366755  0.74326269229173914  0.75429320656880938
  0.76554340509624763  0.77608774845153983  0.78621734491423734  0.79589797609685797
  0.80552399356251303  0.81561127758517737  0.82617397679589433  0.83690347197630865
  0.84748761398704675  0.85809061590310054  0.86827197975021164  0.87893719331431708
  0.88922096170441300  0.89947136755241375  0.90926702660123837  0.91892237937417853
  0.92814827769905162  0.93834273973407167  0.94842040161370300  0.95827501277060512
  0.96779124239289993  0.97758896400454010  0.98879921019813266  1.00000000000000000
 -0.00280186284546256  0.01183836130083770  0.02389238976743991  0.03630675326574993
  0.04867549664955591  0.06135825341189849  0.07354099682505857  0.08561772921574717
  0.09842105218299879  0.11110788453075168  0.12412750468963668  0.13725560246414206
  0.15035151322488141  0.16326992284694650  0.17502742640790028  0.18632133098491532
  0.19751501616019748  0.20879476714885517  0.22004672591773294  0.23075533313857730
  0.24077507709406992  0.25047355402929811  0.26028572707364672  0.27023065901611448
  0.28001852330465843  0.29045274433164225  0.30138233882488180  0.31185872133570613
  0.32060552607008841  0.32875017089178710  0.33666550843930498  0.34441182996268893
  0.35231417662617548  0.36058781196421330  0.36856082798802248  0.37711991651809906
  0.38646575234286429  0.39636342519386447  0.40642726944087609  0.41685829677373737
  0.42774975551229089  0.43869252902552697  0.44927027865909602  0.45927354137319876
  0.46870841937405344  0.47766616275301144  0.48628732507124039  0.49465587785046478
  0.50310664407840822  0.51099750690378831  0.51880252459808129  0.52692840483389802
  0.53520200565327536  0.54356980800164989  0.55207232960319153  0.56057598646648532
  0.56884461364894978  0.57713014323030920  0.58524691453437794  0.59302524888285446
  0.60086713587171758  0.60889951411913612  0.61709728562410504  0.62531809338257560
  0.63393605888674021  0.64314714195786638  0.65322989073887305  0.66305407635706182
  0.67350096645702540  0.68420696672859749  0.69426987658449790  0.70453684793244420
  0.71559249570696448  0.72725813397474681  0.73851556073627400  0.74951727302804216
  0.76094321518611596  0.77183648420478002  0.78172735654456449  0.79156665322523012
  0.80207632044988653  0.81283800146705665  0.82319181069766934  0.83346135717852432
  0.84432257095859553  0.85595822638309116  0.86797649532838361  0.88136704538452015
  0.89549799494595661  0.90984955514122989  0.92353204019210255  0.93756371315950582
  0.95158073479308791  0.96657342533419099  0.98269919184069199  1.00000000000000000
 -0.00193254116377881  0.01209481034617547  0.02411548415593123  0.03573812194068335
  0.04694759962739770  0.05782175155175242  0.06847412093603496  0.07897978920618404
  0.08884820978037669  0.09815458123160498  0.10769457596246364  0.11748250195952564
  0.12699993486108974  0.13608848484073427  0.14571585853978386  0.15632617064314261
  0.16730220521210779  0.17767503380839439  0.18804378827525128  0.19859319400083209
  0.20930883732969263  0.22012572338741709  0.23071877462929868  0.24124290711686111
  0.25163077261038319  0.26201796065853966  0.27220893237076371  0.28290089220513215
  0.29386128881317403  0.30605938515895853  0.31800772892546303  0.32911268571066976
  0.33933770386555706  0.34917997598936773  0.35950346961406920  0.37020215206961560
  0.38147064523862395  0.39278211559682258  0.40401179313556829  0.41482208297904444
  0.42610904211733147  0.43722724776477606  0.44820540233720796  0.45887943674342574
  0.46960629197498771  0.48029456532376291  0.48894786892253034  0.49774309803987704
  0.50644029818650671  0.51521387067477042  0.52411195191175730  0.53294948972873202
  0.54236313886377585  0.55290158758928742  0.56406895133082446  0.57532654599179034
  0.58622756963280220  0.59633258344518902  0.60646271362146087  0.61666319927485780
  0.62673712758903899  0.63648770887975847  0.64655712446785107  0.65766947950911592
  0.66880853396902096  0.67933258826781950  0.69005472331802720  0.70092312200366180
  0.71135169382215657  0.72084736086766088  0.72983999018824430  0.73871742498510762
  0.74803090192107036  0.75801217523120878  0.76832817363905348  0.77905118782922278
  0.78990759526717036  0.80130119906736319  0.81249706744987282  0.82314587802410433
  0.83336523078827274  0.84353285001988221  0.85398524946091381  0.86476891465316419
  0.87568246129604344  0.88689720510325221  0.89820246709718754  0.90944993921766992
  0.92069622956278985  0.93165106183765456  0.94245545699169353  0.95375729096692563
  0.96563928196496007  0.97791790883390817  0.98933709450026519  1.00000000000000000
  0.04708564604689466  0.14530090254889777  0.19167017309250559  0.23225782595337000
  0.26709256346705901  0.29781479310110348  0.32460659299506067  0.34876734691271027
  0.37094217906208210  0.38985950625785737  0.40638347410429376  0.42171255932936197
  0.43597305361281885  0.44926685742726935  0.46133576490490846  0.47245841584247134
  0.48264672392745184  0.49184858521338343  0.50036319662217232  0.50824487575003818
  0.51621699798776755  0.52424757313133119  0.53182887839308957  0.53898114257096363
  0.54583965027133441  0.55275501784013070  0.55975365329415749  0.56654644058374037
  0.57327558981124438  0.58008531718212264  0.58692041939103268  0.59398160072533757
  0.60094185081658802  0.60758318673612710  0.61397250447767127  0.62017312846994233
  0.62629080491589872  0.63245969699532401  0.63880329074748654  0.64503432362594670
  0.65095011327928232  0.65667042618818350  0.66231647972812058  0.66776211922149431
  0.67271722683911217  0.67817457474334286  0.68352840075261390  0.68855888234680329
  0.69344153237760220  0.69820376373370852  0.70292116312588149  0.70751683524374165
  0.71203109210156978  0.71655415888630369  0.72119385369192857  0.72581891025153356
  0.73079426423592131  0.73600107927275815  0.74131195109686565  0.74665791574807383
  0.75197320579695592  0.75730553599005745  0.76261493780226275  0.76777372971309299
  0.77276046288891287  0.77765500695769119  0.78255846761103220  0.78752701045223517
  0.79265248667493438  0.79742412812995933  0.80243887779649581  0.80734779231089449
  0.81243791891213435  0.81770593555507876  0.82293212536234250  0.82802254459368729
  0.83328268863541055  0.83892805700216222  0.84508308739500926  0.85117093000201338
  0.85724197814902181  0.86326727333028297  0.86925982142426572  0.87573606237186574
  0.88231163137234081  0.88901761168713933  0.89573798974148122  0.90260865450286776
  0.90972524320657944  0.91729723580890954  0.92647699730755562  0.93666345668559814
  0.94745659971307516  0.95998147794791644  0.97667176636947295  1.00000000000000000
 -0.01593877549496759  0.14284627374164349  0.19083047081692833  0.21565871412969043
  0.23584123285768419  0.25321250739667289  0.27040088086499303  0.28630194770338357
  0.30024515693641796  0.31306030997551543  0.32534071190929459  0.33677256424747992
  0.34728327175076684  0.35721279644849352  0.36662447271670445  0.37577734989112310
  0.38450720522511667  0.39289918095765797  0.40147497464674486  0.41030902924886864
  0.41957768692058522  0.42893535577994218  0.43796562062092903  0.44694085811801576
  0.45568475513809842  0.46411483370892009  0.47208421915893722  0.47969386955217114
  0.48691278072780803  0.49395883167155508  0.50125369444717816  0.50873936064462277
  0.51618775912956005  0.52350761710445282  0.53084069916888188  0.53841425174644675
  0.54594263147077871  0.55303746758402206  0.55988562365421590  0.56654442012292716
  0.57313386403072053  0.57991183803443269  0.58623993064685676  0.59226649222794781
  0.59824932944276132  0.60413272552515385  0.60963095136662226  0.61493904871449279
  0.62026494168418289  0.62532095017320710  0.63012607215019212  0.63486418795135835
  0.63970062960224217  0.64474665422247557  0.64991289587559409  0.65498546602563701
  0.65991083708701670  0.66475694602266167  0.66969163000530951  0.67476234937177104
  0.67977516076074163  0.68469541046636295  0.68980502741923067  0.69516442861361327
  0.70049325579249933  0.70573051957303390  0.71081312783807982  0.71583338887119563
  0.72086177499145732  0.72599125482154026  0.73131040411553450  0.73704633464623137
  0.74285999523359647  0.74851688021840423  0.75407360312006544  0.75966619039523531
  0.76534126245339884  0.77101537967653211  0.77656864203892029  0.78233310611844931
  0.78821364114012871  0.79455603867951563  0.80140044587123094  0.80871163097052523
  0.81600167585981520  0.82301192581511462  0.82988451760634274  0.83704000841008586
  0.84487184900642165  0.85342700703373664  0.86250076426463429  0.87208126220284565
  0.88248943301173666  0.89643820364007942  0.92411039268826489  1.00000000000000000
   5.3217850525080319E-013  -1.0000000000000000     
 F F F F F F F F F F F F F F F F F F F F F F F F F F F F F F F F F F F F F F F F F F F F F F F F F F F F F F F F F F F F F F F F F F F F F F F F F F F F F F F F F F F F F F F F F F F F F F F F F F F F F F F F F F F F F F F F F F F F F F F F F F F F F F F F
  <DiscreteSampler_grid>
  grouped_processes
  1 # 1 for a reference and 2 for a running grid.
  10 # Attribute 'min_bin_probing_points' of the grid.
  1 # Attribute 'grid_mode' of the grid. 1=='default',2=='initialization'
  0.0000000000000000 # Attribute 'small_contrib_threshold' of the grid.
  0.5000000000000000 # Attribute 'damping_power' of the grid.
 # binID   n_entries weight   weight_sqr   abs_weight
    13   10   1.852683078995165E-003   6.369352774748295E-006   1.852683078995165E-003
    14   10   1.852683078995168E-003   6.369352774748317E-006   1.852683078995168E-003
    16   10   2.360980320788282E-003   1.033139199192509E-005   2.360980320788282E-003
    17   10   2.360980320788286E-003   1.033139199192512E-005   2.360980320788286E-003
  </DiscreteSampler_grid>
