 -0.00292543966547619  0.01075172895642874  0.02197103831508291  0.03159692748236199
  0.04150861960994579  0.05153832317784943  0.06170807310970522  0.07247566318828311
  0.08270315081677253  0.09326307885134898  0.10364547480290620  0.11402984271684886
  0.12474894631022873  0.13470477240520584  0.14447797177942528  0.15502659601369007
  0.16620119777076647  0.17570985798075436  0.18549544171091389  0.19635883731261436
  0.20737750174718375  0.21738166785679297  0.22715498763740039  0.23776655502324168
  0.24884201828562807  0.25986857797333340  0.27157141318181710  0.28356187598854204
  0.29476253303898903  0.30582212060449343  0.31640972706333659  0.32703738223487339
  0.33727662464301467  0.34724161088365035  0.35790224914758356  0.36909031670591436
  0.38010496724846565  0.39075802674602395  0.40129217816879426  0.41206851916747456
  0.42183799469137712  0.43092191150449033  0.43974189158319377  0.44893080252024886
  0.45844407197634079  0.46855489804127154  0.47865249805189042  0.48940006505435918
  0.50008934604242639  0.51002142970743836  0.51971684106558713  0.52931639327850410
  0.53842508728535210  0.54685891207575266  0.55517806965130734  0.56423852220601289
  0.57388770600643635  0.58370087933757642  0.59375416183057317  0.60461009533068422
  0.61709936462195303  0.62979355764941436  0.64127468511513097  0.65278791494618515
  0.66419720695930062  0.67515906690155802  0.68552495747717901  0.69587972668209108
  0.70648644716782816  0.71674601058567211  0.72734840157944647  0.73893237023973857
  0.75003523310256359  0.76033082033158217  0.77025264331504317  0.78078195691755303
  0.79242444959243696  0.80411849899728494  0.81590288867748451  0.82842783962675470
  0.84135032240918028  0.85353356136380276  0.86453954210677930  0.87524358221067267
  0.88621781175294934  0.89684187548071947  0.90706488959031362  0.91744941606129926
  0.92895863022495384  0.94024819994903774  0.95054892225944909  0.96053995671842451
  0.97008257306734247  0.97953893773646128  0.98930048859741671  1.00000000000000000
  0.00000005550618391  0.00000143535126256  0.00000414996085764  0.00000804497272361
  0.00001262258482158  0.00001737958821799  0.00002192910583409  0.00002601996949343
  0.00002947324024625  0.00003247658662726  0.00003456581459691  0.00003592459540941
  0.00003717938213660  0.00003833427885124  0.00003938817009016  0.00004035962830195
  0.00004119735910368  0.00004193276269350  0.00004260144988161  0.00004321317852487
  0.00004376123762474  0.00004426098090022  0.00004472687269233  0.00004512436338863
  0.00004550058211901  0.00004583387086073  0.00004614273025106  0.00004643129494050
  0.00004666387094332  0.00004689122457440  0.00004710368579465  0.00004729947487186
  0.00004746734935048  0.00004762959563828  0.00004778763092039  0.00004793600303380
  0.00004807236728620  0.00004819154218515  0.00004830841016257  0.00004842418140257
  0.00004853395008580  0.00004864284331193  0.00004874919551566  0.00004885305467153
  0.00004895326716560  0.00004905325753260  0.00004915304142294  0.00004925284799171
  0.00004935266832186  0.00004945206145213  0.00004955129427597  0.00004966404048888
  0.00004977973883579  0.00004990441538913  0.00005003010178604  0.00005016142913417
  0.00005029445950828  0.00005043279238753  0.00005058366330715  0.00005074532257578
  0.00005093061770863  0.00005112184771988  0.00005131966545287  0.00005153414043179
  0.00005177970501359  0.00005206337383093  0.00005235532462698  0.00005269437885568
  0.00005307253936986  0.00005349253915342  0.00005396623838543  0.00005448578943662
  0.00005508619608352  0.00005574358839724  0.00005647138481513  0.00005729515869244
  0.00005819025554101  0.00005917208287046  0.00006041983543729  0.00006204697011915
  0.00006393951351067  0.00006607217544732  0.00006850216802262  0.00007129981390707
  0.00007608896698051  0.00008413198174532  0.00009576579578899  0.00011311098559243
  0.00014099599156959  0.00018822512889404  0.00027691992448180  0.00045975919703456
  0.00097473114660665  0.00285191918332998  0.14035153341355996  1.00000000000000000
 -0.00162968753910846  0.00674234102992569  0.01503357150448516  0.02439927080902484
  0.03506293190248579  0.04619841218284568  0.05803958046722743  0.06993766939139080
  0.08190241035767171  0.09372162740767347  0.10513965607795839  0.11685941394263034
  0.12849990618023890  0.14001395790865434  0.15079250015477569  0.16081258043800531
  0.17058450751603332  0.18022414914591312  0.18945824684821475  0.19804507396307872
  0.20669218952885124  0.21611291095838375  0.22591325710188701  0.23603695147930398
  0.24696034578806181  0.25896242597006375  0.27036442601003674  0.27989769760355537
  0.28908579688371000  0.29894842555633211  0.30923726123315820  0.31958702267717010
  0.32938976569978662  0.33955257840502079  0.35021574917070758  0.36047573157645069
  0.37067861724173701  0.38082147840401026  0.39077863489158782  0.40041351077151044
  0.40959599557344861  0.41914315578085248  0.42882072205748523  0.43882267270640868
  0.44881728561159911  0.45871861908883782  0.47017460913515019  0.48056951852798996
  0.49004940963886423  0.49937699826756227  0.50956578404291553  0.52018853682024391
  0.53108177792373323  0.54155954565592157  0.55213056081303136  0.56236529095132648
  0.57242142040791133  0.58262623439499606  0.59341542852264950  0.60438465390035789
  0.61513767941605446  0.62607660888484562  0.63673806399733102  0.64719479070798591
  0.65693030963302668  0.66659138931627915  0.67642785359201885  0.68635862061094588
  0.69676008150976032  0.70670218653000361  0.71692788322814094  0.72728210497284251
  0.73800085799317905  0.74818243843613441  0.75809491679719754  0.76837296166134061
  0.77969253704675712  0.79211064332615977  0.80493447823017084  0.81764063491763928
  0.83031528307290392  0.84287983120650234  0.85483500503686183  0.86577333315913918
  0.87626977971533138  0.88740744350986045  0.89856930217620001  0.90926870888541034
  0.92024401685048152  0.93128494370914450  0.94182882284313374  0.95199087008332450
  0.96267022566886518  0.97471456174834636  0.98716773783984491  1.00000000000000000
 -0.00227216275719650  0.00878871755528369  0.01862474211093430  0.02734782887677558
  0.03606334074364914  0.04500509863382676  0.05417934690481702  0.06385410561808101
  0.07396266954132560  0.08432243532671926  0.09578666618510005  0.10768618100758126
  0.12008994581321138  0.13274043230503868  0.14503234955691260  0.15692185114270787
  0.16845375023629788  0.17973986639113387  0.19101697030572085  0.20224663984388272
  0.21320512082734225  0.22405035713158319  0.23467125421334589  0.24483836163633982
  0.25510230789436944  0.26584708454482275  0.27713757424421798  0.28873136442556502
  0.29955711946723390  0.31015691012662300  0.32089384306561192  0.33153528500964868
  0.34214310058730335  0.35261310747771119  0.36286976797541814  0.37307005498857509
  0.38346917411130294  0.39395165621307032  0.40405217900434542  0.41420305959469528
  0.42478838702049521  0.43556693972040006  0.44634818556185801  0.45674059153418606
  0.46696950983603164  0.47741445257631843  0.48908470562392137  0.50144792387482917
  0.51291509397707058  0.52382655785393817  0.53489271214524636  0.54631590929274321
  0.55808077213975849  0.56949712608172798  0.58067425206372414  0.59254338185525812
  0.60442724632454747  0.61543872524087218  0.62643270350526992  0.63784426804064842
  0.64935223767374406  0.65989465811809889  0.67076079343796924  0.68206070689697296
  0.69312029971179967  0.70272030872591951  0.71223745037185360  0.72127863505523493
  0.73077441028957690  0.73997815524682131  0.74899527923862297  0.75811411356053926
  0.76750200626905207  0.77723271127803351  0.78700366193784865  0.79731967628905465
  0.80797462676397092  0.81937575494440251  0.83133745226422251  0.84371460162346368
  0.85533435538721292  0.86595891210683174  0.87646069751178268  0.88713104781276164
  0.89722190126577861  0.90641178592431260  0.91582439751916667  0.92547886393593648
  0.93477701003829106  0.94336392243454348  0.95157145836193224  0.96034042723989743
  0.97020191979650106  0.98024602329979604  0.99025025880734896  1.00000000000000000
 -0.00340772089790871  0.01227967433629721  0.02332934070963836  0.03392582847388739
  0.04364872974529641  0.05358775839315276  0.06337651066411314  0.07308196460093963
  0.08291037683225762  0.09168626425956919  0.10017709452454922  0.10939943929151788
  0.11931969183876572  0.12941207493515094  0.13892164645318586  0.15036585236957570
  0.16377361997670825  0.17549283068497012  0.18636748419028634  0.19703727173438379
  0.20763049690037855  0.21853100631268613  0.22909157927360807  0.24070305744423853
  0.25211026202931003  0.26324261910710223  0.27424878578196898  0.28521191873023732
  0.29601438179264672  0.30623156602229135  0.31657633605752217  0.32718293360271600
  0.33777378287566140  0.34825801010637902  0.35975959390315576  0.37268803086078661
  0.38530197114135556  0.39796384509717819  0.41070486267926221  0.42236828644724000
  0.43350808686948139  0.44471154665804974  0.45607041537875609  0.46711346791318126
  0.47794731748322417  0.48943969495816658  0.50181721469836027  0.51513479891819047
  0.52836422105400449  0.54097152431251849  0.55219322453035602  0.56274372436003184
  0.57350586401531700  0.58462726544685806  0.59684275222490824  0.60936803765817649
  0.62366743336525421  0.63694994448524145  0.64998034645088032  0.66267687815820964
  0.67533685016384792  0.68742313547891820  0.69825700376190636  0.70845814165144605
  0.71841865743369537  0.72850429716537468  0.73879354624286198  0.74944178374703740
  0.76066200814390406  0.77136371353946886  0.78072246873196982  0.78925204615608946
  0.79766662052081028  0.80612693308768846  0.81433738447171167  0.82219372924849332
  0.83012033741178060  0.83824613686195260  0.84644824529907070  0.85443434731638956
  0.86209294142490900  0.86987461075403594  0.87790120114239234  0.88669125719247721
  0.89555718482531443  0.90396849972785132  0.91265364610843136  0.92182887537826230
  0.93153820027866130  0.94208859679203372  0.95287636608686321  0.96303898741061866
  0.97263964647079482  0.98198870075331657  0.99109145008374977  1.00000000000000000
 -0.00245751639370855  0.00834900204980895  0.01910971538157339  0.02998940227647450
  0.04183394536250144  0.05404541351045642  0.06585703560765734  0.07637467066731769
  0.08688410086893225  0.09734336693507355  0.10754488942622122  0.11732303655118881
  0.12745705186669995  0.13862374857180926  0.15058889611637499  0.16327802724075846
  0.17570129319457739  0.18714146021859712  0.19764067806904148  0.20772106387410572
  0.21718593955155233  0.22627764602896769  0.23511934663114395  0.24440114491586162
  0.25409134927030980  0.26383697648723703  0.27334306755672938  0.28372025092460063
  0.29439219981380904  0.30497423781631261  0.31502126676442077  0.32432093183522864
  0.33349302887967092  0.34303415648052160  0.35295506913704888  0.36373711972262290
  0.37468293735206265  0.38552518152308429  0.39642932438964917  0.40794873586323283
  0.41866307701311839  0.42825395695397672  0.43800398319143957  0.44904890410825615
  0.46086407115077527  0.47102968015908347  0.48136880202547128  0.49213010349193148
  0.50265676789411851  0.51299702201279451  0.52354118901541447  0.53470856861696103
  0.54555961752811344  0.55629718788000371  0.56651468070812883  0.57672324010134579
  0.58691935785222049  0.59695219452512194  0.60627544193482941  0.61411870279403324
  0.62201407625902105  0.63030843147532056  0.63917118906035164  0.64832302361835303
  0.65734466575524264  0.66650648920574918  0.67614568897411598  0.68541615259256272
  0.69578109410688982  0.70635410515953045  0.71771383235524078  0.72891739083547435
  0.73976092970728413  0.75083450651501971  0.76196543169784892  0.77341732229304905
  0.78449021029226729  0.79578289552203285  0.80724238820812033  0.81824310713265280
  0.82908228498301839  0.84035864052721676  0.85212011945052191  0.86376104904777773
  0.87507327034607363  0.88661080179666552  0.89800511461788446  0.90905490772473363
  0.92054998628070428  0.93311646690355554  0.94507553226868746  0.95619927414098871
  0.96748459537954024  0.97872391364246503  0.98951146144045721  1.00000000000000000
 -0.00360808114243347  0.01324055854974002  0.02785326796973247  0.04252675825235564
  0.05685442888683476  0.07124473761081680  0.08466884200252760  0.09626103564460871
  0.10687863337257213  0.11713439509503293  0.12725451788193232  0.13688168623997443
  0.14693343898803346  0.15777776860999967  0.16889142404959562  0.18009493525492415
  0.19079824854765098  0.20135887425875396  0.21169967713772708  0.22141355632561124
  0.23089698398646991  0.23992417151013756  0.24942259352695742  0.25867409979357364
  0.26775630491855429  0.27649806015505929  0.28532704718043761  0.29459938737877800
  0.30398155909271918  0.31289483735851070  0.32222937424622355  0.33193799095962928
  0.34262669039231836  0.35333867126368224  0.36427546669178718  0.37500084683068319
  0.38555134710707717  0.39639931630852238  0.40723742980067756  0.41781287211314261
  0.42742153197255711  0.43691647000774320  0.44611891904093276  0.45563425827179943
  0.46473146391302356  0.47334969408395822  0.48186013879152151  0.49029960222899294
  0.49875453612010950  0.50762682682799443  0.51691212854146340  0.52643254217576885
  0.53561104992471453  0.54427492705558222  0.55266799958279655  0.56105078774499351
  0.56945418340530829  0.57781743380360617  0.58621087303586794  0.59464441022091619
  0.60306853064297039  0.61132467025505821  0.61951357525366280  0.62784590519571004
  0.63636744350523933  0.64584281407459421  0.65678133543621786  0.66867534235926085
  0.68017650470037250  0.69144232976559639  0.70274170214047516  0.71387050682014142
  0.72489694230111223  0.73584021598191107  0.74646924499323630  0.75685250344085420
  0.76721488157170559  0.77812599862385701  0.78949391930074397  0.80060682158460672
  0.81135565868765980  0.82276988797082062  0.83464764186997897  0.84701247898413778
  0.85941357592309453  0.87164458608412854  0.88289733810105786  0.89456950932331480
  0.90715235157941287  0.91996684026207021  0.93224376310322066  0.94623236885469886
  0.96050344894710027  0.97330766765774435  0.98644406817775188  1.00000000000000000
 -0.00288453784711779  0.01097279844700752  0.02250195995934556  0.03432395972097824
  0.04535396573270343  0.05579261133843991  0.06629485209786146  0.07774828329373713
  0.09006766204577972  0.10273859120454114  0.11483598114633850  0.12677778280032787
  0.13884406697935278  0.15061031968652083  0.16210360119210912  0.17374886668118922
  0.18525054341386987  0.19614328766958175  0.20695235697786493  0.21854984432863636
  0.23011747196212068  0.24028089018049073  0.25002626259012317  0.25976382792816083
  0.26992951420084577  0.28013346615593077  0.29189021485939520  0.30570479038272252
  0.31981169682807220  0.33190976501017833  0.34239833066933478  0.35255323211111417
  0.36293940528736907  0.37316885856873905  0.38339654959306746  0.39373847065229806
  0.40425675235358566  0.41514317179404786  0.42549229468124866  0.43596701240399877
  0.44587938462077414  0.45597480445837485  0.46630457758646210  0.47687614666995076
  0.48746824318103860  0.49766139371340928  0.50905957845747618  0.52049357643193017
  0.52940985489598447  0.53846586447689604  0.54698821733044634  0.55617678319480235
  0.56510569516299147  0.57398879382232093  0.58313335280005374  0.59251124439854241
  0.60159838750059280  0.61084202857209713  0.62061957795157208  0.63072739356148144
  0.64063895774783530  0.64983923008538402  0.65863803633728535  0.66749524063329380
  0.67639365390214023  0.68523171200066346  0.69426190801061016  0.70303520569971223
  0.71265602483239654  0.72344359700695338  0.73400747242801356  0.74487798244267367
  0.75541413893124154  0.76572870985378116  0.77573582656976392  0.78556387878545730
  0.79605172526226275  0.80697742472148393  0.81809556177232701  0.82960540153279594
  0.84157626602276703  0.85358253004064966  0.86528187025312009  0.87635798004803345
  0.88644660919519980  0.89671241399052926  0.90692683234423466  0.91723273436213537
  0.92760682591835264  0.93822117463077426  0.94906602080121316  0.95936728562640694
  0.96937720101670066  0.97915753025737617  0.98965574549272750  1.00000000000000000
  0.19541586775818545  0.43065835648275086  0.53008406512309270  0.58633688015365271
  0.61970054920209272  0.63580606254838112  0.64514624319082869  0.65179777976852316
  0.65714491352613569  0.66223246515472156  0.66677245127242357  0.67079509890552491
  0.67453656723947797  0.67820401954887022  0.68194131773033806  0.68578010973585035
  0.68952888356379127  0.69314349293422661  0.69667293149722953  0.70012377734743758
  0.70347540768948291  0.70672919250400501  0.70995886314065892  0.71308153004753361
  0.71619570118411213  0.71937815060950272  0.72237821096076849  0.72540642839015379
  0.72830868130144377  0.73109803478659752  0.73388291995973431  0.73666158495463030
  0.73949255255597357  0.74236485778751549  0.74514453885990084  0.74789111916256190
  0.75059412817512916  0.75330272727227432  0.75604371626469491  0.75871733785926909
  0.76138627977786522  0.76409453498693825  0.76688799676327846  0.76972623085747982
  0.77260680827221939  0.77534559338788767  0.77808520797673753  0.78093899867666705
  0.78380549249994691  0.78683739302772115  0.78987086010838492  0.79296030144104845
  0.79613041668868001  0.79930168935164125  0.80243335006888827  0.80561992703143304
  0.80897107013858527  0.81235462794653124  0.81561806006580739  0.81877496136167471
  0.82181474759436046  0.82477596216169835  0.82772375032383705  0.83074668688243225
  0.83392188501597009  0.83723088316918792  0.84058523293103060  0.84394735192371029
  0.84732585326106591  0.85067851850436216  0.85400644739184994  0.85740567266638390
  0.86091838934261056  0.86444480837187976  0.86804123414542389  0.87158914435704826
  0.87530370303482041  0.87928019812355040  0.88343414339369042  0.88754199686871127
  0.89186014627776244  0.89648206413850395  0.90140026121048789  0.90638724583929930
  0.91137782105315357  0.91659212125611389  0.92215914348029182  0.92810817882851537
  0.93414397089895651  0.94049024704505135  0.94720489408853537  0.95401860442554853
  0.96164288708210188  0.97053984202882781  0.98263186714765138  1.00000000000000000
 -0.02028751594735997  0.13403120616862135  0.17885977888645155  0.20828633888823958
  0.23100651043791093  0.25116671019251952  0.26938756706508321  0.28548180748237817
  0.30018121012414678  0.31434734342790727  0.32764378138594741  0.33999374776036789
  0.35126342038301511  0.36209160777902977  0.37248773528770351  0.38216642307172888
  0.39130248762126080  0.40046855786294550  0.40961195610923840  0.41852561911666286
  0.42724778506375694  0.43604966125965228  0.44531211383950731  0.45482486079472406
  0.46402292864011752  0.47275941504173830  0.48103094520661577  0.48873011639225067
  0.49619627097471031  0.50365230407266071  0.51092039719966498  0.51821499348990008
  0.52552158761285173  0.53284677224706123  0.54026537417315268  0.54752222279304108
  0.55465835284023857  0.56163287595701139  0.56851448265421356  0.57530000157816485
  0.58187038199431518  0.58798267578812902  0.59392330844786667  0.59996010452378234
  0.60590472115400829  0.61164573525828403  0.61707035069214822  0.62220125382829183
  0.62717057775103047  0.63216540004463972  0.63713872373580227  0.64198527096624569
  0.64673245761612019  0.65141892856220052  0.65615975157946849  0.66095064650539626
  0.66576957458914676  0.67077650208081852  0.67605722753233966  0.68145716661062017
  0.68667207586559975  0.69141207434550633  0.69594696069732798  0.70044929207489426
  0.70500219825372201  0.70965883845460465  0.71447480198431979  0.71936766065057089
  0.72418979980392795  0.72885214207054505  0.73368119037453294  0.73873876961524143
  0.74386282186320407  0.74867557123184802  0.75354578228337243  0.75862594530644911
  0.76366511198448972  0.76902194377475264  0.77489549377651634  0.78093391765956499
  0.78686091752924425  0.79268416503625294  0.79861456721683055  0.80454591804947240
  0.81109390141806659  0.81909643232663820  0.82829768609619436  0.83751230373294094
  0.84654620246342671  0.85598806898410706  0.86689746588686634  0.87855209024338621
  0.89113799445303410  0.90654774980516917  0.92646802691706875  1.00000000000000000
   2.2278860664993050E-012  -1.0000000000000000     
 F F F F F F F F F F F F F F F F F F F F F F F F F F F F F F F F F F F F F F F F F F F F F F F F F F F F F F F F F F F F F F F F F F F F F F F F F F F F F F F F F F F F F F F F F F F F F F F F F F F F F F F F F F F F F F F F F F F F F F F F F F F F F F F F
  <DiscreteSampler_grid>
  grouped_processes
  1 # 1 for a reference and 2 for a running grid.
  10 # Attribute 'min_bin_probing_points' of the grid.
  1 # Attribute 'grid_mode' of the grid. 1=='default',2=='initialization'
  0.0000000000000000 # Attribute 'small_contrib_threshold' of the grid.
  0.5000000000000000 # Attribute 'damping_power' of the grid.
 # binID   n_entries weight   weight_sqr   abs_weight
    13   10   1.066754134998961E-001   1.012925874647635E-001   1.066754134998961E-001
    14   10   1.066754134998960E-001   1.012925874647632E-001   1.066754134998960E-001
    16   10   1.423301511121078E-001   1.811286896977443E-001   1.423301511121078E-001
    17   10   1.423301511121077E-001   1.811286896977441E-001   1.423301511121077E-001
  </DiscreteSampler_grid>
