 -0.00210723147180707  0.00863660687424542  0.01780946385127676  0.02766578727544276
  0.03710348589834796  0.04609539108971696  0.05506336427879045  0.06478014131137752
  0.07518389949064901  0.08590792031670100  0.09685912007794219  0.10782048530155422
  0.11943087535400546  0.13082998831811921  0.14230341964658560  0.15370642371543758
  0.16518144597251491  0.17669592255557179  0.18831303413518710  0.19978670135595136
  0.21150960170466782  0.22354596726927159  0.23670086189531900  0.25023183374482860
  0.26309341632161987  0.27444816088127383  0.28456587916712239  0.29439642442067843
  0.30393836107896405  0.31336623008830539  0.32301126235813238  0.33268570970434863
  0.34414335805847612  0.35487707047998673  0.36505839820997238  0.37542534913193937
  0.38583139451357351  0.39650426246423764  0.40640325952419604  0.41606188145894041
  0.42613292661088775  0.43700056643137947  0.44914065848450413  0.46170625965814138
  0.47412345725810162  0.48646694853165162  0.49913255176811722  0.50986019268403493
  0.52040578516266900  0.53048349162707087  0.54068749639196401  0.55086165511081964
  0.56113955904685031  0.57168951182591587  0.58248780980153070  0.59340183375252953
  0.60415277648223376  0.61473441143279395  0.62556722978136925  0.63672613045955495
  0.64791225324328028  0.65862059809231965  0.66919128558485175  0.67927274739954735
  0.68876823182423963  0.69825946871475719  0.70797563852513434  0.71674956412775992
  0.72545508449755325  0.73391660501373124  0.74265087367143601  0.75177352571571443
  0.76123467259106892  0.77061297198624978  0.78099595910278918  0.79175810251906786
  0.80286227449839076  0.81384161781927977  0.82479753279258550  0.83498428712421124
  0.84413556665975720  0.85362010662423171  0.86429455643852593  0.87553936097256757
  0.88584390160346738  0.89585109027031684  0.90637750323483357  0.91689870487771641
  0.92680487630388619  0.93673623044236742  0.94733474362869119  0.95782706575742182
  0.96805023767852383  0.97761060273854639  0.98851329173963964  1.00000000000000000
  0.00000007145557619  0.00000124911647555  0.00000384724520394  0.00000773874891420
  0.00001237256999765  0.00001716722212647  0.00002176253008070  0.00002588480292715
  0.00002935827566236  0.00003236939333050  0.00003446502872447  0.00003580656691415
  0.00003704713977910  0.00003818313258142  0.00003922005452952  0.00004017103295240
  0.00004104464430324  0.00004178816029278  0.00004247191831241  0.00004310308596396
  0.00004368284361071  0.00004421079617907  0.00004467816400243  0.00004510562438605
  0.00004547933333620  0.00004582417492590  0.00004613662742545  0.00004641846432611
  0.00004669093138435  0.00004690797422724  0.00004711066238794  0.00004730912298736
  0.00004749563266803  0.00004765891595931  0.00004780365256373  0.00004794337307125
  0.00004807951496256  0.00004821116554791  0.00004833343606349  0.00004845224645300
  0.00004855787576238  0.00004866282109279  0.00004876588002135  0.00004886745411889
  0.00004896721933709  0.00004906553272756  0.00004916277559246  0.00004926615841276
  0.00004937308640590  0.00004948031908776  0.00004958771252432  0.00004969771894833
  0.00004980893331274  0.00004992346071348  0.00005003891814354  0.00005017594162750
  0.00005031659809752  0.00005046962520083  0.00005062627936427  0.00005078747433088
  0.00005095479885378  0.00005113718822143  0.00005136047200418  0.00005159480832645
  0.00005183692127757  0.00005208840152687  0.00005242315890083  0.00005277159087823
  0.00005315073114179  0.00005358350050953  0.00005404234018340  0.00005459922595395
  0.00005520293677885  0.00005588329443779  0.00005664642166240  0.00005749071358350
  0.00005840437192096  0.00005941996482933  0.00006073726198701  0.00006262368020267
  0.00006464645357969  0.00006692909825587  0.00006949452061273  0.00007263715975751
  0.00007896126439718  0.00008733018301207  0.00010009140510205  0.00012027786923156
  0.00015280065758668  0.00021035606701241  0.00031793341461927  0.00056772200854992
  0.00133172182208064  0.00540501394749703  0.10828739376291029  1.00000000000000000
 -0.00273704483592830  0.01016732200601335  0.02215573873696472  0.03496906812538236
  0.04622835110665648  0.05626943460040473  0.06579783085299645  0.07506668713361386
  0.08419835740240181  0.09332794655392407  0.10304313964654004  0.11383323984610823
  0.12388372644099646  0.13453357227933468  0.14496347447757910  0.15582316861256157
  0.16597348023519012  0.18044512130918927  0.19309172532904292  0.20515385552551479
  0.21632246082615300  0.22692442338568697  0.23740896881474716  0.24757716763546680
  0.25731454510439211  0.26690242322836838  0.27611626069347256  0.28461963593924633
  0.29324416703585066  0.30284392696269735  0.31256385414262433  0.32250075144902940
  0.33264921415783633  0.34316588131077125  0.35386602002449918  0.36446272304530120
  0.37508503091452750  0.38605778150181702  0.39649576488863486  0.40566596920395498
  0.41419721228063999  0.42296605511498658  0.43210658495069787  0.44107788721696134
  0.44965873344219798  0.45856895749116378  0.46786227668550256  0.47717157383550962
  0.48615968351792171  0.49447045708034210  0.50267330575159641  0.51218482685437328
  0.52224579867099441  0.53309342892817491  0.54382553563403335  0.55433318552404398
  0.56556666852218973  0.57745361477373491  0.58987509664161297  0.60278473757185758
  0.61568612552078850  0.62784609715450956  0.63892803800841025  0.64933658980188214
  0.65954766337356097  0.66961918438183787  0.67986586465219756  0.69079614676217771
  0.70233705371108135  0.71362667904584653  0.72451503787927352  0.73507748091936986
  0.74538382157060301  0.75583146374574028  0.76661901024893364  0.77774190804631738
  0.78879363732755070  0.79932689533076051  0.80957015136497024  0.81994738371300180
  0.83016704811874764  0.84001799147640099  0.84996300608475450  0.86086623628022241
  0.87276560179066598  0.88411167721441064  0.89560698400931094  0.90845339397126601
  0.92111749148916156  0.93202379989211004  0.94285575871841965  0.95415376283371178
  0.96531222052286580  0.97607752367944722  0.98750206144853248  1.00000000000000000
 -0.00268308306079287  0.01014775704275708  0.02061950211244226  0.03278113296959110
  0.04407951170338814  0.05480346949852638  0.06524051601834635  0.07557441126858741
  0.08629927484949677  0.09698609264482702  0.10694379161593658  0.11685397199632001
  0.12669126679576487  0.13732988542418167  0.14868156975013588  0.16065000079101835
  0.17220850799347917  0.18355369698530319  0.19520143503141707  0.20688096468650941
  0.21820810430125298  0.22914689061445606  0.24003503392611200  0.25039536184081401
  0.26001184131683158  0.26976382435859497  0.27973713386108012  0.28962752742868086
  0.29900944471369695  0.30812237976097417  0.31805261775753035  0.32821435043166169
  0.33910298751051010  0.35020358906435872  0.36160399256516867  0.37285184645640318
  0.38324772234357757  0.39331330533904979  0.40369549762957724  0.41401394759819610
  0.42385136146373509  0.43324354467676707  0.44289861328507923  0.45358468774254201
  0.46418828397214273  0.47510783253241773  0.48657439606898106  0.49874999735220782
  0.51139146588326412  0.52310017285255450  0.53363404049918428  0.54369321731442599
  0.55411403571843409  0.56479762034679959  0.57592183732965507  0.58649461617870013
  0.59653010044032029  0.60595764886084369  0.61447605637120162  0.62300672244254951
  0.63133717608394468  0.63948176391772871  0.64796782427869348  0.65744362988426186
  0.66734087652523311  0.67820252928655156  0.68973497901567205  0.70138472945777164
  0.71266546780667539  0.72349295993595275  0.73365512909213215  0.74325598105619406
  0.75281739129683112  0.76236790471834948  0.77190901170032600  0.78128170480845771
  0.79071856982197231  0.80041914516038293  0.80999628901968068  0.81938789737535511
  0.82875627630709592  0.83868363734618301  0.84927843383373158  0.85989316421344941
  0.87109254939644942  0.88200734029659633  0.89266978310441603  0.90353539476983891
  0.91444051695318251  0.92481949309039124  0.93522595747831161  0.94701669467594740
  0.96008459325431939  0.97272427864143429  0.98562271864818485  1.00000000000000000
 -0.00197075905922493  0.00783735364557987  0.01590251070034110  0.02453560730717127
  0.03322548378974336  0.04204290339228211  0.05104322288411595  0.06046767408341677
  0.07114363073610581  0.08191542605072413  0.09202875923695972  0.10246191810886018
  0.11294508199078192  0.12344927590657159  0.13407969800201794  0.14460986973838358
  0.15494202214054054  0.16543958731336364  0.17631380963982374  0.18713112385547095
  0.19778660748127358  0.20834578984114588  0.22057662002471606  0.23248619936566978
  0.24360154840629419  0.25548961151706501  0.26801001479743530  0.27984986555605934
  0.29086280162543715  0.30352495835386195  0.31641425312722471  0.33005799212483722
  0.34330191874352389  0.35611957847530734  0.36838114814847095  0.38046527859222912
  0.39258745039997223  0.40471516914772998  0.41681774084106366  0.42892577977875845
  0.44123774119556824  0.45357361978143923  0.46763497632236950  0.48251122976134991
  0.49722056184378749  0.51033749392346506  0.52237349796681332  0.53387776572927714
  0.54509940576078719  0.55649574106035871  0.56790326733930352  0.57919018705321634
  0.59097175019565518  0.60317973360603505  0.61522229319529242  0.62677565357380038
  0.63836956757989427  0.65009495547463914  0.66272246907273458  0.67344290386250161
  0.68300829561387999  0.69289304725258050  0.70265149647277525  0.71240155880995504
  0.72187241010174508  0.73111357004611188  0.74042642093016819  0.74964981170801126
  0.75825140095727894  0.76648830566442705  0.77482445004083889  0.78315341807966943
  0.79136936961440352  0.79956370424801881  0.80716012390401415  0.81584108760772711
  0.82522955592218428  0.83460568082275155  0.84361117303324129  0.85266810717280761
  0.86213553841167445  0.87184688552121292  0.88168598504201712  0.89177824100374925
  0.90257169330118714  0.91394421886885113  0.92444381653276364  0.93404467428508353
  0.94344985373484458  0.95257911509716664  0.96120534082007614  0.96943448194271276
  0.97722965225609826  0.98489497561498673  0.99250150741765009  1.00000000000000000
 -0.00288217339429267  0.01022422409865337  0.02097708289913809  0.03221876998042485
  0.04342941337627985  0.05396973389593730  0.06394211599096572  0.07401788542939700
  0.08391184617247890  0.09332507579331434  0.10288706924524280  0.11317999923619193
  0.12379729342935059  0.13409803167869386  0.14418665389766111  0.15583976019485499
  0.16789926754449486  0.17905273211274272  0.19032469011360933  0.20191134082777432
  0.21381451762239503  0.22621708811619984  0.23888152519315570  0.25145820476205266
  0.26352750747643844  0.27539437968466696  0.28729317451386627  0.29906100420877640
  0.31075810469995685  0.32249430736649071  0.33385967753827117  0.34462949615557514
  0.35483960546773546  0.36447153825219503  0.37388350844499085  0.38334394465127403
  0.39276564569080430  0.40171458554426343  0.41017768361762069  0.41886946973411976
  0.42799977024491148  0.43697346446004792  0.44583298528242127  0.45422884189037344
  0.46398074772165782  0.47534548924985170  0.48763348722487354  0.50055009995960287
  0.51187235702555056  0.52259077185130010  0.53314252022017772  0.54384703591039341
  0.55491635016523022  0.56659346908385799  0.57854075585441500  0.58958021274745931
  0.60005292096908414  0.61091415333240329  0.62192501162354197  0.63275460327332556
  0.64334336392389746  0.65375068154849014  0.66376812043683153  0.67310778300825580
  0.68236158678475434  0.69203718933135627  0.70209414890143951  0.71325934786120326
  0.72493139895309211  0.73633509365323635  0.74736141579745308  0.75819207920705478
  0.76894614526568605  0.77948267522680170  0.78999145506383683  0.80067698210196148
  0.81127356114329918  0.82206596806069765  0.83262464450288876  0.84248118745074085
  0.85223593898122596  0.86156777748119862  0.87092077781106603  0.88033209614503927
  0.88973096619000314  0.89912760407530568  0.90945752850385497  0.91972142069936902
  0.92929328976689674  0.93878759908142262  0.94836481312022070  0.95791162263064511
  0.96763829227558928  0.97703108123919502  0.98822529796190994  1.00000000000000000
 -0.00285388590155899  0.01223972929233274  0.02403548806492014  0.03568925742357627
  0.04687581224942639  0.05808982284943905  0.06991637100044198  0.08307632229340169
  0.09786221687561213  0.11203925123735403  0.12490555557956286  0.13654827550519422
  0.14790654457012009  0.15877013323082212  0.16971490818069612  0.18115257683595706
  0.19246586028894244  0.20341743354392633  0.21381717973645947  0.22330562656501324
  0.23276854033749322  0.24182786245236165  0.25087338567467354  0.25938672516396810
  0.26754657370695550  0.27588085008045388  0.28441572466379633  0.29272969237596941
  0.30066768393561127  0.30861122610612890  0.31690187082340143  0.32555452848989985
  0.33440239865705640  0.34319546244436006  0.35209964610656047  0.36139926415740825
  0.37121221974863844  0.38161325762958698  0.39272221468602558  0.40367510527036532
  0.41412019334605554  0.42385570042969783  0.43295163350669036  0.44195792669234274
  0.45104837250909352  0.46017331869151828  0.46936988545833935  0.47881250103649570
  0.48942492550630279  0.50006756976661604  0.50990719754470337  0.51917651860053149
  0.52842078105290002  0.53757525743518553  0.54663487801069166  0.55566795162519311
  0.56448167213133105  0.57449531585598257  0.58423469242356219  0.59425811312590171
  0.60403796816130673  0.61339969841710129  0.62244449243348920  0.63172317124191757
  0.64100785089956924  0.65091927467117539  0.66076339667380313  0.67150645868275116
  0.68288552121562740  0.69403422080649635  0.70454523754199028  0.71456661906083030
  0.72426462281393345  0.73464890090755575  0.74515058682690505  0.75619595008580998
  0.76691323820704460  0.77789416960897240  0.78909485050126238  0.80052816031950991
  0.81195629981820017  0.82301243351393416  0.83397645605796011  0.84476001962955971
  0.85574843238621112  0.86705156364947678  0.87895703365089350  0.89168972145758796
  0.90499731367891545  0.91882915652181829  0.93307277041603109  0.94720542581299050
  0.96088692175477608  0.97421303679030713  0.98726380453938256  1.00000000000000000
 -0.00246839292335763  0.00907129995599858  0.01962771891191254  0.03045334594654214
  0.04107650794506765  0.05096650150534479  0.06059296117926241  0.06986194587836653
  0.07873618623270978  0.08755092692753438  0.09668978472576994  0.10663240683540773
  0.11725949362297899  0.12744473315403101  0.13802970844140944  0.14925429614601374
  0.16110814460796880  0.17222235179305434  0.18287648758900416  0.19378682702284225
  0.20488350533189051  0.21556172752665936  0.22576059973610438  0.23706446563267425
  0.24900895388178956  0.26108196694913127  0.27271220029131704  0.28406425720389022
  0.29588399921316549  0.30792236781107057  0.31916524861760870  0.33002229510936570
  0.34075629180315664  0.35164898112214993  0.36284127936453048  0.37483667297505646
  0.38763975883961371  0.40035187779107206  0.41245654330835585  0.42406341206455739
  0.43565653637095469  0.44728397468732095  0.45934587045281933  0.47158171437003421
  0.48379351884534910  0.49503799700692230  0.50601324765771216  0.51678380881673835
  0.52677004107470460  0.53583351036250570  0.54481545063974146  0.55381524844050978
  0.56241191420731373  0.57040339034099996  0.57839873456253377  0.58707018787685472
  0.59649454689880177  0.60599479824016789  0.61527806293377152  0.62406724333624131
  0.63314492432973579  0.64204617104260409  0.65299425810960310  0.66553852730093543
  0.67808823974334465  0.69032743233154670  0.70210290643733309  0.71329916786682601
  0.72407182897126954  0.73480147819610242  0.74537187609694755  0.75581527264978987
  0.76628903483075084  0.77702316939440574  0.78781665175418447  0.79835804433906454
  0.80908393824570080  0.82062759056979540  0.83201257508764059  0.84250956905329466
  0.85239100564157122  0.86207814584737230  0.87156732727144881  0.88043286431806478
  0.88978761231365322  0.89993623507361464  0.91103675944049223  0.92153129199430373
  0.93150016804183122  0.94246318795307782  0.95478156643616996  0.96459939493637059
  0.97386802335364486  0.98268490616536219  0.99150038695045295  1.00000000000000000
  0.19863979239491464  0.43120740510741601  0.53054179547652414  0.58865422369981679
  0.62047879275521634  0.63504189180607995  0.64293342996676905  0.64874686654449720
  0.65341312896916437  0.65780798089913095  0.66198883117603347  0.66598178221456272
  0.66970269533583693  0.67321469682361146  0.67662213992284725  0.67996184024560680
  0.68327954204974239  0.68656204547196775  0.68973203103835667  0.69288387524168060
  0.69598881649248101  0.69912382221955605  0.70211607849731394  0.70504540206797850
  0.70800193745244289  0.71126753305814439  0.71466672679308185  0.71807239517309807
  0.72131712062572684  0.72441699072222487  0.72747600578757221  0.73055820803567117
  0.73370084253696644  0.73691700293270390  0.74004337043350588  0.74311577534212947
  0.74613967717036556  0.74920454536021341  0.75282470232690313  0.75652856367806076
  0.76013036332090433  0.76365187223738018  0.76714673177014125  0.77058924087790071
  0.77382787592914004  0.77701112813790807  0.78018078653815837  0.78331824127440652
  0.78649567143818966  0.78974457362194617  0.79303247677446564  0.79630672532531621
  0.79953730267281575  0.80273099483643995  0.80590300961970818  0.80904081312802623
  0.81212280821436900  0.81508928245135037  0.81811605956391065  0.82129879787705840
  0.82447167615221129  0.82761003899535224  0.83063661058908134  0.83369652204066236
  0.83675271213501101  0.83979443046325852  0.84285590644451946  0.84591962223582207
  0.84901444076557109  0.85214850395192732  0.85535819713684702  0.85873440201850881
  0.86220722138888506  0.86576946620046902  0.86950584267356157  0.87332836716624496
  0.87742271103798963  0.88169911602577533  0.88614611163828083  0.89057550488003856
  0.89503074789189696  0.89962135840791868  0.90419090128070112  0.90885761103928731
  0.91372973965660920  0.91879197938435198  0.92411808827241104  0.92963627006328786
  0.93544742226970634  0.94175365769657304  0.94841579172269674  0.95533769022399295
  0.96280753823975629  0.97142434603996053  0.98216911830120113  1.00000000000000000
 -0.02194460962720879  0.14384860180845666  0.18650748063261394  0.21485997365468604
  0.23699521589013570  0.25524395579148057  0.27058644928717146  0.28458959973873010
  0.29810086951047760  0.31091926181217527  0.32384850017240507  0.33678396795502724
  0.34934034441926537  0.36107741458589365  0.37189741887746997  0.38199232980412723
  0.39168940390043072  0.40118502996187472  0.41066655594698226  0.42022289544220914
  0.42976741713061206  0.43899660011539138  0.44796961223885268  0.45664310648303102
  0.46483858008843476  0.47306425015962950  0.48076035297768899  0.48832751240949179
  0.49585326962688914  0.50337243162771428  0.51076022759880746  0.51789744510193569
  0.52488195273364624  0.53176835612899964  0.53880324043329153  0.54584275107765534
  0.55263075547248230  0.55917934370466937  0.56533710329761644  0.57107741306858995
  0.57681095281605888  0.58241861461715405  0.58813430664614008  0.59379558415491185
  0.59940325660235949  0.60508896700341974  0.61083542744653851  0.61661816281884430
  0.62228387078236436  0.62847505844540763  0.63499193940620124  0.64149731427922130
  0.64717664825515608  0.65242846172864766  0.65757071293512248  0.66272167178040664
  0.66786660835658740  0.67288089876485124  0.67786917817298076  0.68294022730797233
  0.68796212934876666  0.69298560853681945  0.69782376739118568  0.70279247030017611
  0.70765351487732220  0.71262631257380893  0.71745307148219239  0.72200991123429248
  0.72660709947065005  0.73128445436369838  0.73611077455415530  0.74113057089743961
  0.74622332126132240  0.75137828540585394  0.75622218881129999  0.76091832917426239
  0.76555380182344246  0.77029342949952684  0.77552567080301460  0.78103142169015372
  0.78677404517573457  0.79261197857589971  0.79847488235842023  0.80425159711530125
  0.81020185391206689  0.81740141351351803  0.82534826900926850  0.83431032768104485
  0.84461302763215529  0.85525431232832416  0.86562522427169397  0.87691183047962140
  0.89011032779538179  0.90485616127197255  0.92747417474944782  1.00000000000000000
   2.2332520254819522E-012  -1.0000000000000000     
 F F F F F F F F F F F F F F F F F F F F F F F F F F F F F F F F F F F F F F F F F F F F F F F F F F F F F F F F F F F F F F F F F F F F F F F F F F F F F F F F F F F F F F F F F F F F F F F F F F F F F F F F F F F F F F F F F F F F F F F F F F F F F F F F
  <DiscreteSampler_grid>
  grouped_processes
  1 # 1 for a reference and 2 for a running grid.
  10 # Attribute 'min_bin_probing_points' of the grid.
  1 # Attribute 'grid_mode' of the grid. 1=='default',2=='initialization'
  0.0000000000000000 # Attribute 'small_contrib_threshold' of the grid.
  0.5000000000000000 # Attribute 'damping_power' of the grid.
 # binID   n_entries weight   weight_sqr   abs_weight
    13   10   7.325881415388524E-003   7.234537762447856E-005   7.325881415388524E-003
    14   10   7.325881415388528E-003   7.234537762447862E-005   7.325881415388528E-003
    16   10   9.523993861089878E-003   1.235343197648945E-004   9.523993861089878E-003
    17   10   9.523993861089881E-003   1.235343197648945E-004   9.523993861089881E-003
  </DiscreteSampler_grid>
