  0.00000008853372936  0.00000022507299476  0.00000052958666165  0.00000333780308299
  0.00001323881182845  0.00002553096998608  0.00003369486605675  0.00003768727640725
  0.00003985872127045  0.00004143227726420  0.00004255514705403  0.00004339085526839
  0.00004407135357755  0.00004467931389486  0.00004517511408903  0.00004553835287558
  0.00004585822734761  0.00004614256775480  0.00004639383232758  0.00004660392986279
  0.00004678488419189  0.00004694944663442  0.00004710845237062  0.00004725767422909
  0.00004738970691231  0.00004750969173504  0.00004762584270882  0.00004774518326791
  0.00004786284845828  0.00004797087384753  0.00004806717339976  0.00004815273867131
  0.00004822594503388  0.00004830860215628  0.00004837431492954  0.00004844103914805
  0.00004851011783367  0.00004857587994662  0.00004863939661769  0.00004869900301165
  0.00004875432191126  0.00004880737589304  0.00004885927597696  0.00004891085634164
  0.00004896476074573  0.00004902175458170  0.00004908010443483  0.00004913922976698
  0.00004919736417700  0.00004925440653766  0.00004931188208241  0.00004937157197606
  0.00004943338880710  0.00004949745741213  0.00004956509492083  0.00004963705522453
  0.00004971149354548  0.00004978888651118  0.00004986756215607  0.00004994613542917
  0.00005001944741699  0.00005008740603516  0.00005015738176648  0.00005023256778160
  0.00005030712616587  0.00005037851473287  0.00005044823108119  0.00005052205702837
  0.00005060183583022  0.00005067724031173  0.00005079274021321  0.00005092206984312
  0.00005106074181881  0.00005121545751440  0.00005139230458977  0.00005159345120883
  0.00005180870058549  0.00005202827141756  0.00005227286582498  0.00005256196372544
  0.00005289395549135  0.00005329899329164  0.00005384925670759  0.00005451202485979
  0.00005527415978848  0.00005621797835392  0.00005731884516697  0.00005929559471344
  0.00006275659467993  0.00006871780960329  0.00008236063566418  0.00013651338136251
  0.00042348123521503  0.01473169023282813  0.15677320044660248  1.00000000000000000
  0.00007098603057012  0.00007435359992164  0.00007803050503635  0.00008223741332170
  0.00008696055127910  0.00009080816067123  0.00009228782509951  0.00009246933661709
  0.00009252135024595  0.00009254714558627  0.00009255913683785  0.00009256631686076
  0.00009257160767661  0.00009257518346948  0.00009257762891864  0.00009257958521547
  0.00009258136849464  0.00009258273615359  0.00009258391763460  0.00009258491035824
  0.00009258580397916  0.00009258659679711  0.00009258738961506  0.00009258810429262
  0.00009258881821579  0.00009258954004387  0.00009259029192206  0.00009259104380026
  0.00009259187975199  0.00009259278681141  0.00009259377848105  0.00009259494469349
  0.00009259628461666  0.00009259789238244  0.00009260028954742  0.00009260285542417
  0.00009260668741624  0.00009261215226037  0.00009261984289602  0.00009263024485592
  0.00009264401118418  0.00009268671708274  0.00009278573299721  0.00009332944404079
  0.00009590800582041  0.00010264587881620  0.00011208858043960  0.00012412794346082
  0.00013885458439899  0.00015678760114438  0.00017848173294178  0.00020408991944479
  0.00023315941324385  0.00026424604153067  0.00029896548822662  0.00033796846740913
  0.00037976610267533  0.00042210295841306  0.00046512750704038  0.00051375885832184
  0.00056325738966507  0.00061434522462042  0.00067464539497636  0.00074345396814811
  0.00081624718337523  0.00088952866614625  0.00096270465842114  0.00104247779208819
  0.00112962516052716  0.00121888166985874  0.00131472904690880  0.00141032791313471
  0.00150378432766777  0.00160677715347747  0.00170720867149549  0.00181956301321967
  0.00193879561430756  0.00205363526112544  0.00216749426523354  0.00229386762807100
  0.00244915497186335  0.00262979410402223  0.00281935728631242  0.00301194924573347
  0.00320453603598574  0.00340537206637046  0.00360891743443240  0.00382768344790778
  0.00405512486042865  0.00439079488997768  0.00483101252836530  0.00530354058714309
  0.00582974091366334  0.01081608956228813  0.17143673164274126  1.00000000000000000
 -0.00000029071019026  0.00000373285290319  0.00000581988244258  0.00000842926135716
  0.00001166150408124  0.00001483550145002  0.00001761623735961  0.00001992504564052
  0.00002244638371094  0.00002523977122933  0.00002854627533309  0.00003131244071114
  0.00003395386779432  0.00003642496908008  0.00003891643708283  0.00004169344677071
  0.00004429646583311  0.00004656478974708  0.00004879902431359  0.00005091868105394
  0.00005310869863988  0.00005558549453355  0.00005812642025576  0.00006042492141431
  0.00006271473605216  0.00006512083735636  0.00006783778643508  0.00007103403606527
  0.00007394905837849  0.00007653139119761  0.00007904583433813  0.00008167295239355
  0.00008461918157754  0.00008801580984512  0.00009166407390201  0.00009565124412408
  0.00010002771518091  0.00010447495640005  0.00010869608804641  0.00011301895996830
  0.00011770234891967  0.00012244872654198  0.00012704417506090  0.00013234687518294
  0.00013860940604659  0.00014543533440205  0.00015309449670619  0.00016140295250315
  0.00016979865966567  0.00017850221064287  0.00019025060403000  0.00020324032719936
  0.00021717492417615  0.00023139863502084  0.00024567286915371  0.00026015451402468
  0.00027490794574225  0.00028921687248983  0.00030180411775535  0.00031386572263341
  0.00032678921049131  0.00033993470211580  0.00035313072481005  0.00036244813315334
  0.00037455712310109  0.00038928858161679  0.00040715772322052  0.00043063822021321
  0.00045756155620066  0.00048429740070116  0.00051032447959769  0.00053611524587613
  0.00056335369437745  0.00059397125617068  0.00062710902471106  0.00066200755129133
  0.00069948212892256  0.00074033159921846  0.00078363458263268  0.00082852677146818
  0.00087306899024819  0.00091638370580385  0.00096105761032983  0.00100889880043486
  0.00106448625286717  0.00112478590113848  0.00119897893620992  0.00129651409133115
  0.00140914469192096  0.00154163271324268  0.00167636256016438  0.00182653854613923
  0.00202010729077447  0.01079236997877246  0.32452919371044420  1.00000000000000000
 -0.00289598562233003  0.00849385901166672  0.01998331932480066  0.03142126981150578
  0.04333583962655953  0.05560581026843221  0.06721393835395165  0.07738316144031657
  0.08691198567979032  0.09662001024196230  0.10715960033129845  0.11851771478417743
  0.13069109287045855  0.14356923417434150  0.15635623692142681  0.16878563960182039
  0.18092637497029138  0.19265207233909090  0.20479987416468382  0.21724252878078726
  0.22931647556853479  0.24100137651735346  0.25345504741880365  0.26742217037391669
  0.28042461733028862  0.29177965712149034  0.30258141585607978  0.31309385567881870
  0.32393321794146479  0.33464367371850462  0.34573636174902239  0.35770018014959448
  0.36997940115757949  0.38168937417491888  0.39388682802942948  0.40733227782491621
  0.42129035767482581  0.43533319724407127  0.44935046818081276  0.46296917743403659
  0.47626103282821131  0.48931534704339752  0.50248576485050578  0.51625509075826770
  0.53037969981927591  0.54429644549605893  0.55758878501315334  0.57010128248347525
  0.58212082862965620  0.59385847399592329  0.60597483800392171  0.61885955802158088
  0.63115596897275306  0.64268260501707097  0.65438105891968978  0.66573803874061444
  0.67675048088655398  0.68691141607083295  0.69552536734251991  0.70393195415695742
  0.71276458558599831  0.72159850891478261  0.73015452131048264  0.73886433095315840
  0.74710569873731680  0.75502134014254407  0.76378770253105899  0.77316179739994129
  0.78268373208311348  0.79143193002916457  0.79923836233110734  0.80751892647844337
  0.81545862461095686  0.82434104685498832  0.83460984302194963  0.84520537934282580
  0.85544054923219870  0.86515491775233555  0.87438624997957870  0.88309914095425945
  0.89169872072384382  0.90137873633457255  0.91084674683512989  0.91960032568195993
  0.92727691819901781  0.93377943059687107  0.93949441288893587  0.94477596483865856
  0.95039382962030339  0.95601474054242264  0.96180501934819518  0.96827167139957304
  0.97578644530453884  0.98365605844270443  0.99171290727235784  1.00000000000000000
 -0.00229590962308139  0.00808519948875577  0.01979013269696403  0.03184873324886379
  0.04255571873412339  0.05294971917824284  0.06417639765104026  0.07586235960373343
  0.08766397931199228  0.09907973907186160  0.10962984444498891  0.12022568342481620
  0.13069343650270485  0.14043343493269533  0.14964002783965002  0.15903902300781586
  0.16883435581840331  0.17917480407463496  0.19003873551239658  0.20077262048868011
  0.21072753572980035  0.22055117626261520  0.23052858716837665  0.24031637704887734
  0.25001637259270520  0.26159351423807059  0.27477202195208489  0.28651247866270152
  0.29565766552208378  0.30298537660674113  0.31086145685781286  0.31941462698652884
  0.33155262374252037  0.34428579514417734  0.35582190818672332  0.36647277821604535
  0.37676350008896203  0.38696333601193528  0.39688446879772937  0.40610375151346617
  0.41628315464048882  0.42678481648001154  0.43676043222377980  0.44844750114433185
  0.46091982352964300  0.47374657493984174  0.48652797238953138  0.49873309100032137
  0.50989488866179411  0.51999040208448943  0.53047601063266325  0.54125029217149745
  0.54964128502436127  0.55730262560585497  0.56587087591570739  0.57386652124096749
  0.58362223580368988  0.59641121385465379  0.60855786574770809  0.62157445278424772
  0.63476120592291074  0.64728791942937280  0.65927535734828635  0.67093412010679832
  0.68210079378384536  0.69275126008221488  0.70314941174311640  0.71382900968494989
  0.72523737531983401  0.73596533821859333  0.74546276778633014  0.75499258185110607
  0.76488400996659278  0.77574294292205492  0.78743090501239532  0.79908665046668159
  0.81064003247331773  0.82243899797972919  0.83422157095810345  0.84513295664652788
  0.85473511479757480  0.86387444162453253  0.87413205087383228  0.88543709172635432
  0.89584322945619232  0.90471835871436779  0.91293290490077561  0.91919540263300636
  0.92764067556327978  0.93663892284740624  0.94441327728848534  0.95366004497493206
  0.96424122285921798  0.97573123241676829  0.98802461841253075  1.00000000000000000
 -0.00216353530350886  0.00844508885549856  0.01737949489389210  0.02630067522155749
  0.03563989381583142  0.04487518857957572  0.05206355744392110  0.05995091017092566
  0.06850540500194539  0.07742574068795277  0.08723294258254743  0.09686563590545180
  0.10640371182515503  0.11539461248659280  0.12307730462009425  0.13004705860696966
  0.13660305424911140  0.14481567827691111  0.15408188623224217  0.16353580721897271
  0.17302603090174254  0.18258274688115039  0.19195815493846455  0.20143753286820970
  0.21060319981902134  0.21956434129352811  0.22862756544627399  0.23809626516227281
  0.24788835901199455  0.25833937633512377  0.26934276396982504  0.28033675305040218
  0.29061155749407980  0.30013128012272683  0.30911882966952281  0.31809468796820634
  0.32789925887286181  0.33888111275421978  0.35058446655988917  0.36149688584128764
  0.37144247098306316  0.38080552436753734  0.39053530305056738  0.40233542047603382
  0.41244962810103053  0.42101114631571912  0.42944267917909018  0.43672933949533016
  0.44597868532068807  0.45711331250440196  0.46785739073269522  0.47736212942667411
  0.48675715196786679  0.49673775198488151  0.50867244433197278  0.52148841801279688
  0.53490037071767116  0.54829997915290363  0.56107341609898198  0.57300704669134050
  0.58436216006592867  0.59556654409809073  0.60670819533098064  0.61829732472303256
  0.63021240233344178  0.64178625372556930  0.65303024532121878  0.66517521364509147
  0.67770371024661602  0.68972875559766611  0.70137670601131774  0.71291028622702102
  0.72469692098357641  0.73683344053496447  0.74901209713558747  0.76137418641479537
  0.77376013419512479  0.78614176598538055  0.79906519255752495  0.81149077984348827
  0.82361735079425380  0.83407623056101587  0.84542277860194870  0.85703988136500953
  0.86900750825469297  0.88137648450605011  0.89325122370051790  0.90342854388028671
  0.91437392663436212  0.92484042316650461  0.93519411719724455  0.94703693041198989
  0.95959346176913474  0.97230100560601951  0.98593553676072143  1.00000000000000000
 -0.00289327792891334  0.01180666607451733  0.01731295784647415  0.02408009767090413
  0.03228761787367685  0.04141884662680063  0.05042106913980698  0.05868254241541904
  0.06661624975923053  0.07474593772864056  0.08444683339114115  0.09542829864551290
  0.10670318602225057  0.11806853430738333  0.12949530910686105  0.14072676359897457
  0.15203122050804477  0.16325777761609261  0.17457647874480645  0.18567718078232306
  0.19634515510778666  0.20673813178353512  0.21755450406055624  0.22917249378647817
  0.24067459998315349  0.25174289233052882  0.26312325699502531  0.27509287291149742
  0.28707999266562162  0.29825306916400646  0.30815116589586505  0.31762732944783212
  0.32663881607340450  0.33450203408398888  0.34463754267556201  0.35719317944185486
  0.36978353393347307  0.38159428536073897  0.39313039966829083  0.40498585878643206
  0.41724195672173675  0.42939590679363099  0.44094954674340120  0.45185882589111259
  0.46220200884909712  0.47236096302646396  0.48335272058332024  0.49511702277463432
  0.50619103338438753  0.51691878406602809  0.52693399075141800  0.53640192847936408
  0.54668222433390923  0.55748394098972387  0.56894370033808062  0.58134559803974584
  0.59417693371817559  0.60692919588163741  0.61839612228305652  0.62617504003606694
  0.63387507163795465  0.64163545066975225  0.64942331638824657  0.65689184362450459
  0.66534137145264383  0.67593248207018253  0.68683399779122800  0.69778094888811526
  0.70916184214480760  0.72094921305500304  0.73213904395598606  0.74321203014310899
  0.75505080467921459  0.76624872453619042  0.77594699080136775  0.78599087545719248
  0.79626638016893125  0.80743814946095316  0.81894867481236577  0.82921887770247704
  0.83849881655018288  0.84880234045632563  0.86012357062714784  0.87015001885111898
  0.87920522791404920  0.88986110805313889  0.90038233037158188  0.91193949523417450
  0.92499708045348683  0.93536717134499059  0.94565550733494663  0.95649029502146521
  0.96612691303201703  0.97585216524231111  0.98724574757872241  1.00000000000000000
 -0.00316396911350943  0.01037535481604967  0.02287588413579126  0.03485603120314970
  0.04759583389834301  0.05992264298061337  0.07129670096445180  0.08226939382599324
  0.09249850993588242  0.10245287606898042  0.11311570156337941  0.12474563580933076
  0.13773142328161819  0.15068764404613802  0.16131243500461181  0.16975217648344471
  0.17878024973015949  0.18747857080810473  0.19584311056057147  0.20525120154331999
  0.21487208947069847  0.22524524202225082  0.23611603576064047  0.24712983451481360
  0.25862810770033745  0.27064827117278956  0.28299191717699523  0.29498827159823371
  0.30575013146143726  0.31522629922370465  0.32447515765010732  0.33369493699217895
  0.34332967739076692  0.35348210140458891  0.36384966494658233  0.37412833325857825
  0.38447384339620272  0.39580262842101321  0.40822767526706405  0.42016769360432166
  0.43009141261067735  0.43741161555002916  0.44455401204773082  0.45224114241300450
  0.46153627587976548  0.47348766747218118  0.48643025121724676  0.49739439612189629
  0.50751113024463157  0.51728823688728454  0.52796602505669576  0.54077047764480202
  0.55335266129647087  0.56432983062967557  0.57460135754276975  0.58465796370999445
  0.59573766837650255  0.60824432708037512  0.61951938019094399  0.62797092836014201
  0.63587439186868222  0.64348271602633011  0.65114261160260956  0.66096985267154940
  0.67189456753676968  0.68265881431225583  0.69390042189867596  0.70622337828321213
  0.71809221173305471  0.72840334273662843  0.73772119155763238  0.74714875057219221
  0.75774846596479717  0.76861628153779771  0.77944864570793182  0.78905538061110725
  0.79911997814060609  0.80864576897315521  0.81678026661333725  0.82494397695951538
  0.83418707625122657  0.84383582672357571  0.85510608984352732  0.86756355231405313
  0.87963629326556958  0.89049526028837622  0.90072295766718513  0.91127607959378343
  0.92270430610051468  0.93441093778650586  0.94501330765368319  0.95522470041197760
  0.96637045321115700  0.97832837261448025  0.99006605124700753  1.00000000000000000
  0.05330982986586863  0.17004419442385166  0.23280191309072953  0.27961183788482280
  0.32750563568218133  0.38986678104341493  0.43670756249903697  0.48145632485701334
  0.51093704906871817  0.54826442865157909  0.59478818168389136  0.63175314926908166
  0.64402292907004621  0.65175362043877116  0.65819342511977774  0.66401593084420141
  0.66877730692334769  0.67333820652574461  0.67835676020671209  0.68277811916276676
  0.68670887745665965  0.69024087001065904  0.69381466516315959  0.69773491703090651
  0.70154206739721015  0.70520898271782295  0.70890654244274243  0.71257545829062308
  0.71616955440191066  0.71967959799041270  0.72327841374328661  0.72687130941394507
  0.73000674750534122  0.73275937156609605  0.73531227625058271  0.73797636683731482
  0.74074830344485265  0.74342694125282383  0.74621340738197350  0.74868725771378286
  0.75127938204893707  0.75386986769839170  0.75662572304929276  0.75919921967473447
  0.76196333006712902  0.76535968089680206  0.76907017229317431  0.77250662869613507
  0.77574140103885580  0.77894989989957097  0.78203313761720217  0.78505500783403181
  0.78799304984462193  0.79074879534751352  0.79333666409763692  0.79611573107679079
  0.79962278251780394  0.80356306745459205  0.80768349177875554  0.81201812731096468
  0.81642391783629631  0.82059343559091213  0.82429185631785140  0.82766419390672363
  0.83105516015689396  0.83454515894111914  0.83812996608019963  0.84199415569174207
  0.84618386032820492  0.85039732292744630  0.85414045016730578  0.85808871235110051
  0.86144022137207688  0.86433504520442039  0.86726925456234516  0.87017671064031088
  0.87331115936122894  0.87678141428845213  0.88080287245709343  0.88558740077998854
  0.89036037750781405  0.89493484289652592  0.89984301428119473  0.90503072807583373
  0.91012425929664931  0.91534055183947749  0.92092772702509262  0.92675400344780146
  0.93289411711302761  0.93953005488129560  0.94552401582492152  0.95178615424358970
  0.95824745643480747  0.96589609076260874  0.97778576787738958  1.00000000000000000
 -0.03847830019639133  0.15598834263681885  0.21306127363008226  0.24228282998779047
  0.26345647085644941  0.28292791060519523  0.30125867341566531  0.31389082771056126
  0.32472319089771201  0.33545472632058970  0.34619306041387055  0.35772361316389378
  0.36909162743260965  0.38007970781787398  0.39045085036445676  0.39979911443820654
  0.40787135747095860  0.41562157408321659  0.42408219554346105  0.43333952393479147
  0.44263990729684116  0.45130975392927208  0.45826757045516270  0.46393938577160404
  0.47095222388625013  0.47679796930917645  0.48126321910808206  0.48689437888792825
  0.49217417377678174  0.49777263853951659  0.50449366769248893  0.51174862142347910
  0.51902152709518312  0.52563021947798394  0.53144925937065823  0.53699927652001811
  0.54240472517502314  0.54802463660969969  0.55404723893453245  0.56010539353636546
  0.56589638920153407  0.57148493494841535  0.57693548743361278  0.58250500902739866
  0.58829415512686789  0.59402242942628058  0.59973619813079382  0.60539836561566618
  0.61098934600269050  0.61609541261019196  0.62076473139968236  0.62534038459649155
  0.62983408130365193  0.63417671391265495  0.63912300267098576  0.64410985968637624
  0.64873105129529351  0.65377389732812763  0.65909626831470747  0.66441906592699840
  0.66957366449362032  0.67443297958763904  0.67899923712083421  0.68344130598116060
  0.68801811893331521  0.69254513419166286  0.69652399948373100  0.70010291860589768
  0.70369625126494273  0.70710945223670374  0.71062267488989983  0.71431863455314226
  0.71791871064789603  0.72144282347834454  0.72517493309401493  0.72974550416952255
  0.73440383466658776  0.73894699958681309  0.74305428132425144  0.74676329278381404
  0.75046134044981017  0.75431061674203936  0.75848367416327622  0.76264661813361945
  0.76713642530630999  0.77216719386084398  0.77829100237833582  0.78478407083232782
  0.79191480518025081  0.79963761191457283  0.80779709907939123  0.81659577494023283
  0.82670695934882743  0.84378515989563097  0.88935632003074561  1.00000000000000000
   1.3692524053429612E-010  -1.0000000000000000     
 F F F F F F F F F F F F F F F F F F F F F F F F F F F F F F F F F F F F F F F F F F F F F F F F F F F F F F F F F F F F F F F F F F F F F F F F F F F F F F F F F F F F F F F F F F F F F F F F F F F F F F F F F F F F F F F F F F F F F F F F F F F F F F F F
  <DiscreteSampler_grid>
  grouped_processes
  1 # 1 for a reference and 2 for a running grid.
  10 # Attribute 'min_bin_probing_points' of the grid.
  1 # Attribute 'grid_mode' of the grid. 1=='default',2=='initialization'
  0.0000000000000000 # Attribute 'small_contrib_threshold' of the grid.
  0.5000000000000000 # Attribute 'damping_power' of the grid.
 # binID   n_entries weight   weight_sqr   abs_weight
    13   10   6.577914729992357E-004   1.167944156489655E-006   6.577914729992357E-004
    14   10   6.577914729992373E-004   1.167944156489660E-006   6.577914729992373E-004
    16   10   6.474171217671452E-004   1.389677317826225E-006   6.474171217671452E-004
    17   10   6.474171217671465E-004   1.389677317826229E-006   6.474171217671465E-004
  </DiscreteSampler_grid>
