  0.00007141197967209  0.00007253583638006  0.00007434373002450  0.00007627822848751
  0.00007839608943940  0.00008059604104092  0.00008279007487532  0.00008526008048039
  0.00008803934423900  0.00009061049604135  0.00009186225253955  0.00009223734784400
  0.00009233667195103  0.00009237957805925  0.00009240105946591  0.00009241513386022
  0.00009242411534980  0.00009243084410081  0.00009243569069118  0.00009243913404552
  0.00009244192222401  0.00009244449259288  0.00009244637922787  0.00009244802285510
  0.00009244941297749  0.00009245069500334  0.00009245183083728  0.00009245294206183
  0.00009245392658373  0.00009245491110562  0.00009245588626985  0.00009245685385662
  0.00009245782144339  0.00009245888977108  0.00009245996857634  0.00009246117365190
  0.00009246248985550  0.00009246400730910  0.00009246566684771  0.00009246803994769
  0.00009247060153515  0.00009247353701010  0.00009247743817611  0.00009248348953787
  0.00009249111563248  0.00009250187095965  0.00009251637921512  0.00009253565611952
  0.00009258489138016  0.00009268832183591  0.00009302452414201  0.00009465037021507
  0.00009819990545114  0.00010281802645672  0.00010820912706311  0.00011494891638178
  0.00012425435913140  0.00013576664951962  0.00015001193771704  0.00016820084810332
  0.00019187142822749  0.00022161479790578  0.00025742469878736  0.00030031632021792
  0.00035459605216116  0.00041905854566493  0.00048590476397189  0.00055397670366264
  0.00062866470863099  0.00071529414570289  0.00081873204368034  0.00092890078847580
  0.00103297245367863  0.00114072166994105  0.00126666770623052  0.00141285806017111
  0.00155356443968128  0.00169013806165242  0.00183833416866013  0.00201457333930257
  0.00223010733771598  0.00249233129088238  0.00276974261915411  0.00299197889117285
  0.00325281329393472  0.00360354933461750  0.00408210889308318  0.00470197902177349
  0.00543037611567107  0.00600635162689791  0.00659612866527943  0.00766329236897261
  0.00959059884786508  0.01972295735710357  0.17075096578703344  1.00000000000000000
 -0.00975634026146993  0.03744952563113597  0.05933973040525044  0.07333672451273948
  0.08531260954733755  0.09693099549645359  0.10797477244039277  0.11870233452221650
  0.12979400727599633  0.14111818825375794  0.15198867299693578  0.16245425250950893
  0.17239342666752278  0.18118932249215242  0.19025379169079454  0.20002546363278942
  0.20999925002090930  0.22034333833737252  0.23157608307438562  0.24300913578704689
  0.25357514505107370  0.26308620916344028  0.27189550629744474  0.28121458187978576
  0.29128180309795015  0.30089302422933789  0.31013519254757937  0.31762857223955870
  0.32734176863883840  0.33662618033719510  0.34612482836924718  0.35634808978598959
  0.36658646061244426  0.37750334862068924  0.38849512012639392  0.39984975349407564
  0.41132083333478470  0.42031354129379805  0.42981035595149314  0.43931745236560754
  0.44772674398932349  0.45798757646824328  0.46874681359607373  0.47956239368176851
  0.49046706871002516  0.50147653912844770  0.51216952645847180  0.52261843940071206
  0.53387446479012424  0.54615259031061214  0.55842965925704213  0.57063172806017703
  0.58212248114377452  0.59347544938355257  0.60494607369536568  0.61474559663600781
  0.62327250876544971  0.63238465838599422  0.64135885179995022  0.64997392401777554
  0.66157731473991954  0.67162845083536782  0.68014723369079644  0.68850683626652420
  0.69728709345812678  0.70652915914191283  0.71407240760098112  0.72151946731854599
  0.72954443564750382  0.73987184491537072  0.75155392111932462  0.76308367161342483
  0.77451676304606798  0.78587764740682453  0.79666882427405561  0.80696031376356692
  0.81730625727454131  0.82734580993669016  0.83697853793533294  0.84675046653895714
  0.85737364762131296  0.86864017577014385  0.88093282810097728  0.89298081350829217
  0.90331738503930181  0.91246669642335221  0.91969452363056459  0.92611687551780097
  0.93357854805548346  0.94294949318594945  0.95330595117070205  0.96350948478725740
  0.97393950767556492  0.98349294758246775  0.99220414910618504  1.00000000000000000
  0.00000101234282912  0.00000236596917095  0.00000349880304411  0.00000507368174959
  0.00000694665455053  0.00000910079943170  0.00001162229529525  0.00001441306418407
  0.00001753292236202  0.00002082793043121  0.00002397976843110  0.00002692315148266
  0.00002979623953003  0.00003261096867004  0.00003554404378760  0.00003861052603442
  0.00004165033964165  0.00004457561198753  0.00004744351279489  0.00005033120043303
  0.00005323798819092  0.00005622131284220  0.00005933103454428  0.00006242692159046
  0.00006569901582941  0.00006918737448965  0.00007277764409240  0.00007641173809563
  0.00008025565746066  0.00008468977563849  0.00008954078577308  0.00009478706363142
  0.00010025937701533  0.00010562506832733  0.00011085293350899  0.00011608676482662
  0.00012135762033418  0.00012664931170084  0.00013227520416286  0.00013881572998446
  0.00014613227203564  0.00015355954112828  0.00016094971651497  0.00016869055508201
  0.00017690490387430  0.00018553764792213  0.00019315027512141  0.00020126308525259
  0.00020807450711573  0.00021470831342039  0.00022395427418181  0.00023305393775245
  0.00024195816586225  0.00025263128814277  0.00026392118236982  0.00027479682785804
  0.00028808595735533  0.00030247475639495  0.00031704239590155  0.00033224541237074
  0.00034740228409132  0.00036323777615164  0.00038035001958832  0.00039988286030645
  0.00042458075487703  0.00045070815681583  0.00048055993506580  0.00051319552435691
  0.00054796346692555  0.00058559507947707  0.00062773199632141  0.00066972901301397
  0.00071444338131627  0.00076228580292160  0.00081190289153536  0.00086230142412864
  0.00091560922334679  0.00097704185412615  0.00104799184057341  0.00111050192202313
  0.00116607264503728  0.00122271280069425  0.00128328540539584  0.00134373463188021
  0.00140958910395144  0.00149020981882851  0.00161003111710782  0.00175391839793409
  0.00192339367902441  0.00210122914953844  0.00229409480855216  0.00256115783801995
  0.00303857649494830  0.00435765910328674  0.01735563198113500  1.00000000000000000
 -0.00217308089452202  0.00771225943153751  0.01686578838479568  0.02613367927949004
  0.03556537385687725  0.04526119551455764  0.05503535724672567  0.06481302640441082
  0.07374215508015491  0.08219426744475494  0.09039418921550857  0.09831665240364788
  0.10736462938256280  0.11611422347207995  0.12545163327442993  0.13446889993395023
  0.14376875888788879  0.15315356866889229  0.16253585889595742  0.17208474604818938
  0.18125089729384761  0.19021209504397454  0.19929755866640234  0.20880052417578318
  0.21961929064436875  0.23071949204240014  0.24136897916880562  0.25203040039606517
  0.26248376351089320  0.27267910378624077  0.28274347067511330  0.29298956301989226
  0.30339384482653609  0.31351735891852978  0.32317142539468469  0.33274618488771779
  0.34274144217755420  0.35322243630527345  0.36390562213355099  0.37446404563968760
  0.38506939668947382  0.39531114715450760  0.40525010625344282  0.41535748024469549
  0.42544150710400719  0.43598633787200836  0.44735078197019768  0.45885384532505841
  0.46948872474913594  0.47868379760785279  0.48700146275731770  0.49534804494768547
  0.50433477286081496  0.51462923680091421  0.52636301924507733  0.53761746623444484
  0.54857826737896898  0.56028581600124439  0.57122929515575993  0.58153984624191757
  0.59131626725286757  0.60226456863662969  0.61375479786069476  0.62481891503933440
  0.63581280819258768  0.64680044965603212  0.65724838900472160  0.66791185266230357
  0.67903384253922283  0.69093889527129881  0.70320971549929345  0.71512229239439762
  0.72690354100499943  0.73865357000799814  0.75151130557887524  0.76476520487301869
  0.77616367444876488  0.78636059442009631  0.79602258061300757  0.80493756254148197
  0.81424994558685782  0.82382852552890640  0.83198381292004675  0.84243746164126532
  0.85539069859211991  0.86827462667285094  0.88109143155610303  0.89409985315147067
  0.90758268750835314  0.92168024462813214  0.93492247346178259  0.94724946989229530
  0.95958853400400845  0.97304972001361634  0.98606582436929502  1.00000000000000000
 -0.00219062917952883  0.00852586069807008  0.01835827430420676  0.02821155608198574
  0.03852508591473750  0.04962720901038872  0.06089273977953583  0.07117888100976204
  0.08107244537873833  0.09175649983665962  0.10226520703211307  0.11264405146873041
  0.12329249229312321  0.13419206411203247  0.14520050273550592  0.15743093699623920
  0.17030524486679532  0.18209100041834572  0.19240501796465070  0.20142877513440685
  0.21056784120915517  0.22088132761335486  0.23197566329959796  0.24257998397417194
  0.25274914497713880  0.26253182032202882  0.27263838907834231  0.28365409434408423
  0.29569837797691839  0.30760140030282124  0.31990836301385434  0.33130018711300463
  0.34312049575023024  0.35566536176238617  0.36764340137389462  0.37866786024214716
  0.38881287365599526  0.39834671753698286  0.40791837788566027  0.41821786600071864
  0.42924930992019178  0.44076364788887973  0.45207411215126342  0.46160701726401010
  0.46958751960256928  0.47812562712130335  0.48737208667205478  0.49686466046317485
  0.50460383502677963  0.51065033876224841  0.51730083984049957  0.52592988878336189
  0.53749221946044401  0.54852542372731894  0.55882353229765336  0.56966944598549307
  0.58049890974053608  0.59093028619986832  0.60151892084412339  0.61108530169861197
  0.62080885835223065  0.63172045928106790  0.64324890721599925  0.65498347003680935
  0.66657179611423079  0.67584314593828110  0.68409341193873829  0.69348009185985027
  0.70351130309732191  0.71354600339902763  0.72484405746077241  0.73731986928585347
  0.74870999704014385  0.75941648895497027  0.76996327046035873  0.78086150729469839
  0.79234318402943615  0.80424548845692689  0.81557995359371371  0.82928565297910584
  0.83995092891148493  0.85007387890946373  0.85858282592431012  0.86740366096429422
  0.87573635242460390  0.88374679266180278  0.89244190543000590  0.90308790332817601
  0.91537572542492029  0.92787199579842927  0.93990387034707323  0.95156531357701479
  0.96311873992954100  0.97489944607767354  0.98760700645234223  1.00000000000000000
 -0.00256911266233387  0.00855563025465764  0.01972080121241664  0.03026423502971435
  0.04042232013362007  0.05073060685438312  0.06169082626641151  0.07311783961621919
  0.08411879614986667  0.09391039899121112  0.10297088672721240  0.11207079522766035
  0.12103170687847653  0.13110001037211758  0.14224021147273089  0.15338648056627513
  0.16458941931572182  0.17604977920234444  0.18824040499288855  0.20122707902665138
  0.21496549198740278  0.22900208406571479  0.24331269575823586  0.25800129869826721
  0.27126606432642786  0.28256155362821916  0.29236503363647676  0.30040339332134014
  0.31122326677995493  0.32098279737211177  0.33157566534323490  0.34429951446945373
  0.35906414055244645  0.37470094672388421  0.39007299960593195  0.40487024116294079
  0.41856333115785360  0.43224493009893866  0.44672489850666947  0.46147244461845655
  0.47578189063383552  0.48800556784045307  0.49656664179320870  0.50618172680837670
  0.51773065938161877  0.53030482395758993  0.54305522613134460  0.55573734255443397
  0.56843049221861497  0.58143564037985085  0.59448235599760690  0.60756062031952074
  0.62072286653563813  0.63260261444171051  0.64269829848995630  0.65259925806107977
  0.66254034534058481  0.67341735740081810  0.68557464414447566  0.69812972908564497
  0.70974551830667920  0.72060033968511017  0.73171247604548273  0.74212796391376623
  0.75277188987846944  0.76281248229414189  0.76984797966786089  0.77649343852145636
  0.78331572466608035  0.79120446986021087  0.79958019668209634  0.80713246456428056
  0.81510468191899921  0.82362598299478096  0.83316853293321758  0.84276893120990881
  0.85216649787265430  0.86106815860797348  0.86984974340065857  0.87778155363390387
  0.88538604693477163  0.89324011743599385  0.90103161501112317  0.90839530764026866
  0.91617079104578569  0.92440069100418076  0.93270495287213251  0.94090925695315764
  0.94883327319911526  0.95632888840958341  0.96337771560067820  0.97015061986537732
  0.97721551959803621  0.98474080528816388  0.99222003613274090  1.00000000000000000
 -0.00268267754243247  0.00978460226765784  0.02000120376403653  0.03058289262718965
  0.04140779740774266  0.05192900242519172  0.06236009130009503  0.07239659587763254
  0.08244131896744791  0.09297910331304415  0.10215869396927781  0.11021558768983851
  0.11967562521035034  0.12919919144257391  0.13925283473448716  0.15051919897640831
  0.16261534438288056  0.17552626810612629  0.18605752852782786  0.19398909404794049
  0.20148323214549618  0.20796890449215072  0.21420160664867113  0.22291303400818413
  0.23206352737952396  0.24551536781548000  0.25717173719808839  0.26850860281407579
  0.28061190795620816  0.29247815048894221  0.30401046329731307  0.31560422839174368
  0.32744123177495943  0.33953488036295215  0.35109191351180219  0.36210473613172978
  0.37325702825996548  0.38484869853360204  0.39704237159732736  0.41003709935209443
  0.42288429668449690  0.43525580402944403  0.44617295890614017  0.45688786478997601
  0.46798450236441486  0.47907528105692376  0.49047491515812774  0.50204056589855617
  0.51286195116804523  0.52199386662422298  0.53010449658322278  0.53864351755231599
  0.54709101355323753  0.55751233797169064  0.56943830908447013  0.58037135855394828
  0.59100712841572545  0.60170427590348363  0.61253750524599726  0.62248739307538337
  0.63233763278949218  0.64174538753553523  0.65007103532847987  0.65779272069142736
  0.66666872519076059  0.67647649480043848  0.68473372505218222  0.69297559653314278
  0.70135513090806667  0.70982444364275865  0.71916489905485403  0.72946826013754751
  0.74000498291533845  0.75006816160914791  0.76102519927938883  0.77204418580226952
  0.78285451257235816  0.79364421599866297  0.80484789155804881  0.81687803286773952
  0.82915173575945522  0.84006825698478038  0.84990796509342204  0.85949221842816892
  0.86953554997824378  0.87963508227033027  0.89018773181382505  0.90072592324563761
  0.91249852466328596  0.92546508344686840  0.93840707067272011  0.95129377363751200
  0.96404164953240656  0.97645726776116959  0.98822867831101835  1.00000000000000000
 -0.00341147408847165  0.01078051230499302  0.02293786523251730  0.03479477903352171
  0.04617815599047433  0.05717859121345779  0.06815284871102889  0.07901267429043071
  0.08988168929973395  0.10073340968619415  0.11178230365792494  0.12309339917986732
  0.13439417683124333  0.14585388358048501  0.15746522809356489  0.16800947526103699
  0.17705938474404331  0.18705881722681403  0.19635098280009564  0.20453625264902042
  0.21113303657054189  0.21756921929548875  0.22437301185974351  0.23377020794921244
  0.24309081463210530  0.25314512823532564  0.26495795807696143  0.27762256933243862
  0.28983576489913754  0.30053747922805935  0.31096547290047083  0.32085720918187727
  0.33078034864830458  0.34196310262112795  0.35279989519296967  0.36328824297572937
  0.37327907251058118  0.38307049253490899  0.39275857525830232  0.40254523989375246
  0.41343265415993441  0.42536469990304754  0.43759558186995351  0.45000133470139553
  0.46213576522366856  0.47342106948694168  0.48307353522746149  0.49107205811191168
  0.49902412522592604  0.50724606089518620  0.51550481698326822  0.52362586479365802
  0.53145741519589096  0.53976453720441853  0.55018790595680522  0.56160869206281294
  0.57306764714558167  0.58489915764978306  0.59650649646700205  0.60831480576257935
  0.62064477325215417  0.63316427627373650  0.64589565720673392  0.65820322771002493
  0.66950542513254041  0.67991928389961076  0.69016671934228280  0.70065327631675900
  0.71153971834964158  0.72212264493191636  0.73212333537012153  0.74193685021270939
  0.75165777200819162  0.76150157349761205  0.77145444439625099  0.78181053024912905
  0.79191806717691082  0.80144338534267323  0.81065112419116259  0.82010845292282952
  0.82989526944327230  0.83953844373246334  0.84943229416207255  0.86023120877866388
  0.87163761498244008  0.88317385355220090  0.89509877824667816  0.90711695849501006
  0.91871317011785369  0.93036141787230231  0.94133056453411112  0.95253040882611373
  0.96388387767223727  0.97606631438176183  0.98794150399617253  1.00000000000000000
  0.04548381848669044  0.25700843917487581  0.42440574313610790  0.56257971027688169
  0.62661468782394492  0.64030663583493042  0.64866576020162248  0.65428999374535390
  0.65899745847561042  0.66362968632276931  0.66783541978000560  0.67170282031139961
  0.67537323103266944  0.67860809273640432  0.68189197077037156  0.68586540612344959
  0.68993588463492550  0.69368938532102320  0.69746972215065406  0.70119960760309141
  0.70474218928477261  0.70803788817756586  0.71111014458571475  0.71408392617456884
  0.71716707870658525  0.72049800094728522  0.72391373065941400  0.72728939217985256
  0.73074827052021463  0.73434089189163632  0.73810870627816549  0.74183551791050151
  0.74518857533152216  0.74795297908526404  0.75036863138550514  0.75278646139179617
  0.75527481475166425  0.75787630293057828  0.76051082593015185  0.76317973741281986
  0.76596117721199286  0.76906274602162694  0.77237683052145911  0.77577086022612429
  0.77916671853653174  0.78269965673004982  0.78634922005193875  0.78974441696069875
  0.79274492753322512  0.79544325655006853  0.79804640237418001  0.80053553406104339
  0.80284143814324194  0.80480668175521985  0.80694795992197654  0.80909226290489167
  0.81171003907472516  0.81505531505893591  0.81824763801418043  0.82096051848225871
  0.82330360517201173  0.82581573635176542  0.82870658814378628  0.83185897100609529
  0.83506323823401318  0.83821981076474372  0.84138321815513384  0.84440691898223652
  0.84759545463037911  0.85089971292857614  0.85418491819223197  0.85745857456480079
  0.86060261888756040  0.86371630458667792  0.86710133125524713  0.87115777990133580
  0.87586425626470676  0.88055235832821843  0.88511620711283212  0.88948561574870066
  0.89367144997553449  0.89750321642093545  0.90130807405339786  0.90496445068316556
  0.90871051350944243  0.91276240647775775  0.91742730412065610  0.92298847593122935
  0.92938297680487791  0.93612670659905739  0.94308597477864164  0.95038951637643343
  0.95864873531811357  0.96794132099796215  0.98003925214414034  1.00000000000000000
 -0.03291549662834761  0.16345072933209814  0.24549723447330674  0.27681853292417624
  0.30061196495724807  0.31696293286522631  0.33125465774283730  0.34540160043655321
  0.35929898388407189  0.37261553150441479  0.38493485174064251  0.39629470007380607
  0.40716158417479709  0.41736941920861731  0.42720210168636030  0.43715637493376636
  0.44689650501140615  0.45596704914322067  0.46450297128873719  0.47296549789084097
  0.48187772412518054  0.49136283798528224  0.50038168627130453  0.50741185804514866
  0.51303738337933236  0.51871486979721770  0.52442754187659502  0.53065182391382182
  0.53832834655994655  0.54599593706205918  0.55271041604543147  0.55858282226354827
  0.56476669980462368  0.57140742900292429  0.57827027172015244  0.58560857845223335
  0.59294602794230999  0.59945272197545940  0.60501858097988037  0.61029218134920848
  0.61568200158715802  0.62128051064967582  0.62691123323157527  0.63225810608483535
  0.63717368226054605  0.64132180617711121  0.64552240761461077  0.65054986478480081
  0.65550324533243576  0.66012399751779038  0.66458315886477404  0.66933320411093911
  0.67424811502280957  0.67897039930858016  0.68271234201304198  0.68588352476797887
  0.68970281099265796  0.69377250775546262  0.69815479760561872  0.70322433636506854
  0.70799003981793207  0.71265012958436247  0.71743562648343473  0.72210448757652435
  0.72673018438513470  0.73172543153333602  0.73662291361943022  0.74128154004472968
  0.74557475188393940  0.74979369614482339  0.75401592050964394  0.75819240059530757
  0.76251630771456747  0.76681093890834251  0.77087599882121371  0.77481098704425666
  0.77868124516356363  0.78270834088173280  0.78685323927201190  0.79127798780356595
  0.79638658611207247  0.80136301999457227  0.80548516012312987  0.80955135719120963
  0.81407880177811676  0.81931439149294472  0.82470174122943496  0.83119493025346936
  0.83790734550719836  0.84504559480497032  0.85356280598992396  0.86433456451077062
  0.87814108908852229  0.89543524742252323  0.92648529436531335  1.00000000000000000
   2.9764619054365421E-010  -1.0000000000000000     
 F F F F F F F F F F F F F F F F F F F F F F F F F F F F F F F F F F F F F F F F F F F F F F F F F F F F F F F F F F F F F F F F F F F F F F F F F F F F F F F F F F F F F F F F F F F F F F F F F F F F F F F F F F F F F F F F F F F F F F F F F F F F F F F F
  <DiscreteSampler_grid>
  grouped_processes
  1 # 1 for a reference and 2 for a running grid.
  10 # Attribute 'min_bin_probing_points' of the grid.
  1 # Attribute 'grid_mode' of the grid. 1=='default',2=='initialization'
  0.0000000000000000 # Attribute 'small_contrib_threshold' of the grid.
  0.5000000000000000 # Attribute 'damping_power' of the grid.
 # binID   n_entries weight   weight_sqr   abs_weight
    13   10   4.722012669690479E-002   9.285189606237840E-003   4.722012669690479E-002
    14   10   4.722012669690479E-002   9.285189606237840E-003   4.722012669690479E-002
    16   10   8.866097774078403E-002   2.550875400492750E-002   8.866097774078403E-002
    17   10   8.866097774078403E-002   2.550875400492752E-002   8.866097774078403E-002
  </DiscreteSampler_grid>
