  0.03065590604559306  0.03654714100180504  0.04511398427018051  0.05501797862457136
  0.06440299162593258  0.07414911196498745  0.08383774595204455  0.09394370206303683
  0.10478808034171049  0.11627667961325554  0.12761913509250117  0.13831170460786371
  0.14896736702497670  0.15964210483107896  0.16989264121846800  0.17938339470653056
  0.18925568749861343  0.19970169073964500  0.21021401830701450  0.22043394012743772
  0.23080953509291696  0.24207410829894541  0.25330486297121924  0.26345073875385039
  0.27341889944057723  0.28312672048990267  0.29285415987800995  0.30233148115282571
  0.31147403478578273  0.32087282377708393  0.33113762841402233  0.34239981298885330
  0.35445647392821439  0.36597664128196344  0.37714458501427672  0.38924672823406770
  0.40103169285312440  0.41294405950888768  0.42545464307272152  0.43743532960739301
  0.44781662966411151  0.45741866208129173  0.46696491323769340  0.47626179695006793
  0.48526247579342341  0.49430301158076057  0.50379724377450474  0.51340404057909095
  0.52286367620243157  0.53267257473576279  0.54267997386589006  0.55275091225429207
  0.56273990829262011  0.57270985622295190  0.58272417114857755  0.59218817707881777
  0.60215890118816162  0.61306349880225619  0.62389062470676770  0.63405657983432562
  0.64380789399185034  0.65329216005571866  0.66242803289070151  0.67095378826071994
  0.67972642052294263  0.68869405875131562  0.69796359696130739  0.70696336972512053
  0.71613153988983647  0.72544878853676931  0.73476516736438702  0.74412585533637299
  0.75380104905903056  0.76383950325787953  0.77361046974372094  0.78299863650918933
  0.79218133115400946  0.80188899344142406  0.81184828675447474  0.82186911413022379
  0.83217100437073110  0.84312320590645906  0.85437211494213883  0.86517907844692499
  0.87590424670374456  0.88639848211700256  0.89676113723352446  0.90731189554363689
  0.91770538575984206  0.92751776314803003  0.93720200036123369  0.94725482833281416
  0.95703635893842842  0.96546619573721260  0.96884995945607677  1.00000000000000000
  0.00000008174174082  0.00000132598566897  0.00000396144265900  0.00000785481605987
  0.00001244099946822  0.00001723070473976  0.00002179397599687  0.00002590735255783
  0.00002940476568729  0.00003234509503222  0.00003440524269378  0.00003572791731493
  0.00003692251952441  0.00003802961138705  0.00003905310048901  0.00003999365990560
  0.00004084981092226  0.00004161185059816  0.00004230569418739  0.00004294497519885
  0.00004352726812744  0.00004405367073061  0.00004453660201335  0.00004496879248687
  0.00004535658985973  0.00004571479721370  0.00004603631663054  0.00004632684692766
  0.00004659736336342  0.00004683442015427  0.00004704867850031  0.00004724547943621
  0.00004743586983420  0.00004760771140846  0.00004776630243236  0.00004790460869476
  0.00004804039109104  0.00004817253796557  0.00004830077259975  0.00004842732714180
  0.00004853358584495  0.00004863814129891  0.00004874141789087  0.00004884395277013
  0.00004894459237545  0.00004904376146996  0.00004914068899271  0.00004924128863677
  0.00004934658443084  0.00004945269989587  0.00004955984285835  0.00004966889371081
  0.00004978042035841  0.00004989378016490  0.00005000893214293  0.00005013570280358
  0.00005026909935736  0.00005041844758489  0.00005057177545094  0.00005073239165637
  0.00005089750226674  0.00005106701409221  0.00005128630861788  0.00005151833065624
  0.00005176240454899  0.00005201361784547  0.00005232305370246  0.00005266320119481
  0.00005301840291837  0.00005344803010124  0.00005390803949721  0.00005444346097060
  0.00005503378878323  0.00005567994525238  0.00005639762913035  0.00005719262642098
  0.00005806560186034  0.00005901055083915  0.00006011518862658  0.00006199096681743
  0.00006400666643938  0.00006633144009915  0.00006896067040813  0.00007165785028293
  0.00007772292220483  0.00008561922714517  0.00009757332312186  0.00011539260961139
  0.00014516440403556  0.00019267203534661  0.00028922176056474  0.00050659792337248
  0.00115422181788222  0.00391677430949195  0.11131174647712733  1.00000000000000000
 -0.00256568216495493  0.00935534041323556  0.01993123333981440  0.03013243213877211
  0.04017781885412071  0.04973698871296044  0.05881256551371492  0.06778708766631442
  0.07678816024523692  0.08609855428917801  0.09558287155909791  0.10539662007048581
  0.11557358428765953  0.12632567576465664  0.13684258482816589  0.14768415164276313
  0.15788274769906291  0.16808332174849897  0.17809649299926433  0.18814741648032737
  0.19832004661506419  0.20862066214959149  0.21920340775679731  0.22982989102031259
  0.24052251248050477  0.25133716359507635  0.26235895856202951  0.27280842406600486
  0.28276980578917232  0.29241983360939666  0.30227368112584108  0.31235410193510010
  0.32233305226465336  0.33191526267579874  0.34132606609991417  0.35057118428281403
  0.35982172622576364  0.36956360171503472  0.38016936004960772  0.39145806549393092
  0.40215501025489203  0.41214558656060829  0.42215751461495815  0.43261561891067757
  0.44349901764760874  0.45480303223822310  0.46650721987990151  0.47805955617525681
  0.48858842804860014  0.49837366753444307  0.50772445196907123  0.51664654369546326
  0.52581926690235392  0.53494490261926897  0.54453127622508790  0.55454635956944009
  0.56492968201895677  0.57625786379676514  0.58753701771505085  0.59906543570233406
  0.61036557285857274  0.62145245769624780  0.63252211572882122  0.64408989593372457
  0.65535258468678936  0.66675812673018664  0.67873100584617296  0.69006021416707974
  0.70064785139013341  0.71138383586313703  0.72185444978933000  0.73170090811416733
  0.74141178103965855  0.75197917457855812  0.76310724978393252  0.77424682969560532
  0.78565250588520497  0.79763556882348940  0.80995937503919391  0.82228297002216388
  0.83447405102400707  0.84667500429884857  0.85962023368772833  0.87372704342779695
  0.88508154122125271  0.89706577437822754  0.90835079527884854  0.91938432838758011
  0.92974215472846355  0.94021356797120792  0.95069708425825294  0.96096242860813108
  0.97087157932909451  0.98090026529243945  0.99065155282546025  1.00000000000000000
 -0.00293248969817359  0.01051871048262992  0.02180457110588983  0.03304904722956915
  0.04439230943217425  0.05549697161734923  0.06761541234200320  0.07995528518130207
  0.09137193791092814  0.10211389797951001  0.11194693185410975  0.12177158883854121
  0.13138740492129342  0.14125239713687571  0.15106791704912639  0.16116602979206887
  0.17131076601815470  0.18194600319972165  0.19307062307039272  0.20452103692271298
  0.21607293569278074  0.22748497580647886  0.23841586004831133  0.24917386093211985
  0.25943232542805261  0.26999584304232366  0.27957665536022663  0.28881712812513011
  0.29842014125919020  0.30848250650757197  0.31843084488384094  0.32781978776836240
  0.33791047359745180  0.34837887322196176  0.35894616926849054  0.36953126228562688
  0.37996070157815154  0.38998612987081427  0.39980729137626447  0.40973627918084854
  0.41971657991348149  0.42939326718395754  0.43952345087916145  0.44998683931108951
  0.46042106513482312  0.47046895193089233  0.48067981292564133  0.49076721590207667
  0.50150176353389064  0.51319637069385871  0.52532278864984672  0.53621213711375171
  0.54711648639802524  0.55828031658126953  0.56948143742660362  0.58102094251065750
  0.59322738767512895  0.60551188375803089  0.61735146433983246  0.62906833684113417
  0.64086338597674175  0.65195097362581611  0.66223819315461951  0.67236013124146832
  0.68224444835819020  0.69207060180543456  0.70159088437122841  0.71033049546754501
  0.71857249199922291  0.72745982330739789  0.73694507594134484  0.74646618398110931
  0.75601013716720167  0.76503296238629992  0.77427594796389376  0.78506851557928736
  0.79619641654947415  0.80891110480760919  0.81976183136002934  0.82979866198049745
  0.83978275491792931  0.84976152604544231  0.86023153050761736  0.87061569309430775
  0.88270043527921249  0.89533146432220057  0.90499726082847365  0.91506387029794412
  0.92500744290091508  0.93495231033244985  0.94440180754437009  0.95338443091223946
  0.96299980839598298  0.97450031288119643  0.98658897941736579  1.00000000000000000
 -0.00221788654253359  0.00805197754136922  0.01676387192925218  0.02577642788716191
  0.03477945096674050  0.04405733848636310  0.05365722969334237  0.06362230116779741
  0.07416674646339207  0.08506489233996364  0.09557206171907780  0.10603096218507022
  0.11675499903703827  0.12720999026279772  0.13626330863238492  0.14561378537142516
  0.15546000638567511  0.16518383755843971  0.17459083647357440  0.18422630700839826
  0.19622704024404466  0.21035015645441685  0.22424149413037228  0.23779582879721772
  0.25119394012641627  0.26486103726690585  0.27687803255388072  0.28774204380944318
  0.29917610745151607  0.31031065364780414  0.32113333430912055  0.33207566574408737
  0.34395711175557636  0.35705740158202809  0.37108905803312614  0.38560188006708629
  0.39961735656280950  0.41279600696956215  0.42489506169004765  0.43662973202262401
  0.44893907709790210  0.46146151608449104  0.47367162952124298  0.48568431505352599
  0.49763439115688801  0.50955802241511139  0.52174713583760191  0.53414677766922636
  0.54705113746888845  0.56017695499775255  0.57252301847286124  0.58398789867569911
  0.59501146087834056  0.60576059559729256  0.61623013350605171  0.62645993357369012
  0.63734118109749138  0.64820036289276795  0.65903759516874238  0.66961959551329553
  0.67982418354315466  0.69072187420580355  0.70253866928428221  0.71433159786559863
  0.72616531282622310  0.73742923992008580  0.74838236077855569  0.75804807202078239
  0.76702810525129850  0.77596728113601576  0.78483181380340272  0.79406431725374538
  0.80312392172488511  0.81204832138334648  0.82132529960432432  0.83079157135460036
  0.84004401830882036  0.84899630620520672  0.85797713174352375  0.86715382335069058
  0.87619690587691812  0.88546725870795306  0.89486477085862104  0.90437754310059648
  0.91370697129287548  0.92231089002116762  0.93009125664701164  0.93772760599656702
  0.94555985141368426  0.95315692887340053  0.96048909082021006  0.96773275453491359
  0.97540457395501123  0.98366058226894193  0.99200547740601208  1.00000000000000000
 -0.00356612736739896  0.01147673682485760  0.02439677712520853  0.03659985647256580
  0.04742099062598018  0.05709746942733251  0.06652411461466887  0.07597456444407316
  0.08533735402851285  0.09470230661386171  0.10438724420738939  0.11513221105731324
  0.12597062740078238  0.13635498010917627  0.14649519177095904  0.15639917234102849
  0.16652499437642188  0.17694345812511333  0.18749685457702320  0.19814441030165461
  0.20867450342342836  0.21901683633086919  0.22965971172501709  0.24053575574239616
  0.25086540468734403  0.26044489878536387  0.26958471028664183  0.27830856295829054
  0.28708588712245964  0.29614507759538794  0.30511581949505878  0.31424272775823947
  0.32352699056721385  0.33292077785419588  0.34380224393757580  0.35567134291032310
  0.36731929934658536  0.37930774714917420  0.39038580639563708  0.40131396693441673
  0.41268517783388264  0.42500629277817903  0.43745347141045388  0.44818391374101108
  0.45885669599089357  0.46934545576680042  0.47967472840856529  0.48945080410368302
  0.49950424333197291  0.50986714601767402  0.52046854227730177  0.53091334982811966
  0.54142745641573964  0.55225394500684921  0.56338271848190191  0.57419856313539097
  0.58491208680230766  0.59512687091123728  0.60526523431816726  0.61507664789843108
  0.62474893660032138  0.63478205137300892  0.64499397250399193  0.65506058193281502
  0.66501336122127019  0.67469734167442119  0.68425886892193366  0.69417696394753781
  0.70497320898865912  0.71694182923768879  0.72876051855800217  0.73937112615370904
  0.74978332994147234  0.76030758205511118  0.77096894837069352  0.78094416787349741
  0.79050919552538779  0.80026950673397168  0.81062429332688524  0.82162507407065555
  0.83302255441314443  0.84430297724901437  0.85537866246260130  0.86638879899833798
  0.87748301826551445  0.88907063647812379  0.90041345682790375  0.91133400343476789
  0.92266415423088410  0.93421770912590640  0.94511604328214793  0.95562514867712012
  0.96638649707937030  0.97775215430982088  0.98890727202715523  1.00000000000000000
 -0.00242724892627231  0.01046693134258098  0.02072762356224247  0.03204878707655680
  0.04376786058716556  0.05734015202008835  0.06983815951477029  0.08129634184952718
  0.09198479693126979  0.10269096021582065  0.11285718170722817  0.12253119462914529
  0.13191428840588401  0.14145408788003944  0.15040711943522739  0.15881312834552144
  0.16733837444332850  0.17609986974137412  0.18452143019015860  0.19325579470499391
  0.20210531727597486  0.21127802169286602  0.22074869946880241  0.23003332470458582
  0.23891104378583186  0.24775005353324883  0.25714601431666795  0.26672866366097675
  0.27615244708863812  0.28570420757336856  0.29570141855660537  0.30638326165998203
  0.31641040750148969  0.32542999271525780  0.33430993121220470  0.34356136703771106
  0.35320932107830777  0.36314977708047957  0.37296235731890770  0.38336269526439620
  0.39353674282478113  0.40359651488299458  0.41323316337854388  0.42320593407271057
  0.43297211265486202  0.44239255820828544  0.45152754376159970  0.46062134137729793
  0.46986488797254455  0.47926864085108323  0.48881644452636713  0.49857463014904518
  0.50874780764608418  0.51886923789930506  0.52824204657420970  0.53729397774127796
  0.54662471350360875  0.55617564696372557  0.56544154449988215  0.57431594387022322
  0.58324800581057512  0.59318263331608490  0.60409591811433261  0.61559482296787849
  0.62712844820162794  0.63776214710995038  0.64808683883641338  0.65862188910636565
  0.66918154989968159  0.68021763918067557  0.69140814635443615  0.70257033284020054
  0.71365270962162453  0.72479318178589203  0.73612050420064046  0.74737074450137120
  0.75862759571864846  0.77017682658874309  0.78224479710442574  0.79447401256446692
  0.80652605490438689  0.81874992278861780  0.83102028943722794  0.84316454927058193
  0.85576857564000341  0.86905842463505434  0.88241276294846627  0.89530386801259454
  0.90764047042489548  0.92002430962052473  0.93282241734879590  0.94582480507182098
  0.95891858809237962  0.97270451289802728  0.98623260034217219  1.00000000000000000
 -0.00278031003011113  0.01037577736296075  0.02154902840519445  0.03326707363966130
  0.04549391199072771  0.05822663532711824  0.07025247726368869  0.08130453203176749
  0.09172650313879030  0.10192369766322609  0.11226713960932309  0.12263472518433333
  0.13305560692571061  0.14401799844118932  0.15545636111750299  0.16691813435293007
  0.17841443314157582  0.19021988471002732  0.20228712977031801  0.21427095692514161
  0.22548008009547740  0.23520756484830993  0.24454511634048579  0.25432341215847781
  0.26437834076491074  0.27405141843395053  0.28360839071819777  0.29346659841858985
  0.30349073527198422  0.31320745622610302  0.32269507695421573  0.33243112196049934
  0.34211386414005263  0.35235464357179036  0.36413253720477057  0.37577452980248466
  0.38620025704326727  0.39614357900254221  0.40635989872986811  0.41668909657024084
  0.42690523390860768  0.43710871900882531  0.44716572244869646  0.45748790132280881
  0.46769709477265231  0.47797485572593151  0.48730032752183478  0.49631534504900393
  0.50596263903030192  0.51704935619402226  0.52713264340320198  0.53698533780212543
  0.54669737885485636  0.55693134201780847  0.56730648579601040  0.57769599469760058
  0.58900447531423661  0.60067439801704969  0.61125082137926967  0.62145427509569739
  0.63192755923580246  0.64403326158734742  0.65526258361123668  0.66624654120659310
  0.67628932187675117  0.68670334608340244  0.69633015999984982  0.70569704639073350
  0.71533270286098727  0.72464181935283722  0.73365899035289783  0.74234685191994187
  0.75098640126078886  0.75980487296000510  0.76894459187083886  0.77846099152505055
  0.78840564327383866  0.79892151322595273  0.81003921060273343  0.82142633971074419
  0.83274446745010555  0.84387357214590430  0.85506670383355277  0.86636860168313723
  0.87782410881834561  0.88901555821509437  0.90041007607976842  0.91193582813678165
  0.92331720956490415  0.93405336604075628  0.94511453064720197  0.95666736420268739
  0.96748521136061161  0.97820983825885899  0.98902613843394249  1.00000000000000000
  0.00952442462374323  0.28406663204257027  0.40840831121958754  0.48138431337496851
  0.52317836457388434  0.54441339559157553  0.55480261209312054  0.56240632477429131
  0.56833359414596663  0.57356171979425763  0.57871462910255100  0.58351782454995960
  0.58793080314875845  0.59212337465184850  0.59625349143718209  0.60040770229607521
  0.60453159805881462  0.60855732437046228  0.61239498357726918  0.61611753918196799
  0.61987176072427141  0.62362768736048024  0.62762328723945471  0.63185425538929818
  0.63600165483689675  0.64021652381736194  0.64423617521349297  0.64813213289839644
  0.65216052639933697  0.65600465147405573  0.65997976935056690  0.66403385662880343
  0.66811392410131076  0.67226132444807640  0.67646807425618205  0.68062995697410344
  0.68488188959593466  0.68894434383140934  0.69276559876941757  0.69643416482851672
  0.70016637713248175  0.70390182798757672  0.70759684177753668  0.71123136426520284
  0.71484767027396645  0.71853582767634228  0.72224840348690367  0.72600041718614849
  0.72972435210983910  0.73353622998717849  0.73754364232001179  0.74161148253926257
  0.74553734160114959  0.74946478160052621  0.75341425623912506  0.75741275735804592
  0.76158194164914217  0.76592147257167753  0.77023951033392279  0.77494300905232527
  0.77936801852333792  0.78385087862345171  0.78836778806111096  0.79293319033865661
  0.79760557077510852  0.80236726543330750  0.80712897627262670  0.81184442479858709
  0.81650885955749197  0.82115292765465930  0.82591691402044631  0.83060934550360366
  0.83517212131458407  0.83967318830030691  0.84423600473100957  0.84894853012251248
  0.85384154666504741  0.85887255786868755  0.86398941371701166  0.86926358378963031
  0.87462574255438419  0.87998760019610012  0.88549009162096648  0.89090831398789883
  0.89663317891657346  0.90266242615759995  0.90903210838623227  0.91610372429721409
  0.92330623908101483  0.93067735007943364  0.93812058838900347  0.94642263724532061
  0.95567757853804103  0.96649982748412566  0.98035963802802517  1.00000000000000000
 -0.01577301712265605  0.13382895099050146  0.17691263521202338  0.20541002898355143
  0.22915491737831176  0.24972623628092877  0.26736144773132636  0.28469585258945884
  0.30073938110376436  0.31558749246424583  0.32842564062663743  0.34040935547832990
  0.35159317812835000  0.36235828307063056  0.37253656862788098  0.38233433451642790
  0.39174722269191647  0.40053740375648011  0.40860186666124942  0.41667361907401551
  0.42454736679992749  0.43229186002832409  0.44003162715544136  0.44765333829043907
  0.45504938811036522  0.46245457447293137  0.46984462270313793  0.47702432046451632
  0.48398008915166441  0.49107167421073705  0.49820356121139520  0.50507142352599499
  0.51191328628643307  0.51872512025060846  0.52551411133186066  0.53219255911714847
  0.53850333005472661  0.54470635640210052  0.55090618148807358  0.55706672108843713
  0.56345662685939091  0.57011733428251599  0.57685214541349028  0.58362348277132015
  0.59044297038300164  0.59713471516715788  0.60355687332818109  0.60956319850997409
  0.61523332590752389  0.62088333742684187  0.62634652127512158  0.63160151548629084
  0.63675871183608757  0.64199940785626397  0.64710338155890934  0.65215626210708821
  0.65724218694737790  0.66231720450664433  0.66747666226481406  0.67272928179684999
  0.67792106257577633  0.68297146854912860  0.68794552723172642  0.69294808722599577
  0.69805016518656304  0.70314796622935161  0.70806524807270954  0.71298216217667332
  0.71797255721874997  0.72304697763583281  0.72815399984521867  0.73295998005225782
  0.73764073748932146  0.74252412262448775  0.74722352369656486  0.75178127930420102
  0.75648896412250377  0.76142019166001229  0.76644403060640398  0.77134920934721107
  0.77639737781171592  0.78164335998831724  0.78710630280148342  0.79295209210463713
  0.80042068624437024  0.80779685566758319  0.81566754611892633  0.82391839925636212
  0.83239993352947139  0.84102535727456251  0.84988294204812975  0.85959209560494587
  0.87194125660415178  0.89097520375965078  0.92635386367858763  1.00000000000000000
   2.0772070874412840E-012  -1.0000000000000000     
 F F F F F F F F F F F F F F F F F F F F F F F F F F F F F F F F F F F F F F F F F F F F F F F F F F F F F F F F F F F F F F F F F F F F F F F F F F F F F F F F F F F F F F F F F F F F F F F F F F F F F F F F F F F F F F F F F F F F F F F F F F F F F F F F
  <DiscreteSampler_grid>
  grouped_processes
  1 # 1 for a reference and 2 for a running grid.
  10 # Attribute 'min_bin_probing_points' of the grid.
  1 # Attribute 'grid_mode' of the grid. 1=='default',2=='initialization'
  0.0000000000000000 # Attribute 'small_contrib_threshold' of the grid.
  0.5000000000000000 # Attribute 'damping_power' of the grid.
 # binID   n_entries weight   weight_sqr   abs_weight
    13   10   1.678180668889216E-002   1.453408838024551E-003   1.678180668889216E-002
    14   10   1.678180668889219E-002   1.453408838024558E-003   1.678180668889219E-002
    16   10   2.069596821606986E-002   2.165950962665183E-003   2.069596821606986E-002
    17   10   2.069596821606990E-002   2.165950962665196E-003   2.069596821606990E-002
  </DiscreteSampler_grid>
