 -0.00180944931483251  0.00700385392605516  0.01326323038543832  0.02163980201860917
  0.02808609658668565  0.03689680907577313  0.04366347279440493  0.05086906078037495
  0.05885377990500603  0.06715622233310636  0.07519371510282970  0.08410266137913264
  0.09240306520322099  0.10015766254997360  0.10883453935819910  0.11924820192491269
  0.12927223829956846  0.14061491828603340  0.15418661668242578  0.16754017294201415
  0.18028886778199402  0.19199235684616822  0.20229859314390819  0.21210304066496644
  0.22182780580222913  0.22983490029091938  0.23848515344776369  0.24955448334944758
  0.26186797048828975  0.27327250594945790  0.28174663096812724  0.28976696989169648
  0.29884475402033234  0.30888188769368513  0.32050529378684933  0.33261394208114708
  0.34536152763450628  0.35745103791968558  0.36871439122709021  0.37876232677670951
  0.38670486701488493  0.39407668849199606  0.40220894729178353  0.41172442063995773
  0.42177257619312875  0.43254457095687293  0.44587053131233823  0.46061204767176706
  0.47378697299416989  0.48516096022986582  0.49554024166671834  0.50621865250135856
  0.51663780464367515  0.52629862296266250  0.53603649582217106  0.54734660002997015
  0.55980587239593260  0.57184875253569845  0.58276260745282649  0.59308152048639073
  0.60414010064097046  0.61527371405110065  0.62607858117510473  0.63721035197142029
  0.64956535203115506  0.66102548753209434  0.67229318089199785  0.68372359498676993
  0.69514851371756103  0.70672250468160125  0.71855874938080555  0.73037529886134356
  0.74205521874045033  0.75401901664198379  0.76587188742286660  0.77605797227519402
  0.78486970443675586  0.79343878505824705  0.80143253102240020  0.81054556109481779
  0.82280032119955293  0.83629293600288779  0.84947074817177948  0.86208517802861506
  0.87392773639919896  0.88534366234695194  0.89746943793040723  0.90984852424361140
  0.92146023783157938  0.93283893054129330  0.94405137498632852  0.95567332010462147
  0.96683499245821147  0.97939681395480915  0.99034800983480009  1.00000000000000000
  0.00007090005586731  0.00007463735729443  0.00007816384157625  0.00008218432281888
  0.00008659332288688  0.00009041173194241  0.00009217443889893  0.00009243491342090
  0.00009251001870589  0.00009254086711396  0.00009255439139681  0.00009256241267297
  0.00009256848894001  0.00009257281226907  0.00009257604482656  0.00009257833264069
  0.00009258031985294  0.00009258166342655  0.00009258275683493  0.00009258378145356
  0.00009258466732995  0.00009258549334844  0.00009258616620378  0.00009258681630455
  0.00009258740248216  0.00009258798865977  0.00009258854047914  0.00009258909147481
  0.00009258965748679  0.00009259023605071  0.00009259083514256  0.00009259151413370
  0.00009259221022588  0.00009259301757242  0.00009259387191822  0.00009259479936246
  0.00009259617694949  0.00009259778836980  0.00009259971487028  0.00009260217974379
  0.00009260538396910  0.00009260964216170  0.00009261630910806  0.00009262488925018
  0.00009263992954956  0.00009267501759205  0.00009273636852557  0.00009306966025818
  0.00009442857492999  0.00009816229596258  0.00010528466699260  0.00011450084495160
  0.00012576850697824  0.00013930961986800  0.00015633005638599  0.00017767166227267
  0.00020233756399763  0.00023306621072007  0.00026936042515914  0.00030916709650293
  0.00035276739229087  0.00040205966218054  0.00045774926709047  0.00052181849866674
  0.00058621047915443  0.00064627936463178  0.00069884038156519  0.00075061393726044
  0.00080953567833974  0.00088033555194540  0.00095966435856857  0.00104028267808854
  0.00112934492942275  0.00123378264097817  0.00134908685932988  0.00144994207804198
  0.00154842499295962  0.00165973264851603  0.00179737227562102  0.00194623375551620
  0.00209107225021349  0.00225281023194599  0.00245336939539814  0.00270637942683735
  0.00301477657160242  0.00334125919203906  0.00367095694643735  0.00402930033615047
  0.00444750063461931  0.00491040954942925  0.00540613612293477  0.00604221802049302
  0.00747604988986031  0.01071082890875092  0.16763603482983813  1.00000000000000000
 -0.00000059223152903  0.00000366432517126  0.00000517257397694  0.00000777825743116
  0.00001087867248948  0.00001412448388392  0.00001723996994667  0.00002017661452789
  0.00002324206352907  0.00002613939226498  0.00002852971792062  0.00003034918089243
  0.00003189554762232  0.00003366950372590  0.00003581930105185  0.00003862940902480
  0.00004125396925296  0.00004388301095750  0.00004659424447887  0.00004928034416422
  0.00005200060282145  0.00005488907482664  0.00005805382233991  0.00006141216482585
  0.00006483597572927  0.00006830959815056  0.00007186944076796  0.00007553494290848
  0.00007939626025590  0.00008341307955251  0.00008721893907234  0.00009091504080679
  0.00009467229716362  0.00009840127440067  0.00010212690657538  0.00010627529918049
  0.00011062891666928  0.00011539974271717  0.00012130386347422  0.00012719317845621
  0.00013263612746472  0.00013804899692812  0.00014381345153367  0.00014956895705260
  0.00015576461902546  0.00016314479832382  0.00017167495314943  0.00018093562351638
  0.00019142450901784  0.00020188892555821  0.00021191892712657  0.00022201133651224
  0.00023297824960766  0.00024511424171796  0.00025773445400221  0.00026940755761295
  0.00028218877557059  0.00029959170806210  0.00031964900890614  0.00034228826214499
  0.00036868346379953  0.00039827318335823  0.00042808764887738  0.00045078674929160
  0.00046563941925308  0.00048191407721069  0.00049520017241702  0.00050856527653410
  0.00052351118030745  0.00053961866855204  0.00056959336744273  0.00061214995841338
  0.00066014111311801  0.00070969987410307  0.00075743394865685  0.00080862565147900
  0.00085989195850585  0.00091140153960027  0.00095941950417760  0.00100603011374150
  0.00105439287393978  0.00110311142847917  0.00115386390923486  0.00121273739644955
  0.00127734419155659  0.00134521926508685  0.00141739637923572  0.00149816847505530
  0.00159286306648115  0.00169051745663955  0.00176351861474249  0.00239848210061588
  0.00362361958522675  0.03040998575715635  0.05998464334778206  1.00000000000000000
 -0.00159294101949727  0.00626705180208468  0.01516870402074229  0.02489782779124440
  0.03400615274021349  0.04323024338076006  0.05373110756263660  0.06508091592237836
  0.07558566000312207  0.08605022272806305  0.09699777808624566  0.10769932253780813
  0.11764641927818575  0.12652355289461595  0.13869145341853989  0.15017197185288783
  0.16043676483197566  0.17061721954684925  0.17986576470173138  0.19273429754313076
  0.20781057861229060  0.22272514548113739  0.23639766004550558  0.24949492407757701
  0.26198556414186924  0.27452896630402784  0.28778533225134345  0.30176717491727090
  0.31728393322223775  0.33408730147582899  0.35075573256566744  0.36590929291129493
  0.37946204079364743  0.39263961855641499  0.40521998334290094  0.41708024780629427
  0.42927888835505340  0.44123934100728890  0.45322488495771512  0.46544044401488199
  0.47849889431874193  0.49070055494752857  0.50154678452847390  0.51115678398669129
  0.51956821827693311  0.52949801441545818  0.53901194003074127  0.54860563000663565
  0.56134791936545048  0.57555773534323673  0.58942089092028616  0.60120502534396525
  0.61075509617343071  0.61966592869563397  0.62796761577736371  0.63508428174574416
  0.64244677011289242  0.65127617626479029  0.66038005948459999  0.66830313782237272
  0.67586778953077320  0.68540689974471969  0.69685183470527312  0.70914237422018900
  0.72095777105849634  0.73218632929778049  0.74289824564630069  0.75405875747021411
  0.76363025546919372  0.77236692571899235  0.78061905452708469  0.79076991109866934
  0.79905129439893341  0.80659868825973913  0.81442704099555563  0.82222133878354009
  0.83082506121865762  0.84067715994784054  0.85114284612177249  0.86127022235645168
  0.86913877349142588  0.87493653750296296  0.88136603287534820  0.88841555916756998
  0.89575244478675875  0.90401726554742023  0.91391986868506525  0.92444403691717902
  0.93412381993626870  0.94377044642418606  0.95344742931361992  0.96301552225415754
  0.97213762638391887  0.98111262389171827  0.99033057479308040  1.00000000000000000
 -0.00210056905139092  0.00775822537035281  0.01750099979537316  0.02924501723191123
  0.03774192637661836  0.04426941143783660  0.05190090403099865  0.05939523429663855
  0.06700822875729076  0.07595115159121751  0.08474239227676179  0.09353766885645261
  0.10445456864124589  0.11674742981531945  0.12839084075157634  0.14010214903984081
  0.15207864032362542  0.16437610160054639  0.17709964656034760  0.19017969040644322
  0.20357966064016694  0.21734355508214692  0.23058415152178377  0.24199654182079294
  0.25274642914575435  0.26271530258169451  0.27206930285094766  0.28147551357017275
  0.29128857134220798  0.30187028146109562  0.31333183581129881  0.32499002326565302
  0.33624204375087369  0.34853120812843713  0.36014242389243295  0.37178349607252154
  0.38308009722044400  0.39419430018951901  0.40558582007678934  0.41768993335743615
  0.42983369730850096  0.44033038677936370  0.44856954128142323  0.45621774012043387
  0.46528058735378247  0.47489612020527089  0.48389765063734996  0.49370927628238859
  0.50399368132789535  0.51479485083268617  0.52549380060121187  0.53543861555698047
  0.54528215117846268  0.55513746146553333  0.56501254407000912  0.57472574720257863
  0.58481886345195244  0.59541651752039015  0.60588730794156809  0.61889855204918864
  0.63305027825775895  0.64667253807339120  0.65873278054240880  0.66850487779557954
  0.67608570276610391  0.68460427727777506  0.69365797585440636  0.70267415856237447
  0.71002048196808676  0.71654268333387072  0.72513935274615027  0.73683738027429169
  0.74962956640004863  0.76176886579454650  0.77342151378671942  0.78512829852148980
  0.79639049135435569  0.80690268580480839  0.81638458703759897  0.82452114084478445
  0.83310023870929506  0.84271773960390461  0.85271796697417213  0.86231583753862728
  0.87175879750948904  0.88152679640271714  0.89105325417560466  0.90019714030514275
  0.91147424300228874  0.92507404989668540  0.93843214803173491  0.95135227324437432
  0.96364336331579126  0.97551540823211413  0.98752141014849015  1.00000000000000000
 -0.00106522442377773  0.00535753642208908  0.01298334864918458  0.02054473211366957
  0.02816209202990845  0.03677626039685444  0.04570780450104237  0.05474895368000159
  0.06410178303331746  0.07347101194495949  0.08239262497229603  0.09109710596667325
  0.10021505817451214  0.10988511559750688  0.11966208883121440  0.12911845604745639
  0.13846722206036577  0.14825723030184812  0.15902779958389918  0.17078583716334858
  0.18134418246035502  0.18874313459851194  0.19636062115660252  0.20393570032080818
  0.21094193169062175  0.21756535150398293  0.22382733024801504  0.23190745784613603
  0.24041860840392787  0.24964096275084907  0.26091095557657895  0.27238555568790773
  0.28341834741564287  0.29485462308704730  0.30500334319782307  0.31469984660319816
  0.32500780358396703  0.33756149929978385  0.34705042326058072  0.35674589956346597
  0.36628573922663543  0.37590399322095219  0.38485881120871046  0.39461681384147590
  0.40463038680778812  0.41508664882760904  0.42683417841281224  0.43750723680132170
  0.44668708875841434  0.45607730660979828  0.46590313727118465  0.47602668001502302
  0.48574586465558783  0.49663968347645038  0.50772567525030432  0.51574940583860251
  0.52245188660148156  0.52902065191759029  0.53565631611513720  0.54145229252308991
  0.54974953109830049  0.56115218719774829  0.57411157078882602  0.58636116318184883
  0.59891839488962928  0.61122150071569892  0.62211324042772231  0.63310553002024950
  0.64132114983627753  0.65231516983290727  0.66380583915640567  0.67519530575576026
  0.68649633180392211  0.69805340121079595  0.70894387626581057  0.72089653677712207
  0.73289251321798776  0.74523246834288037  0.75709426261062396  0.76922752338731970
  0.78182050105337486  0.79483698326010055  0.80843406052390954  0.82255744346035942
  0.83728375322550297  0.85355423599148150  0.86943060309739628  0.88512892642614704
  0.90086660693607690  0.91682740380167238  0.92963339145500323  0.94004410471267785
  0.95177630940057922  0.96570556768846894  0.98184552051446006  1.00000000000000000
 -0.00307116173969121  0.01085265368364508  0.02258980675545375  0.03203246618206906
  0.04063742192691856  0.04995669841654596  0.06064394174783237  0.06757248145307866
  0.07301521423791127  0.07933408221841347  0.08620696926269646  0.09420712274539760
  0.10144053926461197  0.11402331731638382  0.12554774956667467  0.13751430038048390
  0.14949702943777946  0.16053876099816228  0.17170013537762036  0.18336122265158941
  0.19492994321257037  0.20667644681256092  0.21882265250038843  0.23068546445685895
  0.24135135193243581  0.25053513381971398  0.25881179261933185  0.26698965171849570
  0.27622385745609712  0.28734926418948881  0.30010636027199983  0.31356178715141098
  0.32676015972677597  0.33982274200892221  0.35307633862062260  0.36622394572756339
  0.37923545962520033  0.39221609000724100  0.40491777587601929  0.41743409884952498
  0.43002740508390075  0.44254656107810914  0.45562977198588384  0.46920159088285257
  0.48209241211097725  0.49222572698995432  0.49925312917349390  0.50694551542833155
  0.51550981993991640  0.52422531022018748  0.53487247755473022  0.54715744090525209
  0.55944175002724117  0.57113137483588750  0.58238316100227006  0.59397361980844698
  0.60556111224137432  0.61608271619820254  0.62611600683518642  0.63531722735971941
  0.64492037127286406  0.65529116727357706  0.66442024697006963  0.67242798436259366
  0.68030069040624308  0.68902766141550142  0.69799123120534279  0.70602514461848298
  0.71478588335995918  0.72547843239632070  0.73607465797787375  0.74630536122372182
  0.75657983139302365  0.76601672926058606  0.77577813954473451  0.78696644832820439
  0.79815369855296736  0.80851465395661193  0.81902922638870601  0.83075677228030609
  0.84318095653453751  0.85573942431299754  0.86644942084743681  0.87548704472547179
  0.88487101591415362  0.89450048920882830  0.90433994226203396  0.91434063336946891
  0.92434390212312068  0.93510361716353840  0.94574456611378854  0.95609128461919513
  0.96682429718955321  0.97799184506956260  0.98841452574807187  1.00000000000000000
 -0.00345813732594420  0.01015471209934185  0.02407586748362573  0.03803825841476313
  0.05222593039422499  0.06661180347836941  0.08082025934148754  0.09463248198926438
  0.10668968892750735  0.11750000837980068  0.12747862303371604  0.13733052576177335
  0.14766127254546560  0.15857062746075823  0.17133508645818138  0.18399832890850920
  0.19642527725926576  0.20804442390282499  0.22082386439452947  0.23347369148532307
  0.24561142438292366  0.25783792961029378  0.26989184704217217  0.28130221138066147
  0.29241804296422813  0.30208637581702247  0.31053160078013847  0.31917434893649599
  0.32786411327168341  0.33632291626893618  0.34618814221835165  0.35760108102491689
  0.36758702475735305  0.37628080247422885  0.38515473230602659  0.39556087659061012
  0.40851688938760083  0.42126291469185073  0.43340015058464021  0.44434260196771774
  0.45429313239751701  0.46382888749784512  0.47431701687292316  0.48461264174007856
  0.49349845209106341  0.50118721350264528  0.50797805087235515  0.51618946286267664
  0.52550604198974293  0.53579835156945821  0.54566617622367097  0.55611253724651444
  0.56500670094673144  0.57294908032576441  0.58084835104903110  0.58990470702766740
  0.60167965462919559  0.61498541884996760  0.62818150119572125  0.64091458497075027
  0.65340947145473527  0.66434772240159445  0.67459485253874341  0.68476721168441368
  0.69550275692732655  0.70736502529127410  0.72015114991099138  0.73264753361693158
  0.74451545100231653  0.75621585983832107  0.76644498373396186  0.77441957928330385
  0.78245533939059275  0.79119003885137662  0.79934543179327588  0.80764747166343898
  0.81726315119403137  0.82718434302949806  0.83734376691541557  0.84742888163908314
  0.85875448022381096  0.86887170970285843  0.87759401117852653  0.88604872024180703
  0.89512557905643075  0.90477706823529491  0.91395495855478104  0.92274858282594041
  0.93119035262011185  0.93962281636311995  0.94833096248633630  0.95748777390972406
  0.96496794814676679  0.97649882236901253  0.98947000438184707  1.00000000000000000
  0.16974067847649760  0.40616439764029072  0.44414677401632169  0.46522305043904172
  0.47917399762937252  0.49060882354860202  0.50137685325515513  0.51257324393010173
  0.52431186037770883  0.53938151767524778  0.57333432874315637  0.61693608274127298
  0.64161361697407415  0.65262646775927924  0.65947340726687331  0.66496259127114898
  0.66982560244667877  0.67465928810342946  0.67965991546727555  0.68407313055414076
  0.68752449130608750  0.69066159521742110  0.69387291094522519  0.69705361496816154
  0.70053224329831854  0.70399570294969527  0.70701300343864126  0.71003826978304019
  0.71358191805394267  0.71788057412184136  0.72267651013030265  0.72755144950793105
  0.73207935504169297  0.73568268491972810  0.73872029358498192  0.74159488430661369
  0.74416574352205900  0.74674182193417249  0.74937617538113488  0.75237533123193689
  0.75576111233690835  0.75956718655286415  0.76362065516465649  0.76783530734848771
  0.77209107081320238  0.77498652284968783  0.77820015844948454  0.78130849444940653
  0.78447075830642343  0.78779247481260706  0.79131251724183649  0.79509110870130828
  0.79890940242104402  0.80197085743263086  0.80480108730024014  0.80773348092697805
  0.81061771188022769  0.81386713896571361  0.81711152888945782  0.82021277018357086
  0.82345926486853616  0.82686511141661778  0.83004664023964081  0.83265401080808554
  0.83503287138362980  0.83735411934257442  0.84007268903773624  0.84361617692908120
  0.84679963246383949  0.85008616922995262  0.85372549076910964  0.85810431684697641
  0.86305369427043876  0.86762515022144782  0.87180259891582768  0.87604729294116035
  0.88062396433284784  0.88467569683034153  0.88750506642039340  0.89057807932344801
  0.89416214912094671  0.89781536295750985  0.90111729277428365  0.90462947591960607
  0.90850394612169005  0.91282552125695127  0.91825469820252570  0.92474370514102922
  0.93169947905040440  0.93876526768412316  0.94593045775142126  0.95352197336720412
  0.96126200785649607  0.97020009407478991  0.98270305078647502  1.00000000000000000
 -0.04097710577711215  0.17222426731786541  0.20339830181667967  0.23368783007209459
  0.25873843687118375  0.27897137242422204  0.29671537090797789  0.31279424520126936
  0.32763720517988854  0.34170945057301566  0.35522826601658886  0.36796047040848512
  0.37987016937182128  0.39111937426799298  0.39989564371436997  0.40753423340545569
  0.41449941568861509  0.42094678060724128  0.42862214051427039  0.43650161416740224
  0.44393746443585380  0.45161026582781716  0.45983689614549755  0.46810156115490936
  0.47577624847364419  0.48274908705986591  0.48954532673530649  0.49648087086729481
  0.50339621145649804  0.51033400772297233  0.51738250291302501  0.52428159227121640
  0.53071864642737021  0.53672963329526913  0.54266161932528301  0.54886970208626329
  0.55530136099426330  0.56178619485697312  0.56817072320644968  0.57415713385440714
  0.58015089022725275  0.58617462333490655  0.59192443790407090  0.59697166916853384
  0.60126846705936388  0.60524827303878659  0.60884401229816854  0.61203423261501733
  0.61496966895711214  0.61809060264225046  0.62293759727908438  0.62831520817979136
  0.63363602634847516  0.63918981768301963  0.64492160825932288  0.65043567988074080
  0.65544967457652836  0.65999077307720055  0.66393886926783796  0.66741139944142913
  0.67087241388138363  0.67481182631139269  0.67865435634883509  0.68144924243032212
  0.68378835954772132  0.68683751580218644  0.69012851922680629  0.69354070661805689
  0.69675969439463559  0.70011081354327065  0.70344352091594808  0.70715101678939951
  0.71132778592963719  0.71623905543123412  0.72132637087659257  0.72601797010659130
  0.73011478197340174  0.73384090405804725  0.73786377744566500  0.74216723715129918
  0.74619513366439350  0.75015069843301163  0.75435527387458989  0.75902774900189018
  0.76423638401324590  0.77003797912584715  0.77713547523607018  0.78532891118835269
  0.79312919363545797  0.79986599291531590  0.80869803673100316  0.81938771187016457
  0.83177635879280476  0.84616798518512337  0.90653006100305444  1.00000000000000000
   2.7546351326054871E-010  -1.0000000000000000     
 F F F F F F F F F F F F F F F F F F F F F F F F F F F F F F F F F F F F F F F F F F F F F F F F F F F F F F F F F F F F F F F F F F F F F F F F F F F F F F F F F F F F F F F F F F F F F F F F F F F F F F F F F F F F F F F F F F F F F F F F F F F F F F F F
  <DiscreteSampler_grid>
  grouped_processes
  1 # 1 for a reference and 2 for a running grid.
  10 # Attribute 'min_bin_probing_points' of the grid.
  1 # Attribute 'grid_mode' of the grid. 1=='default',2=='initialization'
  0.0000000000000000 # Attribute 'small_contrib_threshold' of the grid.
  0.5000000000000000 # Attribute 'damping_power' of the grid.
 # binID   n_entries weight   weight_sqr   abs_weight
    13   10   1.099172288945585E+000   4.888282834885694E+000   1.099172288945585E+000
    14   10   1.099172288945586E+000   4.888282834885694E+000   1.099172288945586E+000
    16   10   1.501356626209408E+000   8.548213440468611E+000   1.501356626209408E+000
    17   10   1.501356626209408E+000   8.548213440468608E+000   1.501356626209408E+000
  </DiscreteSampler_grid>
