 -0.00225899623842012  0.00991948312470401  0.02009023288594689  0.03008006884757529
  0.03894342998605006  0.04733469476076318  0.05562369621962891  0.06436514179357683
  0.07401843153048765  0.08399888233082550  0.09435072714348167  0.10444818071891451
  0.11392368038731672  0.12339499773305757  0.13326225520370424  0.14334844032573954
  0.15357063177002914  0.16375390230424880  0.17410034620860937  0.18466508759214420
  0.19576105039143252  0.20706865214489648  0.21785460553541305  0.22834644879831237
  0.23963030149314127  0.25065887076049409  0.25970546773925851  0.26890393896113934
  0.27835937864586929  0.28776905401710801  0.29708310249065800  0.30663136685351816
  0.31739421927191036  0.32925680141997776  0.34163911176161693  0.35390752979134510
  0.36537535952728895  0.37632499147762327  0.38729079007764611  0.39786617549741721
  0.40802387744472113  0.41817113607013151  0.42872418194964368  0.43930928288257431
  0.44976880158203725  0.45999263265405677  0.46991461768085063  0.47990874666566880
  0.48987873694571310  0.49979803619675650  0.50971607842193212  0.51986336657865018
  0.53067715887036682  0.54186390258626249  0.55275963370406223  0.56345615652629588
  0.57412553059476756  0.58492910560593836  0.59597229908050975  0.60750165646929277
  0.61978618904518046  0.63206004559314444  0.64359155888756447  0.65437645276405632
  0.66467095145857658  0.67506440501657206  0.68585743683478506  0.69729654740229552
  0.70885098274134251  0.72014987010796683  0.73145451889786783  0.74252436018646750
  0.75349262660058436  0.76464314325886162  0.77582241177408218  0.78662610871004557
  0.79731928788730033  0.80840748373651916  0.81973687325857558  0.83099874310236277
  0.84213409060473066  0.85293719330805740  0.86361627649540129  0.87427299585635143
  0.88492835757320976  0.89549049601302089  0.90654191143613994  0.91736954665473081
  0.92796866400253308  0.93870633061670372  0.94979975536211603  0.96073056268589763
  0.97072565584603510  0.98072686289034405  0.99007578676797980  1.00000000000000000
  0.00000009548645346  0.00000129034917874  0.00000388089182014  0.00000768703597420
  0.00001219209097246  0.00001687060155855  0.00002142376367833  0.00002562364335738
  0.00002914428116405  0.00003216542377185  0.00003432728435336  0.00003576411697842
  0.00003707712993023  0.00003828040406422  0.00003936677218064  0.00004036837507046
  0.00004122392916297  0.00004195037793401  0.00004262563986414  0.00004323074504662
  0.00004378390325308  0.00004428762815543  0.00004473615022210  0.00004513731120376
  0.00004550367871511  0.00004583499282865  0.00004613451751993  0.00004641063174757
  0.00004666250468914  0.00004688720907926  0.00004709138452756  0.00004729038938366
  0.00004747030085893  0.00004763669989676  0.00004778206752111  0.00004792207066705
  0.00004805921778027  0.00004819148717761  0.00004831748019124  0.00004842998718888
  0.00004853931548964  0.00004864623595178  0.00004875063581423  0.00004885435301609
  0.00004895368028954  0.00004905286153885  0.00004915516443241  0.00004925769120560
  0.00004936379545567  0.00004947002657937  0.00004957838321103  0.00004968703985358
  0.00004979854160076  0.00004991113781505  0.00005002840713264  0.00005015488286672
  0.00005030042954417  0.00005044949012977  0.00005060185913309  0.00005076228046072
  0.00005092912504919  0.00005111732890795  0.00005133337990256  0.00005156754102789
  0.00005181181604819  0.00005208449367912  0.00005239018952138  0.00005273066998935
  0.00005308709103107  0.00005352929713893  0.00005400388558523  0.00005453349767129
  0.00005512730004222  0.00005578194173775  0.00005650764021260  0.00005731605671235
  0.00005820774297552  0.00005920210811581  0.00006041306047682  0.00006208751555457
  0.00006393835712728  0.00006601612264380  0.00006832011744718  0.00007082211472019
  0.00007511587805044  0.00008294512434714  0.00009349963463729  0.00011027252214407
  0.00013782272923648  0.00018520872948991  0.00027229659162111  0.00048139619716201
  0.00107626345512591  0.00376638915645228  0.13571264726559801  1.00000000000000000
 -0.00271626667244996  0.01063000575459814  0.02099301409320510  0.03090495225020325
  0.04042202878056249  0.05156190337571161  0.06302342053518008  0.07371046730006252
  0.08414888351278489  0.09404704425655679  0.10444649517674841  0.11433094246514153
  0.12400929031339053  0.13420561085565125  0.14405616298202770  0.15564246417966685
  0.16702352692344929  0.17910840449828891  0.19063669660126292  0.20219989764764287
  0.21327162283345380  0.22358489674802096  0.23310771857018958  0.24268178194247128
  0.25309110981427058  0.26450799054887142  0.27520729368296537  0.28512785732430090
  0.29478644696515421  0.30464398527409914  0.31475020585525221  0.32490457340123519
  0.33459189450752752  0.34505151330511302  0.35562647532284242  0.36601043236039355
  0.37652112936876053  0.38754591502404839  0.39846978038192205  0.40896134203178347
  0.41950473444066483  0.42996943295540219  0.44015044152166410  0.44999559853411120
  0.46000143825647954  0.47025059271711889  0.48044987086370883  0.49053139455593930
  0.50067542331791570  0.51085471161548057  0.52146752389228923  0.53235942330827746
  0.54328691038430210  0.55398758975145534  0.56455767433711401  0.57505851618364656
  0.58556074163271021  0.59623698278558157  0.60691919451654419  0.61707934585291158
  0.62727894303785314  0.63775454865792502  0.64823242497277822  0.65805937445696860
  0.66718235769904677  0.67661959383093728  0.68654010563322443  0.69754289552613025
  0.70951965902051783  0.72184094784950159  0.73396178235721810  0.74472568834145247
  0.75553845423690469  0.76556456209747725  0.77620371482990269  0.78657296239863495
  0.79679241680807100  0.80732823811614640  0.81848856114753266  0.83104193490307465
  0.84250017058283333  0.85357568724603883  0.86433950952654015  0.87491678110566318
  0.88450791597209044  0.89425593328209996  0.90374289460772550  0.91285369052377563
  0.92188987861924288  0.93109043134278380  0.94086693601221727  0.95163065129738000
  0.96288641989686896  0.97545035879495878  0.98766445895855015  1.00000000000000000
 -0.00267249510857220  0.00929510618881902  0.02026424670629681  0.03169610560642484
  0.04324957421562897  0.05458126527499484  0.06587011241026305  0.07775559183054689
  0.08948142732206503  0.10127420885339891  0.11307507433883685  0.12429141160448076
  0.13482345324256115  0.14512438133730743  0.15609259354702218  0.16722903124565044
  0.17835681041528700  0.18945880395389467  0.20028694097166966  0.21080672810626369
  0.22115975522010858  0.23195889156570837  0.24381644627638197  0.25668124549263283
  0.26999283972192467  0.28093679370766889  0.29057094937644784  0.29951800580136145
  0.30851211878584878  0.31796795058315463  0.32728744044486241  0.33654229652877110
  0.34620965392343200  0.35660964340145568  0.36812497925198440  0.38049169683367451
  0.39316662005122754  0.40564788551929543  0.41740492544948804  0.42787052262871084
  0.43843689807155883  0.44846445246806471  0.45887135969479481  0.46875669692549138
  0.47806183680155145  0.48735278102811813  0.49670905376465074  0.50687475458665676
  0.51764279663120172  0.52891350063558740  0.54082754713870052  0.55245869846319018
  0.56309596861867806  0.57269777449600723  0.58223834878113867  0.59170225997036441
  0.60065889015185736  0.60945190497662194  0.61831708373256788  0.62821099610695386
  0.63851465020120635  0.64926281421822774  0.66100114583959457  0.67384261549748126
  0.68637827977395749  0.69820181862024422  0.70902510416036546  0.71899711083511275
  0.72880308325949428  0.73848275939771457  0.74801552954044559  0.75746992770897059
  0.76730250116169407  0.77751202295240307  0.78765204825248070  0.79791374278043381
  0.80823606314503083  0.81924154692428186  0.83033437470708227  0.84176445654931809
  0.85317145513644033  0.86433566060175815  0.87524421148195852  0.88598520411941051
  0.89629148770416256  0.90637324614245185  0.91624635243195063  0.92559613783140182
  0.93472421459926225  0.94370433729943071  0.95259258181991768  0.96172307401747315
  0.97098809625200011  0.98070159440965388  0.99043292388488580  1.00000000000000000
 -0.00186570177585459  0.00683842991501424  0.01509031647690335  0.02396699901044219
  0.03346290008898439  0.04448686034244428  0.05639832641519010  0.06806181843349490
  0.07883079609138476  0.08952197442505727  0.10025623793939265  0.11043710042514381
  0.11999343999558955  0.12998295445802821  0.14092391477101451  0.15294447319634394
  0.16500171902591687  0.17739292693862901  0.18933670733101865  0.20055920280537126
  0.21179533365552219  0.22290888138353751  0.23464678318051718  0.24629639605236286
  0.25822547707302623  0.27043158366222514  0.28285237017206549  0.29511884686523837
  0.30770865093802918  0.32135955589306919  0.33521933289029310  0.34867923154350533
  0.36141956565717143  0.37406691487270549  0.38645298372864373  0.39838758574297101
  0.40899850223703654  0.41926515436543460  0.42951724292669918  0.43996258117682330
  0.45009176315244248  0.46044572897791769  0.47169624391434845  0.48297155285254234
  0.49415713650075122  0.50568566603447829  0.51720235085828059  0.52853924015514275
  0.53986541581196357  0.55200527406508715  0.56461086082985934  0.57748799690231578
  0.59007052578980745  0.60213505732623085  0.61420610548957377  0.62596367959275878
  0.63679831903614781  0.64708791032575552  0.65736528250973703  0.66739013596062891
  0.67681238726572313  0.68612059626724475  0.69587058766879561  0.70573182378505728
  0.71554463477524322  0.72499755387489306  0.73543905364134732  0.74637751373522121
  0.75783335403523444  0.76937419870979529  0.78105835297616666  0.79233138790088764
  0.80246052074404584  0.81282372868576347  0.82338526720560457  0.83328115040610351
  0.84185184276182001  0.85007732343929432  0.85879365304803457  0.86755748329438853
  0.87635505708732830  0.88490687959535530  0.89329995594427647  0.90257050126343996
  0.91193103246198493  0.92104267225124059  0.92981408342378535  0.93801178825023446
  0.94575674634990869  0.95362432476895542  0.96193484448675515  0.97023347565464280
  0.97791871446519330  0.98517676997144221  0.99224708890697277  1.00000000000000000
 -0.00241255568591031  0.00948192521217980  0.01906176690958279  0.02926595073847647
  0.03933569068573980  0.04908244455261480  0.05885209067849010  0.06920642252246180
  0.08013852264087587  0.09096349263907284  0.10191122331556145  0.11278266314886719
  0.12391357413272411  0.13554590262177718  0.14699441480739467  0.15843391267886145
  0.16980685328477943  0.18154986134152701  0.19277951799355894  0.20352512078438417
  0.21453942723669583  0.22609095251674108  0.23771117225239941  0.24898205723408101
  0.25983293735081509  0.27076533182491819  0.28217512376696280  0.29316379253389419
  0.30318464582453214  0.31292221572330775  0.32339662990406021  0.33398692196279961
  0.34391952831063194  0.35345331670992569  0.36325189285813242  0.37330019920574936
  0.38311879822962741  0.39272450300810607  0.40268908930909747  0.41295978928354748
  0.42243461724223486  0.43166953898605176  0.44077190407243805  0.45044049889773941
  0.46010160467996875  0.46998837364519358  0.48059825863885597  0.49226468300266218
  0.50365795604959773  0.51503629146223229  0.52699592704300635  0.54022211834888700
  0.55281065063265655  0.56436881758505564  0.57493436013771138  0.58543532499548867
  0.59607223068144766  0.60621685681503978  0.61571388365499580  0.62535987389024317
  0.63547207581153009  0.64564470102058491  0.65602562409934906  0.66654871214520450
  0.67715857242753252  0.68744981897539081  0.69681240758737206  0.70667672794627268
  0.71663600558145080  0.72650330790264306  0.73602636053533188  0.74565156643157504
  0.75594998948556680  0.76692419880023255  0.77712086478715636  0.78743658889889934
  0.79810523518494036  0.80897482011673527  0.81969396316338106  0.83024656720309509
  0.84191814923794706  0.85384400639265334  0.86514216174112502  0.87638636791920566
  0.88774542113342525  0.89923106877518588  0.91004765775938057  0.92011744616262126
  0.92978047818837029  0.93982841233244752  0.94992255283741345  0.95973802857801049
  0.96913089517474404  0.97872671527688970  0.98894789237773695  1.00000000000000000
 -0.00287739227630048  0.01189706629496176  0.02398085333048095  0.03669256828332368
  0.04864576262384353  0.06073762779596787  0.07393380381184016  0.08629488826711053
  0.09705692990716189  0.10761619875451540  0.11856908915204795  0.12933964194187322
  0.13945934679842581  0.14958489596175134  0.15983465816776712  0.16996853543500870
  0.17966091513785337  0.18951549014501284  0.20006707248738401  0.21123675105953446
  0.22275968980881816  0.23404635361086262  0.24465775261583267  0.25469672938680477
  0.26415669336845315  0.27346400367846879  0.28278282376973418  0.29186600365761761
  0.30085995161398738  0.31029334036027961  0.32039921132871196  0.33096582218270237
  0.34109820680801378  0.35085891416621345  0.36064639115297770  0.37011363568258204
  0.37946527244408285  0.38891577431821739  0.39888957798073321  0.40889158434662748
  0.41926636398270045  0.42999250152273932  0.44064923834046799  0.45065030805206091
  0.46034231741687026  0.47017820680531930  0.47942741181715554  0.48774056038307012
  0.49580911031945052  0.50395386567848743  0.51231483782695619  0.52079237464144523
  0.52883461277756894  0.53696651460336853  0.54477791776332940  0.55274379792262329
  0.56062081575021139  0.56895735441360928  0.57749686753077811  0.58675192428209899
  0.59621391066704443  0.60502378125233602  0.61460056885429726  0.62400153702670647
  0.63386365478549977  0.64373938375251427  0.65293108197683636  0.66190147984436853
  0.67167351861472813  0.68174275772925086  0.69163123000005633  0.70126159339563643
  0.71123232221527577  0.72230230451591004  0.73283725255795440  0.74264926657750441
  0.75277207471815633  0.76306954719446785  0.77410514645958273  0.78574034433405626
  0.79848821745095111  0.81071516365811280  0.82133000762149100  0.83211236796545984
  0.84390035744082170  0.85576408671243742  0.86772165087861830  0.88080143170164149
  0.89512927709749202  0.90940634569356982  0.92370684243635670  0.93872896051246335
  0.95521973557572781  0.97054485910453425  0.98492078899946711  1.00000000000000000
 -0.00245024392199810  0.00978966904950031  0.01959964668756917  0.02972830181529272
  0.03942276696571873  0.04895177876029536  0.05861944189248523  0.06874434650924958
  0.07938135364847305  0.08960541577992391  0.09948015530341224  0.10968778864103275
  0.12031794755873568  0.13088423841176783  0.14123275427809551  0.15161864154727447
  0.16310053402921082  0.17416907774134824  0.18525643346823809  0.19591083196405215
  0.20700061089129426  0.21937321766141554  0.23081963560567759  0.24154748773674095
  0.25160489905261874  0.26221838525759106  0.27250146211964704  0.28328964171146881
  0.29415797875632699  0.30435351139129868  0.31424664960330029  0.32358738224479211
  0.33264334741068385  0.34121982181421562  0.34965248079002892  0.35824979299662713
  0.36783049854108857  0.37770886695387318  0.38849941305040309  0.39942568830676067
  0.41044888950878916  0.42107245434363655  0.43132618820288926  0.44137433969139572
  0.45206334826707917  0.46290768094096052  0.47360109749689305  0.48396790108594090
  0.49421467957023435  0.50477156929780054  0.51567282097202605  0.52675720112329105
  0.53831970453387912  0.55064665933077095  0.56286213413073527  0.57394677239726655
  0.58456919361821735  0.59521507560967701  0.60570006192761561  0.61562288382851982
  0.62564566149002065  0.63520102897787833  0.64524052389073694  0.65574620193862110
  0.66693189858166868  0.67805803352977945  0.68892581782024054  0.69941640875441113
  0.70980573700787519  0.71978862104041130  0.72965776826838213  0.73948955954129736
  0.74954652785813802  0.76051009090560417  0.77188860847487550  0.78344756251534153
  0.79509809816009924  0.80712022130346195  0.81960545122179940  0.83183640296681538
  0.84384514155198920  0.85518566484706682  0.86567622548628198  0.87612795645420483
  0.88634468157153556  0.89643575176360113  0.90635691269856533  0.91647014258817205
  0.92599061802202276  0.93564495351739196  0.94589248473165488  0.95637115146160601
  0.96634581414277188  0.97640813339186916  0.98776558606039044  1.00000000000000000
  0.20343578699406650  0.43220590376973794  0.53003119897796647  0.58674045503431349
  0.61841080966183859  0.63504834060160320  0.64419240696072011  0.65061046522287924
  0.65564980398862283  0.66032086213812469  0.66503572518837828  0.66888327778249845
  0.67260311294623842  0.67628168097929586  0.67995428021520932  0.68370989492673273
  0.68729616439252772  0.69070660515737603  0.69403866472775133  0.69733419130092067
  0.70062118618396108  0.70389044363791198  0.70709025109670387  0.71040607469506245
  0.71370108994610426  0.71702133797598189  0.72025409264079177  0.72341038914579148
  0.72652029562636156  0.72966770981560669  0.73288418935161437  0.73615903514895109
  0.73949814647959911  0.74287879859645345  0.74651734079460952  0.74987636325460638
  0.75321843981449788  0.75651613511073745  0.75967522882562966  0.76277541403715943
  0.76605092205949987  0.76932547052180267  0.77250404461768774  0.77571008535316266
  0.77897076537263088  0.78220770272211082  0.78542360313755188  0.78862789982483772
  0.79178417520696542  0.79482861702522045  0.79773172771028011  0.80056844233939417
  0.80344001757594175  0.80641055114878635  0.80946621605067626  0.81262187586154833
  0.81563101693815676  0.81874376560638373  0.82185748005502668  0.82504429824515424
  0.82825646657303620  0.83133022508396259  0.83451794743002861  0.83790031203730808
  0.84133888677487956  0.84483622926381285  0.84834475027329315  0.85183741876733476
  0.85539598069759126  0.85933463832265944  0.86327588923421972  0.86720218738545718
  0.87097070284821188  0.87478723337204856  0.87867370744338147  0.88257021871349728
  0.88658366103242803  0.89050733227183110  0.89453033144279015  0.89840061815488736
  0.90220009984213301  0.90622347376450207  0.91039796783548710  0.91487335104227241
  0.91948434024154635  0.92433565342656954  0.92917351523680947  0.93400449844175693
  0.93902606473709771  0.94452874844320833  0.95028860797127424  0.95626532435792577
  0.96361819426720952  0.97287296848534432  0.98433939383311431  1.00000000000000000
 -0.02749953225024204  0.14661182307861292  0.18682218877404236  0.21113244034537335
  0.23195761596995926  0.25114916472746424  0.26853220627730717  0.28478559356940170
  0.29856417248404094  0.31099435940452608  0.32213838598681727  0.33298704120287770
  0.34342509501393104  0.35376961050125416  0.36437689214716462  0.37474337662354990
  0.38445034026107633  0.39383379790440892  0.40304077286699125  0.41192232284392977
  0.42021735964640483  0.42798991650356494  0.43624101397805004  0.44440340147242435
  0.45245991785449863  0.46033374186133957  0.46846395592088613  0.47623671462328204
  0.48386314490052595  0.49151957897995502  0.49896711477918032  0.50636913101834435
  0.51391176578182873  0.52125755526586404  0.52811994724663891  0.53462329304075773
  0.54103781873192802  0.54728951962174266  0.55342329410921443  0.55965578351253176
  0.56562758238568667  0.57158866024334731  0.57760344266644581  0.58350371913017340
  0.58923941692461490  0.59497613942631233  0.60073542988253681  0.60666621999076420
  0.61235770653395316  0.61781353447317222  0.62321794311245060  0.62847331003308327
  0.63384285789126948  0.63925928561593071  0.64453001299821733  0.64991666640918011
  0.65508619826941938  0.66035686241009395  0.66557339139854643  0.67077805160796777
  0.67603149495946069  0.68120767499880419  0.68616760765647467  0.69113898865264445
  0.69658633163709682  0.70203774655649975  0.70779549035830946  0.71363221936509458
  0.71938713070459870  0.72508680039192930  0.73068837100089790  0.73602681480068000
  0.74112260859821821  0.74625528592093160  0.75144376188474105  0.75684522100487306
  0.76242549707350138  0.76798981659838439  0.77368171862253787  0.77937992405755696
  0.78514504054064971  0.79126868466044953  0.79774647957996092  0.80454216899181064
  0.81162802289655922  0.81910229521203026  0.82792576769657855  0.83722014334920902
  0.84692400065433748  0.85735932394565784  0.86842721481827656  0.88009476013346066
  0.89288937402993562  0.90814315215614427  0.92839240985237770  1.00000000000000000
   2.2138136162067053E-012  -1.0000000000000000     
 F F F F F F F F F F F F F F F F F F F F F F F F F F F F F F F F F F F F F F F F F F F F F F F F F F F F F F F F F F F F F F F F F F F F F F F F F F F F F F F F F F F F F F F F F F F F F F F F F F F F F F F F F F F F F F F F F F F F F F F F F F F F F F F F
  <DiscreteSampler_grid>
  grouped_processes
  1 # 1 for a reference and 2 for a running grid.
  10 # Attribute 'min_bin_probing_points' of the grid.
  1 # Attribute 'grid_mode' of the grid. 1=='default',2=='initialization'
  0.0000000000000000 # Attribute 'small_contrib_threshold' of the grid.
  0.5000000000000000 # Attribute 'damping_power' of the grid.
 # binID   n_entries weight   weight_sqr   abs_weight
    13   10   2.413122992636111E-002   3.354617445308986E-003   2.413122992636111E-002
    14   10   2.413122992636114E-002   3.354617445309000E-003   2.413122992636114E-002
    16   10   2.932920895507456E-002   4.861548571337740E-003   2.932920895507456E-002
    17   10   2.932920895507461E-002   4.861548571337761E-003   2.932920895507461E-002
  </DiscreteSampler_grid>
