  0.00000007898522690  0.00000048672906246  0.00000089687876037  0.00000149700688716
  0.00000230653670087  0.00000326879068069  0.00000435769044382  0.00000553152087630
  0.00000677845286885  0.00000804713446394  0.00000930330936669  0.00001057015742186
  0.00001190013160610  0.00001319105548139  0.00001450403729835  0.00001574271975157
  0.00001697187665534  0.00001816347137319  0.00001932035580857  0.00002042171732408
  0.00002147734591691  0.00002248561638247  0.00002345068188370  0.00002435290318404
  0.00002522689555518  0.00002607915592423  0.00002691408759801  0.00002770688710267
  0.00002843057048902  0.00002912475631272  0.00002978019809379  0.00003041451570213
  0.00003103185684999  0.00003161143595102  0.00003215407430925  0.00003268042145085
  0.00003316229907641  0.00003363922351829  0.00003413739246467  0.00003466287175212
  0.00003515382670144  0.00003566286856809  0.00003618947607480  0.00003677721886670
  0.00003758447504296  0.00006181777071916  0.00006300566673770  0.00006389926311444
  0.00006468702084094  0.00006544975196494  0.00006617286003880  0.00006691071611066
  0.00006766314078992  0.00006845498440544  0.00006932593830201  0.00007024876484212
  0.00007120037935919  0.00007227795712834  0.00007338087196131  0.00007456433182472
  0.00007588789560721  0.00007725891405625  0.00007870525679091  0.00008022420058467
  0.00008182330487643  0.00008349778087991  0.00008522698967715  0.00008721282530252
  0.00008964714769717  0.00009241972309983  0.00009542125297772  0.00009859197074492
  0.00010201861738070  0.00010594805671993  0.00011046456531936  0.00011591560404812
  0.00012168854512505  0.00012831211350423  0.00013612301938788  0.00014531892837123
  0.00015545343510008  0.00016873300344892  0.00018339643908018  0.00020241385457624
  0.00022704782803453  0.00025871703407047  0.00030076303205770  0.00035310124172876
  0.00042096673229601  0.00051645155684823  0.00066075292195409  0.00089084258926898
  0.00127791173957429  0.00224910797975732  0.03707691367218224  1.00000000000000000
  0.03065321923297960  0.03700021455740218  0.04529285273219925  0.05507810380722492
  0.06504366150919673  0.07511078293641153  0.08484869317436143  0.09438178254038783
  0.10384950785817700  0.11314712940332886  0.12220191146448338  0.13144619509760758
  0.14107410542043322  0.15091962509778645  0.16074890368380404  0.17119306992870725
  0.18249483080924328  0.19459888964401129  0.20677094057795692  0.21814841846742203
  0.22917449822504959  0.24053863945615550  0.25208955991598242  0.26370625638783002
  0.27495748088369959  0.28592022625467700  0.29588328292532290  0.30499960442627783
  0.31414976103277220  0.32308306234022688  0.33257728549280563  0.34171097994555821
  0.35096932264958902  0.36034645332624449  0.37006473473861623  0.38010192003694093
  0.38931130533529418  0.39833299420386686  0.40772078133173906  0.41753620723372187
  0.42771780001130694  0.43821616543069453  0.44894911051787695  0.45941324111148962
  0.46918881951157804  0.47899253955138676  0.48818429803895014  0.49725836848484922
  0.50637566515766363  0.51611342297989238  0.52638077836272734  0.53643165957585803
  0.54660674461593473  0.55718091304247885  0.56872416693218619  0.58013379577967561
  0.59180342040773637  0.60312228021756975  0.61448766012303735  0.62554362908474737
  0.63569896477720977  0.64626269611926412  0.65670492728822427  0.66755343067219963
  0.67899529762007926  0.69009222558882566  0.70098269401607660  0.71153530909794993
  0.72186153451494051  0.73201789159943742  0.74189588432857911  0.75156899980974168
  0.76122166652368262  0.77099291221919564  0.78054309171889347  0.79000999031077412
  0.79973423705595970  0.80924412756710840  0.81866118876014626  0.82766060828396260
  0.83692267833789402  0.84650991357527805  0.85612313332530721  0.86593117439069112
  0.87586297730319529  0.88585525646837437  0.89621039056621066  0.90609887274520740
  0.91569130622788086  0.92500826511256384  0.93462211855004274  0.94436224688107884
  0.95442415907202638  0.96326218573618694  0.96932263438082433  1.00000000000000000
 -0.00268835464739501  0.01019894584898386  0.02043342307050233  0.03092045900996951
  0.04137211651833701  0.05153797989444634  0.06130538970364827  0.07091109160770835
  0.08056152468712328  0.09122623306393306  0.10259186140430340  0.11578291210097494
  0.12814261168786403  0.13922761711887413  0.14958494358457292  0.15994369845480433
  0.16957637185829280  0.17889409345376572  0.18789041744713611  0.19830335749978853
  0.20935605902696303  0.22147980308399667  0.23257250527359724  0.24517953299890022
  0.25702221390547919  0.26933308518882365  0.28077230509414025  0.29218319471996967
  0.30364696434978006  0.31537090959712022  0.32709178085869794  0.33910885135456431
  0.35181488334666439  0.36477921083838999  0.37768782789994304  0.39031502670955526
  0.40267966113278292  0.41474721312305479  0.42646935311807499  0.43823534383397295
  0.45035496615598786  0.46267676400283619  0.47495999834830027  0.48736223624546499
  0.49969644690244963  0.51119058261217654  0.52258323263517614  0.53381349763008945
  0.54486137136797319  0.55565200472902554  0.56731823962760375  0.57984627490350693
  0.59294292746783139  0.60623629358577102  0.61903387814791755  0.63068004541761014
  0.64169795370925742  0.65282181273305495  0.66374738751670759  0.67416743946588653
  0.68417094017286373  0.69461656414301387  0.70492217525789136  0.71478081980712616
  0.72427806970656516  0.73398469912130848  0.74442467822540281  0.75456646601131128
  0.76477772831007740  0.77429291562276314  0.78330081907472804  0.79209550013048902
  0.80047709324631144  0.80914260652537884  0.81796505471633918  0.82685024554853603
  0.83585065086732857  0.84536934290668708  0.85466621179939495  0.86364198322706054
  0.87234980962095154  0.88064071186366166  0.88888770970678976  0.89736485521050191
  0.90600483965532630  0.91406639621420005  0.92213274271597068  0.92998148404421155
  0.93807104174368272  0.94656851396906061  0.95527974992604858  0.96418361758702420
  0.97320313983685935  0.98213587189022700  0.99111445857748648  1.00000000000000000
 -0.00233668447560795  0.00894596938261298  0.01870856802247747  0.02864393568463777
  0.03826735465873679  0.04906095564571049  0.06020713793438243  0.07153895604491443
  0.08225604065165114  0.09239562841204582  0.10252521203215659  0.11279066836778805
  0.12314361888884695  0.13337796232611329  0.14340906516911567  0.15393875045100550
  0.16493421293396787  0.17579998656409138  0.18642711904461201  0.19691267417933381
  0.20747797810870849  0.21787131702974222  0.22780215795312123  0.23764425994017946
  0.24788209737482356  0.25863490069326339  0.26954564282579396  0.27998018300620564
  0.29014935638212497  0.30010944692769054  0.31025180848063294  0.32037992751989980
  0.33029349520623974  0.34020949723379990  0.34997203161348051  0.36100345406599166
  0.37282577220067475  0.38467474086485826  0.39655749930613093  0.40796433988542852
  0.41896744110847417  0.42998660798643917  0.44154124706165809  0.45367049395057230
  0.46538960395647089  0.47672910596752016  0.48745330197186931  0.49784512093910116
  0.50809489126661400  0.51854399551996044  0.52936826442332374  0.53980526246839167
  0.54929168165772968  0.55878746030426285  0.56805118166614132  0.57760415206437443
  0.58711104053622565  0.59684934537753442  0.60661544835605663  0.61617097104115726
  0.62616910105177148  0.63721019931488299  0.64840653269746251  0.65941118895684481
  0.67078644525567255  0.68265019303551822  0.69480697712220596  0.70666080554863808
  0.71822495056753299  0.72951287163591572  0.74052607004825122  0.75119051843774987
  0.76172921440810892  0.77171762407235800  0.78124640720653948  0.79084279234913724
  0.80092431019287869  0.81068222406650026  0.81971216674537906  0.82888731778063163
  0.83858147505594316  0.84948754596311726  0.86039820796034838  0.87160203254347146
  0.88269321710711479  0.89394293664700897  0.90507832516953113  0.91618688138200166
  0.92704758156730460  0.93792204512458299  0.94868740357928294  0.95915618506087830
  0.96993697201814000  0.98047674294278953  0.99039800689077373  1.00000000000000000
 -0.00249828958246169  0.01096758568048772  0.02152901738036527  0.03228133898461822
  0.04269252054610323  0.05321591579564749  0.06369565001161433  0.07399767925959189
  0.08382225379208770  0.09348535009361547  0.10334984406101347  0.11400601707434790
  0.12543394181929834  0.13724939814609224  0.14842021112656550  0.15925635227204629
  0.16963736058134540  0.18005110553644105  0.18955072523952829  0.19883473843138233
  0.20835863055792939  0.21844942974857084  0.22859753024381776  0.23879531289929751
  0.24925906381090635  0.25967791989663014  0.26981804839656442  0.27978844059365809
  0.28983144645534231  0.29949549865311131  0.30916424034655682  0.31909780641845958
  0.32914017306375987  0.33967582959775372  0.34968615598577968  0.35969417485979377
  0.36980911689155704  0.37968608358526995  0.38947263627524931  0.39946541753576409
  0.40944261332653598  0.41955600120132680  0.42911071171260001  0.43832882087931763
  0.44778474502965326  0.45771138688609447  0.46788609558648098  0.47798589910604422
  0.48842730577545546  0.49968306907000526  0.51110661114827072  0.52197793068712395
  0.53261164244427750  0.54341196316669083  0.55479571139785999  0.56582533509949817
  0.57650799417628817  0.58732200133061041  0.59831944247875102  0.60963140664984372
  0.62114876581980982  0.63375694773338354  0.64748340576123986  0.66054630275762960
  0.67264592013550772  0.68429715225666521  0.69566010315902360  0.70758899943305020
  0.71857096532789233  0.72870936060248481  0.73821061796799692  0.74783131874667053
  0.75841806144500090  0.76890026650753818  0.77898274295890779  0.78878978391197307
  0.79779347861755678  0.80653410034494633  0.81544198858095596  0.82482555953870462
  0.83530364075434305  0.84644530446061672  0.85712994573122270  0.86828491539468222
  0.87961666649264680  0.89083213308984899  0.90206595630387809  0.91324251960751834
  0.92411634613953353  0.93481236844080795  0.94591444376054701  0.95664639709972810
  0.96757703067100664  0.97797338285708435  0.98906746190031058  1.00000000000000000
 -0.00275677867742522  0.01086670690867004  0.02207958134390165  0.03327183752311881
  0.04442538831345008  0.05558507967273539  0.06717601410147493  0.07941408918917527
  0.09104724198254492  0.10121973367672503  0.11172347976854631  0.12173012425005972
  0.13209384870212348  0.14171349071530662  0.15242796411576462  0.16332557767438813
  0.17415448256831698  0.18516779853825435  0.19580182726162274  0.20653703803514989
  0.21797617679486531  0.22991842510579680  0.24211837128174923  0.25411431246926858
  0.26511537761775023  0.27587377415455167  0.28614828552978405  0.29613032324651578
  0.30549782348868343  0.31493599371352610  0.32498691481378350  0.33536208351128460
  0.34581404492503015  0.35610056456781580  0.36663609148709148  0.37698555636253128
  0.38752416084985436  0.39863898505759482  0.41045364314671956  0.42142890699277785
  0.43145972410420080  0.44081736338588373  0.44977583541977834  0.45881717537524552
  0.46813396667742307  0.47756883704688530  0.48761493691255425  0.49751125331883256
  0.50801994084587243  0.51937529705393704  0.53095259017321961  0.54251496804409705
  0.55334547932203715  0.56428707732876493  0.57505659977624335  0.58542965012250403
  0.59559413454901988  0.60590902362861809  0.61646716335866925  0.62708816182365112
  0.63789974844666530  0.64922421825836363  0.66056893559160557  0.67129045621280525
  0.68158969802715308  0.69178540486779427  0.70178341816549217  0.71187935639659827
  0.72209471530099334  0.73214692082829236  0.74203688256618339  0.75230233112629941
  0.76314415552969495  0.77424482224558711  0.78516514010862593  0.79604822988602053
  0.80691447047028309  0.81775270184002991  0.82822330104303477  0.83839110879062972
  0.84837722339778754  0.85824933026495742  0.86862993613757244  0.87893331861848500
  0.88903712502988530  0.89839422392609170  0.90738023166784176  0.91636350001751166
  0.92588759588224345  0.93549416310328937  0.94552833597824482  0.95526364217539694
  0.96535635246536100  0.97612675746435351  0.98789463419429202  1.00000000000000000
 -0.00228225548804853  0.00987985774847832  0.01976998165552452  0.03058781380443723
  0.04123795613413989  0.05270917529065713  0.06443327179869303  0.07654443940825746
  0.08856621613245388  0.10055444863363604  0.11241692544670229  0.12411689015312331
  0.13566553520212379  0.14665810341830132  0.15726142855172642  0.16749310128324740
  0.17726584483531990  0.18670319668689556  0.19601765615498995  0.20496295033896231
  0.21376095538048609  0.22246722549408146  0.23138352480575036  0.24114473603249384
  0.25136024177157890  0.26167494947175374  0.27186117581438402  0.28136953275284987
  0.29047486871410721  0.29954944377864295  0.30892855035480660  0.31865708802225950
  0.32837273284978019  0.33807072560458878  0.34777402562002191  0.35703063937080448
  0.36658359690436620  0.37650851115674588  0.38692595442679134  0.39765763475393201
  0.40831692089007721  0.41876730069418078  0.43002817218855888  0.44025679702866133
  0.45008089091035952  0.45892981271687500  0.46699307360436593  0.47498909295151925
  0.48327143048521526  0.49150265686754818  0.49963938044687245  0.50794117909698655
  0.51584072099241973  0.52422542868987032  0.53311737239881585  0.54227127020316468
  0.55170212635382443  0.56160209305578801  0.57214996395737505  0.58303870392886292
  0.59313804351644017  0.60306539768693412  0.61248559481198117  0.62189969114070442
  0.63170327551340666  0.64151777788669317  0.65128428174459796  0.66074837871383540
  0.67019921231641821  0.67963978182964357  0.68904149575918672  0.69858976753643809
  0.70861487579063398  0.71961075376923456  0.73119779103072791  0.74303175543020006
  0.75522331380286412  0.76747001557750150  0.77879102375221276  0.78955875238875339
  0.80011060071365259  0.81068746499950217  0.82153626184126849  0.83338917057262674
  0.84647326113332944  0.86004644482694803  0.87378885820620511  0.88836360777286338
  0.90225941419578848  0.91519378799656048  0.92823334263258250  0.94193095116778469
  0.95558571934034886  0.97049561382969629  0.98514862833788186  1.00000000000000000
 -0.00208844817778801  0.00939099842230943  0.01908490929267573  0.03018423818216436
  0.04142629939583128  0.05274610716745165  0.06339334139414465  0.07663622958224615
  0.08852531913061178  0.10007338370257972  0.11010910124036476  0.12003010623030959
  0.12959085540158843  0.13955720275589703  0.14966587590191280  0.16007070304603080
  0.17119286029926994  0.18342558434947104  0.19541942909885496  0.20692316030874827
  0.21805774013301413  0.22887223589513872  0.23945137693533741  0.25007569627353626
  0.26122352931945392  0.27214078554192128  0.28269414793467723  0.29339749750235239
  0.30405463442035419  0.31495622806282275  0.32561062849574984  0.33565386885393395
  0.34526527460450157  0.35481245018748281  0.36528865253281001  0.37614505596464515
  0.38742892936996631  0.39839058671202104  0.40949530120368521  0.42047376805052133
  0.43186998088086259  0.44299786153311943  0.45378331943718492  0.46494193512286103
  0.47619581725178428  0.48649165324149934  0.49643976864551786  0.50662933590423576
  0.51704967668481461  0.52702833907272595  0.53684423399419079  0.54709702640104285
  0.55807178235293420  0.56893071625403102  0.57928679819281537  0.58908337495033547
  0.59873845716245366  0.60887031009074133  0.61898918329506880  0.62895445254199578
  0.63883648280838001  0.64859565663268237  0.65855621502777717  0.66867051203205508
  0.67960813013051746  0.69004987891691782  0.70033729663120403  0.71119765426963244
  0.72263581445065173  0.73403527254192813  0.74492799211587979  0.75562603934417116
  0.76620719633613654  0.77677762831965613  0.78737166631149180  0.79789523543611474
  0.80855300357921522  0.81935369596050012  0.83021178095586423  0.84126728774373116
  0.85224487290954665  0.86274630353986248  0.87280154230311613  0.88229110264212307
  0.89162531008755286  0.90117505952682131  0.91095046063019092  0.92067559439239144
  0.93029175681748333  0.94017143496557765  0.94995270008826616  0.95934924725954407
  0.96887021616186053  0.97835097232121282  0.98885876342355017  1.00000000000000000
  0.05097123281949931  0.14042772901490450  0.20034318565083606  0.24392566261349063
  0.27864858471773657  0.30956929550660089  0.33429766044753373  0.35523091176697191
  0.37540081846386536  0.39506061838678902  0.41275273858323708  0.42891263521165374
  0.44312569862961432  0.45574445312340889  0.46694656298387349  0.47728248604540413
  0.48673182956182293  0.49528759289150798  0.50312703666808234  0.51072923143931581
  0.51861666918241667  0.52614312911108618  0.53307644066576654  0.53977559610763715
  0.54656734715156130  0.55339422864485266  0.56000554089104193  0.56636174559533603
  0.57245638024568835  0.57846398891251982  0.58457775320746730  0.59100376980562086
  0.59766200904246702  0.60419526163278237  0.61050022748003185  0.61637545978396491
  0.62211559085490431  0.62787298920487733  0.63400229689444210  0.64024247200158002
  0.64584015813553131  0.65102067705936817  0.65605202627459747  0.66108861566383226
  0.66632822458756291  0.67173815972669304  0.67721636442084165  0.68263075104440940
  0.68786477803575863  0.69293718270120164  0.69804704067739731  0.70335856184286172
  0.70890515367326878  0.71441358615564499  0.71975863254163208  0.72499375417438749
  0.73034981127557652  0.73581510292456598  0.74125302093579803  0.74664081335854871
  0.75194388194659412  0.75679834130762702  0.76178310441853114  0.76675699947749976
  0.77174527969343110  0.77675476698599499  0.78192508859541399  0.78689029868826332
  0.79178534827110836  0.79650971086381406  0.80130402363321651  0.80610272930252469
  0.81099616831936416  0.81616323212821429  0.82157215769493408  0.82708997508202542
  0.83278818389966136  0.83874669380178479  0.84484383746790404  0.85102534852408340
  0.85725902540518983  0.86362536021645842  0.87020470709823639  0.87672730494053208
  0.88321011699818663  0.88961899022463853  0.89626926393361717  0.90342759869583367
  0.91111242490838962  0.91916587156568286  0.92769899579402049  0.93694552200902992
  0.94786010345162253  0.96040414562828003  0.97642302612528442  1.00000000000000000
 -0.01401208036108464  0.17172137303934412  0.19992387887356086  0.22115620357549493
  0.23903152321908788  0.25543473382306986  0.27131223039286778  0.28535781630367890
  0.29872117272558740  0.31097839104224834  0.32162281007639426  0.33186089468562657
  0.34274065657231917  0.35358682162789662  0.36350493969759207  0.37297919592258177
  0.38263532668771155  0.39213649341084700  0.40082752063833510  0.40871747660883306
  0.41656180657742314  0.42435173591337594  0.43206310829234390  0.43983635586176079
  0.44744634239189057  0.45533275247934829  0.46283207516522379  0.46993269295635703
  0.47692490413883865  0.48357105766311620  0.49009380705706013  0.49644501650284834
  0.50308991616566823  0.50989363026669576  0.51648545580638316  0.52286033277903343
  0.52900421694323974  0.53505396238195091  0.54112971852531033  0.54722918261537967
  0.55340010426666253  0.55961967649292099  0.56586309941720359  0.57218484951502435
  0.57844419321456342  0.58455736849856166  0.59078047334290129  0.59671436580378212
  0.60276122455847003  0.60856966449717076  0.61411883925265542  0.61970755181553239
  0.62513839970837892  0.63057807028401280  0.63613312537423694  0.64179619325812676
  0.64748424728608744  0.65299881367889556  0.65823214693036725  0.66347450369216798
  0.66877862178202019  0.67427718703800854  0.67980778308414858  0.68527428930422496
  0.69055211753092294  0.69553858054438589  0.70029267755792846  0.70493902744202497
  0.70960545107630313  0.71437006583411711  0.71937694117803741  0.72456267407283703
  0.72982075183816209  0.73524850661535801  0.74063337543138641  0.74599699427993593
  0.75151210662614620  0.75721458533175889  0.76321135549944052  0.76926116039044634
  0.77582427484607341  0.78215521202748561  0.78842987757212146  0.79479741698940243
  0.80130794256862126  0.80778889316584990  0.81436329660747275  0.82167041817704967
  0.82948484338588091  0.83905543613230194  0.85015815728583655  0.86149086064485658
  0.87206292197020618  0.88503956196462730  0.90365214519247283  1.00000000000000000
   5.4182890043461404E-013  -1.0000000000000000     
 F F F F F F F F F F F F F F F F F F F F F F F F F F F F F F F F F F F F F F F F F F F F F F F F F F F F F F F F F F F F F F F F F F F F F F F F F F F F F F F F F F F F F F F F F F F F F F F F F F F F F F F F F F F F F F F F F F F F F F F F F F F F F F F F
  <DiscreteSampler_grid>
  grouped_processes
  1 # 1 for a reference and 2 for a running grid.
  10 # Attribute 'min_bin_probing_points' of the grid.
  1 # Attribute 'grid_mode' of the grid. 1=='default',2=='initialization'
  0.0000000000000000 # Attribute 'small_contrib_threshold' of the grid.
  0.5000000000000000 # Attribute 'damping_power' of the grid.
 # binID   n_entries weight   weight_sqr   abs_weight
    13   10   9.924967048955676E-003   3.176076921341295E-004   9.924967048955676E-003
    14   10   9.924967048955683E-003   3.176076921341300E-004   9.924967048955683E-003
    16   10   1.297908835896674E-002   5.713265459731968E-004   1.297908835896674E-002
    17   10   1.297908835896674E-002   5.713265459731976E-004   1.297908835896674E-002
  </DiscreteSampler_grid>
