  0.00007135342614635  0.00007265683529548  0.00007459723285042  0.00007652981838033
  0.00007877960195535  0.00008135865459341  0.00008421547504682  0.00008734941485657
  0.00009028423729989  0.00009182757797574  0.00009221226007022  0.00009232968198275
  0.00009237839372024  0.00009240290365512  0.00009241714808718  0.00009242605728217
  0.00009243169726987  0.00009243644515654  0.00009243986574010  0.00009244267336858
  0.00009244477203665  0.00009244650225754  0.00009244811353849  0.00009244943374518
  0.00009245066167893  0.00009245164886602  0.00009245261855156  0.00009245349208101
  0.00009245436561046  0.00009245519137308  0.00009245601409154  0.00009245686100981
  0.00009245772487475  0.00009245862088651  0.00009245958694676  0.00009246059566275
  0.00009246171325380  0.00009246303478604  0.00009246454150958  0.00009246642022838
  0.00009246841802746  0.00009247098947181  0.00009247477447574  0.00009247917698802
  0.00009248498059370  0.00009249236864449  0.00009250293114095  0.00009252632164293
  0.00009256597004512  0.00009263646645399  0.00009288195224845  0.00009403112970702
  0.00009698833959573  0.00010189921661192  0.00010785562364647  0.00011540681922112
  0.00012534324678794  0.00013754325339415  0.00015287270415925  0.00017233657212103
  0.00019750198529960  0.00022916676378168  0.00026755318844094  0.00031201403300825
  0.00036201509484333  0.00041830431486834  0.00047942911003719  0.00054221040463089
  0.00061019216636247  0.00068597805010820  0.00076852869541008  0.00086580274405701
  0.00096755247230854  0.00107015975937731  0.00119185122016073  0.00134566152118851
  0.00150633982701243  0.00167280794562782  0.00184531291606054  0.00202017920058087
  0.00221322989139717  0.00244203261699358  0.00270215580361741  0.00298448715138958
  0.00327675696321656  0.00362043824015793  0.00402943037788751  0.00454189370453187
  0.00512548242661644  0.00590639355775099  0.00696614489687806  0.00849592590214109
  0.01062861970510634  0.01359480008307370  0.19388335163817338  1.00000000000000000
 -0.01161070797763273  0.04323276367628657  0.06822339924215948  0.08469039459629461
  0.09921276380067995  0.11318328776993467  0.12684410776021243  0.14010864052284597
  0.15294585519424436  0.16551637896075194  0.17754204698521767  0.18939981037366152
  0.20060841213211378  0.21063857256461685  0.22031904031201266  0.22896428852286294
  0.23801488991082018  0.24667226351644428  0.25568797212315009  0.26622505227083343
  0.27815239148476911  0.28858086725958337  0.29576148265442831  0.30441273260590468
  0.31242236117118616  0.31982477955701732  0.32862271166150075  0.33958665251733472
  0.35124331622163213  0.36263037451857050  0.37352891219593726  0.38421223658015263
  0.39499369042134796  0.40590912038597071  0.41689187512686038  0.42737865153346777
  0.43714598887520578  0.44721996521251078  0.45741594168695654  0.46726538352278957
  0.47735129517982183  0.48767136929075594  0.49743629895358732  0.50640808517071734
  0.51502455639721700  0.52322915530069947  0.53147311118980345  0.54042560202673240
  0.54963153193062197  0.55859804884131747  0.56822325452540023  0.57805468472965926
  0.58716266588638477  0.59617646230018484  0.60571873408646748  0.61650328017800227
  0.62777358206201694  0.63836540795267993  0.64799939267401141  0.65718301476282359
  0.66677796964752323  0.67715717216991766  0.68826463161578944  0.69961385678367627
  0.71205886944675933  0.72222633009466530  0.73019242028374687  0.73802553457843434
  0.74669614240006676  0.75572081453246009  0.76548736608451962  0.77632065510350945
  0.78805755977173819  0.80074179311710558  0.81325605311635507  0.82458134748386813
  0.83393342138191517  0.84243544018080363  0.85085721305133288  0.85857249253229040
  0.86691377862458263  0.87701397225145583  0.88731968996736388  0.89746507641244422
  0.90787794531545107  0.91844688941409425  0.92823093838587090  0.93710063595998938
  0.94562228510426327  0.95304725083355257  0.96138964273494898  0.97005904568862611
  0.98025981659013428  0.98693432069055642  0.99391915305305112  1.00000000000000000
  0.00000083674862248  0.00000216961720498  0.00000320358562535  0.00000439623482880
  0.00000593524563319  0.00000774953649153  0.00000967328121387  0.00001171076581648
  0.00001409033460624  0.00001696650156530  0.00001998867939142  0.00002278954002177
  0.00002523302575822  0.00002753292509277  0.00003006060698338  0.00003273087477634
  0.00003560481988785  0.00003866150133827  0.00004172231355357  0.00004477000581358
  0.00004789317259608  0.00005080104671181  0.00005364599720566  0.00005633855838869
  0.00005902636266009  0.00006206019338438  0.00006530529601319  0.00006824726742906
  0.00007117690256130  0.00007371801568039  0.00007651466339558  0.00007980756278797
  0.00008360678654556  0.00008799539856214  0.00009281659817338  0.00009771843437087
  0.00010308444112837  0.00010875807641940  0.00011477908998233  0.00012138900977379
  0.00012828108780582  0.00013570061954440  0.00014388289401353  0.00015178470108487
  0.00015808015258606  0.00016389896791404  0.00017010400805197  0.00017651747803086
  0.00018303602943748  0.00019012611170877  0.00019936792205139  0.00021017899586241
  0.00022167300269201  0.00023394597791917  0.00024703805866108  0.00026105508112447
  0.00027556550327630  0.00028928234437374  0.00030174994299763  0.00031410195436252
  0.00032746329163407  0.00034165187664076  0.00035866711561469  0.00037793142298749
  0.00039962141559163  0.00042505502018269  0.00045385747825784  0.00048411726491438
  0.00051349985845308  0.00054175733414711  0.00056950211148783  0.00059685906377037
  0.00062404678735194  0.00065145872368094  0.00067995411085254  0.00070934254816763
  0.00074181583246049  0.00077878133566936  0.00081992171461072  0.00086404450208530
  0.00090922279706021  0.00095380238180022  0.00100248230025320  0.00106610975724056
  0.00114787800079453  0.00124161106804119  0.00135609678533899  0.00148572644225168
  0.00163234482430549  0.00180070917106755  0.00198091555781060  0.00239269558068042
  0.00554727722082598  0.01909369962663137  0.06498488838077895  1.00000000000000000
 -0.00213785050470133  0.00777584458464163  0.01769199310933061  0.02644136000290600
  0.03486407484218734  0.04321813775992158  0.05133456293440006  0.06048062605860879
  0.07000039355811132  0.07922786480830477  0.08850175352334952  0.09697525601803594
  0.10552668035470655  0.11464636615784608  0.12325658344598130  0.13171426004786690
  0.14014397564376141  0.14916282519245033  0.15914682327697918  0.16980970314418847
  0.17928148723070050  0.18849577876648022  0.19740497266023871  0.20703516578464284
  0.21610412206142315  0.22481475052598654  0.23349864933681011  0.24348892980908435
  0.25414235782146849  0.26535278568896903  0.27704048072178078  0.28801356263439432
  0.29855282547582745  0.30839615313963081  0.31782056994171670  0.32705672041380757
  0.33677706282566622  0.34664614176203934  0.35688546565444690  0.36832921040373057
  0.38001622749434039  0.39170428561468551  0.40358552558435301  0.41541914236475358
  0.42653104449036977  0.43730499683935131  0.44823702984880776  0.45787617610526637
  0.46580558568730207  0.47385720229835115  0.48269672718533002  0.49138746498223335
  0.49883443355354473  0.50871612569369018  0.51940520863192596  0.53046912777916388
  0.54081154403950005  0.55117053013683959  0.56293361016858401  0.57716202720301868
  0.59181807838554801  0.60507436946174542  0.61744241657706456  0.62965682653997690
  0.64216469491011696  0.65481253460640410  0.66684859589844669  0.67799005171230797
  0.68889397262716701  0.70027445325877713  0.71244810717411533  0.72499822988157436
  0.73731856333292423  0.74925649769427694  0.76059984320075824  0.77113179463223192
  0.78104983981597309  0.78865420160773292  0.79798268910816017  0.81037696951321370
  0.82300992463055866  0.83535099920937572  0.84670699623474155  0.85639419247002480
  0.86475940804838569  0.87522926487172092  0.88742002785850616  0.89873889611755042
  0.91151085420075595  0.92497306942469548  0.93771419412002410  0.94969893864118948
  0.96138588068447306  0.97571832990730600  0.98840437849459695  1.00000000000000000
 -0.00350088181097821  0.01252504500374641  0.02152559562670231  0.03087486194140617
  0.04034258309247252  0.04994220699448948  0.05944890960394621  0.06945542336282223
  0.07914977728646024  0.08875330038148115  0.09881270100999322  0.10957119190378303
  0.12145017236030309  0.13369865193442323  0.14526235665246354  0.15728746352257628
  0.16875745229726746  0.18004487209953748  0.18968961983633589  0.19883196837959149
  0.20847152885722087  0.21718458154444301  0.22736297545296036  0.23745599049501653
  0.24640441070899982  0.25650882584616180  0.26951147102153111  0.28268629905184112
  0.29538547698638429  0.30661249185036021  0.31660169498341040  0.32620213972076939
  0.33515999213493386  0.34519664258480859  0.35661767323565396  0.36789736603425782
  0.37886962749824254  0.39036075355293259  0.40146069328543826  0.41460973444189958
  0.42693906369487750  0.43848236014388559  0.44785577919092467  0.45696369441045792
  0.46613459947362190  0.47646223182443304  0.48855602989634206  0.50129326216823678
  0.51406716927425133  0.52665993296064606  0.53909570646478999  0.55152829976088302
  0.56338850739400415  0.57416295672195905  0.58444693298557027  0.59445205560295666
  0.60443466919488231  0.61458590113795919  0.62495128112168041  0.63529829008237237
  0.64603926948898549  0.65751867621994675  0.66894389584430203  0.67960685756655148
  0.69008129707785659  0.70008695894085726  0.70943748523829231  0.71883437797482386
  0.72708237749192572  0.73542082933193875  0.74589363085470362  0.75785619215950695
  0.76930739028429940  0.77948478250604381  0.78824113406505181  0.79576945304746927
  0.80364186420924688  0.81261420523115602  0.82105479460634923  0.83138960463283984
  0.84325971310634540  0.85465717869867674  0.86600074723138543  0.87721305267308802
  0.88806396867798809  0.89918284694098705  0.91082199444461298  0.92308741424167007
  0.93515497333690822  0.94548580861771025  0.95352065822672882  0.96159255485296313
  0.96974754071468405  0.97901002022504247  0.98964882922653830  1.00000000000000000
 -0.00207946501226230  0.00778004263362378  0.01543486969744330  0.02412433916732985
  0.03205065830261995  0.04128628988421645  0.05309582154623380  0.06588829194932344
  0.07958749404522784  0.09365821997429200  0.10699720204601319  0.11883750003981652
  0.12963968942626791  0.14018216988317142  0.15113503349682111  0.16321563960557123
  0.17604648513656812  0.18866490107986550  0.20120454930297621  0.21455005928560575
  0.22878136965648976  0.24317211299148142  0.25682597541343433  0.26973473320046926
  0.28220193907604380  0.29441494270491125  0.30764150705405913  0.32245321812576960
  0.33691222750481176  0.35065798168333429  0.36442858457961486  0.37761614625338030
  0.39007660579959719  0.40231232326014227  0.41524317079615902  0.42733897292916184
  0.43937091084992408  0.45255088985958464  0.46642196605618902  0.48046555531210516
  0.49319009790954266  0.50572929427996671  0.51860797999652730  0.53218763759641063
  0.54600925684624746  0.55887151928889256  0.57075893108714915  0.58243516646683624
  0.59520263642342441  0.60892787922217739  0.61773479803752229  0.62622016329493513
  0.63610954299564226  0.64637189834754072  0.65656910486020126  0.66682923055896803
  0.67759549836627730  0.68902408709805052  0.70058927368526680  0.71213493567870256
  0.72262827678633323  0.73068633545569084  0.73791360638032732  0.74662036636160234
  0.75528403051726234  0.76349954905611506  0.77404760557236174  0.78471079638206687
  0.79455631105925573  0.80433731459456259  0.81437606306083754  0.82425716724893217
  0.83333314888526477  0.84111651463457027  0.84918668063206082  0.85624280751909110
  0.86282828211482976  0.86970412902006300  0.87797342993039540  0.88727687943978129
  0.89711119850905408  0.90392292772460514  0.91024240586798699  0.91582425729800510
  0.92103055759022678  0.92690348789315247  0.93265132295637232  0.93850996996412694
  0.94599339328768217  0.95451006348966116  0.96294786172634927  0.97079118982207413
  0.97815693355655575  0.98558044090718167  0.99261704179186128  1.00000000000000000
 -0.00236954824513345  0.00827320606519396  0.01948662053797915  0.03055546086877892
  0.04256639902057529  0.05525579252156566  0.06753008128503006  0.07841720574242519
  0.08764338478552312  0.09576846867958989  0.10428256946890546  0.11221064332408008
  0.12088332237613619  0.12992434696593227  0.13890467921583763  0.14747846178045873
  0.15601611080064806  0.16491304221302489  0.17506479629706911  0.18673436635504292
  0.19884062012259157  0.21097551021814340  0.22304778475110681  0.23496620890901435
  0.24684093305055116  0.25873116300272958  0.27033028904819462  0.28159479569885137
  0.29271234972138815  0.30406721790634511  0.31529973556187707  0.32673624847146310
  0.33741059946207863  0.34810615666604316  0.35947524878911136  0.37193199681805628
  0.38504276071489241  0.39746713952326346  0.40880606297470595  0.41984151746829190
  0.43121405584442540  0.44277121917604617  0.45396562803434604  0.46446866966401529
  0.47437224849301274  0.48403309114940818  0.49417581581811870  0.50490111787946901
  0.51595031972771876  0.52679592675818099  0.53635556889381253  0.54374488742956073
  0.54933030645327086  0.55703953287117236  0.56636498243091060  0.57377957729469331
  0.58145081154868983  0.59038171713480891  0.59978246513723388  0.60945287372997159
  0.61940905138379687  0.62942267328746704  0.63979692537491517  0.65045935628399487
  0.66109474737483886  0.67178401677325883  0.68277406473037838  0.69349470363974119
  0.70328461156791955  0.71212030132543314  0.72109141417506972  0.73027114017625705
  0.74018764965952399  0.75100468350798621  0.76241984404994179  0.77384250680033118
  0.78493063938319185  0.79587729075017977  0.80707655698922409  0.81847147862905278
  0.82944188652358697  0.84014736496578524  0.85124442060367100  0.86276005806586564
  0.87464832427244421  0.88637414311615437  0.89719063182970005  0.90788827283756468
  0.91860784541154272  0.92974497454568339  0.94150565727653912  0.95339714644669749
  0.96506124733096366  0.97630149629403351  0.98856305933391664  1.00000000000000000
 -0.00203406655682091  0.00831339743382071  0.01817570336328821  0.02814992968690479
  0.03891097167593771  0.04964084618706782  0.05816617843404593  0.06590570025297290
  0.07460895428364278  0.08334788785167055  0.09211791793273988  0.10170993876743351
  0.11181466201376070  0.12150822310883182  0.13124409497385589  0.14213176851982234
  0.15427725013131610  0.16636161272598016  0.17719477900771199  0.18662062779518265
  0.19535841746721280  0.20409554176242575  0.21335232184011305  0.22399944441919345
  0.23538707132782519  0.24635302823921582  0.25762088141329753  0.26933845267240336
  0.28054343357539913  0.29081046065163180  0.29999728553788491  0.30939941728771342
  0.31865489198079716  0.32853691624331843  0.33970441584719946  0.35187342306959679
  0.36428357459090277  0.37641916201404751  0.38779758824215738  0.39773467821281855
  0.40683387304393642  0.41549744117696458  0.42343574450075244  0.43089819678386210
  0.43961575660289626  0.44876305198475069  0.45908642917380249  0.46990152419452874
  0.48059852444344608  0.49183757322313948  0.50353469346955848  0.51547878485177767
  0.52714464546044981  0.53814802866691691  0.54785142814358889  0.55684008298733345
  0.56641870030558694  0.57614236461829538  0.58650622464029822  0.59826852516571871
  0.60871863087765499  0.61841675498545023  0.62879827958705370  0.63960734797390761
  0.65081511985904394  0.66125401265504979  0.67219055130575367  0.68301033096873898
  0.69393588889870272  0.70437026614139042  0.71454027177200907  0.72469323366449756
  0.73469111771571494  0.74584516483640007  0.75825864286737299  0.77030529012266602
  0.78185463232885433  0.79228917084130313  0.80236040652139695  0.81257517688780889
  0.82304503844362487  0.83454657320478098  0.84607672885436958  0.85806513481318658
  0.87018004520899506  0.88256054453276933  0.89514427155149856  0.90756010221676808
  0.91993054600698609  0.93200509431502476  0.94311979250230427  0.95457840027408558
  0.96596682729126115  0.97749130542767382  0.98919986126356718  1.00000000000000000
  0.01973430514478003  0.23748467494694442  0.42820540315257360  0.57396719559818110
  0.62812757379654383  0.64111823302307713  0.64812450866835736  0.65399274023504061
  0.65941529219645123  0.66443002557650066  0.66872030891244483  0.67249918946942244
  0.67615942194397716  0.67939743823058185  0.68186441866870173  0.68479647676084154
  0.68821954430037879  0.69152335349564797  0.69441730283131620  0.69702903357081847
  0.69985877973540955  0.70274874682126265  0.70621037008055532  0.70983124506736306
  0.71344597865837334  0.71702160160317119  0.72022706286046778  0.72292849989109076
  0.72564763050175407  0.72857663659944216  0.73130659284397659  0.73391775397331493
  0.73672567211535478  0.73993477219140913  0.74333340320041441  0.74660347953438344
  0.74945968467915569  0.75214207536708366  0.75498602161523798  0.75797273373837915
  0.76099691659366508  0.76400912099710705  0.76683688899573377  0.76927360214861618
  0.77166321391624471  0.77402327206351351  0.77631426210767573  0.77864544005714187
  0.78120612497691844  0.78407481590914596  0.78721973364522135  0.79052971321153354
  0.79358267621674516  0.79647837778906994  0.79940930824219791  0.80232418395759941
  0.80528379686513663  0.80831691295410235  0.81134972726422516  0.81440522145888883
  0.81751461429705330  0.82053931607825747  0.82308448094738118  0.82530856106505091
  0.82762890055637028  0.83010148122792315  0.83263528898887651  0.83565045733059595
  0.83932082728161372  0.84291157286547136  0.84648330613774136  0.85019664070994938
  0.85411484586150210  0.85812693273535512  0.86214275319806422  0.86624836996143217
  0.87030797975616458  0.87481382387054940  0.87951123326897596  0.88416367340926372
  0.88892961171276086  0.89395131460610910  0.89935631705003716  0.90504885057136353
  0.91094025238542642  0.91653659404141030  0.92186495648039835  0.92709781298465699
  0.93242369804384717  0.93770387949508405  0.94368285960966714  0.95051237615946449
  0.95820902426242138  0.96748717302523668  0.98039982673111281  1.00000000000000000
 -0.02798247387707815  0.15425795804731518  0.24632087029880079  0.28126878080587597
  0.30483594051315888  0.32227999818165087  0.33751506529837627  0.35029816847441253
  0.36066172529876239  0.37047916513959922  0.38054715322989990  0.39080645375811507
  0.40157779066533061  0.41129801054183557  0.42026598136612925  0.42841101038135643
  0.43672733094995053  0.44513923222606011  0.45397836387984492  0.46221344973340844
  0.46965154295709016  0.47718362371402295  0.48475091421778610  0.49216684429525842
  0.49938552773638706  0.50600875068867524  0.51268423039045896  0.51985965717878357
  0.52707898440020517  0.53288649320468839  0.53860881993772325  0.54405369206144127
  0.54908248851452013  0.55446178955708070  0.56088205256105783  0.56789991365710235
  0.57415197782381333  0.58016439955550303  0.58614480309739247  0.59190907156649797
  0.59784068773632459  0.60407606610900255  0.61045731840158446  0.61674901079807798
  0.62282497966576689  0.62886315456711772  0.63551801764790739  0.64163960450977675
  0.64750138306277971  0.65314835581953412  0.65868770001182686  0.66418577295577685
  0.66962814327420916  0.67508096866382006  0.68054253239530060  0.68556746792336709
  0.69015004905812760  0.69466762168935270  0.69914758651796260  0.70326890118684771
  0.70762650761697676  0.71227182843599546  0.71656450162152041  0.72054385071741600
  0.72466618951930073  0.72933660424571889  0.73437154519943482  0.73946707996103656
  0.74419084230506316  0.74809074139624920  0.75137545984261433  0.75455751959158546
  0.75805811248694865  0.76197654479571975  0.76658483077845274  0.77169229579851306
  0.77683990135114145  0.78184216697518494  0.78687722253926096  0.79211338578866930
  0.79743211698517535  0.80275425673811340  0.80800436657094277  0.81322697328388482
  0.81858593211126984  0.82435249378950803  0.83043990706095794  0.83686788209936391
  0.84462655270276699  0.85361012218346499  0.86395111363921961  0.87506757916444100
  0.88716326357444752  0.89836271330822604  0.91672299443918381  1.00000000000000000
   2.9339101574833007E-010  -1.0000000000000000     
 F F F F F F F F F F F F F F F F F F F F F F F F F F F F F F F F F F F F F F F F F F F F F F F F F F F F F F F F F F F F F F F F F F F F F F F F F F F F F F F F F F F F F F F F F F F F F F F F F F F F F F F F F F F F F F F F F F F F F F F F F F F F F F F F
  <DiscreteSampler_grid>
  grouped_processes
  1 # 1 for a reference and 2 for a running grid.
  10 # Attribute 'min_bin_probing_points' of the grid.
  1 # Attribute 'grid_mode' of the grid. 1=='default',2=='initialization'
  0.0000000000000000 # Attribute 'small_contrib_threshold' of the grid.
  0.5000000000000000 # Attribute 'damping_power' of the grid.
 # binID   n_entries weight   weight_sqr   abs_weight
    13   10   3.840179185370057E-001   7.334236351836667E-001   3.840179185370057E-001
    14   10   3.840179185370057E-001   7.334236351836670E-001   3.840179185370057E-001
    16   10   5.755781053891728E-001   1.753153670670163E+000   5.755781053891728E-001
    17   10   5.755781053891729E-001   1.753153670670162E+000   5.755781053891729E-001
  </DiscreteSampler_grid>
