 -0.00116923618628493  0.00487884606871869  0.01356367608003487  0.02570466091934919
  0.03846598086612522  0.05126885245000325  0.06394442101943887  0.07670507339762415
  0.08953855811315470  0.10178173196818993  0.11308304817366439  0.12546462245665660
  0.13684995906695377  0.14920385553866194  0.16167343681658664  0.17392190119482984
  0.18496838276508720  0.19382926058860275  0.20064751361469804  0.20822005393783069
  0.21767317989355800  0.22668471514594457  0.23948860673907327  0.25347072873483745
  0.26484057394185051  0.27532606707260521  0.28538558748064891  0.29496018250391715
  0.30624694214898751  0.31729964073683009  0.32865978596007761  0.34070370282042489
  0.35382433762272197  0.36791121187405401  0.38064089996269412  0.39068426859398464
  0.39971758649724171  0.40843583648071258  0.41670616862307930  0.42513120169445640
  0.43207647502383745  0.44032027436902216  0.44787645112184654  0.45669979323679644
  0.46480162604545594  0.47081861905656797  0.47759952570561004  0.48750804276799986
  0.49649996743505359  0.50755488682592087  0.52099841373137190  0.53445952469749181
  0.54722132013374547  0.55963486489754488  0.57218179595819219  0.58477085506301962
  0.59712245781871343  0.60968139111634601  0.62201869144679800  0.63469324509274361
  0.64745350779542077  0.65682932657059589  0.66536518894782937  0.67450157657189325
  0.68375969102189771  0.69262622308415767  0.70236710767087585  0.71323224958672682
  0.72455142461972921  0.73541418828425786  0.74655034014216515  0.75873329164548142
  0.77092516313338066  0.78243785208900996  0.79309927313775752  0.80285276597588040
  0.81236528515246353  0.82146624581686789  0.83089862819326266  0.84145900621965375
  0.85348345388319691  0.86604254723272933  0.87957236108275660  0.89312953369311521
  0.90568312622209002  0.91886634927364230  0.93200055493357659  0.94250649133601261
  0.94886638908651222  0.95417387467957637  0.95999064337102136  0.96610723363041973
  0.97171140711003767  0.97765401594066959  0.98324507143509998  1.00000000000000000
  0.00007095044981800  0.00007419761674087  0.00007796702340466  0.00008101777614015
  0.00008380764760053  0.00008693540299690  0.00009008168285507  0.00009178505514999
  0.00009211872552657  0.00009229039934978  0.00009235767660888  0.00009238597142307
  0.00009240644684098  0.00009241972074035  0.00009242762709043  0.00009243269187489
  0.00009243727482221  0.00009244098814375  0.00009244369002113  0.00009244610053439
  0.00009244795355720  0.00009244980658001  0.00009245127777777  0.00009245270566233
  0.00009245413354689  0.00009245550235914  0.00009245686599873  0.00009245822963833
  0.00009245973659995  0.00009246127869078  0.00009246284983436  0.00009246497783873
  0.00009246714112565  0.00009246992037389  0.00009247346744547  0.00009247801630690
  0.00009248358122215  0.00009248992858554  0.00009250316655061  0.00009252319913811
  0.00009255754681660  0.00009263466416921  0.00009279966631799  0.00009337544960525
  0.00009542413963643  0.00009885269447735  0.00010366413092709  0.00010942092917351
  0.00011702561481773  0.00012757360483133  0.00014065947303501  0.00015726207275233
  0.00017785692094363  0.00020101077718293  0.00022359713018006  0.00024831206689191
  0.00027878984209461  0.00031419147102871  0.00035545567854024  0.00040483119094746
  0.00046167765065066  0.00052221338750296  0.00058195503014504  0.00064143749163038
  0.00069862175992215  0.00075974412471837  0.00083584438006520  0.00090651356585950
  0.00098751505806476  0.00108320951044132  0.00119148643421924  0.00129917104533774
  0.00138227250050620  0.00144180062085659  0.00150901142755916  0.00158222684660091
  0.00168282484019841  0.00184682350013001  0.00201206341477691  0.00216609026185552
  0.00227095799596436  0.00235474286228520  0.00244958363656249  0.00255297169796895
  0.00271076273125547  0.00286606370017789  0.00302203525066195  0.00322867935272994
  0.00348758441457946  0.00390278356230994  0.00441306375151702  0.00525888882979775
  0.00675445940451107  0.00890769769950686  0.30204815518976241  1.00000000000000000
  0.00000074832575137  0.00000328721688655  0.00000450820852859  0.00000583438497015
  0.00000751661484111  0.00001012964786475  0.00001320335996532  0.00001643718128687
  0.00001970593034318  0.00002274940664812  0.00002560806607618  0.00002849021627539
  0.00003149379183561  0.00003446994499406  0.00003725953163103  0.00004000074911894
  0.00004290653407020  0.00004609130721113  0.00004918251111866  0.00005212889030929
  0.00005496135863126  0.00005763144537802  0.00006036912735306  0.00006295399596043
  0.00006585298072134  0.00006897647325239  0.00007225689084889  0.00007596822666794
  0.00008019559932409  0.00008475617410480  0.00008919939418484  0.00009301380814515
  0.00009706245609905  0.00010085000159428  0.00010471701692683  0.00010889172565112
  0.00011234222185247  0.00011486160368899  0.00011738436712203  0.00012071846601087
  0.00012591179491106  0.00013049556663608  0.00013544622091427  0.00014110978923831
  0.00014765888909751  0.00015387261906295  0.00015980923359215  0.00016620172161306
  0.00017385983368455  0.00018357601202905  0.00019486234096629  0.00020825121631878
  0.00022143827073478  0.00023354213584721  0.00024613026870410  0.00026011390725773
  0.00027540308878903  0.00029035484620564  0.00030019704600392  0.00030862515018624
  0.00031710011191951  0.00032668122068419  0.00033689648990237  0.00034769855692712
  0.00035813926683410  0.00037030216915359  0.00038366472839276  0.00039745025049413
  0.00041766659307030  0.00045633941045809  0.00049939824120376  0.00054585084296819
  0.00060150628985262  0.00068274010537065  0.00075510705760453  0.00080607869525240
  0.00084483115687246  0.00088437803604434  0.00093092639439278  0.00098496134469738
  0.00104202020657649  0.00110382394833859  0.00118284362129217  0.00126320124517253
  0.00134923679809641  0.00146128758355239  0.00158754852949393  0.00169689190977985
  0.00179497683718080  0.00194167241173879  0.00210536046190589  0.00232578404378533
  0.00326640831973368  0.01104365449813094  0.02911450898418942  1.00000000000000000
 -0.00207957694129477  0.00669423567561627  0.01756657792518025  0.02752479391431464
  0.03680769075328651  0.04602891977399681  0.05498123896796499  0.06440158023335364
  0.07440841921715408  0.08498248016941601  0.09523209328352986  0.10678941967003756
  0.11859384402367132  0.12986537780748270  0.14078014577678236  0.15200000834388183
  0.16540600072149694  0.17876136093531619  0.19147706471086209  0.20450293071131112
  0.21680082538940462  0.22809586324794881  0.24002093724220727  0.25278348305685439
  0.26589122896503675  0.27881518401693967  0.29127318552569254  0.30305448862951823
  0.31507779953080273  0.32816110318443042  0.34263911569882793  0.35793128663436968
  0.37253031832143557  0.38586950489354910  0.39898848747432475  0.41111800589136088
  0.42098667042676979  0.43018794119111942  0.43970326774428042  0.44759602520558223
  0.45426688096276002  0.46112962433868382  0.46982439608660637  0.47814257385084269
  0.48540922589643998  0.49154899365603671  0.49790497945270040  0.50415516065021304
  0.51062899577847920  0.51668178771371864  0.52189108568377529  0.52689449834934332
  0.53719804485569789  0.54947726246862161  0.56077551167385631  0.57230330152796149
  0.58523139437466898  0.59831060036132111  0.61180698439790637  0.62502703804293702
  0.63827851377743394  0.65145740694577892  0.66397701384984442  0.67577660843709830
  0.68721061814205464  0.69814371750135429  0.71069128530115322  0.72166891248110476
  0.73139365186194483  0.74244352657405432  0.75401321211859096  0.76532666996546928
  0.77552698563048306  0.78552894253627847  0.79581846666108436  0.80560851511469200
  0.81561672192944601  0.82588249489127152  0.83568895253068110  0.84559902120311825
  0.85544942010308922  0.86503317140502001  0.87433841062918161  0.88363108952394354
  0.89332945789659868  0.90354177563117699  0.91404391562753251  0.92480861633623401
  0.93464602492309756  0.94380058840084669  0.95258010664932136  0.96158334786266053
  0.97091544800405716  0.98050572332871688  0.99027660680010843  1.00000000000000000
 -0.00290816069259170  0.00953573600895706  0.02253918145274733  0.03436953622147850
  0.04633189427984068  0.05887036330343558  0.07029434763199219  0.08074654587933681
  0.09157312141769602  0.10332299529153886  0.11617746199871620  0.12973408935996636
  0.14183599528666330  0.15354043732815065  0.16555442383611416  0.17795877485699618
  0.19095323957480420  0.20398624872684210  0.21633285234110172  0.22784618208488136
  0.23860469757562919  0.24836208080661484  0.25582950828418233  0.26139196228878864
  0.26661772529808064  0.27438599992839852  0.28328405929292683  0.29137921099714803
  0.30075935713097224  0.31530239282000738  0.32985776235220643  0.34441711840483091
  0.35804834224617177  0.37218187347591819  0.38684538149685382  0.39850604083876462
  0.40765377532426922  0.41562792354634021  0.42360137890946586  0.43206524957509562
  0.44002930142014574  0.44634097031529157  0.45223981414599274  0.46071736761575333
  0.47407888255951702  0.48912378014726660  0.50093315579176056  0.50814148171839835
  0.51455302547467408  0.52122248363962098  0.52813534008262542  0.53441125410090640
  0.54003157379294675  0.54664678002669853  0.55517910924076874  0.56545989063027846
  0.57608858986412370  0.58716096619705793  0.59898743317379899  0.61146963261360299
  0.62460272950359730  0.63731787514684657  0.64749890457923798  0.65621555319999691
  0.66492682203914877  0.67414216297444196  0.68405435410245530  0.69496420777706369
  0.70634226379338205  0.71774108155227345  0.72986195786780939  0.74205441864037347
  0.75225612891517657  0.76252713029926689  0.77360526554101050  0.78469806494157601
  0.79603126904339017  0.80787874733727072  0.81972984218075184  0.83090953653634514
  0.84412434606071285  0.85709094544708242  0.87085087343989276  0.88456102141955828
  0.89720472415487251  0.90796165457384326  0.91721223619760839  0.92570058654322196
  0.93406224993823839  0.94285309826441233  0.95121200782978976  0.95996157660260983
  0.97089104118936242  0.98103835394057914  0.99063883815628007  1.00000000000000000
 -0.00168754917512179  0.00679738385577154  0.01544214471866681  0.02526643788897216
  0.03447378203126177  0.04287987959117094  0.05237710709275548  0.06242796400229645
  0.07282517846329448  0.08377260191338469  0.09492659433648591  0.10615963580893829
  0.11770648604758872  0.12952296813004205  0.14112796889992865  0.15173188917995079
  0.16083980030294720  0.17090966011938349  0.18070459237334749  0.19092286149632279
  0.20129873335118398  0.21083203822558011  0.22044540531014081  0.23033289719570510
  0.24125514141412649  0.25112534062149794  0.25792740672321224  0.26323235189183475
  0.26845380531741919  0.27347415718332263  0.27929672253869942  0.28555572488469494
  0.29129650221935027  0.29690151340515369  0.30826314182403408  0.32123300989739584
  0.33303224157484712  0.34328340517465727  0.35319567500694488  0.36351179352985558
  0.37400934486719073  0.38554967648188210  0.39878472317747493  0.41307477807592236
  0.42701928901458869  0.43882427884312081  0.45216521280745153  0.46003989364464021
  0.46719858480393056  0.47486737484399394  0.48357534605158198  0.49246348372784837
  0.49996410228049798  0.50719074552179111  0.51538421114906230  0.52473637576553045
  0.53708331520512653  0.54844260617277329  0.55665745957087509  0.56431401511025092
  0.57279894422757005  0.58141246739721186  0.58947785607404823  0.59698988813871845
  0.60878361026406880  0.62124836276690132  0.63233550924965509  0.64681831234002685
  0.66167278062149293  0.67593278998601836  0.69035465391786555  0.70428190724670481
  0.71700332894875363  0.72997712080161870  0.74397433237202482  0.75821601890031054
  0.77161238512034658  0.78377917085443982  0.79447386589881452  0.80477430554317608
  0.81446170901284221  0.82442153918135264  0.83492554669987351  0.84676075196154355
  0.85983703444311665  0.87311342462467068  0.88683438818302218  0.90014497296136786
  0.91303940054580313  0.93004760655304874  0.94447888015702353  0.95875830574460152
  0.97301506719047082  0.98392832560432109  0.99294735906332821  1.00000000000000000
 -0.00220343912754090  0.00825993474746838  0.01864238278976462  0.02963558510830595
  0.04028674981913472  0.05155962832553596  0.06373798122428995  0.07508634772503238
  0.08746059685682020  0.09974688480351511  0.11180986909977260  0.12394338968927925
  0.13534900016175852  0.14609486371464103  0.15723408612407633  0.16880737761349374
  0.18153042565950400  0.19511042293683517  0.20530732536785942  0.21221062803563531
  0.21938917819991305  0.22771302464527290  0.23576984386071023  0.24332160219759391
  0.25217114569933996  0.26301761163167098  0.27391180716101554  0.28473622763749001
  0.29558672254784019  0.30678145139603891  0.31858148362809652  0.33095092737612664
  0.34448009192054529  0.35976318528258489  0.37577999685601238  0.39167985862725258
  0.40678521463705647  0.42036846688792773  0.43173342140099430  0.44093248572159394
  0.44990462551520760  0.46049532785293934  0.46875040174882027  0.47399392048057193
  0.47979308710303264  0.48555272319271775  0.49041926680905501  0.49662989877112640
  0.50321256775779666  0.50911301001663511  0.51669004678870434  0.52749691767665141
  0.53890505931641841  0.54953166819815336  0.55983804096779799  0.56970024001763675
  0.57978667359405445  0.59074119155890215  0.60194707638161915  0.61391516248971800
  0.62604922285764120  0.63792376304181797  0.64923481290285379  0.65869873724412031
  0.66801413526621833  0.67857052006059637  0.68945524512838829  0.70048772209532706
  0.71191088825204096  0.72298448299573626  0.73425896654565037  0.74685977225058020
  0.76067955667628973  0.77426519663281201  0.78745845223388489  0.79981571286420183
  0.81150790653737170  0.82357045503772630  0.83551238806719375  0.84718163077977915
  0.85918736330729883  0.87093665745593352  0.88192849623451519  0.89235119129734486
  0.90157304647806580  0.91111599547242583  0.92099884118503594  0.93032418662424876
  0.94032606041263378  0.95197220500355906  0.96094797016062727  0.96825826875028742
  0.97637455398507611  0.98452874730554885  0.99244475050427228  1.00000000000000000
 -0.00192930902966258  0.00794042143372495  0.01782607105572883  0.02756119829858827
  0.03835702561986376  0.04888743368938200  0.05760950531767413  0.06526720053733462
  0.07352321289208254  0.08204930169945462  0.09002781506897452  0.09717893992683538
  0.10644020744558362  0.11534802146857789  0.12383871373443202  0.13135161373201057
  0.13774537766200071  0.14489690892231546  0.15365134958957560  0.16068035805617098
  0.16860345977366115  0.17930427049876518  0.19045991073585500  0.20150512123643596
  0.21248485002569353  0.22333333651253862  0.23458573146314182  0.24648748185084823
  0.25941211867088493  0.27191090862300471  0.28363143787503908  0.29468024861912367
  0.30543167154449918  0.31680966383536491  0.32911983070501616  0.34166643677408948
  0.35419253524749650  0.36699678081632914  0.37937111365138970  0.39204541464310783
  0.40536499416060645  0.41888198670193583  0.43218364168151974  0.44523142957948414
  0.45804415176423968  0.47063148775206581  0.48306816103737016  0.49455043354289091
  0.50458900232642601  0.51580583216260611  0.52594546669641973  0.53667077066139668
  0.54765055047609335  0.55892331975379095  0.56931068389321293  0.58088925919028045
  0.59298365857290458  0.60505227831162611  0.61556303654874234  0.62390873554263404
  0.63005688721319142  0.63703348365470658  0.64373485408035624  0.65043295292585501
  0.65711428276854200  0.66256110544665836  0.66785095783252035  0.67540707508330655
  0.68523657368023339  0.69594165376721584  0.70716368876912383  0.71829445559531702
  0.72967781507520679  0.74260989002125388  0.75684256364285163  0.77112944074172607
  0.78453829751890525  0.79702114452656092  0.80930967513306096  0.82100326001536073
  0.83214997755596820  0.84154334922018903  0.85138132638940078  0.86079258102661271
  0.87049663041151848  0.88201132614795885  0.89342710916906865  0.90389674975207279
  0.91519715331232043  0.92699146398053245  0.93796857476371742  0.94993456831017065
  0.96266342554809037  0.97514341096421364  0.98748204489928559  1.00000000000000000
  0.25766196764364502  0.35963273119010325  0.41368620101938752  0.42839181026201095
  0.44731529363302186  0.48796503005656244  0.50031040138168881  0.51589009577348943
  0.52765519165551356  0.54005811526342917  0.56959913147800989  0.60628529737390691
  0.63314392275238562  0.64519293627591323  0.65352985097742011  0.66071821617824134
  0.66763793798145088  0.67447242471790880  0.68067398584029037  0.68584892236948347
  0.69024119777616422  0.69422204508456709  0.69811958102978822  0.70200059985539498
  0.70592687423379419  0.71018128716039763  0.71599196850294222  0.72136233592998300
  0.72603190387666905  0.72990201937803212  0.73314634734480499  0.73607777771385485
  0.73909024630150633  0.74231764759731633  0.74536664325321977  0.74827232834737489
  0.75171899918033402  0.75564516023539907  0.75947907128531944  0.76294165924166946
  0.76632144057216511  0.76956640359517370  0.77258719052534164  0.77530548267634347
  0.77772831020911315  0.78023105564323680  0.78296003184133045  0.78573374370745608
  0.78826394050590076  0.79058929971761227  0.79365903095674561  0.79636471241707218
  0.79918130893232076  0.80265183426547815  0.80611325262150180  0.80981241591797981
  0.81384195727278674  0.81789840235732458  0.82143130310454238  0.82477199923033273
  0.82829513711527003  0.83216112321108204  0.83651145328000320  0.84139981583854473
  0.84631556836951383  0.85105687524821305  0.85544195222674790  0.85953738139016034
  0.86329985154822908  0.86719210870256602  0.87117906087933483  0.87522996947653975
  0.87883183527478748  0.88170834771325635  0.88344016838277828  0.88569768989680586
  0.88800623027053271  0.89032061576685939  0.89277887550741342  0.89545856164633253
  0.89845125602453868  0.90073730746663294  0.90359053694165214  0.90775282473153907
  0.91257174732970026  0.91732916235182216  0.92213692809284875  0.92696329437858560
  0.93224076317690363  0.93899779138355455  0.94580950633890237  0.95281669529777036
  0.96136147360754731  0.97075889922879077  0.98226952437057491  1.00000000000000000
 -0.04013660103522067  0.16216542898973485  0.21396810464383570  0.24379484359642184
  0.26298390782700859  0.27710498431075947  0.28799360824125347  0.29726288413028684
  0.30830722648187997  0.31797100119493893  0.32614994699330396  0.33524103869811528
  0.34370306734262923  0.35297665493765529  0.36298370270670655  0.37206772887962480
  0.38033873080756891  0.38936494244601044  0.39727227276176647  0.40442189341936169
  0.41106749230094281  0.41528864391552911  0.42073617432406635  0.42656697249538655
  0.43230906413557652  0.43801430352890369  0.44431925351988200  0.45157591180541162
  0.46025418614190533  0.46816506708114236  0.47524113879195840  0.48214727967533422
  0.48912959156400609  0.49641157242703882  0.50416048062305352  0.51223338275153241
  0.52003157529574351  0.52683639453667896  0.53211407807703381  0.53531416811886323
  0.53825527606719714  0.54176102612598076  0.54535357300910658  0.54850931285120519
  0.55167899579205426  0.55504089799378098  0.55866017414512126  0.56263602010342706
  0.56845098186877341  0.57536114827661744  0.58193616113709334  0.58830972122781366
  0.59417475380376228  0.59935878840689427  0.60378861787405380  0.60863258203663084
  0.61372413817412319  0.61809298099752452  0.62230744423485618  0.62739883009276132
  0.63259794186429841  0.63759026842558852  0.64265020187926547  0.64800838726872434
  0.65346450439534964  0.65874952819538457  0.66391126351233387  0.66911804612754344
  0.67404099971140330  0.67847659216649048  0.68289531912722590  0.68749338018553874
  0.69252844576805528  0.69778387741081560  0.70305520907384533  0.70829042129987052
  0.71351489131512991  0.71882643850256023  0.72409116491807957  0.72933777395845767
  0.73486329707609799  0.74015350458836138  0.74502009897897359  0.74999824917112812
  0.75519492310049663  0.76031695755815276  0.76579924156537771  0.77189281144653177
  0.77855356773097983  0.78602785466348135  0.79492240828047789  0.80551116912791820
  0.81666470121597423  0.83635075834538641  0.89155939486339353  1.00000000000000000
   4.8284844339446222E-010  -1.0000000000000000     
 F F F F F F F F F F F F F F F F F F F F F F F F F F F F F F F F F F F F F F F F F F F F F F F F F F F F F F F F F F F F F F F F F F F F F F F F F F F F F F F F F F F F F F F F F F F F F F F F F F F F F F F F F F F F F F F F F F F F F F F F F F F F F F F F
  <DiscreteSampler_grid>
  grouped_processes
  1 # 1 for a reference and 2 for a running grid.
  10 # Attribute 'min_bin_probing_points' of the grid.
  1 # Attribute 'grid_mode' of the grid. 1=='default',2=='initialization'
  0.0000000000000000 # Attribute 'small_contrib_threshold' of the grid.
  0.5000000000000000 # Attribute 'damping_power' of the grid.
 # binID   n_entries weight   weight_sqr   abs_weight
    13   10   1.148523899232781E-001   6.367627822455744E-002   1.148523899232781E-001
    14   10   1.148523899232774E-001   6.367627822455642E-002   1.148523899232774E-001
    16   10   2.520977329932994E-001   3.032106529240653E-001   2.520977329932994E-001
    17   10   2.520977329932976E-001   3.032106529240595E-001   2.520977329932976E-001
  </DiscreteSampler_grid>
