  0.00000011136048373  0.00000015686949126  0.00000020256741366  0.00000028580958827
  0.00000058641060263  0.00000332249081762  0.00001279294556174  0.00002506753283623
  0.00003219310096204  0.00003545125473252  0.00003799771187708  0.00004027200336888
  0.00004201397373188  0.00004325036165187  0.00004418403747515  0.00004495411233700
  0.00004554101714638  0.00004591363827179  0.00004629786121009  0.00004656074580929
  0.00004677042733470  0.00004696292574047  0.00004710983751361  0.00004723731182422
  0.00004735735033181  0.00004746888850362  0.00004757177841349  0.00004768305346653
  0.00004779524946355  0.00004790785502664  0.00004801592928782  0.00004810417268313
  0.00004818603384769  0.00004826130323648  0.00004833234959994  0.00004840259018022
  0.00004847275828188  0.00004854016821474  0.00004860563467002  0.00004867109675861
  0.00004873045122424  0.00004878605561729  0.00004884762062223  0.00004890512867433
  0.00004895696140405  0.00004900316501487  0.00004904860187989  0.00004909623227910
  0.00004914985178613  0.00004921382012169  0.00004928730748167  0.00004936291264476
  0.00004943991461477  0.00004951768927453  0.00004959393750883  0.00004966544754471
  0.00004973379899985  0.00004980536919930  0.00004988391167008  0.00004996725618667
  0.00005005171562286  0.00005014012870680  0.00005023692155524  0.00005033356047270
  0.00005042909034359  0.00005052203977236  0.00005061621943824  0.00005071670469543
  0.00005081274719998  0.00005092733296174  0.00005101562492753  0.00005109301395573
  0.00005117131799992  0.00005128060922792  0.00005145536175232  0.00005166174454031
  0.00005188914543400  0.00005216143270139  0.00005241457823794  0.00005264958390402
  0.00005291657425584  0.00005324303740055  0.00005378878374995  0.00005440760233893
  0.00005504774102836  0.00005590350677893  0.00005711571417190  0.00005871117883286
  0.00006163608863457  0.00006757131952894  0.00008205123067961  0.00011553759056336
  0.00021478251005425  0.00076240484937751  0.45317122956756595  1.00000000000000000
  0.00007085382113640  0.00007492652683724  0.00007866687205687  0.00008321051485107
  0.00008789578746547  0.00009135968574815  0.00009225648659025  0.00009247110005370
  0.00009252485821262  0.00009255036697890  0.00009256069160548  0.00009256728264175
  0.00009257218361807  0.00009257579587992  0.00009257874818141  0.00009258043795176
  0.00009258188128219  0.00009258316946688  0.00009258434642547  0.00009258527651941
  0.00009258617766403  0.00009258692850754  0.00009258766179983  0.00009258837380840
  0.00009258906668805  0.00009258976040491  0.00009259049573351  0.00009259123106211
  0.00009259208729664  0.00009259300862746  0.00009259407364372  0.00009259522350914
  0.00009259657696570  0.00009259852982692  0.00009260099346245  0.00009260417062112
  0.00009260870124328  0.00009261498727735  0.00009262347174294  0.00009263349750053
  0.00009266197574037  0.00009274840575601  0.00009318273439032  0.00009552152275059
  0.00010079752298649  0.00011007995566510  0.00012190289087260  0.00013581308897883
  0.00015217927997793  0.00017066325647351  0.00019265142876785  0.00021743112145233
  0.00024514745856635  0.00027362395626519  0.00030541906241670  0.00033953069637376
  0.00037433268533411  0.00040975777045499  0.00044680101783096  0.00048480920206963
  0.00052541218710262  0.00056708393744854  0.00061669296093898  0.00066965301890576
  0.00072313526385329  0.00078176046783731  0.00084763230758870  0.00091808133692309
  0.00099397083193528  0.00108047438151029  0.00117681626383535  0.00128098894183068
  0.00138769736528267  0.00149890192664589  0.00162220433359179  0.00176779143416384
  0.00192356457307716  0.00206964669716590  0.00219885214679014  0.00232022925195670
  0.00246581237610926  0.00263338810107239  0.00281332130250832  0.00298910640496177
  0.00325945476429886  0.00359697022966806  0.00398653702254430  0.00443916319775040
  0.00503074073922757  0.00607221539933181  0.00739262215651947  0.00834841649996361
  0.00942670077711469  0.05969553383337214  0.12100884164828560  1.00000000000000000
 -0.00000028418616500  0.00000356281398966  0.00000632672462280  0.00000896418403637
  0.00001179834011847  0.00001347218118080  0.00001509617998774  0.00001694661996637
  0.00002020288825227  0.00002323195461946  0.00002562063047278  0.00002767357453724
  0.00002978087133144  0.00003246593620918  0.00003530652352341  0.00003750524119879
  0.00003905401693070  0.00004050131302367  0.00004234886494988  0.00004405551515364
  0.00004569516876708  0.00004826095214999  0.00005171165379299  0.00005530256694489
  0.00005875279898612  0.00006213739481387  0.00006562410776304  0.00006869070100456
  0.00007152557701762  0.00007469163126027  0.00007776084014030  0.00008074218379612
  0.00008410476363593  0.00008765638567152  0.00009115636428440  0.00009374020901527
  0.00009631867294957  0.00009926318198764  0.00010223494472452  0.00010630289960283
  0.00011080800288819  0.00011520771950390  0.00012034252348037  0.00012577553932145
  0.00013174700850327  0.00013799955745000  0.00014339391579894  0.00014933685491656
  0.00015665595953544  0.00016367418514079  0.00016993201577309  0.00017703000877840
  0.00018534478286497  0.00019419034583724  0.00020450075012766  0.00021433205448423
  0.00022383777211138  0.00023328291133083  0.00024483575145977  0.00025860254881649
  0.00027376834862156  0.00028838680912924  0.00030301810464280  0.00031807573602134
  0.00033427381449584  0.00034947416171263  0.00036558544274797  0.00038337450825010
  0.00040155288862921  0.00043059345941134  0.00045979098722425  0.00049013423013183
  0.00052211289033052  0.00055601082886488  0.00059302799374433  0.00063213874042750
  0.00067419954006734  0.00072225372165069  0.00077998428903677  0.00085115626920220
  0.00093269300873194  0.00101106255948976  0.00107633051962999  0.00113588375109431
  0.00120093304852838  0.00127521151317119  0.00136051147246316  0.00144525973326218
  0.00157557054529522  0.00174336074548215  0.00202389883904835  0.00240875183432078
  0.00306885753990257  0.06727677796105608  0.16512366396615619  1.00000000000000000
 -0.00327963839298380  0.01055737273195992  0.01867285584654988  0.02517167144756634
  0.03229638943184775  0.03944106470992412  0.04666302249939604  0.05449014486380447
  0.06371531469989400  0.07540410299074433  0.08858047614004870  0.09825102609019756
  0.10935256335472357  0.12286417430243582  0.13675516668605908  0.14936253646475031
  0.16099560454613993  0.17224875195188566  0.18293621306497687  0.19300566286459292
  0.20391001828537034  0.21654006651922350  0.22694004003557142  0.23753251391293964
  0.24860958223283372  0.26138168617729807  0.27442995491881422  0.28668470775557914
  0.29697724678103388  0.30759304052333231  0.31903591655369079  0.32907140683775904
  0.33717205136524536  0.34707964323825258  0.36056717393095028  0.37300069783663747
  0.38216361268972432  0.39481767612353658  0.40984149785416796  0.42470061613317389
  0.43777129176753060  0.45116021134596268  0.46444959653409862  0.48186243482835506
  0.49781132688774782  0.51159825159684436  0.52485137135330207  0.53773714089304725
  0.54938438625334218  0.56025754814049111  0.56970552699076893  0.57608701580465438
  0.58482162685331840  0.59242529217671702  0.59865605882848483  0.60734735556328101
  0.61999540202276648  0.63375074442184898  0.64495290372736147  0.65523320125414553
  0.66594815870547053  0.67755367915067699  0.68902938010291026  0.69943199339021478
  0.71012012283305614  0.72041538480607581  0.73120099074753642  0.74139551840182516
  0.75162682414012161  0.76230078150399605  0.77305775724846326  0.78315717006734054
  0.79294138156156202  0.80285229396164692  0.81276169784028962  0.82256982414310920
  0.83257753441077464  0.84296267786434009  0.85314198041424294  0.86259152702216357
  0.87212779535165108  0.88088199544770518  0.88892013006755133  0.89701954692520880
  0.90585369587905151  0.91605543385673316  0.92718011556185476  0.93820071712083297
  0.94879161820296076  0.95857508326585639  0.96700698183401979  0.97376208607010617
  0.98107952833538137  0.98758661707537521  0.99397647987584747  1.00000000000000000
 -0.00198687051441540  0.00713411447743383  0.02009612710277913  0.02916075856634192
  0.03828032341673961  0.04669565787766526  0.05593636649560386  0.06557313505229964
  0.07514659599485722  0.08498745522848519  0.09475240787981233  0.10461470193679361
  0.11407622140440211  0.12323824297620811  0.13560676978805924  0.15113473342424003
  0.16533700353411329  0.17941106682665109  0.19264947125983187  0.20477366021036583
  0.21685250330326214  0.22901290938923133  0.24144738774883484  0.25355251154709724
  0.26505618463708230  0.27605803153568015  0.28681467830236024  0.29761102797709504
  0.30867294680737761  0.32021756625107395  0.33238251750894593  0.34470240395111046
  0.35642135125829999  0.36747451149554694  0.37773427820973671  0.38777066006974648
  0.39827222657637212  0.40799876607795604  0.41853687263257283  0.42991917057566409
  0.44146246837156289  0.45360580495037556  0.46634476285583454  0.47994329595412599
  0.48728274384034642  0.49568651779723627  0.50371847119540114  0.51237329110828789
  0.52086979710681380  0.52989929391186108  0.54103443742830537  0.55347496707084765
  0.56616398483999120  0.57843018282720271  0.59004525035769795  0.60096026520866175
  0.61092090302977209  0.62034108185376735  0.63000921277530053  0.63983813090171526
  0.64959485012828067  0.65976928889712216  0.66924893051697132  0.67819984456522397
  0.68798309708107741  0.70003829879034574  0.71418651041710679  0.72786717769597487
  0.73798777557040440  0.74715398170400193  0.75659374896383902  0.76682524107094985
  0.77772891206312578  0.78863269611252373  0.79900439975878501  0.80883893509594917
  0.81958602848497952  0.83174724487574325  0.84506308017670384  0.85843814224083737
  0.86718230822229669  0.87535615828888147  0.88501805758359020  0.89442893974825255
  0.90378292288701056  0.91455200653624746  0.92517531702429567  0.93538654066410032
  0.94469622405854303  0.95309584585899154  0.96113151090858939  0.96826992596528161
  0.97609294775791955  0.98437952474241119  0.99070287016563319  1.00000000000000000
 -0.00143454821107484  0.00641801111228297  0.01398716574775408  0.02212692140921494
  0.03147426782264236  0.03998813276248193  0.04784208686750181  0.05629703080507845
  0.06483997617599521  0.07397691115831490  0.08407490978752444  0.09431700179034039
  0.10411364525747593  0.11426755284967093  0.12426178435037137  0.13393012965209072
  0.14341756735824102  0.15233657184558502  0.16134658682229253  0.17073048701629584
  0.18036990507493680  0.19073030786685430  0.20148830456266920  0.21081801378389159
  0.22074381263473891  0.22998218459395472  0.23866080929482605  0.24844608008770627
  0.25791667998319751  0.26633931454182991  0.27655667292712260  0.28688275535862834
  0.29769282180777362  0.30919389811034143  0.31918614834653997  0.33052693887147455
  0.34163578597257455  0.35422763464287343  0.36480365942266968  0.37496925682775950
  0.38487149230175072  0.39434986363699548  0.40441293406018802  0.41557781493793727
  0.42752385219595085  0.43754123076195373  0.44501783417282620  0.45277240860994777
  0.46049953647754649  0.46858206260443136  0.47714747461119134  0.48522460395424405
  0.49393794689874759  0.50248029765239566  0.51031699910707917  0.51823993020749892
  0.52745841595397980  0.53852407774919897  0.55075819935682757  0.56389094882077995
  0.57845907806748342  0.59333049621704048  0.60641793237363040  0.61717477180055580
  0.62842449476963735  0.64049408593796819  0.65280237001283348  0.66593896091535276
  0.67756839915522737  0.68801078122131876  0.69527244194465487  0.70178340704047371
  0.71033329296632541  0.71999202913241744  0.73296649804910974  0.74949013855221247
  0.76587604643333640  0.77936863061822914  0.79052805084983802  0.79969661662156832
  0.80780783606528506  0.81723970799997037  0.82663437017834629  0.83431870532463903
  0.84549248223412921  0.85845906829425622  0.87207414703084596  0.88734452415930209
  0.90454639239328793  0.92334063555016810  0.94174574941555689  0.95627841796841528
  0.96853843365874237  0.97879069863535817  0.98855470642830234  1.00000000000000000
 -0.00162941484036422  0.00670236017580846  0.01696952479255334  0.02772183567170092
  0.03788415708637116  0.05241397212911378  0.06574701491353481  0.07810251312057037
  0.09023608600351048  0.10271869070185233  0.11561323833501132  0.12766066273468446
  0.13724384521597904  0.14488882084083196  0.15272105742044803  0.15932567851725665
  0.16720008658508703  0.17729689789739581  0.18809474182158858  0.19857104771137177
  0.20873910041847157  0.21973808194268812  0.23135639538905936  0.24335995374848482
  0.25614024320881390  0.26954447924796726  0.28325985131171871  0.29626252213773779
  0.30710831174002445  0.31539929606011474  0.32167323467840941  0.32783179081867542
  0.33532326768768228  0.34242344545044229  0.35083065347917897  0.36070222274681352
  0.37151570886865659  0.38322010280521612  0.39546432092291706  0.40774702324791551
  0.41994927431629686  0.43094603707429957  0.44104128057341546  0.45079746581904689
  0.46126118330942267  0.47366703796516940  0.48611858634976424  0.49606716837110137
  0.50698570307268653  0.51738585180212149  0.52834306407025455  0.54002997884132264
  0.55186102832564921  0.56383046365077805  0.57548495955850165  0.58672034875937273
  0.59770585186910652  0.60889431923388926  0.62106418086964366  0.63470617241876426
  0.64960743657896991  0.66376160232661685  0.67666270591543687  0.68757833090155707
  0.69641153403517275  0.70491637181606448  0.71355270258959003  0.72310902617337625
  0.73209223104706100  0.74283900567596606  0.75290610857532125  0.76195647240598641
  0.76973912261982780  0.77723497142918696  0.78527211015269549  0.79346452227371023
  0.80153241710837053  0.81044259545735298  0.82026154451116140  0.82940883282628430
  0.83861635776736265  0.84841055710700553  0.85786270928639718  0.86705058745484831
  0.87662668812054512  0.88776474939144123  0.89806796080112405  0.90764254840395719
  0.91634650945033891  0.92449144348431378  0.93361621532548289  0.94461325241502125
  0.95777375872947657  0.97197110344558424  0.98600244443042073  1.00000000000000000
 -0.00158300387390456  0.00653655163298263  0.01593148141163428  0.02488869863996403
  0.03448121880882901  0.04492885485486765  0.05653598834050434  0.06557214545856280
  0.07383100399685444  0.08073205463457750  0.08728550515318746  0.09561080020126213
  0.10688087536712212  0.11832156552210381  0.12828838847691562  0.13707256211035143
  0.14448767185063946  0.15251805250838160  0.16242186780899837  0.17363319436534083
  0.18636512097457270  0.19703184468510510  0.20679298218043207  0.21661436308899895
  0.22776635013355903  0.23986946999254150  0.25108558286082627  0.26217866330119222
  0.27263405897368503  0.28312307912189427  0.29518686671168332  0.30797317107112898
  0.32027573219849681  0.33223701757130875  0.34426177937221980  0.35608497504024628
  0.36856439018261111  0.37894134436692550  0.38682160724866144  0.39220408758777187
  0.39716065415634716  0.40469899767194173  0.41281525000948593  0.42235782666107213
  0.43305728107589603  0.44362271152559368  0.45306880302118241  0.46198382780182773
  0.47076766161735939  0.47958165449186235  0.48877636253342194  0.49940495162996845
  0.50980481564542790  0.52065834716216408  0.53152085615000400  0.54118671570033450
  0.54940279315616880  0.55726968409657229  0.56923483290027388  0.58261833088407866
  0.59590717204683119  0.60904282280829392  0.62184499053667808  0.63421425062586578
  0.64642571518392333  0.65870336008646613  0.67086976499494599  0.68286739509546879
  0.69521764458682667  0.70900009755096227  0.72214329155066037  0.73412011601416638
  0.74545296932528282  0.75728306009739510  0.77020370486455048  0.78409778192242674
  0.79809523055710574  0.81084570307271964  0.82154700993126295  0.83097418054341443
  0.83971147067865703  0.84911364887182450  0.85865218660217679  0.86814197321695463
  0.87903457417307795  0.89187066454032859  0.90489620930137049  0.91552567287947906
  0.92410714844785236  0.93329549938550127  0.94404563880983439  0.95460303754949993
  0.96483049492951978  0.97596408923174283  0.98812687137593136  1.00000000000000000
  0.04612931463752223  0.14210194122021480  0.19665537019127460  0.22489744647287105
  0.24355084385971890  0.27271763168139745  0.31681210233505125  0.36719310565218916
  0.41260612802721192  0.45642361078145066  0.50156985398839016  0.54986445501517944
  0.59895189697905626  0.63308397832919427  0.64901362951047192  0.65581613635589919
  0.66072647147896224  0.66542984579270015  0.66975138717687110  0.67378641366284331
  0.67736938057723550  0.68068334211383308  0.68400418335954793  0.68712692791228314
  0.69006205002882026  0.69292702369977976  0.69630390895721173  0.70026674491822949
  0.70386929141351229  0.70716607120973363  0.71062613146521802  0.71421812945790375
  0.71786542889758553  0.72091910374967094  0.72344756051252634  0.72631067979617914
  0.72934900675592962  0.73227432283978400  0.73491132056763653  0.73781034436188597
  0.74099233263240150  0.74429277499373847  0.74718849035365609  0.75022352438246620
  0.75334972717535287  0.75614330767426674  0.75922044908898589  0.76228120768896968
  0.76525245073333181  0.76821780866986578  0.77120109022899686  0.77454429610780551
  0.77842178500651149  0.78257464414215727  0.78657767992130323  0.79024348011363488
  0.79368203484533206  0.79730712770488277  0.80091988911427536  0.80427251477426420
  0.80728546726000627  0.80966358806388095  0.81184849748850896  0.81510561838136775
  0.81861930319471543  0.82120884353719326  0.82340432222481463  0.82617436388236343
  0.82974775837717407  0.83398440103773763  0.83876826869389087  0.84344221714293288
  0.84741612158894963  0.85096795828383376  0.85466591361426070  0.85835374806069520
  0.86208399739943642  0.86676120891866260  0.87163891824306994  0.87637136150276029
  0.88112733561490730  0.88587517419441242  0.89070164644805538  0.89596356662925214
  0.90160430302575867  0.90761260820314749  0.91402036739512171  0.92033715678903760
  0.92660060020322355  0.93322830057787509  0.94047770887609483  0.94842066233574362
  0.95718508087750942  0.96745973137896546  0.98158991227179060  1.00000000000000000
 -0.03929238921066550  0.16667108467729400  0.19713414999367843  0.21486223553311531
  0.22694574560388156  0.24742589072629287  0.26678182861838284  0.28445431451285919
  0.30041770798682210  0.31538485294212382  0.32971817545715915  0.34366903708499424
  0.35728237420237657  0.36998188035096308  0.38169601974332429  0.39365719255118525
  0.40462379970953233  0.41561587898005870  0.42663067078247141  0.43731301889915175
  0.44707808901670976  0.45520287663006359  0.46286488254938524  0.47038871288982637
  0.47744291330768146  0.48434309525296548  0.49127476468120523  0.49767848832486833
  0.50356048765538020  0.50858851894110613  0.51362982310767935  0.51921224716756120
  0.52409951718282799  0.52892749305454534  0.53392289246248381  0.53810456893151337
  0.54205546187692821  0.54676866724763429  0.55129742328749287  0.55474035446984660
  0.55858791499204297  0.56318587073857107  0.56768318666273843  0.57248751264292119
  0.57731765112420641  0.58220597283005693  0.58796696083050026  0.59400530172870036
  0.59986255770203467  0.60557075458153153  0.61088402819910803  0.61587082002719007
  0.62055967804701195  0.62505787385190026  0.62957335033351969  0.63441156035758850
  0.63890926652733260  0.64292931346570370  0.64648625526072978  0.64942525106252458
  0.65275722839079819  0.65595969119637054  0.65882288704220893  0.66154314056146091
  0.66451121193414175  0.66883142325827305  0.67394537894050899  0.67872124514603971
  0.68348408790823123  0.68823451260545743  0.69277103964724718  0.69715952107407986
  0.70169052053716996  0.70659715600456396  0.71168867122332080  0.71674644546296229
  0.72185826217476934  0.72742948147297237  0.73391877425935104  0.74062396645368755
  0.74748365206544498  0.75383319192353226  0.75989978424622273  0.76600471837200546
  0.77246104345710920  0.77960084925364015  0.78754798854143171  0.79573104953908080
  0.80323976034021083  0.81161055991470066  0.82167880675826899  0.83396048182901550
  0.84950930758507159  0.86962078560296141  0.92882978370155034  1.00000000000000000
   2.7273256277162144E-010  -1.0000000000000000     
 F F F F F F F F F F F F F F F F F F F F F F F F F F F F F F F F F F F F F F F F F F F F F F F F F F F F F F F F F F F F F F F F F F F F F F F F F F F F F F F F F F F F F F F F F F F F F F F F F F F F F F F F F F F F F F F F F F F F F F F F F F F F F F F F
  <DiscreteSampler_grid>
  grouped_processes
  1 # 1 for a reference and 2 for a running grid.
  10 # Attribute 'min_bin_probing_points' of the grid.
  1 # Attribute 'grid_mode' of the grid. 1=='default',2=='initialization'
  0.0000000000000000 # Attribute 'small_contrib_threshold' of the grid.
  0.5000000000000000 # Attribute 'damping_power' of the grid.
 # binID   n_entries weight   weight_sqr   abs_weight
    13   10   2.515573453361332E-002   2.405365248679678E-003   2.515573453361332E-002
    14   10   2.515573453361331E-002   2.405365248679677E-003   2.515573453361331E-002
    16   10   1.471504599835717E-002   1.049340415804534E-003   1.471504599835717E-002
    17   10   1.471504599835716E-002   1.049340415804533E-003   1.471504599835716E-002
  </DiscreteSampler_grid>
