  0.03074120553315082  0.03641732571155566  0.04551367179110316  0.05542577564534182
  0.06528904134123234  0.07547718239335724  0.08584401448226804  0.09576006868657104
  0.10516971827950596  0.11385336222041816  0.12266227910070771  0.13160458287065410
  0.14052865782433416  0.14968130227189266  0.15891714899116524  0.16831077956359419
  0.17827255651569368  0.18871891342080802  0.19929598209020194  0.20934723985448148
  0.21876310496051984  0.22790682244039923  0.23716796533819803  0.24631996122777902
  0.25590246283885454  0.26563010321900571  0.27489781489804421  0.28409125120282369
  0.29380529498823099  0.30387674301416789  0.31415242055926329  0.32406557175961698
  0.33542060503560217  0.34826261987329626  0.36096434833622049  0.37300711326668456
  0.38471919582473191  0.39623923167667802  0.40772799759739903  0.41868911469209047
  0.42928628580832134  0.43936825719054518  0.44893191170145391  0.45865779597819695
  0.46759122616555876  0.47656766631873704  0.48529157304748632  0.49366305109122532
  0.50191641053917491  0.51010044758576734  0.51823134925055814  0.52677236120297555
  0.53586426702888201  0.54558129162649072  0.55592756533474341  0.56649841673910151
  0.57701974331140715  0.58733662295075184  0.59741273496493463  0.60754410682494275
  0.61766613869593201  0.62780788568334744  0.63823470973167085  0.64893723568738315
  0.65945542987171091  0.66959373980417791  0.67937241363255241  0.68892465335390729
  0.69820921671223779  0.70747432806547028  0.71712312024335911  0.72722460272850997
  0.73770820384891778  0.74848746747766004  0.75953891025041076  0.77061228444742091
  0.78148444524150507  0.79222123667991740  0.80267772324357900  0.81270916279739336
  0.82234176582852103  0.83224226874764740  0.84284980719324920  0.85388519789732564
  0.86468384918038599  0.87558279064988209  0.88753128659660008  0.89927228005586490
  0.91149037716348302  0.92259810942326870  0.93370314872925209  0.94463217374220299
  0.95547369449342712  0.96447609151523950  0.96906558376824714  1.00000000000000000
  0.00000009280049579  0.00000135808416689  0.00000411370972768  0.00000807274719211
  0.00001271981108827  0.00001753074059480  0.00002211976910194  0.00002622906734872
  0.00002969223712849  0.00003263063702647  0.00003459632557573  0.00003591403907561
  0.00003713120185104  0.00003825345131548  0.00003928378405871  0.00004023454800165
  0.00004108590922806  0.00004181457952878  0.00004248101116938  0.00004309523205178
  0.00004366274650512  0.00004418526055860  0.00004464673849884  0.00004507443893049
  0.00004545781653515  0.00004579941652456  0.00004611049310656  0.00004639654157130
  0.00004665576174823  0.00004688127483387  0.00004710077133474  0.00004731374501160
  0.00004748104890101  0.00004764255626180  0.00004779967533714  0.00004795027739872
  0.00004809128376745  0.00004822082151858  0.00004833755918133  0.00004845056828592
  0.00004855936488507  0.00004866712296246  0.00004877169162290  0.00004887523629240
  0.00004897701885492  0.00004907887896852  0.00004918084115025  0.00004928290563430
  0.00004938507591931  0.00004948858191374  0.00004959315720523  0.00004969876903728
  0.00004980490606899  0.00004993113961212  0.00005006353250523  0.00005020044646079
  0.00005033889732278  0.00005048528844084  0.00005063587022414  0.00005079175067235
  0.00005098122469546  0.00005118022752940  0.00005138649968125  0.00005160194774856
  0.00005184668391433  0.00005214233348349  0.00005245227211716  0.00005279785707179
  0.00005318149863963  0.00005360656252884  0.00005407953150391  0.00005461045417495
  0.00005522683019692  0.00005590775739380  0.00005666336286733  0.00005749540893791
  0.00005840475192668  0.00005940630402156  0.00006079550147274  0.00006257081441359
  0.00006458324299768  0.00006682887771050  0.00006935671571108  0.00007245097820454
  0.00007851813469009  0.00008689489625142  0.00010009564806249  0.00012022432396245
  0.00015112458387701  0.00020801776387434  0.00031621463532842  0.00055676678192217
  0.00129861409329128  0.00472377578599909  0.16719094014602212  1.00000000000000000
 -0.00290989621633716  0.01038466875794810  0.02169883631929123  0.03277283447021027
  0.04366483040714592  0.05404590066156928  0.06433441632404852  0.07447622134429562
  0.08503002332795094  0.09580277848126675  0.10672548411071418  0.11756150337001806
  0.12786300114915813  0.13777823614539214  0.14800603472902721  0.15948515497068663
  0.16996481882896455  0.17981926125599187  0.18970676399410802  0.20048582104932258
  0.21177316994434439  0.22266760036565439  0.23433879419920184  0.24683503683219638
  0.25920254911237234  0.27163656282385229  0.28422718021653665  0.29608258413308369
  0.30650214522862135  0.31732539313852864  0.32847590309454916  0.33920761748843947
  0.34963185667229618  0.36050916108118247  0.37293191084529742  0.38512509305068687
  0.39747972226094075  0.40797479533190378  0.41823554304797267  0.42806062555069752
  0.43763814958976999  0.44796766328119214  0.45866085208753282  0.46923235215019160
  0.48003951316636062  0.49097185651128539  0.50130771055443568  0.51079326190887564
  0.52060598785744183  0.53131198699512594  0.54203013058209515  0.55217794364729600
  0.56243820767801567  0.57286265044739837  0.58372706495814797  0.59397066364825590
  0.60390234000646370  0.61382834259739405  0.62377434176188251  0.63401865523538425
  0.64439137926021028  0.65473109757988379  0.66514436670743848  0.67589240045845767
  0.68666178984507231  0.69696319704815368  0.70690682160700480  0.71701052827176681
  0.72718360656423420  0.73703009988545887  0.74675129139229002  0.75660349321953879
  0.76642375574180743  0.77596581039120438  0.78502386586568162  0.79470171301954506
  0.80535875639244270  0.81581334216111578  0.82551120032118508  0.83469136625911056
  0.84411241372845236  0.85372696545292093  0.86337843172910178  0.87342054596817942
  0.88397760857521601  0.89481982812495020  0.90556586626311586  0.91608504880263075
  0.92581305866086827  0.93598969568043777  0.94708534568546920  0.95791073162123341
  0.96801996078264096  0.97757820472385548  0.98870245054153916  1.00000000000000000
 -0.00252669668909066  0.00928145735221653  0.01978259824340609  0.03080427932832480
  0.04157658468975584  0.05163458131408361  0.06157601314417711  0.07158654577498916
  0.08185890078310321  0.09111686267188640  0.09999487240433119  0.10904529235750746
  0.11867592503929493  0.12802864658717711  0.13664105244844146  0.14546702864541591
  0.15461627753764268  0.16354875605723179  0.17230230836103796  0.18103774238808082
  0.19016911944633341  0.20023792631366114  0.21100172737168385  0.22285752193133629
  0.23511982439081147  0.24756028315351414  0.25951696575341959  0.27090257953930802
  0.28227810471810177  0.29339220545337935  0.30436416699699848  0.31531673225373053
  0.32615065506222302  0.33676260110922690  0.34700961839329292  0.35712605886365895
  0.36729555587515128  0.37748023220684918  0.38770429926366218  0.39815350171292313
  0.40902912981603518  0.42035816208691101  0.43181526272511556  0.44316329785555164
  0.45422786346445027  0.46481519762184731  0.47542822858872608  0.48649783362071258
  0.49747842328071845  0.50800501148794441  0.51804362356976907  0.52774431884517103
  0.53706729361585059  0.54650044890671923  0.55587147161000516  0.56521468344950565
  0.57458803342418729  0.58456404447388743  0.59556654696163813  0.60666000029788014
  0.61729164428491634  0.62791587061923726  0.63849974786573704  0.64883002457821526
  0.65891862221099373  0.66904311023079666  0.67948583668603946  0.69034382545673889
  0.70150283920810108  0.71271081348231613  0.72346913233833621  0.73368125052726563
  0.74375958454510060  0.75380510055341254  0.76367004639341163  0.77355998609747734
  0.78357442284632994  0.79391971921095683  0.80496208826841220  0.81641911398296874
  0.82821602742973099  0.84073443454452890  0.85362409215129920  0.86603633287870907
  0.87802464373884614  0.88954637634858713  0.90068192087828169  0.91179105140788130
  0.92342405570280373  0.93543179792357067  0.94633225675055621  0.95693317134951394
  0.96767042747206122  0.97844632277756904  0.98904520404522278  1.00000000000000000
 -0.00312310467972347  0.01044452595192275  0.02213056548669518  0.03395985912383960
  0.04484051410219677  0.05472136486802254  0.06432323002945434  0.07405863258051501
  0.08372738780828370  0.09351637288865117  0.10383754027334209  0.11549112107867343
  0.12767025971491786  0.13951943811035758  0.15000062899220704  0.15992055438200814
  0.16973788291667108  0.17970056664689060  0.18959982714287288  0.19994568107552577
  0.21054457545125846  0.22224966810543961  0.23361391755018088  0.24397318220478956
  0.25474847680989482  0.26545524461174436  0.27621271492816735  0.28683225943483198
  0.29770749349923159  0.30888450992639505  0.32042942383093970  0.33211850434852092
  0.34394950472603614  0.35617042494877210  0.36965117276468057  0.38282469948756687
  0.39604859695176736  0.40818539343097421  0.41972343994085298  0.43116276291441230
  0.44310811462282051  0.45585017402617134  0.47033233912572087  0.48424236249574815
  0.49628082853188604  0.50796976272372363  0.51936804294108296  0.53043441040715444
  0.54134676745555177  0.55211515698147295  0.56272555200945118  0.57341834452963769
  0.58443017616161141  0.59544064594879309  0.60665617145510353  0.61816509597418567
  0.63003868863074020  0.64206134531527903  0.65317968726350417  0.66360916648718393
  0.67405954365524978  0.68457599494775012  0.69431598530180982  0.70352706995352499
  0.71329276125736507  0.72358184385641899  0.73371973462838269  0.74369504550032994
  0.75461589601441681  0.76658336230500113  0.77836123065372520  0.78942656156906155
  0.79974712307029627  0.80934714747325665  0.81828786318766811  0.82670025659419855
  0.83487629902124261  0.84320923501634693  0.85178310893795828  0.86044778661963717
  0.86919879286948387  0.87795254663898981  0.88674097371708571  0.89540734775621966
  0.90401088855838063  0.91223947496696345  0.92086589493051718  0.93017752823263145
  0.93923214875866612  0.94810467306390789  0.95687722220656568  0.96541284411640349
  0.97377681742373356  0.98266600386526948  0.99127703251723609  1.00000000000000000
 -0.00236082546980245  0.00875694779915430  0.01816288243825097  0.02886251511464988
  0.03981931856383920  0.05115916534135918  0.06235825323499147  0.07289130220900487
  0.08299813914991210  0.09274419257934513  0.10252400138186918  0.11209202290971408
  0.12147891882356079  0.13105825066057586  0.14106705806528796  0.15125433859337348
  0.16160687335635379  0.17203636979967507  0.18302923674591021  0.19417049137857875
  0.20533324481235063  0.21589405614580559  0.22646946942434767  0.23701342420221827
  0.24785184113679493  0.25732382849862540  0.26671625260748960  0.27617020038500067
  0.28661864344041865  0.29644002900094796  0.30636323873293558  0.31658992668605906
  0.32630994116500023  0.33605175887198707  0.34534013699473481  0.35474149751026202
  0.36434397613912678  0.37431034851345019  0.38574075119228463  0.39648861353708542
  0.40598638436180723  0.41515165223186290  0.42476092998313142  0.43461254871086052
  0.44440191968797543  0.45425542285652293  0.46498895318914801  0.47638412012977760
  0.48725488077091711  0.49768469117104019  0.50832686936234617  0.51932387294103566
  0.53057655888508581  0.54205387076119516  0.55399785683606462  0.56601312684805649
  0.57754711415208160  0.58903033284012640  0.60020065945306478  0.61081321259098031
  0.62101618463168184  0.63181272284205880  0.64251867086233749  0.65340827268849200
  0.66412473661197158  0.67517971932082343  0.68670924240361308  0.69909212443234425
  0.71137671715427853  0.72278606393693390  0.73450241977500486  0.74639687962726375
  0.75699551618998440  0.76697613807302711  0.77729590640693025  0.78806562414790449
  0.79896189092355419  0.81025315631503181  0.82222887928866406  0.83390404989649181
  0.84486946174685396  0.85535631379601573  0.86554994214572700  0.87577908852490771
  0.88577340959557904  0.89527919773386777  0.90489039336133537  0.91478857361541521
  0.92647861339201343  0.93753677646716826  0.94954639665987595  0.96068886865055925
  0.97133433704913752  0.98136576243408113  0.99073850328126123  1.00000000000000000
 -0.00387765489877774  0.01481879965017313  0.02756868796563391  0.04014484316904505
  0.05165993555291562  0.06244711173700505  0.07277926716241606  0.08310994555034683
  0.09410721053841183  0.10519529382582880  0.11606790393127871  0.12690263725203682
  0.13799056326349388  0.14902720529482280  0.15986578348672789  0.17032513374709127
  0.18048833218365920  0.19019537930471705  0.19924893005212782  0.20809040472519155
  0.21717475612701320  0.22656610569752625  0.23706190539880920  0.24741705582760193
  0.25753285492189254  0.26728874600391317  0.27642625216606470  0.28541848642113504
  0.29414481366335804  0.30262650671920621  0.31117195404752879  0.31980536150004346
  0.32817252055180146  0.33675482138485341  0.34580501030320188  0.35502940601330063
  0.36439228552885766  0.37304909855478441  0.38354756944967971  0.39416634479675922
  0.40521544621297406  0.41612037927489876  0.42666150823763482  0.43680369251517637
  0.44622031148148178  0.45516791462690653  0.46415494723001721  0.47330149998778864
  0.48304068088083169  0.49291637364671065  0.50291318207065983  0.51339108985189108
  0.52384238393648830  0.53410937706838257  0.54439977923228644  0.55517638702378103
  0.56607665885983038  0.57687883357985759  0.58774131282935460  0.59872068500813447
  0.60965267714863292  0.62057675390157607  0.63268772810401086  0.64497987391577705
  0.65732039604653114  0.66971507543708675  0.68223042014477864  0.69389856676481154
  0.70498738969870911  0.71611616946287082  0.72735100499830185  0.73734816945268600
  0.74669724755314903  0.75540461208200738  0.76382531424442857  0.77234843855891699
  0.78146928755832212  0.79054065323907408  0.80019403860893468  0.81043813985987290
  0.82147206186268840  0.83333618736647519  0.84314969273784490  0.85236167045155731
  0.86122411240066865  0.87041056108292869  0.88022665353530449  0.89028620737431541
  0.90147921432643685  0.91304577648168728  0.92488194294479464  0.93693420478978995
  0.95258224413903692  0.96824461157776565  0.98369504910444938  1.00000000000000000
 -0.00240725943123780  0.00924853330791999  0.01888890811516251  0.02882721950259526
  0.03845013501407847  0.04942700681383044  0.06047836037295592  0.07123918943895405
  0.08234003592913805  0.09415861261084625  0.10567165839922590  0.11662554119083395
  0.12803854789996266  0.13994346083820924  0.15131725080607944  0.16192770913030424
  0.17237711451564272  0.18290733883793617  0.19331159749156387  0.20363790133057336
  0.21419035920180488  0.22499916264283068  0.23555247490259396  0.24577737724138896
  0.25552467232847748  0.26481136886533718  0.27385532932493484  0.28289828696402880
  0.29236463697298282  0.30166899328377983  0.31034036257964115  0.31982978247580296
  0.32997333151940217  0.34093429370783479  0.35275917595602774  0.36407095124898964
  0.37454847361826021  0.38432399055130850  0.39385437609006596  0.40335482410560020
  0.41273011460433096  0.42233190180193209  0.43198376657644327  0.44134122107923107
  0.45099074075152962  0.46087673726743816  0.47107975936478930  0.48104978196988396
  0.49115510736938633  0.50136806962676472  0.51299136400974066  0.52396404726099566
  0.53474787893346620  0.54539195119797390  0.55721041208355304  0.56841750983734973
  0.57935643683950744  0.59081927743096985  0.60259203765066494  0.61406331006630965
  0.62505040213073704  0.63596029908678731  0.64669184425263793  0.65727857882496954
  0.66755718014435961  0.67768774569460322  0.68755120570852657  0.69748413349885308
  0.70708161962678484  0.71686835795551473  0.72662919359401978  0.73702309699531732
  0.74762240198443486  0.75740027956051192  0.76701484749045512  0.77685448171253457
  0.78692560318327487  0.79691306074802637  0.80647231961256027  0.81636861157220841
  0.82749687459219501  0.83958845386401337  0.85269698891141388  0.86535972024421115
  0.87800097021108714  0.88962782792351258  0.90232696319233208  0.91603726133785834
  0.92773680259550162  0.93961571867231419  0.95130280053791938  0.96233991213839154
  0.97198864153216513  0.98139539160850997  0.99063480864966758  1.00000000000000000
  0.00140172244803883  0.28414933256159897  0.40738415749115880  0.47870192570728565
  0.52342924325019247  0.54455778539616562  0.55482921102527116  0.56229876520768374
  0.56839989900098908  0.57387262332785394  0.57909987558408149  0.58401637063411826
  0.58863777377277493  0.59317391926475682  0.59775310041109342  0.60235006003090441
  0.60693629948053796  0.61147260054804686  0.61582951972015332  0.61996461290408744
  0.62395577975342942  0.62777431302279429  0.63159613583484986  0.63544953962337491
  0.63925895570968572  0.64324380433441064  0.64703197360521425  0.65080809231522530
  0.65446166919061699  0.65802229152863945  0.66153710179587277  0.66499738746129644
  0.66873051790292859  0.67276531289688912  0.67665734955742685  0.68049721552738596
  0.68438162854301421  0.68834717928014755  0.69230475571398109  0.69622399706205484
  0.70007215846249937  0.70388504118140127  0.70766539157120989  0.71147981258556869
  0.71537350693435453  0.71921176622422489  0.72313410945037082  0.72713835273715821
  0.73114440382218759  0.73516954699701120  0.73906690677300979  0.74288272485283224
  0.74669920786394628  0.75053729859438945  0.75444254511200493  0.75841806888241825
  0.76251382669226420  0.76651508139537805  0.77043809290149179  0.77428419699760431
  0.77817575528678373  0.78231849220483007  0.78678029449707065  0.79137141317932691
  0.79586521930406351  0.80032579574910601  0.80486515569830563  0.80939813226519275
  0.81398577475652001  0.81864125583925840  0.82308216674115997  0.82764956523993682
  0.83197288360898003  0.83622948909026318  0.84050188025107175  0.84476022444227872
  0.84919420570451865  0.85391892962028726  0.85930275688839619  0.86492955677468109
  0.87045338048408349  0.87599177997652922  0.88147346798972814  0.88712657466084777
  0.89306157169169342  0.89948009105973292  0.90632470969319201  0.91327339636374028
  0.92028909470988085  0.92742979959579319  0.93506759065005174  0.94381563425262049
  0.95368402540512698  0.96450175292688023  0.97854470532222004  1.00000000000000000
 -0.02096254744830731  0.13984344285330999  0.18703483550449118  0.21302527056856374
  0.23310897624345869  0.25081550648329576  0.26668261815950606  0.28077785224726814
  0.29413166036922717  0.30666769733242011  0.31844254553873586  0.32980003267420938
  0.34071913453161284  0.35130793739792154  0.36172883923621374  0.37225804026377762
  0.38246360747016311  0.39205116795188544  0.40161210317752638  0.41124985728284003
  0.42047284491261250  0.42913093149246873  0.43742758164336787  0.44536807805350825
  0.45321637117016672  0.46070047011780785  0.46787016904790735  0.47503315277427427
  0.48193046913391069  0.48867719322801395  0.49548609487154083  0.50236974404305468
  0.50919019109540331  0.51572642316299089  0.52180999799485672  0.52753587474259434
  0.53318619441638448  0.53899261399694831  0.54506080870766471  0.55133293837909203
  0.55741932957283846  0.56362679095356083  0.56980779470928544  0.57591439724526894
  0.58179531809413909  0.58749956328006048  0.59322389023899702  0.59905619846089331
  0.60526276768135079  0.61202656655840260  0.61866945930443729  0.62495613634025260
  0.63119179159106442  0.63735024569429244  0.64337245530391096  0.64914012668551113
  0.65463233443528690  0.65993915193668273  0.66519978194219886  0.67054784614689533
  0.67606927423247709  0.68165490008037444  0.68729917946387398  0.69287496211268196
  0.69866660678778481  0.70453842205972239  0.71054297660774479  0.71650379099556682
  0.72235819847475347  0.72825046792328751  0.73380193416504913  0.73912029091494535
  0.74415625308530919  0.74919641807301562  0.75426039331768080  0.75940005038875069
  0.76445821528463065  0.76967331694322327  0.77534453696115235  0.78139442586865271
  0.78763360592150111  0.79436860049172786  0.80210531504657490  0.81035537783363765
  0.81677067291117955  0.82324941835008580  0.82988457755188438  0.83675617388312229
  0.84417551095286625  0.85151368411861539  0.85948850017386691  0.86853644296435806
  0.88018710738041062  0.89669050057236488  0.91886911302844776  1.00000000000000000
   2.0500301997678111E-012  -1.0000000000000000     
 F F F F F F F F F F F F F F F F F F F F F F F F F F F F F F F F F F F F F F F F F F F F F F F F F F F F F F F F F F F F F F F F F F F F F F F F F F F F F F F F F F F F F F F F F F F F F F F F F F F F F F F F F F F F F F F F F F F F F F F F F F F F F F F F
  <DiscreteSampler_grid>
  grouped_processes
  1 # 1 for a reference and 2 for a running grid.
  10 # Attribute 'min_bin_probing_points' of the grid.
  1 # Attribute 'grid_mode' of the grid. 1=='default',2=='initialization'
  0.0000000000000000 # Attribute 'small_contrib_threshold' of the grid.
  0.5000000000000000 # Attribute 'damping_power' of the grid.
 # binID   n_entries weight   weight_sqr   abs_weight
    13   10   8.363210894031669E-001   6.756314595690948E+000   8.363210894031669E-001
    14   10   8.363210894031674E-001   6.756314595690957E+000   8.363210894031674E-001
    16   10   1.025672776093710E+000   1.015844043905551E+001   1.025672776093710E+000
    17   10   1.025672776093710E+000   1.015844043905551E+001   1.025672776093710E+000
  </DiscreteSampler_grid>
