  0.00007132498047646  0.00007279125614839  0.00007513428914251  0.00007748934442187
  0.00007986239903023  0.00008223165476234  0.00008475353599542  0.00008753071444701
  0.00009061967430874  0.00009199305425545  0.00009228693912127  0.00009235578009286
  0.00009239334260003  0.00009241258625503  0.00009242192468525  0.00009242870787972
  0.00009243407726506  0.00009243840758814  0.00009244130772899  0.00009244391307785
  0.00009244613768647  0.00009244764574745  0.00009244897902833  0.00009245024916341
  0.00009245134287359  0.00009245241359058  0.00009245332854917  0.00009245424350776
  0.00009245510810406  0.00009245596253517  0.00009245683213303  0.00009245772325690
  0.00009245862818141  0.00009245966577114  0.00009246071270496  0.00009246203389173
  0.00009246341593775  0.00009246495121481  0.00009246680131503  0.00009246920491471
  0.00009247233706657  0.00009247599086319  0.00009248110550338  0.00009248776664923
  0.00009249542432432  0.00009251332759394  0.00009254507073115  0.00009260344688357
  0.00009278090862232  0.00009356701273765  0.00009667222594800  0.00010127682038881
  0.00010638002672903  0.00011172551956881  0.00012251019969657  0.00013410710085243
  0.00014852247531467  0.00016658030123208  0.00018831515392362  0.00021323148170656
  0.00024128586301157  0.00027075841551607  0.00030002416032888  0.00033461931511509
  0.00037990034085872  0.00042940804581750  0.00048151478587196  0.00053794876896251
  0.00059933340333061  0.00066474169862752  0.00073496517954469  0.00081946921832765
  0.00091361185907777  0.00100777032637938  0.00109620977236265  0.00120137625364656
  0.00131929187143157  0.00144573165640524  0.00157105471245753  0.00170704641635848
  0.00186377424470213  0.00203072026713838  0.00223816423425433  0.00247589917520616
  0.00273927134840637  0.00302715958737367  0.00332760375727622  0.00362850238339305
  0.00395843737536662  0.00436246884694913  0.00486753661097998  0.00548151124388203
  0.00677455439644866  0.01937471839511352  0.11533895814250332  1.00000000000000000
  0.00000005208505325  0.00000182968519846  0.00001582476813261  0.00003042099619519
  0.00003654221985179  0.00003918451165626  0.00004105242661365  0.00004232217763795
  0.00004320500963674  0.00004391055589858  0.00004457144070235  0.00004515443216241
  0.00004559221531242  0.00004592091842539  0.00004615949344221  0.00004639138037506
  0.00004661116326141  0.00004679698405649  0.00004696679985693  0.00004714291334590
  0.00004730970529828  0.00004745898597377  0.00004759686775586  0.00004772421541681
  0.00004784930407703  0.00004796076046919  0.00004805476941011  0.00004813851519635
  0.00004821645114217  0.00004828631432737  0.00004835063624391  0.00004841141699900
  0.00004847062630358  0.00004852893670483  0.00004858260571593  0.00004863692805552
  0.00004869150594241  0.00004874378124715  0.00004879454927623  0.00004884492735397
  0.00004889599701784  0.00004894867891689  0.00004900489977361  0.00004906605344660
  0.00004912992651218  0.00004919250963287  0.00004925494436594  0.00004931606309683
  0.00004937841580039  0.00004944229222810  0.00004950559461262  0.00004956379844378
  0.00004961349551317  0.00004966102490092  0.00004970699217112  0.00004975123485117
  0.00004979727484306  0.00004984471734917  0.00004989876246167  0.00004995830643026
  0.00005001624591165  0.00005007833016126  0.00005014550666351  0.00005022096546273
  0.00005030652427119  0.00005039785873491  0.00005049867299351  0.00005061030280132
  0.00005073784412203  0.00005088676628386  0.00005104934907189  0.00005121965112136
  0.00005140066788493  0.00005159556990678  0.00005180849789166  0.00005205474190396
  0.00005233950994475  0.00005268042233234  0.00005309553164336  0.00005362272817303
  0.00005425142743482  0.00005488803875269  0.00005548686144314  0.00005606066084747
  0.00005674386705250  0.00005781023687265  0.00005963120820784  0.00006285931427745
  0.00006835768289630  0.00007958063269402  0.00010506582775491  0.00017764305912822
  0.00038892041308625  0.00193097065824453  0.10207684307186876  1.00000000000000000
 -0.00000025131557319  0.00000200740447367  0.00000300822844266  0.00000432196340800
  0.00000625759227932  0.00000846898303472  0.00001100753885455  0.00001395825154047
  0.00001713334169846  0.00002007701109858  0.00002269934762957  0.00002538308263032
  0.00002813286546622  0.00003116258011594  0.00003399463193553  0.00003648080161953
  0.00003879483512336  0.00004089227262974  0.00004271038080462  0.00004446946858474
  0.00004634112963265  0.00004856806856090  0.00005086449183364  0.00005288358781242
  0.00005496618901608  0.00005714810817684  0.00005959472810245  0.00006195120375318
  0.00006412893251750  0.00006657796935336  0.00006990412775735  0.00007345829306250
  0.00007735766566009  0.00008171877232602  0.00008618591969080  0.00009045037468576
  0.00009459898426261  0.00009882512113764  0.00010320654855347  0.00010778451417685
  0.00011243869867634  0.00011703300755331  0.00012163594954342  0.00012629068171241
  0.00013140871729665  0.00013743626211274  0.00014366274239066  0.00014972205344496
  0.00015573388259358  0.00016242410931387  0.00016952668560679  0.00017712309848431
  0.00018498269991305  0.00019321843223793  0.00020218185406129  0.00021249514203745
  0.00022407337834765  0.00023675701354479  0.00025090806286641  0.00026687676367376
  0.00028512850517437  0.00030380501196605  0.00032438295609664  0.00034612763032016
  0.00036872887872461  0.00039284646362398  0.00041835288359816  0.00044281084825811
  0.00047028298181595  0.00049993188630208  0.00053018510804819  0.00056103638209222
  0.00059278778886578  0.00062489248870671  0.00065591230259968  0.00068708905026504
  0.00071866290888147  0.00074497610966939  0.00077377500763194  0.00080912680596033
  0.00084707986734639  0.00089034218509270  0.00093598861781966  0.00097886710035550
  0.00101820854798527  0.00106125972459517  0.00114310958841477  0.00123095393807880
  0.00132943815123696  0.00144011518497458  0.00159479469730831  0.00177284927720849
  0.00198083805686212  0.00224306699481954  0.10617862673772666  1.00000000000000000
 -0.00194524550753645  0.00773765295160544  0.01442630541813229  0.02209887648217673
  0.03015019745340435  0.03851825899880489  0.04694105345105272  0.05572776867620577
  0.06505587127427040  0.07468026211091655  0.08317628716299574  0.09172741755357344
  0.10054332217649681  0.10958486456742099  0.11865558944820798  0.12738923792586240
  0.13591080244955811  0.14373379558005983  0.15112584241848731  0.15852905873385054
  0.16614692039684564  0.17462810171779727  0.18439770025809904  0.19422086764214733
  0.20330235561467372  0.21099108958401161  0.21860451395611546  0.22631276022727051
  0.23423233984798419  0.24417575718562995  0.25602300154968288  0.26744218381895013
  0.27731783921767150  0.28637749243898375  0.29519259610623394  0.30444787693631403
  0.31288871929121687  0.32418617622389956  0.33668219488990669  0.34721084593673429
  0.35659987693494211  0.36562620768418608  0.37505618610025454  0.38488535912257110
  0.39768094028138445  0.41108977703938365  0.42418284956286195  0.43672740562922957
  0.44864479703580246  0.45991399762934215  0.47082516906869848  0.48199326297489337
  0.49328592121688108  0.50416963760086919  0.51499551132447052  0.52639126535025393
  0.53852066004756605  0.54977469055539363  0.56048601165464007  0.57162911387975379
  0.58284449469056820  0.59369896724793225  0.60471473162534917  0.61657217836848832
  0.62914881331008732  0.64231639130745977  0.65581897777511977  0.66876711511409126
  0.67537862914997704  0.68681201726970631  0.69678355474677267  0.70667053637717170
  0.71665179017879233  0.72624688651750635  0.73642413385937566  0.74777677403764975
  0.75993626413672344  0.77247834421794159  0.78630887677617634  0.80186656841747472
  0.81772698760976892  0.83192438845333905  0.84426570466136286  0.85587312879766941
  0.86784617084489402  0.88043894686414825  0.89141616094541465  0.90210979163869565
  0.91314767302928801  0.92667985255261676  0.94022407086091087  0.95200688932353850
  0.96320474481272911  0.97651467030754768  0.98820057578128206  1.00000000000000000
 -0.00262335929519679  0.00943668863830883  0.01996505633424689  0.02952518711120018
  0.03987790105989302  0.04970734531219652  0.05942447277114209  0.07075954282707927
  0.08221116319764181  0.09369384113638847  0.10573152622980161  0.11812915467435230
  0.12920038962560776  0.14013148071752535  0.15178170671319388  0.16277263966637467
  0.17303810567560676  0.18281805346935925  0.19265274693071893  0.20353486658895051
  0.21465551228291457  0.22497057589424818  0.23432517111775170  0.24397621147128518
  0.25409133298874992  0.26443005414058368  0.27537175652859974  0.28808710431420403
  0.29997220912343164  0.31090619548854437  0.32202818194204325  0.33308812245469460
  0.34331267508227037  0.35227521487047819  0.35952422699498848  0.36748750710579020
  0.37613519403632628  0.38584265774411908  0.39758998385550554  0.40968953061537688
  0.42166366037953978  0.43255222362408735  0.44110809756025887  0.44920861867172057
  0.45773430543120963  0.46546415418093834  0.47194490160744473  0.47930228725982271
  0.48681631041540685  0.49413338685030722  0.50233583010252192  0.51310994017565958
  0.52608380638982877  0.53779210568924452  0.54929409717829047  0.56096181530995060
  0.57271236175662033  0.58471272831788845  0.59677238224698781  0.60883676609964654
  0.62135444232521897  0.63427814877562061  0.64706244113726452  0.65930994647729313
  0.67091460703254835  0.68239301980784151  0.69410809554949549  0.70757790893395267
  0.71922227325644483  0.73020722306610630  0.74079014554127043  0.75120290093071806
  0.76251469436028685  0.77395555006490224  0.78366507608969782  0.79162485086902257
  0.79826492712419184  0.80527061189258642  0.81220823025559041  0.81973316776121841
  0.82856536059778929  0.83717380286631493  0.84545712193342948  0.85456536333836230
  0.86607423339398748  0.87860465874173965  0.89154129907830870  0.90316216757352252
  0.91407327478506550  0.92529098731570780  0.93606118071109534  0.94694629812183395
  0.95890846954645970  0.97216466436382876  0.98621676886528886  1.00000000000000000
 -0.00124299517226451  0.00531566141696774  0.01375949443447825  0.02199244607120015
  0.03078994131201365  0.04044593108238850  0.04986159957235888  0.05921093643358749
  0.06850779563681979  0.07772023133353655  0.08870960891921882  0.10167777310103594
  0.11583635183920636  0.13042192796596525  0.14565312224645080  0.16043367478311349
  0.17577998507700535  0.18992848945959168  0.20236101025621980  0.21313370086804853
  0.22336942351673955  0.23382116516739349  0.24358292281869501  0.25341578424828720
  0.26465699059148245  0.27798398308244066  0.29112927791720328  0.30521832956666328
  0.31919828126533717  0.33521469750479921  0.35007985016962773  0.36522363693665372
  0.37988365896059123  0.39338963044121222  0.40579606702306087  0.41784932534217445
  0.43052495939716867  0.44383385345303056  0.45708608735215506  0.46972046573263876
  0.48131390043865929  0.49054826003717983  0.49702913684619382  0.50447002224088777
  0.51513150875445157  0.52804046881446010  0.54156348292362599  0.55499184676786739
  0.56832976744642061  0.58190866214736692  0.59561350667860502  0.60881154196380582
  0.62128932113494484  0.63303214087788984  0.64468277518470907  0.65587234949376794
  0.66564554484943328  0.67389717330825694  0.68210224426647714  0.69015836471394909
  0.69781078252740480  0.70566500576260693  0.71293037580941210  0.72083550224503756
  0.72882572054673256  0.73797070756289207  0.74850062608325740  0.75736860375256021
  0.76734906886501664  0.77781821719742317  0.78816576368311941  0.79788934910730014
  0.80752944022943174  0.81714037630137715  0.82530499156107107  0.83312577227464157
  0.84153651179098088  0.85046491945059044  0.85966954290569164  0.86897350170891774
  0.87806133780505691  0.88678604760939328  0.89543346755678355  0.90393650190483010
  0.91201243175325541  0.91920764642495778  0.92678000788780146  0.93408299304458886
  0.94099696155893553  0.94794064356669250  0.95438208486707121  0.96228880449562337
  0.97127679920738996  0.98070822667443736  0.99030698832099229  1.00000000000000000
 -0.00250083035475655  0.00882871274534539  0.01976962911854465  0.03152481614437423
  0.04437013323184671  0.05790839798027084  0.07169534329161695  0.08427672249928535
  0.09428313527845678  0.10322960738047758  0.11225061871526638  0.12200419666749021
  0.13245009285491943  0.14276526562860586  0.15112848776100887  0.15862681120755151
  0.16667385592054346  0.17195119740930143  0.17856734964947357  0.18700720599648524
  0.19483217226695679  0.20255241008792249  0.21179256504926205  0.22255953960238115
  0.23407738911355416  0.24439033324858725  0.25492131641327381  0.26529082243211305
  0.27596853430002416  0.28623670758046738  0.29575733462121478  0.30552459126855014
  0.31697502609607220  0.32758481667839229  0.33844985353638041  0.35051474309557595
  0.36161440020337854  0.37271073408122968  0.38403176280117879  0.39461685145312420
  0.40516554202624377  0.41646146544249213  0.42757572338075395  0.43793839310862265
  0.44821835680860472  0.45868652729699838  0.47002964808294112  0.48265255874501783
  0.49558584250932086  0.50810754054093776  0.52033025688027390  0.53196244138093485
  0.54282096719675432  0.55367845687010919  0.56324437770154590  0.57325545426216029
  0.58482319691672813  0.59804500128965032  0.61203399313853613  0.62256529563064711
  0.63025278330641366  0.63847908196452008  0.64725472800973516  0.65797740489104728
  0.66945151098738942  0.68052066114509702  0.69183274612219703  0.70164314661432181
  0.71023974777282350  0.72018503151595725  0.73055066907231070  0.74067250169716381
  0.75141548074554776  0.76251379839631594  0.77365651845164707  0.78461228157634266
  0.79535582733138899  0.80663223745766199  0.81916813462386062  0.83210962115760989
  0.84374402676770199  0.85532586910944142  0.86747834675394453  0.87807924895507083
  0.88796542224516928  0.89683377325569646  0.90590685880622401  0.91613088597135584
  0.92586566691394290  0.93537149271253961  0.94461061252157730  0.95417166170101286
  0.96603514102304089  0.97765579327865015  0.98797129168516917  1.00000000000000000
 -0.00232724979220032  0.00846322422721620  0.02174695139677316  0.03312929698958135
  0.04431276071282653  0.05383591364223159  0.06490243262158323  0.07636658369133820
  0.08741489686375740  0.09804422322989360  0.10834365638035215  0.11850850420836992
  0.12863227440954145  0.13894835686840082  0.15028885732850691  0.16252116225803684
  0.17548731342111656  0.18877920463268461  0.20192853166696462  0.21481971074707623
  0.22742953347849790  0.24048308051793799  0.25352369311044415  0.26520944779420236
  0.27357552687474224  0.27954083872048974  0.28611641870125121  0.29326552607707901
  0.30171553659806544  0.30994874393171012  0.31772640473811153  0.32422642487318803
  0.33088839136870202  0.34011618883531719  0.35018277894363808  0.36013458463823700
  0.37002206086926792  0.38028538683170848  0.39113849270957413  0.40157078657830969
  0.41166984155483988  0.42242538727457379  0.43358444042473665  0.44460885346707224
  0.45526124300072790  0.46617066023916959  0.47815064259370849  0.48914372847845955
  0.49916618104548965  0.50931224455355506  0.51959920240423962  0.52847677285418093
  0.53636407911489314  0.54463499313794517  0.55282823205406806  0.56249386348486685
  0.57325947783565390  0.58336835115951213  0.59322821395812919  0.60232651015541105
  0.61020134113065627  0.61837294379672070  0.62709206860451205  0.63587732945717834
  0.64516347601875390  0.65483086278036939  0.66487784812511275  0.67621179530706654
  0.68834578481802944  0.69994661773275701  0.71094400951295023  0.72132016128825283
  0.73193618570693542  0.74445865012830048  0.75714192506948308  0.76992900417307097
  0.78246376410892848  0.79435424832908386  0.80681518837532906  0.81964833591048514
  0.83188522614053229  0.84375262333304379  0.85584658514408685  0.86757859286503747
  0.87902870390031906  0.88976462559413871  0.90027997589964481  0.91096759967061891
  0.92312536441902626  0.93574933415812811  0.94724196652933945  0.95660509483994327
  0.96660063464318169  0.97596636964205874  0.98559375787533021  1.00000000000000000
  0.04823853515058418  0.17862046214978117  0.26159784880944981  0.41485328576285430
  0.54916818469665230  0.61551438325401275  0.63471373800675901  0.64353129005176224
  0.64916493329584535  0.65429827121876216  0.65956518559380273  0.66431886709705401
  0.66807413101146085  0.67138151710336613  0.67459457597769967  0.67775219631450423
  0.68087533045062798  0.68392820445610392  0.68681776475154843  0.68943897763296691
  0.69208717612116166  0.69525830415828571  0.69878382569821984  0.70195644477311570
  0.70471707436211362  0.70761226878421424  0.71047359617076566  0.71320928021011332
  0.71561977832146539  0.71805196049791120  0.72037812252495326  0.72244821425519179
  0.72435726204145201  0.72670757301246103  0.72964932465597543  0.73302869464633735
  0.73663719508792780  0.74033117394349846  0.74404483431152213  0.74775301079628076
  0.75142771302983613  0.75494222481521112  0.75828252249267569  0.76164946168741054
  0.76499550041595932  0.76834881124115939  0.77178563869028527  0.77531004085719035
  0.77876138579859744  0.78197959394705008  0.78512327454775122  0.78828047184818584
  0.79124019250597599  0.79419189590212314  0.79733052742277588  0.80069274270504620
  0.80357455006567491  0.80647058579476671  0.80921513637971887  0.81161542512605600
  0.81399772652374525  0.81658347898020067  0.81964847915699712  0.82285700341961465
  0.82598726398322531  0.82926536673833695  0.83289327324859896  0.83679364189022909
  0.84061255612867714  0.84411413554427328  0.84758881532674346  0.85120810451736195
  0.85501285479696909  0.85887652540419301  0.86290073174907267  0.86712246063883602
  0.87154840286301360  0.87621247521737644  0.88110368350159651  0.88618074582548223
  0.89118734236319774  0.89568755039543957  0.89987443829483282  0.90438926675780817
  0.90918927497668911  0.91435954039713685  0.92008846983579140  0.92634424219215206
  0.93274564153498651  0.93889872553678388  0.94426169038784069  0.94981249900339060
  0.95658119025859112  0.96546437118539996  0.97923433805288174  1.00000000000000000
 -0.03347720188465462  0.17255696296859513  0.24009201888019649  0.26712853527927871
  0.28715529409274310  0.30246919268387013  0.31739603608806416  0.33353629410355135
  0.34930143187310037  0.36251437732118008  0.37513115739378289  0.38785160497659094
  0.39752310686958309  0.40512513030948005  0.41359457915157982  0.42053168630793225
  0.42535778884297298  0.43082535810060213  0.43787086231529571  0.44413503666958409
  0.45000821998420915  0.45598827233998812  0.46203171806392085  0.46810226861938403
  0.47397785148495702  0.48184238667249685  0.49064156234770173  0.49882575341470781
  0.50669299469786966  0.51530856711134709  0.52394305651807449  0.53187209438610417
  0.53929716251395166  0.54640209989874733  0.55257446016258494  0.55858873857869773
  0.56517973005967936  0.57191668701211873  0.57871697810269973  0.58523001366851934
  0.59068967879961332  0.59531607170601319  0.59991769541006845  0.60421298568666304
  0.60791116983789306  0.61275993530621797  0.61773379291167729  0.62249731259483154
  0.62719008439351598  0.63324436408342288  0.63937370493562729  0.64460483717818096
  0.64934557120001291  0.65398961027100577  0.65842859149599164  0.66279239385709798
  0.66735081713194933  0.67227599646978020  0.67754820892422241  0.68299796731872453
  0.68860795415161102  0.69436536541227023  0.70036963612715486  0.70643666321234100
  0.71238019657790108  0.71809246145523420  0.72344370177885231  0.72825748699554416
  0.73270460853004216  0.73751121674086384  0.74305701357278486  0.74845819576654604
  0.75370342007090141  0.75878294996156903  0.76356989211666426  0.76810664000448270
  0.77261679739848310  0.77725665548239475  0.78205435517910815  0.78692181604472511
  0.79187801093129462  0.79721973154660997  0.80296413287051760  0.80913688906460079
  0.81464038874691658  0.81923210120279133  0.82422249705538975  0.82918935238184222
  0.83458501236507121  0.84058050046823940  0.84958571452827358  0.85892407555302275
  0.87050246934877229  0.88597281825190566  0.92183155185041465  1.00000000000000000
   2.9544198546714319E-010  -1.0000000000000000     
 F F F F F F F F F F F F F F F F F F F F F F F F F F F F F F F F F F F F F F F F F F F F F F F F F F F F F F F F F F F F F F F F F F F F F F F F F F F F F F F F F F F F F F F F F F F F F F F F F F F F F F F F F F F F F F F F F F F F F F F F F F F F F F F F
  <DiscreteSampler_grid>
  grouped_processes
  1 # 1 for a reference and 2 for a running grid.
  10 # Attribute 'min_bin_probing_points' of the grid.
  1 # Attribute 'grid_mode' of the grid. 1=='default',2=='initialization'
  0.0000000000000000 # Attribute 'small_contrib_threshold' of the grid.
  0.5000000000000000 # Attribute 'damping_power' of the grid.
 # binID   n_entries weight   weight_sqr   abs_weight
    13   10   9.102901329847160E-002   8.046321615691523E-002   9.102901329847160E-002
    14   10   9.102901329847179E-002   8.046321615691554E-002   9.102901329847179E-002
    16   10   6.442124692039668E-002   4.087048593235507E-002   6.442124692039668E-002
    17   10   6.442124692039683E-002   4.087048593235527E-002   6.442124692039683E-002
  </DiscreteSampler_grid>
