  0.00007137982744995  0.00007263467283265  0.00007448917668330  0.00007661835489992
  0.00007901867472013  0.00008173920940681  0.00008478577189351  0.00008817350428872
  0.00009073553067174  0.00009185821624606  0.00009223186240939  0.00009233049132585
  0.00009238019432880  0.00009240459609869  0.00009241827768770  0.00009242622767824
  0.00009243276944069  0.00009243697780790  0.00009244084153329  0.00009244336731259
  0.00009244525877949  0.00009244701542686  0.00009244853577155  0.00009244999995205
  0.00009245113455217  0.00009245226915230  0.00009245326345436  0.00009245422713264
  0.00009245518221162  0.00009245611718288  0.00009245705215413  0.00009245805061737
  0.00009245907617962  0.00009246019178316  0.00009246149096864  0.00009246287930164
  0.00009246444761204  0.00009246618634553  0.00009246826695590  0.00009247112682705
  0.00009247484067649  0.00009247976700803  0.00009248632121762  0.00009249484727483
  0.00009250716310604  0.00009253550208445  0.00009258420368179  0.00009269228867944
  0.00009314401291702  0.00009485249244751  0.00009872874941678  0.00010435574349056
  0.00011135642701878  0.00012029220496524  0.00013147431103123  0.00014503831011436
  0.00016178012913498  0.00018366466316753  0.00021252138236477  0.00024691242253857
  0.00028626563154901  0.00033115497013198  0.00037878406505606  0.00043572186033344
  0.00050020129118871  0.00057181298348640  0.00065162244970630  0.00074373738661656
  0.00085354289937106  0.00098463236086649  0.00112756947929193  0.00127699322850374
  0.00142499079890029  0.00157498049942331  0.00172329420843435  0.00186773303694131
  0.00202433013167101  0.00220762932870036  0.00241958445057301  0.00264865567448930
  0.00288275662860353  0.00311612660713770  0.00335938660294597  0.00364065030721910
  0.00395752135451593  0.00432668057338168  0.00478603190602013  0.00529617229275308
  0.00567040890932936  0.00607734384166357  0.00651474954586832  0.00704443782683552
  0.00757733534666877  0.05116154018088820  0.23269767940345687  1.00000000000000000
 -0.00725528836844883  0.03021998850112128  0.05256226136998211  0.07028435560874030
  0.08490329868046995  0.09828551744092993  0.10762246200658207  0.11591494961025542
  0.12439955176528067  0.13309048344439831  0.14161475153266617  0.15142303479710587
  0.16429278919482376  0.17683066427760472  0.18880603283501235  0.19858240887579842
  0.20627688377576756  0.21368395218770048  0.22275961947107542  0.23291064678564893
  0.24295611593150726  0.25418308898289438  0.26543979858857170  0.27678957082093075
  0.28755504586471481  0.29815813529786339  0.30874992706143350  0.31857807779195507
  0.33099097891511747  0.34315667874450079  0.35445834169432233  0.36493512218788920
  0.37547996227340896  0.38635853297631384  0.39769785523073109  0.40932042133486574
  0.42012193504036099  0.42957866403583478  0.43947047897044716  0.45078160966871378
  0.46253328297403434  0.47394698065237717  0.48505247677627317  0.49623605442275254
  0.50633051492606795  0.51423415452585808  0.52225035677469700  0.53135842757825913
  0.53975893350300297  0.54861662854701565  0.55777367659310118  0.56711365757577603
  0.57773710466106376  0.58858718216501171  0.59777580389496265  0.60713380964371266
  0.61556228103768873  0.62419637532231964  0.63487332643645866  0.64553113914212457
  0.65682481914042701  0.66818045923186320  0.67953543469408362  0.68977373283959775
  0.69986930734562969  0.71075294141111467  0.72171560335865381  0.73229416319744323
  0.74162954255806179  0.74989462403585172  0.75743704337380435  0.76568038315719267
  0.77309381590869386  0.77986654714570613  0.78685988573613008  0.79620777771223827
  0.80652039247963248  0.81573861024226801  0.82409993305080731  0.83214325606608419
  0.83959592554936791  0.84739648600446682  0.86031067738030953  0.87337130199339230
  0.88576047811030789  0.89777970212473235  0.90959602987912602  0.92082087127060797
  0.93175078370039499  0.94265958515812354  0.95327025461329884  0.96396493036773578
  0.97459946607626169  0.98416171867553259  0.99258127385843398  1.00000000000000000
  0.00000014428583444  0.00000230669898903  0.00000365626686109  0.00000556365523472
  0.00000775241837008  0.00000993134436250  0.00001208448519069  0.00001446767801428
  0.00001703072527787  0.00001957417335172  0.00002231627941336  0.00002519828288931
  0.00002798512230782  0.00003051087224757  0.00003280445948331  0.00003459198957824
  0.00003689007165310  0.00003964758890228  0.00004231526255227  0.00004493401840562
  0.00004733794540644  0.00004936152465446  0.00005188375418261  0.00005450436668638
  0.00005745133349233  0.00006100989299909  0.00006496701348943  0.00006871121507516
  0.00007189057850954  0.00007460950452802  0.00007800785915838  0.00008177377745570
  0.00008536188034903  0.00008920321575675  0.00009337632037997  0.00009714542811232
  0.00010112841451799  0.00010628558997403  0.00011209215471442  0.00011845143274871
  0.00012491141664037  0.00013100455933877  0.00013773091122315  0.00014495465192305
  0.00015226080163452  0.00015966109978165  0.00016717416757487  0.00017461927906012
  0.00018290192325183  0.00019224860281365  0.00020264982471094  0.00021351770142355
  0.00022392083515785  0.00023385774272656  0.00024445580161619  0.00025558633894484
  0.00026615093690500  0.00027632955600967  0.00028652791568285  0.00030162619015865
  0.00031872983675581  0.00033605449952400  0.00035508730024166  0.00037619428702040
  0.00039882548091472  0.00042299932985914  0.00044742001033766  0.00047103164267925
  0.00049406639087983  0.00051760584739161  0.00054577538608733  0.00058065993224892
  0.00062120619505270  0.00066439250411091  0.00070787911284961  0.00075124231633796
  0.00079337475286486  0.00083787301138315  0.00089004545854915  0.00095427202035203
  0.00102898018365638  0.00111391005024670  0.00121499491505863  0.00133275191994858
  0.00146281315965881  0.00160620536504843  0.00166065138178011  0.00171509739851180
  0.00176954341524349  0.00193776304450231  0.00400773252471836  0.00607770200493441
  0.00814767148515047  0.01021764096536652  0.02682201354417604  1.00000000000000000
 -0.00170327777748979  0.00645008226274202  0.01473147808695091  0.02314689872882450
  0.03137985110844203  0.03965473349990523  0.04862491434445482  0.05836549095324319
  0.06828884449777485  0.07833155479620117  0.08797809598216763  0.09671049610963707
  0.10512666837345025  0.11361735861022551  0.12242481710105746  0.13231818825494487
  0.14327628272635023  0.15136268258431157  0.15793721600892655  0.16525463914859387
  0.17250664576028524  0.18154705650253866  0.19205422033472266  0.20233297075757373
  0.21238172194187188  0.22232082894880667  0.23239063983059841  0.24321335281629669
  0.25450436727914066  0.26626738762016156  0.27729521203851537  0.28841908540580719
  0.29900198606198036  0.30921073433426716  0.32020832404064981  0.32981277852139679
  0.33917072562158485  0.34875775290817984  0.35814681081212130  0.36885894919416029
  0.37982511816507747  0.39155403091736513  0.40313787733325790  0.41406694317998821
  0.42375027751856309  0.43217867997597320  0.43991774891306279  0.44867066240036502
  0.45996536978370023  0.47337048726244718  0.48606843593748583  0.49714398263401749
  0.50723359512082955  0.51703324548342522  0.52670628772258721  0.53714426037977714
  0.54854686674884601  0.56097699972052995  0.57433912270900100  0.58810038474164805
  0.60169229247704958  0.61471344710815090  0.62693446711417422  0.63791938022966233
  0.64736942995727143  0.65602995758385829  0.66319429351876336  0.67175481781191060
  0.68235812477139035  0.69399626000517489  0.70551203011061114  0.71874347191263332
  0.73247604092176255  0.74551796695152972  0.75758783229642468  0.76958779004314271
  0.78243180459152195  0.79601627519563678  0.80878443068378736  0.81924766155462214
  0.82910617496636541  0.83957891869948731  0.85044353575630116  0.86275595514340586
  0.87629019312728940  0.88959761416364025  0.90178592261950608  0.91304804071012990
  0.92355615984483230  0.93376620010048361  0.94490484128425190  0.95637360061278409
  0.96763981355156958  0.97868561860071379  0.98899340844146988  1.00000000000000000
 -0.00330098844864476  0.01152725195347464  0.02205830004980869  0.03284413372060589
  0.04457689890559798  0.05673308142960380  0.06889216198169668  0.08102050880404339
  0.09307066085136825  0.10493704741230979  0.11645810963549973  0.12603642662328529
  0.13292630008739709  0.13997575067874007  0.14956137674578526  0.16187470442087173
  0.17327211822295302  0.18318835935539973  0.19052651734861484  0.19865425305150095
  0.20826384592095018  0.21749916887125889  0.22571641196242237  0.23540549201226488
  0.24546055046947998  0.25525828879466800  0.26582621714653965  0.27624361553143861
  0.28652402162790991  0.29716288133740848  0.30801650674472081  0.31877108488366379
  0.32969686383218272  0.34052377053011462  0.35115002817404245  0.36189190609798499
  0.37220216879295476  0.38279567751771215  0.39363913967559899  0.40389633611983394
  0.41335077263061870  0.42289618691640823  0.43260473239621949  0.44188491707801003
  0.45067588992451529  0.45951249872486255  0.46832433823027397  0.47769254110491494
  0.48533581622327548  0.49677332749765063  0.50962710892209573  0.52232217505801093
  0.53506461938490057  0.54770494305086903  0.55921585641242988  0.56925620755467188
  0.57948850614235048  0.58930943420792181  0.59852832600549000  0.60967042498496959
  0.62202030264523900  0.63450976316949437  0.64708521743901648  0.65997230248139704
  0.67447622099824300  0.68828059960172105  0.70097286543110038  0.71237444294960017
  0.72252062240071935  0.73186402460984279  0.74102333587093205  0.75057054760823072
  0.76142912766344861  0.77271002483496853  0.78346545455951022  0.79385741014522115
  0.80482687575169198  0.81704854598211130  0.83013632088064759  0.84105380815600594
  0.84967401079858773  0.85769448149451066  0.86498918533997682  0.87288466648095508
  0.88441831886234035  0.89602377293902113  0.90581890962865341  0.91480382246614889
  0.92431989840018380  0.93508069974433217  0.94560661805151625  0.95768713790856808
  0.96999671656582875  0.98013803977053349  0.98987987479593875  1.00000000000000000
 -0.00263665851239967  0.00899616114526328  0.01813404219922211  0.02714714660168723
  0.03588022585674814  0.04431393216515651  0.05224017785197953  0.06080410002132298
  0.07058382061470166  0.07976484401143526  0.08853124021664605  0.09749413383839767
  0.10951920237046384  0.12271278447493836  0.13506729302864021  0.14749620735688360
  0.16075242314375748  0.17487753714380433  0.18984269946560176  0.20444390780607369
  0.21797886387215420  0.22990080318660475  0.24065098938567092  0.24901443176117652
  0.25839506756370340  0.26892190278886152  0.27990276645943063  0.29234660501654103
  0.30621231610452582  0.32056608989326951  0.33533239959766975  0.34832077742836570
  0.35865733656500431  0.36997837949035473  0.38104013047258950  0.39413662772516544
  0.40910467985608218  0.42311565174481069  0.43575246161358727  0.44761804728495613
  0.45981187279311891  0.47290941432590572  0.48636824764745645  0.50015141655390183
  0.51391343698387226  0.52736216671777281  0.54088994181437078  0.55393263737548348
  0.56464347224624734  0.57410337619375273  0.58323734250512105  0.59207552968638022
  0.60252653456119398  0.61283388350089896  0.62243226869338852  0.63291468513140281
  0.64429745374910918  0.65522417300598246  0.66578925492793062  0.67593475426062610
  0.68581267986444128  0.69620137717013986  0.70748875636338193  0.71975313919971684
  0.73290383722732566  0.74616127628879314  0.75836101251982346  0.76999025135948240
  0.78001950134387277  0.78980398705672650  0.79956603880328880  0.80903723591568211
  0.81762015830697199  0.82532843973165548  0.83225922754677195  0.83981722452613117
  0.84882935308901053  0.85776182095418207  0.86669257214540518  0.87600154337382841
  0.88516897902487657  0.89390994346984964  0.90203459834854349  0.90956168562391781
  0.91718563629380323  0.92530683475660425  0.93400512411763703  0.94283161260655624
  0.95086320555007664  0.95786639299305676  0.96459162347858374  0.97135240190128747
  0.97833393626189979  0.98558266155362040  0.99297907359015392  1.00000000000000000
 -0.00249714454893166  0.00916735244495210  0.02122945234710828  0.03285727002387973
  0.04458065543100414  0.05650649098190327  0.06877026346001942  0.08109057992185967
  0.09199390512902918  0.10028255362562059  0.10839869279377017  0.11735358788365358
  0.12519673946945778  0.13529494095893840  0.14538815370276953  0.15519413424822787
  0.16723131753221024  0.17834902009447143  0.18997633694836469  0.20140206026580521
  0.21345202821258977  0.22528669784457855  0.23669438027374481  0.24854833496027848
  0.26042995835998939  0.27090498612493513  0.28013603125180514  0.28905507056831220
  0.29819543977441781  0.30432984537752628  0.31314911592221806  0.32314225842390520
  0.33282099203403864  0.34246859245410560  0.35260094503807088  0.36230508092372848
  0.37169473197762160  0.38079726616216192  0.38982395727378960  0.39909562090825568
  0.40873630662124127  0.41893374544171130  0.42949361077412318  0.44003672253240456
  0.44991666368783340  0.45873067410518348  0.46773507090235977  0.47673040456053301
  0.48610106734018527  0.49733747041248677  0.50851696794405554  0.52006176803647175
  0.53005626677853845  0.53873496045394753  0.54792194417243034  0.55754490603286411
  0.56782441638235037  0.58145411329980390  0.59392067344587129  0.60556986138295332
  0.61681254752585501  0.62821194969163130  0.63991276813447717  0.65142733002192987
  0.66285589534540545  0.67438345277466860  0.68626420751963646  0.69823884738021469
  0.70905889127752519  0.71877257336046552  0.72822747522568410  0.73735429007778186
  0.74715915263608346  0.75719865499048344  0.76747327450613478  0.77729369336663923
  0.78496725847109505  0.79179155985646243  0.79913620377539840  0.80709676527088847
  0.81716500226826272  0.82997005152558989  0.84277071780685353  0.85539926442104930
  0.86867138987769932  0.88065639778200289  0.89273376655221803  0.90498192057223970
  0.91747740245617038  0.93033095697082324  0.94320580471031479  0.95559461858618866
  0.96725289507153678  0.97839010358830913  0.98912578285687858  1.00000000000000000
 -0.00296639861217285  0.00986460296639392  0.02261750795788857  0.03502400571309194
  0.04685013077004305  0.05780119015273594  0.06805436804852766  0.07814933093893088
  0.08797477465652054  0.09864334229566503  0.11071292912775135  0.12344629498707432
  0.13604321229285193  0.14816544155067390  0.16015169152269351  0.17261151345334441
  0.18373042406322332  0.19234487363561403  0.20119709049180909  0.21007047815883281
  0.21905739012052991  0.22841076844885633  0.23834713986356551  0.24837612387207775
  0.25978484500453958  0.27212536653424951  0.28341664686065088  0.29250385715912153
  0.30079163551398541  0.30893495514520253  0.31564173675503177  0.32518497556401504
  0.33452766795090189  0.34485443901825413  0.35614378815699765  0.36809363763846592
  0.37990852010239912  0.39072929427667824  0.40155776520372022  0.41262719315795776
  0.42173622403328581  0.42960204285519837  0.43779743907475965  0.44728025899399032
  0.45620582984061836  0.46403595866392272  0.47290781985364549  0.48299337257333264
  0.49257749089526132  0.50212085617732782  0.51193630074765450  0.52196946663213439
  0.53336594517969194  0.54311795202091662  0.55235924079224319  0.56051263512205596
  0.56862830665778752  0.57917334961140621  0.59214225133475196  0.60505946315073067
  0.61689327819333684  0.62797140927536210  0.63861763274182570  0.64958862312052246
  0.66110496908111327  0.67302545829861760  0.68470694651156050  0.69597922819155666
  0.70742543545410519  0.71933400175646467  0.73278818517095534  0.74608744977758468
  0.75796833983744794  0.76867261409191068  0.77862195233574893  0.78860280203682720
  0.79898491350745060  0.80999185573014254  0.82163548838035760  0.83328454857377210
  0.84450668828471576  0.85525874254214918  0.86522926911668363  0.87533057476041898
  0.88615452887688262  0.89718225019631970  0.90941998717890848  0.92065157997452074
  0.93174145964230826  0.94266817010454262  0.95345036271124406  0.96498642817268010
  0.97449716814795506  0.98298147506221167  0.99143918229400774  1.00000000000000000
  0.00346710940131898  0.17740480110474730  0.27244458054603027  0.43068333085250932
  0.56040898354949686  0.62241079313295911  0.63988100507556811  0.64745009013596433
  0.65290464999978359  0.65672585303474162  0.66060965651769765  0.66459972655901045
  0.66836947893962506  0.67153171813755219  0.67470098031039394  0.67856373056507835
  0.68293692544581819  0.68746874712768746  0.69192986030749792  0.69622341952854472
  0.70098318820404593  0.70436350427343264  0.70690215768563947  0.70922764048838527
  0.71163676575543011  0.71426526224795261  0.71677512211171446  0.71926177409387748
  0.72185455676294985  0.72534996731362944  0.72754105265112157  0.72989312967500741
  0.73234153681632275  0.73474644666047684  0.73705140318027806  0.73949550883237358
  0.74223943222481403  0.74515634920389417  0.74821682528637534  0.75149192679593868
  0.75489309938019744  0.75822718157670776  0.76145550316271293  0.76462673581515794
  0.76782876886706886  0.77121093178842193  0.77475832509845755  0.77806841013941319
  0.78102270885019009  0.78383994401805157  0.78674914276054375  0.78978271287602753
  0.79269292303159278  0.79518625262000864  0.79759461268163245  0.80008532512457420
  0.80287030336691578  0.80562033705665770  0.80876288731038959  0.81217188993332234
  0.81523548736498608  0.81844209723839967  0.82190749072855673  0.82525996471991037
  0.82911340384071885  0.83293742997850717  0.83674248571272136  0.84053112540136099
  0.84434155152759915  0.84822434342539987  0.85222332305888748  0.85635418001182673
  0.86055634826945826  0.86478825476334642  0.86911298640949186  0.87331063886872995
  0.87733491395751595  0.88142050277486594  0.88550989309986616  0.88970480665073493
  0.89481047931937319  0.90004135073675728  0.90543388343305564  0.91082229019961192
  0.91570246988447257  0.92016252301915147  0.92477923067817902  0.92907597672491482
  0.93375773416635643  0.93947627294477065  0.94518864889155441  0.95017402821668251
  0.95651548726235069  0.96726092509917372  0.98057996599811403  1.00000000000000000
 -0.02180399920253986  0.17463931823893714  0.23652647162581131  0.26159706415125333
  0.28242144075856396  0.30101998101657312  0.31847203979262190  0.33453264989159875
  0.34892997996708536  0.36208709553219881  0.37422355863561990  0.38599573659980574
  0.39769890001772723  0.40858268155147931  0.41881392790199296  0.42888204667659602
  0.43854569254937137  0.44815739880452216  0.45817705409775106  0.46824284639197533
  0.47802768252427946  0.48715472607557042  0.49526999343273448  0.50306891704975754
  0.51148959303597696  0.52013883754051515  0.52774780404984267  0.53464288329827292
  0.54139257771130311  0.54821536761157075  0.55508203795961875  0.56204552164439514
  0.56909447541295621  0.57609436527324775  0.58304592603623229  0.58898183943256777
  0.59360731611803363  0.59794579286545624  0.60198906820376064  0.60617348946663874
  0.61253750144815189  0.61821633860776293  0.62327388461332378  0.62746842301825068
  0.63103553260853895  0.63451737473289838  0.63869368664874371  0.64257919261045637
  0.64628687176610078  0.65090260020145618  0.65553310469492865  0.65982215465106719
  0.66434587733309070  0.66921693034475260  0.67418743062448028  0.67919625566152408
  0.68397119337922718  0.68868673369400057  0.69372872938862473  0.69899514845004029
  0.70429217805127142  0.70943491671179659  0.71422327788194528  0.71873754884874863
  0.72328221745319443  0.72799606845157749  0.73300300033483357  0.73813228245726759
  0.74347228899804330  0.74865447346949665  0.75393168629985319  0.75926298350899313
  0.76440352331298944  0.76883344766348394  0.77234416416772789  0.77579337455839703
  0.77859520092566858  0.78132608544247828  0.78414859893059075  0.78765388271491388
  0.79267132887836189  0.79815564022252450  0.80356755228562671  0.80889612614298123
  0.81422456153606326  0.81944599326877543  0.82437760439179419  0.82933718411044177
  0.83497944604848640  0.84115201048014177  0.84829047484054954  0.85709933261286586
  0.86832340682936771  0.88333654097079517  0.91184561076857007  1.00000000000000000
   2.9759923816186061E-010  -1.0000000000000000     
 F F F F F F F F F F F F F F F F F F F F F F F F F F F F F F F F F F F F F F F F F F F F F F F F F F F F F F F F F F F F F F F F F F F F F F F F F F F F F F F F F F F F F F F F F F F F F F F F F F F F F F F F F F F F F F F F F F F F F F F F F F F F F F F F
  <DiscreteSampler_grid>
  grouped_processes
  1 # 1 for a reference and 2 for a running grid.
  10 # Attribute 'min_bin_probing_points' of the grid.
  1 # Attribute 'grid_mode' of the grid. 1=='default',2=='initialization'
  0.0000000000000000 # Attribute 'small_contrib_threshold' of the grid.
  0.5000000000000000 # Attribute 'damping_power' of the grid.
 # binID   n_entries weight   weight_sqr   abs_weight
    13   10   1.229947206109076E-001   4.126597547869888E-002   1.229947206109076E-001
    14   10   1.229947206109074E-001   4.126597547869877E-002   1.229947206109074E-001
    16   10   2.620883333541933E-001   1.841129603371357E-001   2.620883333541933E-001
    17   10   2.620883333541928E-001   1.841129603371352E-001   2.620883333541928E-001
  </DiscreteSampler_grid>
