 -0.00206764771819019  0.00914391765730346  0.01931450264187697  0.02962363650926123
  0.04019045557348418  0.05079312642615202  0.06138563102149403  0.07187169452866614
  0.08226587663934941  0.09281866795701080  0.10323801299245157  0.11354275490290448
  0.12374041084031177  0.13418564130614150  0.14476980940128795  0.15549692676021409
  0.16618409309143339  0.17694466024017041  0.18763001946145147  0.19833194251328531
  0.20888478090502668  0.21918449699926634  0.22935140833985804  0.23956626973914313
  0.24991732100346373  0.26025831202515937  0.27064073355935980  0.28115168296407961
  0.29175129298085889  0.30215737485283900  0.31245390443769516  0.32268698974789711
  0.33291637434829341  0.34327231287091425  0.35384444764648548  0.36480252856628670
  0.37577511165347244  0.38672429498218985  0.39741751740422865  0.40797000522036592
  0.41835579363854497  0.42866892600043233  0.43914225471157842  0.44964466724130686
  0.46040055168325533  0.47119533032041361  0.48204321267539024  0.49288374873235080
  0.50383610192873352  0.51482215827638211  0.52563256591873275  0.53631149180245252
  0.54692273015530046  0.55758930219434555  0.56817847376934150  0.57870942785136581
  0.58918447804281193  0.59977846613270791  0.61009729463454698  0.62024333955460309
  0.63036751381317191  0.64061228336177767  0.65095249240762365  0.66106249859644950
  0.67117517363611556  0.68170625617981129  0.69252398243112856  0.70368681757233231
  0.71436812580246256  0.72503659770712714  0.73553385476399025  0.74627243332142834
  0.75685064738222174  0.76740671534188165  0.77787437937064474  0.78838974515677995
  0.79873797844775918  0.80900208761570669  0.81946222970780613  0.83012411277859910
  0.84083790563276573  0.85158484750355967  0.86238289874034912  0.87327076347357424
  0.88400198330861668  0.89480818905777548  0.90564878783779967  0.91640048041669864
  0.92691775148017252  0.93730233536237473  0.94797660010866502  0.95861805544816281
  0.96917986323654104  0.97963494711105525  0.98989557062957290  1.00000000000000000
 -0.00320856420357470  0.01397013855573078  0.02636010839811477  0.03692541248414860
  0.04748028937866650  0.05768920302960227  0.06771783351038826  0.07771112538579475
  0.08769649073209201  0.09795838721740910  0.10826887956767597  0.11871267116627729
  0.12914005085383337  0.13969180066131542  0.15022713380155389  0.16083400641704690
  0.17137628608558461  0.18170956132644966  0.19194044981472369  0.20219259027527026
  0.21258582905387091  0.22314249261549074  0.23355050180273126  0.24393711133259854
  0.25430353927285548  0.26493866422713302  0.27553483415631130  0.28584841556087115
  0.29632847313546606  0.30691211890112252  0.31758073370930051  0.32797670647917720
  0.33845502425789653  0.34920548260701167  0.35990271526437106  0.37046956678347132
  0.38093348037054603  0.39155883224058785  0.40190118204706593  0.41244453181944796
  0.42283234489990629  0.43334644649160392  0.44372274205795731  0.45401773231150078
  0.46433472287327376  0.47455738383958201  0.48485854968702613  0.49518360386644827
  0.50560829251876616  0.51595348881940439  0.52655389360400728  0.53703080353937760
  0.54763212605222256  0.55811286174486829  0.56857205693543278  0.57888103300325600
  0.58919856208474763  0.59972197398605187  0.61012721919430035  0.62035752618175399
  0.63040602896832343  0.64065790290135183  0.65092470815748604  0.66122713614678308
  0.67153534360043621  0.68209776483045215  0.69251673646641942  0.70319308709260908
  0.71396432905954743  0.72514401613142487  0.73585107633607150  0.74647589873996900
  0.75686119755815673  0.76723373455417154  0.77754223359414965  0.78788774245113735
  0.79821084377674689  0.80860254019645195  0.81899066456593550  0.82938972564829239
  0.83997213343931065  0.85069406138739978  0.86151125197437561  0.87218172084476442
  0.88283653266541151  0.89352717337086163  0.90407225400720226  0.91468002819369587
  0.92522464948152783  0.93603415291676628  0.94674566636861657  0.95759530981856456
  0.96820402643421966  0.97896974921319191  0.98950116028734325  1.00000000000000000
 -0.00207003394237240  0.00783210377071321  0.01644600538658132  0.02559357357307297
  0.03499914290208239  0.04458636701716772  0.05428258538709203  0.06416936255816837
  0.07434251120191997  0.08465835704321145  0.09495832028575484  0.10534663274203195
  0.11588393552426990  0.12654201923160505  0.13723793338918788  0.14802703200073833
  0.15884618247542748  0.16962993053519032  0.18033457628931310  0.19139629111412423
  0.20258475186795744  0.21411063680459536  0.22559614033927000  0.23757359363898273
  0.24968354853111574  0.26188006976458017  0.27425362445766699  0.28670989812290032
  0.29915742018226538  0.31151386245287860  0.32379948697710331  0.33621601487347891
  0.34881919734380484  0.36157726556666825  0.37448053004511767  0.38744026771454371
  0.40042536225175079  0.41339784990989392  0.42631479255010868  0.43903621178452751
  0.45157772666775370  0.46408270838715565  0.47657826282926025  0.48895632436609321
  0.50121810205934891  0.51353377213100548  0.52583687261265666  0.53809417961157269
  0.55019073513541439  0.56208938306701006  0.57373399274816861  0.58525609742007534
  0.59665882074338528  0.60810676384142315  0.61951164204852815  0.63083026325418057
  0.64204453666638939  0.65316677259365008  0.66407681120932860  0.67481828278511979
  0.68553590128568498  0.69636768328626297  0.70706365406289629  0.71760908190532824
  0.72807025582695806  0.73858192203698414  0.74896576710985707  0.75924796107778203
  0.76925051594544525  0.77911180002788050  0.78872872124157012  0.79816644519100244
  0.80742534786553999  0.81660448017225518  0.82571894206080776  0.83491515667353289
  0.84413528520969028  0.85316934868393846  0.86209902737066069  0.87073816734619269
  0.87930707971362532  0.88774781030971484  0.89618670456821736  0.90461430422047717
  0.91299435753700253  0.92126501318332288  0.92948874409930604  0.93769598072714222
  0.94585873227981998  0.95394013009697487  0.96188251588464624  0.96970118615226542
  0.97736366071441061  0.98497718427281589  0.99249554545109431  1.00000000000000000
 -0.00245980832791648  0.00912070549571945  0.01899871931392705  0.02932791214544056
  0.03967822372790662  0.04988930169644038  0.06000388381031958  0.07034950773143409
  0.08076411995617011  0.09146119957738245  0.10221406233491820  0.11314532679902189
  0.12400956548657895  0.13482856540825211  0.14546185446964871  0.15593080582486643
  0.16650758144898056  0.17722055816106044  0.18785091593021067  0.19817398467875516
  0.20849137852430780  0.21899435590715202  0.22951723447442576  0.24002817332269952
  0.25053984034543403  0.26109045568490724  0.27176579614576918  0.28222381800103025
  0.29266725340371269  0.30305206194603196  0.31337064415092475  0.32368929511534522
  0.33404784173391155  0.34459760504606368  0.35528389020884660  0.36594600343106620
  0.37660063055444271  0.38706962936971340  0.39746830544494521  0.40793123492009781
  0.41830734488239762  0.42859562173773608  0.43883963410728016  0.44940666138381874
  0.45999641268443953  0.47067851248142339  0.48129059813666641  0.49175904224632683
  0.50213749074670389  0.51248303958498909  0.52283279098305224  0.53312346386564258
  0.54347847084017031  0.55397360389962880  0.56426778669592736  0.57476356790103211
  0.58546607450006416  0.59697800424260150  0.60818440000619522  0.61945359248719456
  0.63013745081689443  0.64080706050164149  0.65121030266980962  0.66152667927839071
  0.67187094249307466  0.68215051216473555  0.69252066530063805  0.70298764002009495
  0.71368723527478395  0.72498549885653951  0.73624598670952912  0.74743665223479649
  0.75820323298546077  0.76885129114157225  0.77936811705776443  0.78983695946227850
  0.80009357488338706  0.81025777440686808  0.82038230366212683  0.83053358562015045
  0.84109797596377955  0.85189508961538085  0.86281888773677518  0.87373580540456275
  0.88467223218559088  0.89565908566856511  0.90630384800271735  0.91699521798851358
  0.92754465625015137  0.93833623138515376  0.94876432973110048  0.95946797075946388
  0.96971634642458937  0.97998451672649367  0.99002134496488992  1.00000000000000000
 -0.00255434763627368  0.00939511847291524  0.01985187482852424  0.03094810975977894
  0.04192894611972588  0.05243884786577748  0.06295802363345739  0.07354163203914657
  0.08426575669257109  0.09474658724139885  0.10528860576642501  0.11553881423227857
  0.12563222655743944  0.13561851267486211  0.14574887841216191  0.15614602825570073
  0.16674509842976884  0.17752247405837593  0.18831635050537307  0.19920573413441886
  0.20999968421874821  0.22082334822055244  0.23155695745549743  0.24233383042673934
  0.25290634050752869  0.26335457676359841  0.27364685765964453  0.28392119933674331
  0.29424077014176919  0.30463827532613758  0.31494991118144106  0.32520518233510259
  0.33552379197327015  0.34612452972030427  0.35683621851474190  0.36749714777470227
  0.37806436868881382  0.38864068981922856  0.39908631089226104  0.40959242615252384
  0.42015688872208834  0.43089726056984085  0.44146374388358506  0.45193793542369443
  0.46246408248302640  0.47323233884633537  0.48386336539618779  0.49445645610178873
  0.50525343209148466  0.51621661085239934  0.52716809560805689  0.53802279867158009
  0.54879972896821727  0.55932967502834097  0.56977882688574277  0.58019466004728393
  0.59053396054238372  0.60096769903075564  0.61161412985654084  0.62230748331483621
  0.63262133250942687  0.64275632797609861  0.65312123351185825  0.66383849468259704
  0.67452100047897501  0.68505580716116021  0.69566173344135451  0.70615944056961422
  0.71676019778493527  0.72746767316136252  0.73821270551898799  0.74882209141110423
  0.75917876069477164  0.76950416061887861  0.77995468910401433  0.79028660314232824
  0.80063915410516184  0.81084939628488450  0.82123481884117711  0.83167234307860527
  0.84216193051078003  0.85263100836230898  0.86308089806885202  0.87352637991462079
  0.88383380763118913  0.89410554826342781  0.90438544435559665  0.91470598558216198
  0.92513950683520418  0.93567063238548409  0.94619659682749924  0.95689869409403627
  0.96771859286210971  0.97857007221983972  0.98927854535209048  1.00000000000000000
 -0.00249195223007001  0.00952016468532416  0.01960981198439512  0.03022995266866464
  0.04078511417235006  0.05148367857398987  0.06218428426082699  0.07263147106999403
  0.08315644184200686  0.09362467281684810  0.10382778915335068  0.11389374859844031
  0.12402941609160138  0.13443041114248411  0.14506373540762754  0.15571391078540481
  0.16635725972416543  0.17663356363055782  0.18693089992632378  0.19733592920304513
  0.20777092473109354  0.21779163983728650  0.22792374363823897  0.23830503676511997
  0.24884842730408016  0.25929456984238713  0.26961092311326740  0.28011792229571986
  0.29067612250297936  0.30154476602411856  0.31231077635534310  0.32313571798357255
  0.33392532101008560  0.34483920708087223  0.35583678281433967  0.36645622483068829
  0.37724952940060918  0.38785046286530889  0.39832543406615156  0.40859091291967808
  0.41874497364652480  0.42909632321871743  0.43960006624287634  0.45039667030818897
  0.46104359489860258  0.47170291339491238  0.48253413463546163  0.49353847168359516
  0.50453372637417737  0.51533661245608808  0.52599229669715597  0.53664856893852320
  0.54722756127716354  0.55807468350808753  0.56883939787955651  0.57963631178937514
  0.59035348353475059  0.60110788354581568  0.61180836496789304  0.62211214699634543
  0.63247513951217893  0.64293357539110874  0.65372731253139704  0.66434150168199979
  0.67482154454529597  0.68520162999074707  0.69559109501652117  0.70604758169671766
  0.71661771674367680  0.72711868941500590  0.73759539892671966  0.74785769028310156
  0.75826017397172585  0.76890393221963482  0.77980305951719708  0.79042429009375026
  0.80084564787959389  0.81129500630852092  0.82196766602672200  0.83254190786365601
  0.84328735389507081  0.85422524026760671  0.86525059574696794  0.87620764816590513
  0.88677508270790950  0.89734258334436945  0.90756704644827391  0.91791955492989730
  0.92808370534244544  0.93833716593484917  0.94857679197199118  0.95911655705512955
  0.96962535476237655  0.98006940202373594  0.99011299354532190  1.00000000000000000
 -0.00243061760433410  0.01164328975488479  0.02353841414513157  0.03574632828574571
  0.04766667830006107  0.05922519115048890  0.07064436768705772  0.08206946413835152
  0.09352206786690823  0.10475311095064205  0.11561990327166966  0.12633941284597058
  0.13712190705829541  0.14785681342240248  0.15838976208202285  0.16877840866605134
  0.17907204010170916  0.18927613217679490  0.19934784548184381  0.20933803264313663
  0.21932849727345502  0.22932094245644627  0.23919691771119347  0.24908786350502218
  0.25893454312216119  0.26866079002357907  0.27813127225575657  0.28748287585094146
  0.29689610804776673  0.30629390875171536  0.31565321518336620  0.32492015906191352
  0.33417886022222043  0.34349921052295751  0.35283147703253631  0.36209089293681107
  0.37132202815917392  0.38063029769822909  0.39011577286429877  0.39963536298468572
  0.40908864752705770  0.41853646618721257  0.42806868596973752  0.43768849447767216
  0.44726298979093387  0.45673291113245351  0.46612823078528692  0.47549917026440464
  0.48502378074213115  0.49469328105462063  0.50437853907306707  0.51396875941690989
  0.52348208002307905  0.53306512687655172  0.54293605631343134  0.55271108740254149
  0.56261550954064776  0.57229842243306528  0.58191476797839858  0.59156320978813060
  0.60124417881850734  0.61115288254262734  0.62102919422455538  0.63103468382735439
  0.64101801511562551  0.65079378980875979  0.66051634918021129  0.67038621266339193
  0.68046374548468247  0.69049964937956065  0.70029620234022438  0.71021667021107260
  0.72062032742990745  0.73141755748774384  0.74236364889356232  0.75327715558353647
  0.76411773807438499  0.77501779822593087  0.78588947334510828  0.79707654445736376
  0.80843080880841034  0.81981947412701794  0.83115114335699614  0.84270556373890437
  0.85446519418238398  0.86639531887216326  0.87846884701382921  0.89069071844326264
  0.90293127185957500  0.91554686128012897  0.92892281741981209  0.94276455772598577
  0.95701443449422419  0.97142757015762904  0.98575418260454406  1.00000000000000000
 -0.00228439600532273  0.00958537052786009  0.01962245957879105  0.03026145401349738
  0.04091432259186263  0.05169849811597494  0.06234943414758863  0.07258213022685785
  0.08276943075440381  0.09293949859099572  0.10330259888533323  0.11385909933234539
  0.12431387498313387  0.13514590537755211  0.14578920347517266  0.15624148704302274
  0.16662254076058466  0.17704590406483811  0.18759448586910318  0.19820786383323252
  0.20869627229418344  0.21928526495730918  0.22997849595208930  0.24091597514424090
  0.25188044798859754  0.26252769273250048  0.27293568763572340  0.28309934510380313
  0.29325792758251173  0.30349491224685626  0.31374996911579378  0.32438355435850807
  0.33504534600944808  0.34576567018740129  0.35632376044634273  0.36681092078988781
  0.37728422315560273  0.38772301400280756  0.39825466842787149  0.40898328403117584
  0.41975010398166895  0.43040901849589569  0.44101961436364101  0.45150429226547922
  0.46212963311473243  0.47285970897315954  0.48370006772661400  0.49449354823652075
  0.50507748916228878  0.51552426948990837  0.52597899799363523  0.53647449970417460
  0.54699684271620497  0.55752527535497520  0.56791317625204984  0.57817176065258702
  0.58848653838901988  0.59899099726974592  0.60952996029029516  0.61992953166659437
  0.63029530244055521  0.64055637395700393  0.65091762532270159  0.66121661025000755
  0.67166812079043603  0.68217952787917335  0.69268731929549476  0.70307083614054644
  0.71350151089641489  0.72401084125415782  0.73469849690177924  0.74533799480468610
  0.75602387451701181  0.76689940887409558  0.77768421816144695  0.78854749866854734
  0.79927879053757345  0.80988067487239745  0.82019995692757341  0.83051277580697069
  0.84075833200818606  0.85107877450977099  0.86143848194254924  0.87186569551965165
  0.88240333795417603  0.89284436195765926  0.90353224760418283  0.91421910968763109
  0.92493607549805223  0.93555358904541253  0.94634715233873101  0.95711770210459346
  0.96758771495148066  0.97813392503620300  0.98890558643272297  1.00000000000000000
  0.39518332354310731  0.52845236852635424  0.54110643342534392  0.55207104676047669
  0.56325726295931533  0.57660135748005881  0.58904127614902424  0.60866904885726958
  0.62715735166922859  0.63892203776961276  0.64662420737495618  0.65193812744156188
  0.65682469237181607  0.66142552134255872  0.66586506062839657  0.66981995535088856
  0.67362174614292603  0.67739404767222855  0.68109555351449635  0.68471421725406401
  0.68822857934199433  0.69162921111709030  0.69497052274141757  0.69829625386858418
  0.70158483387928838  0.70485599128010512  0.70809254373930219  0.71128899268924206
  0.71444906844385458  0.71758750955798467  0.72071641015606380  0.72382924519585823
  0.72692925043953804  0.73002844335391814  0.73312834390815318  0.73622242976247665
  0.73932210747420513  0.74242376912793873  0.74554575806226997  0.74866913236480381
  0.75179672900344363  0.75490904965803107  0.75801797163155238  0.76112324460650160
  0.76421833378932702  0.76731180660880816  0.77042094678445483  0.77356469856504428
  0.77678189630229233  0.77995226548940177  0.78312855817502980  0.78630294778215026
  0.78949426163345571  0.79272832002172322  0.79602523818930149  0.79936879930976601
  0.80272572774666473  0.80612087996493098  0.80951620240018163  0.81291265192777074
  0.81635657879503620  0.81978365672219700  0.82324395000517137  0.82673241965749200
  0.83024365016046098  0.83379929724229485  0.83742236281345361  0.84111758379867652
  0.84485861157660935  0.84856570760403893  0.85226216695556622  0.85602505561157938
  0.85986109977771208  0.86378030642850046  0.86775132087511186  0.87172643731278920
  0.87584094713187188  0.88014800855442810  0.88455751321219522  0.88901643645642503
  0.89353036054194812  0.89809843374145581  0.90273396479046275  0.90745614923181783
  0.91228108506189953  0.91733950096404138  0.92271395447800664  0.92823984387772152
  0.93393832835446211  0.93999227515157124  0.94667694452959072  0.95360668098894907
  0.96141242463045007  0.97085974379288231  0.98287729563325432  1.00000000000000000
 -0.00924644377997565  0.14379732906276460  0.18351126974739942  0.20984548186415761
  0.23134042255163856  0.25004174077900948  0.26679610063539461  0.28195734516402271
  0.29590718732403787  0.30882595380841271  0.32117459578441987  0.33285981605479437
  0.34400770303849182  0.35474404442567126  0.36518358306769738  0.37532151979818706
  0.38521887032121122  0.39496023434608080  0.40444557923748975  0.41365563071999700
  0.42252016889606070  0.43114244447269984  0.43955400024371544  0.44778383113035269
  0.45585839929928873  0.46374662168157632  0.47152259726486567  0.47921467168519294
  0.48678203111263380  0.49426477089826248  0.50162195497027950  0.50877709214318567
  0.51579099175676946  0.52265331323796482  0.52943046712269248  0.53620313023370492
  0.54291783090556089  0.54951885509707643  0.55600337162771019  0.56237915544165784
  0.56863665025077714  0.57483639525781727  0.58102727566103418  0.58715950944373729
  0.59322298417924058  0.59920184757862716  0.60506308257443853  0.61078685730418092
  0.61645094160195923  0.62211069154024268  0.62780538071327596  0.63342741780216760
  0.63910270123117241  0.64472587249563018  0.65027724462484682  0.65578491164592878
  0.66127896095886796  0.66673463779081554  0.67216886043516977  0.67759859718688831
  0.68297236586780075  0.68827675571769387  0.69354048265086832  0.69874318158037385
  0.70411258330935478  0.70943998777367823  0.71479620958203660  0.72007771633073503
  0.72532203925899075  0.73057700155805039  0.73587065291588494  0.74115551308679861
  0.74642456550024094  0.75171799263232897  0.75703082802872035  0.76240680828560414
  0.76790052918371321  0.77352720423166865  0.77915298246483222  0.78483589031066714
  0.79050335405801997  0.79628888886529703  0.80223968886908514  0.80840329150008583
  0.81486950759343046  0.82166298095464663  0.82868088753276248  0.83597492996194167
  0.84391915250122651  0.85214847053193055  0.86139563748823134  0.87178374763268085
  0.88422568084429032  0.90129411672769910  0.93090998689328408  1.00000000000000000
   6.2437413678696076E-012  -1.0000000000000000     
 F F F F F F F F F F F F F F F F F F F F F F F F F F F F F F F F F F F F F F F F F F F F F F F F F F F F F F F F F F F F F F F F F F F F F F F F F F F F F F F F F F F F F F F F F F F F F F F F F F F F F F F F F F F F F F F F F F F F F F F F F F F F F F F F
  <DiscreteSampler_grid>
  grouped_processes
  1 # 1 for a reference and 2 for a running grid.
  10 # Attribute 'min_bin_probing_points' of the grid.
  1 # Attribute 'grid_mode' of the grid. 1=='default',2=='initialization'
  0.0000000000000000 # Attribute 'small_contrib_threshold' of the grid.
  0.5000000000000000 # Attribute 'damping_power' of the grid.
 # binID   n_entries weight   weight_sqr   abs_weight
    13   10   3.940619112604016E+000   3.846155738749785E+001   3.940619112604016E+000
    14   10   3.940619112604016E+000   3.846155738749785E+001   3.940619112604016E+000
    16   10   5.021971096293520E+000   6.404579080359201E+001   5.021971096293520E+000
    17   10   5.021971096293520E+000   6.404579080359204E+001   5.021971096293520E+000
  </DiscreteSampler_grid>
