 -0.00241186060135701  0.00964078942878470  0.01996103142163375  0.03039803141735884
  0.04104672736324719  0.05137626164534430  0.06178350727989854  0.07239401284071688
  0.08316461914428160  0.09356279309982798  0.10373164729978741  0.11409122883021010
  0.12461836895293733  0.13515279151577925  0.14572044527463340  0.15659578740918620
  0.16758671834216557  0.17856209305603651  0.18940928050287154  0.20021003177848989
  0.21095357300370432  0.22165529825225724  0.23219350780294029  0.24263634796036224
  0.25320796354174258  0.26396232353429327  0.27471977135489800  0.28535356411123247
  0.29576042822440474  0.30607378016370451  0.31635950940426061  0.32673721002263706
  0.33729175882191942  0.34802220996796340  0.35875299913050146  0.36939648439895323
  0.37989975648725305  0.39032353002599784  0.40070786631184258  0.41100534390599430
  0.42143500823645103  0.43197213077077329  0.44251398168339634  0.45308883203037986
  0.46368405006683167  0.47434378127405780  0.48494228603982620  0.49539429665572865
  0.50594989926878919  0.51653324765840025  0.52703583472961513  0.53745315220837797
  0.54800141651675216  0.55856907714010240  0.56906193847029030  0.57947334563431274
  0.59006916707247670  0.60069336103469018  0.61109955333512300  0.62153428766423269
  0.63201576536635062  0.64261123942869991  0.65304459278503257  0.66345267395998020
  0.67400112147412639  0.68451792711808401  0.69507996645751113  0.70572528775012011
  0.71633577330031140  0.72697319750808242  0.73752712564330059  0.74832909763018429
  0.75907816624068924  0.76965295774531495  0.78014268001158460  0.79050807422586300
  0.80077936607378264  0.81097199034495415  0.82118971322030621  0.83148218001051577
  0.84195251930051251  0.85237196694762052  0.86317397644427629  0.87394045160944389
  0.88443088805255299  0.89495150929618106  0.90539876187572987  0.91599619769872609
  0.92641109553473810  0.93683628524505269  0.94755747939326662  0.95799955289300653
  0.96845781385641005  0.97909114877436998  0.98960278193828322  1.00000000000000000
 -0.00339635422962340  0.01465631327748102  0.02752326196359941  0.03835054248758232
  0.04894192836300187  0.05923125717220348  0.06958081882034121  0.07979153122137357
  0.09010879196497242  0.10054710301951794  0.11109776082276919  0.12172393945558921
  0.13230405973523374  0.14281920329817102  0.15329069813714929  0.16362443342216298
  0.17403815648565324  0.18445701301791972  0.19492189034917637  0.20555389294815327
  0.21627165001316070  0.22692940299592868  0.23736121353194808  0.24785234446338875
  0.25829437319671189  0.26872187911764733  0.27907626500610844  0.28956636612887288
  0.29997279410902067  0.31015007134614814  0.32030256279906050  0.33058740209208687
  0.34110338121218997  0.35184111653018407  0.36268792784711945  0.37347377967012174
  0.38413592146094866  0.39458693057606675  0.40481670700422651  0.41488488966955306
  0.42520797770611940  0.43572397461495566  0.44634389552410131  0.45679355835718649
  0.46709296244568410  0.47743052030838251  0.48760829559309771  0.49774103949057591
  0.50777558474812123  0.51796315698094464  0.52843153598301862  0.53907920317636981
  0.54968122078069936  0.56012685080957159  0.57054722648332579  0.58093055347201850
  0.59143200839640075  0.60184057255482437  0.61221875119211133  0.62238675786879516
  0.63254980649897097  0.64291156725799159  0.65326091094752781  0.66362802093727680
  0.67387719133950330  0.68409576316759235  0.69428815407883071  0.70456610916368434
  0.71501773391626167  0.72559135801356323  0.73604158816206788  0.74649474387508485
  0.75701695486268095  0.76763807390617134  0.77830075869254789  0.78904008747893628
  0.79987185212357470  0.81088346118015409  0.82173275778895027  0.83253245667567821
  0.84316923614355188  0.85362477552026539  0.86398330881481178  0.87432414858506091
  0.88483426411733324  0.89528959295189536  0.90579243195259185  0.91621403436400328
  0.92652222207436707  0.93680203374831927  0.94722540904576780  0.95791652809410743
  0.96855132922096221  0.97906126923357961  0.98957680643249757  1.00000000000000000
 -0.00216876723236303  0.00803480411907597  0.01709878341968166  0.02632725971655958
  0.03584626682266788  0.04548568503346589  0.05502136900173899  0.06471629220640429
  0.07462523261086138  0.08495496955194429  0.09541028430679269  0.10594863404106009
  0.11654672755800848  0.12724432821528361  0.13809980701299296  0.14898707510452752
  0.15984405380014396  0.17080954772781168  0.18179071452510934  0.19290341189444232
  0.20410296178559445  0.21568343039089496  0.22747115955667266  0.23932783434222346
  0.25111538543617290  0.26291008994672471  0.27491872150178537  0.28710994970060649
  0.29952678777946556  0.31194436547901477  0.32473430542846732  0.33733263914455625
  0.35001116550576739  0.36252699398999555  0.37520377562118346  0.38785810559605877
  0.40068371177917839  0.41349887771668425  0.42624930026348595  0.43883763248173852
  0.45133958387978990  0.46375485996124305  0.47614443688116526  0.48861971474131233
  0.50112046961715817  0.51338542304972334  0.52549937426120930  0.53783869630071302
  0.55010055381016787  0.56215945249241095  0.57405663526929351  0.58572105692096910
  0.59738003293960906  0.60897207775382467  0.62070995601895940  0.63231899751678988
  0.64388085868188183  0.65511566841338387  0.66615973882632995  0.67705193935530938
  0.68798140685653664  0.69880688879752628  0.70922508379663363  0.71955314671936921
  0.72979127816306932  0.73999211730572634  0.75002237296478569  0.76011121994063824
  0.77015335814631336  0.77998971661814609  0.78958129853955850  0.79901323964497717
  0.80841297957014358  0.81757940967258391  0.82677358233030640  0.83587041856832689
  0.84491328341119931  0.85384218112023247  0.86251580386569238  0.87124073952070791
  0.87997539765867849  0.88865748404462797  0.89718684564582840  0.90547435504839358
  0.91360357085684085  0.92169693275193476  0.92987910314974542  0.93812333916032031
  0.94630057962797964  0.95434071465613268  0.96215604323480131  0.96986056203591486
  0.97757050838795478  0.98517831315366411  0.99257913241671525  1.00000000000000000
 -0.00257513572062682  0.00942901490950205  0.01972722130191979  0.03033392794693745
  0.04098082260504787  0.05168715396595334  0.06236906716552013  0.07265637353779027
  0.08282374511976502  0.09291035584058044  0.10321581638250367  0.11394625542286863
  0.12476024399978530  0.13553432492711767  0.14602608354704541  0.15646636392699606
  0.16690994685142388  0.17734443157392055  0.18797830086076342  0.19852383184995753
  0.20898118891181366  0.21938356880583237  0.22989049427636662  0.24028725859213845
  0.25070142130932149  0.26106725310591877  0.27133219432215117  0.28173163201373114
  0.29220611298011706  0.30285880988158720  0.31360836583696344  0.32442342642746252
  0.33524251151233642  0.34580483523937416  0.35632797845640102  0.36690003021798567
  0.37744592128241639  0.38771818826253740  0.39825789873661532  0.40880530416971977
  0.41953143662335107  0.43022810952836982  0.44104411569990731  0.45182188009700114
  0.46249992252391253  0.47323975358796100  0.48392198809436671  0.49443308040152179
  0.50472465146517131  0.51511988165933009  0.52554316143351765  0.53590329891404320
  0.54630364596636416  0.55664923513447595  0.56699628314601369  0.57734342228789670
  0.58784505378025032  0.59868810376250203  0.60924202329511412  0.61982683017851081
  0.63011956282179959  0.64063833704437112  0.65101785577063831  0.66151600533225030
  0.67212304711828286  0.68276576289994739  0.69339983618500689  0.70406990572868888
  0.71461419268848114  0.72508814706950953  0.73539094295406859  0.74578216817011844
  0.75633675024545577  0.76702478825743636  0.77777856301804238  0.78856247593425155
  0.79928719371294255  0.80996947473026337  0.82057133760244116  0.83104806495717998
  0.84176005413680555  0.85252388049136441  0.86344930225948047  0.87430946183532132
  0.88505791182112248  0.89588046499947638  0.90644304071651050  0.91683588017121531
  0.92717743424633281  0.93754973590410906  0.94790792844904259  0.95819946135905465
  0.96845966542734108  0.97894212506562239  0.98943187513515696  1.00000000000000000
 -0.00255970512111036  0.00993439780644435  0.02038582297813498  0.03068759279415527
  0.04097620887290303  0.05133548519615249  0.06193520280635943  0.07246558363161228
  0.08285045849749198  0.09349470700166296  0.10417803149516035  0.11499239798729380
  0.12563463779263767  0.13623012195740586  0.14678974352460675  0.15732996705949590
  0.16777502330004235  0.17821067536614874  0.18898660820080726  0.19985854360880836
  0.21051754197415154  0.22095176236536532  0.23125616297249452  0.24165092125027618
  0.25201055808217043  0.26265949539707240  0.27336668160619160  0.28390240858589527
  0.29441763856035574  0.30499607113209548  0.31552463940603659  0.32595427671584160
  0.33654504778982053  0.34752267447441848  0.35832205823532659  0.36865354484109814
  0.37905177820957031  0.38952849410304685  0.39984572426479115  0.40991824486472567
  0.41986259901436407  0.43011204567763955  0.44043487894004080  0.45091443076121301
  0.46142292181345040  0.47194221872986886  0.48252367210921987  0.49305357590596166
  0.50329783642091330  0.51346710122322592  0.52372996062350641  0.53419967682237390
  0.54477816731702988  0.55533919531230425  0.56588884409009776  0.57626624529933879
  0.58662720554993109  0.59718956568231729  0.60790542448230112  0.61853887236203653
  0.62905732612118981  0.63951769337290787  0.64997562199352099  0.66038138910972288
  0.67079135599400885  0.68131986577748804  0.69199124699172665  0.70270438674280766
  0.71367868619959240  0.72438895658383817  0.73525724074548682  0.74595151208099020
  0.75646777871353077  0.76674478466257867  0.77684394432722803  0.78720835617828333
  0.79773949561482882  0.80819859608415712  0.81880439418211481  0.82950186861563424
  0.84021565393610542  0.85090824381762009  0.86148294820047111  0.87214144445765174
  0.88248024593787355  0.89286747641547370  0.90358854313229697  0.91430610251271816
  0.92506208737429718  0.93555663293835745  0.94617635943205547  0.95684257680559548
  0.96759254068809164  0.97843566306947649  0.98921819334676975  1.00000000000000000
 -0.00239341960839584  0.00985467606653121  0.01981213851362029  0.03001098876780960
  0.04022544866652981  0.05065096026172792  0.06102948279153037  0.07126420490007850
  0.08165258273842026  0.09203321993315466  0.10257437563851732  0.11319900282774772
  0.12400582722504405  0.13483996354610681  0.14563204233269178  0.15628313380752654
  0.16687428295212706  0.17724157881611466  0.18774891116442571  0.19833689472312924
  0.20875123393965286  0.21916392450968539  0.22953071589019480  0.23991185652395747
  0.25017368507860749  0.26014998006654028  0.27021534829060850  0.28041545564937248
  0.29070959065336882  0.30108522132988286  0.31152805403727868  0.32218244631231652
  0.33279088245343336  0.34316058427923324  0.35339037777891369  0.36372912407362251
  0.37416783191092229  0.38471516381478366  0.39521362176541269  0.40571297464334144
  0.41625401024843961  0.42714634706269439  0.43812635878831580  0.44893335366305998
  0.45968795666286810  0.47043234966404057  0.48123812487660950  0.49166428015058239
  0.50207664026628629  0.51243143123427237  0.52273044165964067  0.53301201229515283
  0.54331486202046375  0.55364324167457801  0.56396750309626220  0.57422217168951195
  0.58462782960249005  0.59491597485774739  0.60518821787564547  0.61548611458736990
  0.62602682173453650  0.63690093123843727  0.64769419098342607  0.65841280226384191
  0.66901527665109528  0.67962221597259898  0.69033954794522323  0.70105503584375839
  0.71180536730230015  0.72249118966616732  0.73334745495597309  0.74459563705251897
  0.75589144150207854  0.76692777959229941  0.77783698383188493  0.78860610403678355
  0.79925368561818211  0.80984403369832547  0.82055729102743113  0.83134404687945618
  0.84196161601260033  0.85256269052806999  0.86331718537270807  0.87410251887268464
  0.88491250464639726  0.89544668023366658  0.90605798801997617  0.91655012947698200
  0.92705848740848529  0.93749148742756350  0.94779859784930220  0.95797287362454520
  0.96848351810406508  0.97896890816865334  0.98953057023157287  1.00000000000000000
 -0.00250315991903582  0.01136382386959961  0.02308189305854911  0.03532756841206351
  0.04719372464083259  0.05880313404116547  0.07028635793458354  0.08168738477754792
  0.09277540860103564  0.10368017394465459  0.11453651185442619  0.12542178056907266
  0.13623582310391799  0.14689525383682134  0.15746619806405152  0.16798421530455193
  0.17849195813623728  0.18894006635441693  0.19932188664573913  0.20969535652255231
  0.22013681759087314  0.23055221363230166  0.24077097780335971  0.25082816961075366
  0.26080057105679599  0.27069265613304300  0.28044002909176663  0.29009070948204901
  0.29975954279394518  0.30946061937676228  0.31910785647121948  0.32862762003568285
  0.33803728754525159  0.34737102996967162  0.35664803895561842  0.36589025180084378
  0.37506603416649903  0.38411189506196747  0.39314009173354164  0.40218713608117290
  0.41128146467426280  0.42043768614390542  0.42962776625143406  0.43879069162390555
  0.44803309299640559  0.45738624181796567  0.46679546288962942  0.47616108039755550
  0.48542646466518452  0.49482368870760751  0.50408818381601839  0.51325166610837136
  0.52232099094588091  0.53156532594964123  0.54093852018332866  0.55038895133917398
  0.55983152194672914  0.56924284820041438  0.57876563487443666  0.58831899234104401
  0.59796643297299368  0.60764377871972552  0.61719029628720157  0.62676527888650246
  0.63628894993902974  0.64600038909649027  0.65588445497093251  0.66593431322182484
  0.67605502113918259  0.68635024894471475  0.69687026032023969  0.70733952575430992
  0.71762900172360533  0.72794313450233450  0.73842202212289265  0.74907299200818389
  0.75969820802000110  0.77020065742527999  0.78080377298159653  0.79150060641590725
  0.80267823008515227  0.81396662838457023  0.82551121693850260  0.83723171709554245
  0.84917644032795137  0.86134043820602213  0.87370388866676785  0.88619303002119421
  0.89900708792265693  0.91253880720021541  0.92638280447428056  0.94082742825256271
  0.95557204496896764  0.97034927441215690  0.98513196704157768  1.00000000000000000
 -0.00232654173830800  0.00962184817507444  0.02006315370036909  0.03120617876181252
  0.04240788773646494  0.05366051230555351  0.06480399776772258  0.07619659256188592
  0.08719617284767202  0.09793753771502596  0.10854924055806625  0.11893261663413839
  0.12945840811139864  0.13978684046044146  0.15028456546303701  0.16090137731253362
  0.17148024961561359  0.18196795236063576  0.19228186544773071  0.20274464533655132
  0.21332631139156161  0.22381618260749900  0.23410310049737479  0.24414238293738666
  0.25409229102897202  0.26394156390302848  0.27382818334250614  0.28385764241388961
  0.29403895730989937  0.30464665869828844  0.31512657579396219  0.32587614709241364
  0.33673559556950067  0.34775037047510798  0.35861129550401827  0.36927632474198269
  0.37972431809913987  0.39029078678231444  0.40071410611145031  0.41146927506478498
  0.42212146411573309  0.43295954364213252  0.44337636401415637  0.45360750079579137
  0.46391570197724374  0.47419330895342732  0.48448448747210260  0.49464377235591905
  0.50491705004073151  0.51530262176382979  0.52577289124019300  0.53632823455909240
  0.54706466720183755  0.55765084096790096  0.56814247256092154  0.57856645277170637
  0.58898058863584135  0.59943057824851254  0.61006780956450590  0.62064318622573822
  0.63091092983529862  0.64105327027765158  0.65113532480480596  0.66173865226045581
  0.67219159445739884  0.68306968150387026  0.69389072022136455  0.70495175991712933
  0.71585162446375350  0.72662941437670892  0.73698368844047213  0.74720316010789078
  0.75768090634169372  0.76823815083245317  0.77881077699841972  0.78942778285966153
  0.80031281094292961  0.81110617341056557  0.82158516374412549  0.83189825142113560
  0.84264903555041393  0.85339685456998671  0.86437984894362052  0.87524200580887745
  0.88602638322220573  0.89646628957750307  0.90679356876058859  0.91710214357926345
  0.92738547247126113  0.93745029573264549  0.94758526349602024  0.95779846852047856
  0.96839456001400381  0.97896705626630454  0.98950525157176494  1.00000000000000000
  0.16392621579373570  0.53188985247784171  0.54047875869720552  0.54803613851536725
  0.56510657573343404  0.59125052595500560  0.60723174843964522  0.62531840470700528
  0.63714236545297720  0.64512197731316712  0.65091034636417200  0.65583896394879404
  0.66046990573963349  0.66494266779368938  0.66906006215472169  0.67289845445156116
  0.67667715133430706  0.68036519610562673  0.68399393221210325  0.68754519089031207
  0.69094404778870999  0.69427261331285617  0.69754640827875758  0.70081203503813494
  0.70407105551882287  0.70732573546052679  0.71054238895655009  0.71370723707236972
  0.71682812153120867  0.71991404254600133  0.72298119044741327  0.72603828048821739
  0.72911823000856935  0.73222724957278384  0.73534409431445691  0.73847259892707651
  0.74159825427625881  0.74469318529464590  0.74777475533475313  0.75085071027769412
  0.75392177651808323  0.75699251274197066  0.76007099599239647  0.76313218323111132
  0.76619677409011411  0.76927980882530422  0.77237306768185410  0.77547803941203608
  0.77859490901495365  0.78172513518885400  0.78488025066122258  0.78805096085506099
  0.79123578996897947  0.79443432210589038  0.79764106986656613  0.80086623368188459
  0.80408533936373205  0.80733395449112477  0.81057795113133313  0.81387990508842423
  0.81722284769877729  0.82057246820988494  0.82394227832975664  0.82734063884891540
  0.83078041037013362  0.83429936247740100  0.83789142482435774  0.84150935765599821
  0.84514786577254231  0.84883974109020122  0.85262365883625757  0.85647808189078967
  0.86041398551029391  0.86428187918582011  0.86819265814007374  0.87215000842276325
  0.87613821986029805  0.88045066649956327  0.88471066116310892  0.88903930197408276
  0.89341387755305424  0.89792925579498872  0.90265713434743322  0.90748318853125276
  0.91233513510001008  0.91740474232502456  0.92274659386777735  0.92827506329618237
  0.93398711844099502  0.94007510171201336  0.94668514825699523  0.95376062894250857
  0.96181752625870853  0.97108624268623445  0.98285573336167475  1.00000000000000000
 -0.01202813883181498  0.13688137795317551  0.18048603134935867  0.20844499051505033
  0.23106067172657427  0.25031617889981889  0.26688049140109865  0.28232229396610498
  0.29671323748317319  0.31023200431852943  0.32294802554288249  0.33498361627839479
  0.34644272285353522  0.35739633556121514  0.36786444453851719  0.37786067177698163
  0.38742625815926546  0.39685890324296469  0.40600173284992830  0.41497736952455722
  0.42366164840792747  0.43222003568870132  0.44059905351803308  0.44879224968410264
  0.45687226430174438  0.46471816460840604  0.47251245919893348  0.48016909787424400
  0.48759010932924129  0.49484057560307332  0.50192618552800661  0.50893836973841433
  0.51589477581325416  0.52276047056294395  0.52952480254913492  0.53621413739691126
  0.54286994370760366  0.54946251009733893  0.55598733432562231  0.56244124615784385
  0.56870924465254469  0.57495072205160547  0.58110424512098779  0.58715757984363326
  0.59316191641588145  0.59913159319567333  0.60509832807790997  0.61088739369612344
  0.61667031995414501  0.62240727719442213  0.62811624900203966  0.63378567122004104
  0.63939826271942724  0.64495957262902304  0.65046066695902016  0.65591335003621531
  0.66138804505375548  0.66690219416943475  0.67237184089772295  0.67780275236233645
  0.68319095804134444  0.68849663332698674  0.69371784787625457  0.69889512888220962
  0.70410445510200392  0.70932620074509289  0.71449645178561150  0.71960988644441615
  0.72466836644704224  0.72974005480039550  0.73483134241182668  0.73993027607131179
  0.74502529842671195  0.75022319895517453  0.75557683744107762  0.76100924071104747
  0.76648244330256921  0.77200283061607644  0.77762359718898777  0.78333800135778542
  0.78905646756906700  0.79505569870867698  0.80115733478608930  0.80738126623764706
  0.81367223648813691  0.82036146927642650  0.82734471664550591  0.83497320319711954
  0.84347686498565821  0.85239232706815182  0.86244565340751833  0.87345091010716314
  0.88765296708671593  0.90497423724657278  0.93149771797806569  1.00000000000000000
   6.2559666527951379E-012  -1.0000000000000000     
 F F F F F F F F F F F F F F F F F F F F F F F F F F F F F F F F F F F F F F F F F F F F F F F F F F F F F F F F F F F F F F F F F F F F F F F F F F F F F F F F F F F F F F F F F F F F F F F F F F F F F F F F F F F F F F F F F F F F F F F F F F F F F F F F
  <DiscreteSampler_grid>
  grouped_processes
  1 # 1 for a reference and 2 for a running grid.
  10 # Attribute 'min_bin_probing_points' of the grid.
  1 # Attribute 'grid_mode' of the grid. 1=='default',2=='initialization'
  0.0000000000000000 # Attribute 'small_contrib_threshold' of the grid.
  0.5000000000000000 # Attribute 'damping_power' of the grid.
 # binID   n_entries weight   weight_sqr   abs_weight
    13   10   5.993033755442404E+000   9.258990612522712E+001   5.993033755442404E+000
    14   10   5.993033755442403E+000   9.258990612522709E+001   5.993033755442403E+000
    16   10   7.598910892982454E+000   1.484338618584106E+002   7.598910892982454E+000
    17   10   7.598910892982454E+000   1.484338618584106E+002   7.598910892982454E+000
  </DiscreteSampler_grid>
