  0.00007153178166638  0.00007180721512214  0.00007216707636624  0.00007260874702562
  0.00007302810801191  0.00007339717318558  0.00007368493083603  0.00007401130786561
  0.00007440813535837  0.00007488435068911  0.00007525109809396  0.00007558727006832
  0.00007590107463963  0.00007623713983090  0.00007661201942354  0.00007715269685422
  0.00007761542518499  0.00007809398469080  0.00007858261854093  0.00007916764901041
  0.00007987359436579  0.00008054906500825  0.00008117048534498  0.00008190416622182
  0.00008273298059689  0.00008363461963816  0.00008453002803192  0.00008542168106861
  0.00008630589807179  0.00008721121173426  0.00008823856330115  0.00008927239262077
  0.00008996728438126  0.00009049610438225  0.00009089225128409  0.00009135927471648
  0.00009191890433719  0.00009219789723175  0.00009235847789657  0.00009245771986759
  0.00009251609434584  0.00009253954590819  0.00009255680770904  0.00009256638654855
  0.00009257492205300  0.00009258345755745  0.00009259190674324  0.00009260031994923
  0.00009260873315522  0.00009261765375653  0.00009262700794176  0.00009263636212700
  0.00009266120138998  0.00009270048871338  0.00009277484257160  0.00009289002079238
  0.00009308990423834  0.00009354632152543  0.00009410885074561  0.00009479599951878
  0.00009536457956309  0.00009565943369533  0.00009617949385765  0.00009691591190595
  0.00009782151865474  0.00009884964348002  0.00010028484288670  0.00010196606904650
  0.00010369508451998  0.00010568956866556  0.00010812661910267  0.00011094009524760
  0.00011351658573363  0.00011558225043122  0.00011831502961411  0.00012133127985643
  0.00012463530460361  0.00012857765427952  0.00013336855993357  0.00013767761465705
  0.00014200255073267  0.00014724949701416  0.00015248131098744  0.00015824143455638
  0.00016627551773156  0.00017527455756979  0.00018505105126163  0.00019803407786146
  0.00021472092364614  0.00023141533694171  0.00024744897433892  0.00027336740867527
  0.00034196392801667  0.00053292013762704  0.14698697603518046  1.00000000000000000
  0.00008207195695399  0.00008605951617031  0.00008989441532502  0.00009429103070608
  0.00009822060718292  0.00010122054361817  0.00010432155535826  0.00010730547986834
  0.00011030929828431  0.00011248958965571  0.00011298344472047  0.00011355349572888
  0.00011421284231331  0.00011446198907972  0.00011467233305192  0.00011553674387433
  0.00011695537860798  0.00011808727018549  0.00011911422499703  0.00012012261017936
  0.00012135773513666  0.00012305182178445  0.00012472738870096  0.00012647256888739
  0.00012909927855429  0.00013281157852732  0.00013734814973081  0.00014189576672172
  0.00014640677518162  0.00015113353289483  0.00015319891433351  0.00015494756598172
  0.00015661235010859  0.00015819400138342  0.00015974054560147  0.00016107533735379
  0.00016241012910612  0.00016476712537168  0.00016750271996422  0.00017053183096446
  0.00017400087785561  0.00017757699722400  0.00018129942546216  0.00018534774379442
  0.00018990945306499  0.00019535252077123  0.00020203753759505  0.00020861896911897
  0.00021533872327824  0.00022057353157371  0.00022623385234563  0.00023207669878777
  0.00023869605678385  0.00024701603542301  0.00025648188317767  0.00026504192523482
  0.00027251011840704  0.00027972356228321  0.00028783620447735  0.00029703266535181
  0.00030680048016760  0.00031589900052286  0.00032459782958166  0.00033376388397574
  0.00034777427264719  0.00036066490067335  0.00037247687165955  0.00038544131085537
  0.00040254412100439  0.00042252446399985  0.00044701028002021  0.00047613940967905
  0.00050571178550066  0.00053874286158885  0.00057680412816964  0.00062140010634994
  0.00067279309775175  0.00073808071572579  0.00082232444853082  0.00089823373016588
  0.00095485460521693  0.00099741700678512  0.00102408189415234  0.00105310371606393
  0.00108357767068045  0.00113264150918260  0.00119165897375892  0.00132603197324278
  0.00160321533568347  0.00198864661787141  0.00238291335156302  0.00265536386232605
  0.00306830611917509  0.00451928499078927  0.26556775788800907  1.00000000000000000
 -0.00247320136467954  0.01179367710246491  0.02217271916284876  0.03182910765724738
  0.04182190943896446  0.05311554550959278  0.06513181546179503  0.07614400825582744
  0.08739496847424472  0.10004984322587254  0.11721702861492646  0.13511626095264023
  0.15281487287093404  0.17124153766289282  0.18492145153283329  0.19575142120573008
  0.20229463933245620  0.20777375845032797  0.21466075903024498  0.22280927903322681
  0.23132506464977320  0.24125204383938115  0.25117902302898909  0.26646274142893389
  0.28123256772916894  0.29584606849031736  0.31115884148519302  0.32417372241492132
  0.33232605478361843  0.33761760985293177  0.34249000995258810  0.34765454964433168
  0.35333880134831508  0.36025543332182147  0.36771153430074577  0.37538173881924242
  0.38422693228817739  0.39382533395592784  0.40305067077051165  0.41218020602522559
  0.42163665428976865  0.43181234756788506  0.44138653034187025  0.44826167693140939
  0.45435665465944147  0.46036213677531024  0.46655650276788768  0.47363908257157022
  0.48039499125732388  0.48803147292612958  0.49692517802188607  0.50933722639353685
  0.51682824647115844  0.52407704552831436  0.53084871010920476  0.53743133327360348
  0.54341497240750669  0.55205776907088255  0.56539948678160712  0.57827322674399639
  0.58996517613053923  0.60077923756120732  0.60994233128624398  0.61825623620393244
  0.62704743611004254  0.63423609254010749  0.64369296631623363  0.65386470951113940
  0.66567223335336312  0.67755022388528696  0.68765123512657300  0.69723212983976202
  0.70988934114652846  0.72697103832985022  0.74480927676945441  0.75872257220358708
  0.77202903632364772  0.78750689429800813  0.79987933121840971  0.81076860652853688
  0.82165515569105441  0.83947523324580131  0.85784418701911125  0.86716949637798468
  0.87239724646199424  0.88054172167216449  0.88936037260174616  0.89841066707612716
  0.90990588903883585  0.92233874705909680  0.94176098188903967  0.95943740749168571
  0.96678707166498046  0.97424344554017972  0.98293068285149354  1.00000000000000000
 -0.00433481773351002  0.01748939728479751  0.02849356622357055  0.04111354300706788
  0.05330234381804033  0.06598669291409021  0.07401491088566900  0.07817044344723843
  0.08238401150062288  0.08665983960060757  0.09020445995400789  0.09421874193512125
  0.10012503718233950  0.10782792000878513  0.12369985407999892  0.14699835998932706
  0.17276941137661700  0.19658284309529783  0.21555429321491354  0.22999566466742793
  0.23611421199305602  0.24166566025514946  0.24734044536176264  0.25477173276149040
  0.26395627012464007  0.27356065173247235  0.28328714247756204  0.29447191836551634
  0.30622511029175065  0.31636444107106726  0.32523054790712824  0.33354945242165174
  0.34253865966279451  0.35268090082592318  0.36344664918267178  0.37748619484649493
  0.39470448922546680  0.41275482087474602  0.42666239722184895  0.43966486492471335
  0.45263920596858159  0.46677743507574548  0.48124588030635623  0.49022409324457938
  0.49586357501604911  0.50216125458848837  0.50768307265074653  0.51313112626319735
  0.51847475631134465  0.52545475164297539  0.53516171188684503  0.54728601939242227
  0.55697599222665239  0.57159804603022779  0.58518467184003864  0.59786377842717986
  0.60824621201989804  0.61622897889479122  0.62264079542679318  0.62893228678661750
  0.63547907312327323  0.64224548908405255  0.65159961418516277  0.66257010491178470
  0.67392963941674600  0.68697301077643136  0.69902966776446107  0.70922919722502697
  0.71770466217695283  0.72195083850711528  0.72534093239528563  0.72951362211079873
  0.73415693616646904  0.73972640854905536  0.74667772994966664  0.75380850081333850
  0.76178004591702775  0.76969689090298532  0.77728557267991405  0.78507696324456966
  0.79449673082291550  0.80454351598026652  0.82155152973378975  0.83244356893786142
  0.84126027088428912  0.84881500000783072  0.85565501888344542  0.86320421512609458
  0.87102275767683679  0.87952123485038836  0.89122037498129680  0.91044447377239757
  0.93442127329501889  0.95798169732013061  0.97971014771553766  1.00000000000000000
 -0.00359973552960987  0.01415350854697601  0.02878749296479409  0.04103630948663786
  0.05146261639691650  0.06132079975981942  0.07144472732435996  0.08064712087731660
  0.08734371693414893  0.09370028416612516  0.10185750318227375  0.11036034213709496
  0.11869730853992003  0.12675654166852376  0.13432445162287387  0.14180927732092455
  0.14979532977581031  0.15976079081881198  0.17041358094425091  0.18054159172941164
  0.19117720246722547  0.19987355241165558  0.20886397669955989  0.21823667795103424
  0.22649644441020750  0.23595195479872058  0.24680890337763242  0.25785310161966202
  0.26987042956219753  0.28328606310902776  0.29926615594150685  0.31709172453481183
  0.33503615608505122  0.34991457288509237  0.36361569981068192  0.37763933164646718
  0.38902989399554205  0.39621151088577311  0.40345102516256165  0.41080460421129744
  0.41775779885248765  0.42376607202275890  0.42994078132744545  0.43627344355908132
  0.44237726845729974  0.44934870977306052  0.45564092458097727  0.46148047903536377
  0.46818714163268299  0.47546297298518064  0.48313130759854050  0.49379471610580900
  0.50459991641938495  0.51507407353326062  0.52655324607923615  0.53808667864283366
  0.55290131522719466  0.57022112710948525  0.58690339438011485  0.60531608842000373
  0.61984016387425744  0.63481365049015892  0.65072686803965829  0.66950621484624406
  0.68963418009077126  0.70937739940483069  0.72539186733305594  0.74086713866847098
  0.75703128325793345  0.77398483582924993  0.79128576421684671  0.80407671640166611
  0.81707505932291236  0.83226845464652832  0.84756549831352235  0.86310612468937375
  0.87807934259110199  0.88944711827576561  0.89797650609650292  0.90573085685392052
  0.91389413033468569  0.91785124331952217  0.92168864403944439  0.92482458689594527
  0.92796080300103723  0.93109824215843329  0.93565953996354267  0.94515571346475025
  0.95300692052371272  0.96005404199144162  0.96732851835423850  0.97206260132922018
  0.97662922502245608  0.98218604005631993  0.99110745033176650  1.00000000000000000
 -0.00508072887404535  0.01537897152061848  0.02844046229305366  0.04044130784195595
  0.05374085296610762  0.06506267292367114  0.07304893198401481  0.08217728725907081
  0.09303731332887936  0.10582262136390203  0.11666313794940190  0.12824344691655248
  0.14107957520081973  0.15470615307617477  0.17043682006923330  0.18902118916261018
  0.20771471985767670  0.22300250210689726  0.23273332507832092  0.24113146797702048
  0.24768316827436648  0.25431587374231912  0.26142090979969473  0.26946963294572124
  0.27824312446496929  0.28774393381310159  0.30051143830104787  0.31425150954340320
  0.32858056338645947  0.34134681717547866  0.35526707404394164  0.36912521411206944
  0.38266800022426517  0.39817021429550625  0.41279103642269016  0.42608189225271814
  0.43443444326570996  0.44092305150105127  0.44867541446673165  0.45725403885251131
  0.46877950414420932  0.48482155233471524  0.50412127400466811  0.51740844424559629
  0.52905035760823094  0.53985972609558308  0.55136297117070221  0.56350926211302210
  0.57623526264635783  0.58990361686641657  0.60124945660576301  0.61160056074464852
  0.62094771540681259  0.62973500419315753  0.63963123564758306  0.65511138220137699
  0.67062756461400663  0.68473623314114285  0.70191449593193500  0.71607350534041425
  0.72704227982385283  0.73285492583026679  0.73719400528709256  0.74174314797698460
  0.74635671615083565  0.75039094246981908  0.75346895362243915  0.75713479497733716
  0.76215182103179480  0.76782456600810345  0.77410047905471147  0.78116905173854545
  0.78786189111859295  0.79343735115015934  0.79963995404191079  0.81242831157275264
  0.82509680337071389  0.83798256793331671  0.85557345663045525  0.86899746702218694
  0.88031597372096404  0.89125931026617577  0.90245871209024930  0.91335294020728752
  0.92449338709238560  0.93508407673999039  0.94466376675360242  0.95574246651464656
  0.97065484650133138  0.97588675104510192  0.98023213000918885  0.98461385929779277
  0.98682325442143926  0.98884592306571073  0.99442296153285537  1.00000000000000000
 -0.00286551534746864  0.03304109372762577  0.07160369621765310  0.10647336910754693
  0.13322305676800122  0.15038277318568927  0.15856111943887632  0.16712497630192674
  0.17612500394711669  0.18500537423782082  0.19378917684006600  0.20833303541874404
  0.23109100456710330  0.25446544392807652  0.26928047545502137  0.28109016066416753
  0.29398824817583080  0.30850443126552302  0.32933052849866107  0.34790765190044071
  0.35970667352728442  0.36871700884120023  0.37685246865328897  0.38603126447052372
  0.39784383063638679  0.40973519071246206  0.41990113874095442  0.42866985777323324
  0.43661774769632578  0.44381060338591172  0.45033932330940818  0.45691095309893431
  0.46288161815065038  0.46567908405779063  0.46847677900860996  0.47142466112469855
  0.47437254324078715  0.47790647316424906  0.48150686633692530  0.48940173012970628
  0.49838271851764032  0.50699436768600870  0.51497808431109970  0.52258557931152461
  0.53012954688519998  0.53745496854692487  0.54307756231529203  0.54864481001706367
  0.55287945758209922  0.55657514448085110  0.56063915150283761  0.56517738435756926
  0.57315894156234448  0.58330359443298496  0.59007910318728141  0.59419796256225277
  0.59900323919873411  0.60419315269502638  0.60965932844787984  0.61582547048572012
  0.62235729027709530  0.62905737200279377  0.63407340336295026  0.63780728533616815
  0.64117651623173555  0.64432726684832475  0.64830226593824691  0.65232451487255994
  0.65877513059356863  0.66826625142623242  0.67735419944931541  0.68563693036215267
  0.69539109784016573  0.70641754941659818  0.71788870566194618  0.72884731800974201
  0.73909192157726900  0.74898169518361191  0.75798141507734540  0.76798746053692535
  0.78007684170470482  0.79121396321175996  0.79938939493004646  0.80698648382781268
  0.81649427095904425  0.82806600552450260  0.84032296998925660  0.85346203995648706
  0.86437978529936754  0.87301003627803031  0.88189612222676972  0.89011601077658742
  0.90107311081029295  0.91780794110005826  0.94908127945983367  1.00000000000000000
 -0.00243637990630152  0.01232311702933185  0.02401731685441808  0.03381485646627817
  0.04285721809120614  0.05062501369173128  0.05902430299089691  0.06877276642594621
  0.07775620424174168  0.08250544768674489  0.08732517263734921  0.09306492257285702
  0.09880467250836485  0.10498254006746416  0.11121997370650687  0.12229338904407501
  0.13352307129932506  0.14008778946938327  0.14595661772034438  0.15122821412114745
  0.15533355647117983  0.15978330493225382  0.16454240703655251  0.16991618894785449
  0.17618362429506620  0.18247477816738542  0.19297108213988959  0.20750412896187664
  0.22348580400711873  0.24205213320034602  0.25979893568126838  0.27324315297637247
  0.28519689892472633  0.29552351258481230  0.30757826723152254  0.31745305804001156
  0.32684505664436003  0.33909737787433653  0.35182506856732004  0.36487454703643896
  0.37624236063884625  0.38937139298757684  0.39929912743205714  0.40856126315841679
  0.41972962032274441  0.43101942954631023  0.44255368474757134  0.45462930342627395
  0.46959832708475896  0.48071149227211468  0.49206239197352675  0.50291410958790372
  0.51224511103224879  0.52125199713745662  0.52901659989718830  0.53611623747508141
  0.54406063008891836  0.55355226487711917  0.56380683821005495  0.57610040299891729
  0.58974100828442988  0.60163338356740326  0.61114370402939033  0.61914411236210876
  0.62756900727545561  0.63470324566011826  0.64497005391915618  0.65601132558362318
  0.66770238247668789  0.67989059928417228  0.69421527310889330  0.71126277750551459
  0.72902813304151770  0.74480782707032966  0.75859644862764042  0.77165106867654354
  0.78595281357263658  0.80292457252942473  0.82143416123505386  0.83456051005664400
  0.84663171983203622  0.85827737459998010  0.87011812767392360  0.88250444807949513
  0.89611229233967715  0.91405269060934280  0.92746033303018816  0.93521485919464742
  0.94256812243292099  0.94886833830883111  0.95534024434808917  0.96027965898497591
  0.96487409666166157  0.97084636311169026  0.98435659916545715  1.00000000000000000
 -0.05695354728621756  0.63025311986340105  0.65958617316631840  0.68226050643253056
  0.68932396354423853  0.69286945520972865  0.69639787882177606  0.69969401621410432
  0.70299015360643247  0.70666773209488420  0.71099020539213342  0.71531267868938275
  0.72726422161251325  0.74431073371913203  0.75198931626722942  0.75913682412489603
  0.76538574548625116  0.77133667827178143  0.77766431704772054  0.79308192839943259
  0.80407436865667004  0.81427370896630646  0.82390095948412967  0.83443448448795021
  0.84683489133000678  0.85913580941747925  0.86828565236434718  0.87723695612737551
  0.88473300144124778  0.89000249880531468  0.89402325469542088  0.89698392642696689
  0.89898095082920704  0.90153923633687783  0.90343692468021242  0.90506086842612365
  0.90663306274479716  0.90906765089504549  0.91074758505416120  0.91133492430568153
  0.91228773854954726  0.91431431024469789  0.91640945480026004  0.91821074036635608
  0.92017964539439334  0.92393081031959201  0.92785990912363658  0.93089612344612793
  0.93331636094692549  0.93558010810076397  0.93802061170119733  0.94013176093667272
  0.94241821783050317  0.94450686430474029  0.94656925188950147  0.94872197785822743
  0.95072135666794588  0.95267565792302922  0.95461291231766177  0.95659382398852355
  0.95841794154353976  0.95987012918890791  0.96113859610008445  0.96242565537910840
  0.96376971934644484  0.96530786167338423  0.96715152715776587  0.96882935543676696
  0.97037716012267250  0.97187589294574483  0.97335630888065294  0.97470829265713388
  0.97603155883590287  0.97725848697926954  0.97839912404914908  0.97962225499974753
  0.98091095850121923  0.98213286644704612  0.98315327137933972  0.98395548644862096
  0.98473093607483331  0.98562500482507542  0.98659289054246702  0.98765946620326828
  0.98868346754402880  0.98960501740239293  0.99049554884763114  0.99138201323789088
  0.99228624619328198  0.99327194151347498  0.99429853488094888  0.99523640282543080
  0.99637858328465378  0.99764902315130577  0.99882837032570893  1.00000000000000000
 -0.01962292965870167  0.16163160588035150  0.22433307618254786  0.26228243862507294
  0.28400212590063079  0.29868254470426392  0.31261497997913085  0.32927886833325098
  0.34803684286043385  0.36680350301115733  0.38477390641580100  0.40116945879220395
  0.41506617151452840  0.42753410256943386  0.43906272516550177  0.45232835364560808
  0.46512681796696653  0.47392454231597680  0.48134051773405129  0.48759194677542600
  0.49354060457414856  0.49851533841888901  0.50321219121650196  0.51015648962884519
  0.51926073433733499  0.52697450513141619  0.53451399755883566  0.54272947049889575
  0.55184138252996884  0.56139331495326594  0.57078691214145094  0.57887849926846036
  0.58620393551603223  0.59265607399250075  0.59825123141041325  0.60418694741279277
  0.60859022744906044  0.61280579575027128  0.61676885264127912  0.61883084932672916
  0.62091835476435120  0.62425672061168558  0.62759508645902007  0.63072964956066835
  0.63382681936296448  0.63930427920124577  0.64579344505194414  0.65191249859272149
  0.65819216122010771  0.66385486640709468  0.67025420120444823  0.67667332897044263
  0.68298408615010953  0.68934024876726974  0.69635943087963725  0.70225574363603449
  0.70807314429910340  0.71365822606225826  0.71991058039036926  0.72661826442236077
  0.73193248844766190  0.73713818473284587  0.74242003942558910  0.74790048468843806
  0.75369229853576070  0.75663102198022369  0.75903924313023385  0.76137813979211155
  0.76410530019473266  0.76705711235871732  0.76903510654895535  0.77056257835610031
  0.77199617934661358  0.77534131251808713  0.78232522570522522  0.78956419544674217
  0.79523410295507302  0.80036960238874177  0.80596669781661201  0.81198481732999184
  0.81706889491175727  0.82095458204799088  0.82460252680259616  0.82923159161969617
  0.83576878548214206  0.83918952677688707  0.84211306381657680  0.84396845051166502
  0.84676080033932533  0.85069030781901722  0.85557922962758082  0.86407911140772975
  0.87530276442832855  0.89495535498638401  0.93409888494355564  1.00000000000000000
   8.7856845447851384E-013  -1.0000000000000000     
 F F F F F F F F F F F F F F F F F F F F F F F F F F F F F F F F F F F F F F F F F F F F F F F F F F F F F F F F F F F F F F F F F F F F F F F F F F F F F F F F F F F F F F F F F F F F F F F F F F F F F F F F F F F F F F F F F F F F F F F F F F F F F F F F
  <DiscreteSampler_grid>
  grouped_processes
  1 # 1 for a reference and 2 for a running grid.
  10 # Attribute 'min_bin_probing_points' of the grid.
  1 # Attribute 'grid_mode' of the grid. 1=='default',2=='initialization'
  0.0000000000000000 # Attribute 'small_contrib_threshold' of the grid.
  0.5000000000000000 # Attribute 'damping_power' of the grid.
 # binID   n_entries weight   weight_sqr   abs_weight
    13   10   1.580660634806279E-007   2.483803975563571E-013   1.580660634806279E-007
    14   10   1.580660634806280E-007   2.483803975563574E-013   1.580660634806280E-007
    16   10   2.959337050899442E-007   8.694775717765758E-013   2.959337050899442E-007
    17   10   2.959337050899444E-007   8.694775717765767E-013   2.959337050899444E-007
    22   10   7.459568172086781E-007   5.474007686583147E-012   7.459568172086781E-007
    23   10   7.459568172086783E-007   5.474007686583149E-012   7.459568172086783E-007
    25   10   4.103525295798246E-007   1.644938737787982E-012   4.103525295798246E-007
    26   10   4.103525295798246E-007   1.644938737787982E-012   4.103525295798246E-007
  </DiscreteSampler_grid>
