  0.00007137858899312  0.00007256388127868  0.00007427587107477  0.00007611614763461
  0.00007812132126330  0.00008013163314248  0.00008219554066093  0.00008447955952159
  0.00008703652082863  0.00008970977479160  0.00009143282411576  0.00009203829850461
  0.00009227005339638  0.00009231898552692  0.00009235843033504  0.00009238597879645
  0.00009240569764148  0.00009241787110391  0.00009242677895794  0.00009243164459022
  0.00009243571820858  0.00009243930966289  0.00009244252617807  0.00009244501415927
  0.00009244737712182  0.00009244904915049  0.00009245072117916  0.00009245231018318
  0.00009245374830677  0.00009245518643036  0.00009245662837114  0.00009245810408205
  0.00009245957979296  0.00009246105550387  0.00009246293305146  0.00009246484036855
  0.00009246717779339  0.00009246998500162  0.00009247340625100  0.00009247733071019
  0.00009248179089605  0.00009248760460521  0.00009249835598099  0.00009251338350404
  0.00009253686714745  0.00009257596927712  0.00009265508889734  0.00009287347911583
  0.00009363965267649  0.00009527613729138  0.00009844872343135  0.00010261862775649
  0.00010711252292981  0.00011213522956278  0.00011918842669911  0.00012840303222943
  0.00013946929672512  0.00015229724811764  0.00016663000095750  0.00018432804696147
  0.00020796018133858  0.00023596799819301  0.00026689486353250  0.00030091338029734
  0.00033808316247879  0.00038209994782675  0.00043191484914349  0.00048736346541392
  0.00054736782142760  0.00061012111889834  0.00067498253232097  0.00075376302163459
  0.00085242053428276  0.00095103292531111  0.00105533919846092  0.00117308335507965
  0.00130529424115858  0.00145221697663286  0.00160868955083906  0.00175433467339423
  0.00190229758390071  0.00208421589261309  0.00232639914289683  0.00260576566225742
  0.00288760224101319  0.00319742101821525  0.00355847673263383  0.00395135829762476
  0.00443461954884745  0.00501194936744781  0.00568880691782035  0.00652467746334613
  0.00760171535659394  0.00978727547820566  0.16753316964775941  1.00000000000000000
 -0.00819810377948446  0.03516287159650978  0.04878178271021247  0.06046484560441408
  0.07119583415697719  0.08062620821344674  0.09120004277244462  0.10340387389495251
  0.11530366130089556  0.12642202519400139  0.13740932607068074  0.14876641828373349
  0.16141310172355938  0.17553482971616088  0.18719921497209405  0.19810219890351349
  0.20861389853763229  0.21942357428895343  0.23125637259541307  0.24478194593370517
  0.25933649452600627  0.27363336457557386  0.28752128196698223  0.30111808872224449
  0.31416466399910387  0.32587941819278515  0.33579686442904721  0.34451503876309747
  0.35273609844241227  0.36113487865452476  0.37057984372931663  0.38155782120291126
  0.39322017411353621  0.40453468718313784  0.41597695651500988  0.42730118358789843
  0.43846861225720724  0.45039733554292027  0.46149578544898540  0.47213840111955024
  0.48328507873307786  0.49493860397975392  0.50658694098278767  0.51864260899860071
  0.53061889770162896  0.54303657658435756  0.55478013756447520  0.56644488191473319
  0.57832056872805226  0.58911522215849377  0.59803851597016044  0.60581757268878966
  0.61456902629404453  0.62418344360339495  0.63441636721006156  0.64644689241207109
  0.65802603684436933  0.66708394371054625  0.67540756200118945  0.68244244142895105
  0.68863922873680594  0.69439042962284092  0.70155503275511821  0.71027718917000604
  0.72082137658366463  0.73272053732423570  0.74435586729941783  0.75606586502440787
  0.76623178948013315  0.77587462530546392  0.78492741785297548  0.79197864038845667
  0.80228831371886133  0.80968178503095534  0.81638953646439016  0.82560021088162605
  0.83666956712376905  0.84643190200917184  0.85592901740001159  0.86489839428985238
  0.87268332295132467  0.88011101726501884  0.88798433585523284  0.89698686943037642
  0.90752859139374831  0.91689315460568699  0.92472352687763082  0.93165775858047373
  0.93900731124804404  0.94816712840237760  0.95842066950349769  0.96818955127602369
  0.97716922380742599  0.98489282708563841  0.99203622709372008  1.00000000000000000
  0.00000051288305619  0.00000190379857776  0.00000271169568957  0.00000343467958930
  0.00000446105525560  0.00000593547551996  0.00000761657743575  0.00000959227032755
  0.00001181472256006  0.00001410883477052  0.00001647172055211  0.00001868019140576
  0.00002068638046975  0.00002252781839811  0.00002456909083774  0.00002677454934876
  0.00002892211479214  0.00003068893133454  0.00003311020978008  0.00003556856734350
  0.00003818904318366  0.00004105635134915  0.00004374466074839  0.00004649934806746
  0.00004926903095080  0.00005180519028757  0.00005437692099875  0.00005713255923619
  0.00006018957170652  0.00006369273366948  0.00006701481597481  0.00007005436757213
  0.00007311740419295  0.00007690943860098  0.00008145805878902  0.00008666214075061
  0.00009171656807384  0.00009617715688909  0.00010062068606947  0.00010569149863452
  0.00011177785402736  0.00011840624447930  0.00012544395028090  0.00013265773027573
  0.00013956729242274  0.00014642629517802  0.00015377863251393  0.00016165653238483
  0.00016898481422032  0.00017587389178157  0.00018317824626072  0.00019135035316051
  0.00020043419976379  0.00021076947984694  0.00022259863786188  0.00023528421942077
  0.00024877826699424  0.00026371438420440  0.00027941267169407  0.00029568616860539
  0.00031274604907923  0.00033091570878073  0.00034879495895739  0.00036603187006812
  0.00038346410960815  0.00039691848087367  0.00040954260138604  0.00042336462413760
  0.00043934439642547  0.00045802034439129  0.00047798389515525  0.00049915411933748
  0.00052464611572057  0.00055123092466279  0.00057382657120933  0.00060519970464865
  0.00064285457500289  0.00067996977718476  0.00072001915719840  0.00077016938074535
  0.00081483841519292  0.00087041799087046  0.00093323889861642  0.00098389609725164
  0.00103124179483342  0.00107107127437300  0.00113442835313784  0.00121286163172504
  0.00131364056768012  0.00143312454841328  0.00155825431133170  0.00169292489638854
  0.00192287745676281  0.00230335181388981  0.23071120978106499  1.00000000000000000
 -0.00204657779139376  0.00799487479472894  0.01677560769290152  0.02590385793165376
  0.03503274705905943  0.04474494374894681  0.05512185449748036  0.06541755762549128
  0.07493645448134889  0.08343914662875761  0.09097347779825404  0.09872089738479996
  0.10747602240949229  0.11768636987982627  0.12712479350765662  0.13552704730872081
  0.14193127760334190  0.14847085085698927  0.15586602502920419  0.16395262018704254
  0.17194733171429738  0.17931937630113390  0.18699518569543494  0.19511239826783841
  0.20402073730359702  0.21519939102149566  0.22569041450902524  0.23504821471699330
  0.24413652255606128  0.25346873661795039  0.26311095465612272  0.27270463817674973
  0.28274377259802075  0.29242451687469739  0.30194324568586134  0.31222946834238308
  0.32325075992869701  0.33328418295823664  0.34206380187269009  0.35105234187081341
  0.36141397471488523  0.37318175108623064  0.38426585306249522  0.39430334093640179
  0.40414269168216055  0.41513845779788677  0.42666198404437894  0.43861685811804080
  0.45222022232238701  0.46355222944211305  0.47200062487839856  0.48074614477875438
  0.48924774236708940  0.49611279007494280  0.50224692943956373  0.50885049061954224
  0.51968038218163226  0.53161228632767143  0.54262393406951603  0.55377185595151579
  0.56583582113729103  0.57960360717452952  0.59342538717005644  0.60651896770008362
  0.61919647262719679  0.63192777920221455  0.64541872653713428  0.66044002685935310
  0.67613354759416955  0.69178007605321923  0.70485193624237241  0.71531359659780536
  0.72441759642761916  0.73350702351483343  0.74363330915748127  0.75668860223110257
  0.76983990301841121  0.78268268608135461  0.79554514036832102  0.80828943731385405
  0.82014224219014531  0.83533257848907549  0.84777383923653271  0.85909486947723257
  0.86916472649759124  0.87876726671290128  0.88978858745628286  0.90026674860264788
  0.91348241228408456  0.92505783267291708  0.93723162987606612  0.95054442766530967
  0.96359757985350836  0.97600538938897086  0.98756412059603160  1.00000000000000000
 -0.00211125383746627  0.00853638146676275  0.01920108232346970  0.03080122975996280
  0.04332955401114719  0.05632563028865825  0.06781795815770443  0.07867572215425760
  0.08778806310457715  0.09646067802587960  0.10567997961060326  0.11449173787158298
  0.12420900914336556  0.14032930674596819  0.15467714985553332  0.16417816351294373
  0.17293430842152210  0.18195660249006396  0.18923492249065429  0.19507565703086149
  0.20134106843271354  0.20953653420677323  0.22095294006159147  0.23334277786105767
  0.24527835148921620  0.25712166337930831  0.26920295944216610  0.28164461696996379
  0.29393164460663868  0.30559609678182759  0.31629010087690679  0.32638278426484058
  0.33693929012437063  0.34628105592130293  0.35562656003783627  0.36603203745008928
  0.37776597273088580  0.38929505207654136  0.39817839383444903  0.40528078282883262
  0.41286229651830680  0.42074009645533245  0.43056544020485282  0.44090557795087398
  0.44986918506379292  0.45856970701420680  0.46903178297152359  0.47932578463946579
  0.48970796696391056  0.50174636055517352  0.51396965067541966  0.52557797006804030
  0.53653851720798673  0.54776291150622702  0.55973308297066127  0.57207173439499648
  0.58440381884794190  0.59610966092091078  0.60731966123521008  0.61848765019820406
  0.62929137157618942  0.63953091717296806  0.64941691266560220  0.65930702217899406
  0.66964133057681430  0.68114789417894128  0.69203468234415955  0.70156314157970356
  0.71235569053441106  0.72316112334858240  0.73320011952666053  0.74427848422975318
  0.75697631212942607  0.76985979004192329  0.78080385994582246  0.78975229792517732
  0.79811671567138254  0.80686218918782560  0.81528336270160384  0.82388903376495970
  0.83305679341323347  0.84237936736429919  0.85177812424167998  0.86092421687696585
  0.87062037938630621  0.88139160280389750  0.89277012146909207  0.90439677277598196
  0.91595007755820079  0.92775780400187879  0.94042541952462444  0.95379895986120877
  0.96682266054166754  0.97845990562015817  0.98890183030145595  1.00000000000000000
 -0.00212595175014005  0.00702415008306086  0.01724078383159304  0.02796264922047111
  0.03938470362407180  0.05087978080258190  0.06117128379502016  0.06971970937005363
  0.07736739149342887  0.08510168768344119  0.09253046676946181  0.10071376981870553
  0.11112860293386086  0.12249688467332007  0.13493108720464303  0.14604038664036059
  0.15646726938557631  0.16739862246305859  0.17951631736773754  0.19243936045566748
  0.20397265747605556  0.21777870389866047  0.23389948810793676  0.25040369727676814
  0.26751889240210674  0.28169846715167501  0.29112540403078668  0.29926336863688829
  0.30850544543336372  0.32031947316634601  0.33301677773314470  0.34595996666930745
  0.35846483200357848  0.37050195028126315  0.38256654385263306  0.39414725473388368
  0.40584400781529212  0.41871363442230147  0.43266787285720343  0.44740073435773775
  0.46289778082272509  0.47762332408714014  0.49132887882258947  0.50503097437495970
  0.51887331473476561  0.53297312660155627  0.54609940897482712  0.55793608469711342
  0.56887914844158183  0.57913215204854995  0.58936030007132234  0.59944680364175562
  0.60912869792875901  0.61777576330000328  0.62684951153217261  0.63894210109405547
  0.64887229268016922  0.65873736608212707  0.66949240829051371  0.68106007124184353
  0.69378271360810351  0.70470683696006353  0.71497016998011864  0.72339123505583869
  0.73206093919570758  0.74078810160018083  0.74960384720295359  0.75875547731785964
  0.77062086860651413  0.78256642504094398  0.79378790751354478  0.80467546557543090
  0.81554569894555606  0.82630261694780027  0.83594989618656634  0.84507171540346915
  0.85444395501172499  0.86268157190082129  0.87134163817859600  0.88089360219084978
  0.88989005266150756  0.89768809715512921  0.90540556367334946  0.91375322361303057
  0.92090732588758528  0.92702865618422947  0.93323470445168832  0.94004920414828330
  0.94759631881424611  0.95521606947578164  0.96254351832017482  0.96965863638539840
  0.97673389335505101  0.98398836664335088  0.99183370768856471  1.00000000000000000
 -0.00255334492918819  0.00793712942129769  0.01901614648114600  0.02959605089688819
  0.03953866266043719  0.05071929297212754  0.06280094482025084  0.07256482614767298
  0.08236854261453642  0.09151670541646098  0.10161644540993744  0.11395317588065176
  0.12650011109086853  0.13901146522526231  0.15152247951712533  0.16384894771167263
  0.17623533799654234  0.18842574424816727  0.19911066549765885  0.20831334408774455
  0.21809678991784021  0.22838039972740787  0.23851885582141216  0.24960920447954901
  0.26158364479655410  0.27397816168411426  0.28600444957613963  0.29747964738794236
  0.30843731351923537  0.31900739929045940  0.32904632693650654  0.33931243382190973
  0.34878376062888100  0.35750856823363425  0.36637439261023008  0.37630036174484005
  0.38482212087778583  0.39343483274919733  0.40214511134289138  0.41105767775161273
  0.42170851016139915  0.43284991082355434  0.44269553009611251  0.45276663877947532
  0.46374834442460561  0.47306224262490637  0.48172707751752636  0.49064409466129538
  0.49925312315097614  0.50832546913662968  0.51915821662627615  0.53131645807297745
  0.54058414662136489  0.54965091559508039  0.55852146935140246  0.56765847553247339
  0.57783157581811062  0.58900915244251206  0.60015435379482263  0.61076786626603818
  0.62041158907245497  0.62941404968552028  0.63841419015847745  0.64788009337741870
  0.65831385122013708  0.66992246429900448  0.68267317595850574  0.69630492355926399
  0.71006610155612160  0.72315163635547175  0.73706065209304672  0.75021006723788253
  0.76359996674483410  0.77633243517455330  0.78844024835334192  0.80040054786759307
  0.81242204131021689  0.82385214865821377  0.83396610686906536  0.84354636192123611
  0.85184519341332410  0.85886947752632514  0.86650548320142728  0.87674532393507187
  0.88826027125588514  0.90024392578383505  0.91221667962909858  0.92264928077419128
  0.93088900283983855  0.93926595592489759  0.94920220276631051  0.95670183010768095
  0.96597703062914464  0.97589191415588639  0.98738807019372565  1.00000000000000000
 -0.00350412052400226  0.01091258802240224  0.02511774750974836  0.03940748752624702
  0.05317864282191509  0.06450988087434312  0.07392388897371339  0.08271283910117164
  0.09028221202559723  0.09752657912015845  0.10620769386517019  0.11740808254249677
  0.12767145225740670  0.13823056385942264  0.14724807503110368  0.15615280676438581
  0.16492576594857269  0.17324968552821562  0.18147072344582904  0.19021975006392824
  0.19976086052142189  0.20921566577185463  0.21860255345388446  0.22615612815798866
  0.23424819550896792  0.24264980959701749  0.25204334959220648  0.26349610577805060
  0.27587100146757010  0.28775636738557342  0.29765975729905020  0.30619233777155425
  0.31486214044857841  0.32331767995583588  0.33234930152906983  0.34201195653079108
  0.35175829775205009  0.36122366446906751  0.37071934610151763  0.38021958415728407
  0.39089179334362972  0.40222056044322774  0.41281892318078356  0.42323896050723830
  0.43341848262670968  0.44240097952457830  0.45151901788573429  0.46187688013149913
  0.47216404222764879  0.48175312909370999  0.48927459546660229  0.49738404891773713
  0.50686041214627919  0.51846946685990880  0.53059714925377588  0.54022266379292250
  0.54810814112899442  0.55692322152667684  0.56586701413305851  0.57538756600396646
  0.58779111911136817  0.60212181451110147  0.61575408409102761  0.62891166362208306
  0.64138284472103957  0.65262489450491923  0.66377612126888363  0.67605531512742989
  0.68876569835945900  0.70076387075269009  0.71175732730537455  0.72209019473086478
  0.73298748770305022  0.74452760849630095  0.75608143871653144  0.76699076401170985
  0.77822047620297075  0.78958677399499644  0.80012654376271464  0.81300788038025307
  0.82738554411954002  0.83934883223131829  0.84950138290978505  0.85938257331213652
  0.86942661579876523  0.88085974597064454  0.89319234387709567  0.90524631101488995
  0.91653319562331848  0.92778584903624217  0.93924754311796399  0.95071575871357639
  0.96239797258839588  0.97450490145850666  0.98681586473884064  1.00000000000000000
  0.01257532334778793  0.33213021364471795  0.50193040894688234  0.59199013839697934
  0.62550183490521338  0.64166599696147064  0.65157282408973760  0.65846106377621338
  0.66373012703043988  0.66790389401649053  0.67100580826032186  0.67411483938459249
  0.67736531076700923  0.68036218465937048  0.68348413116438722  0.68688933459131618
  0.69015633656311093  0.69324475337363156  0.69649100075979364  0.69994831703519811
  0.70322337774951760  0.70599620530868434  0.70839754624014961  0.71065985336271298
  0.71295447357450648  0.71533211495779858  0.71798849865447012  0.72073671076351054
  0.72340313658527200  0.72578823119004088  0.72793777252013847  0.73064741365361596
  0.73384016584100764  0.73710551813439207  0.74022512763546300  0.74340250003509345
  0.74678865517038007  0.75022833274789358  0.75351206301495621  0.75662328420268932
  0.75949258492695193  0.76220967253492378  0.76491871750132179  0.76779689676983642
  0.77066883774841122  0.77321403807985067  0.77550155401617449  0.77784827017736569
  0.78031167128687151  0.78314773998835185  0.78650575992867999  0.79016592090702686
  0.79396204020157324  0.79789313661220640  0.80111351134243447  0.80452544967263262
  0.80812483971483118  0.81180291618726419  0.81550503645487094  0.81918731589596117
  0.82279515537902781  0.82634974452254284  0.82991866755123578  0.83327269537155724
  0.83670458778679424  0.84042158817477841  0.84450530967553805  0.84890343073930097
  0.85350151513154437  0.85818031596874933  0.86260215896702941  0.86641125515979667
  0.86958112444958779  0.87257000722094891  0.87580208674768889  0.87926646506703376
  0.88291554460017496  0.88662525092261113  0.89063720216975317  0.89522716193898400
  0.89968620836001334  0.90384846883919390  0.90798768685344733  0.91166257829183994
  0.91555724857255183  0.91989909603916342  0.92430748992917422  0.92882544625703822
  0.93406722170750178  0.93972395454662960  0.94583033993153909  0.95254385514449591
  0.95969913379920768  0.96789756441136821  0.97918675109946940  1.00000000000000000
 -0.00508656293748265  0.19051265827031558  0.24951387899723901  0.27634535330329096
  0.29581256985411941  0.31188433570163177  0.32728390505559796  0.34009708221083956
  0.35209044363058561  0.36351904462297646  0.37366382460580971  0.38379243665059998
  0.39358430375670511  0.40134184177091342  0.40948881175591778  0.41985776927046059
  0.42951884046586808  0.44039323336289010  0.44923941597317768  0.45761415343736972
  0.46625688865592180  0.47485573637083384  0.48308291475804666  0.49125193772343606
  0.49892056864790379  0.50587102933330430  0.51284224916381493  0.51924784620789344
  0.52431543821590354  0.52948906437345777  0.53529015699360827  0.54137494707076028
  0.54717002324717035  0.55254184137329210  0.55814250401969190  0.56439221111571913
  0.57105792614852280  0.57757983491806597  0.58369187351951357  0.58973275325791841
  0.59601016797137651  0.60253957682822357  0.60817389136788735  0.61325571337156193
  0.61832748683830874  0.62412272920088441  0.63007167785259544  0.63590287036453663
  0.64150670353090777  0.64692202885885519  0.65227069245056513  0.65761654868407560
  0.66297807132123221  0.66811631845575092  0.67273558648566834  0.67709434212532404
  0.68165633882163790  0.68647654364433386  0.69116527179936715  0.69561791360810477
  0.70013565741534201  0.70553503431050890  0.71193395233415535  0.71859467515626052
  0.72507621350737117  0.73116089191147982  0.73667784107391399  0.74197580538167118
  0.74731481740128747  0.75187165576070514  0.75598369016879507  0.76012557449621221
  0.76426352460275560  0.76820104943488199  0.77265119579092689  0.77692421923970867
  0.78159905852609657  0.78694295536447012  0.79183287229155663  0.79638428903817549
  0.80105087352056403  0.80578778562722952  0.81093118064938041  0.81652021504755656
  0.82264155435934327  0.82968062651364560  0.83710869557572509  0.84304801299087029
  0.84784279026911158  0.85317140297237271  0.86066318030465760  0.86837309915699601
  0.87788822799135291  0.89437947569704468  0.92284841556106989  1.00000000000000000
   5.8717341310830821E-010  -1.0000000000000000     
 F F F F F F F F F F F F F F F F F F F F F F F F F F F F F F F F F F F F F F F F F F F F F F F F F F F F F F F F F F F F F F F F F F F F F F F F F F F F F F F F F F F F F F F F F F F F F F F F F F F F F F F F F F F F F F F F F F F F F F F F F F F F F F F F
  <DiscreteSampler_grid>
  grouped_processes
  1 # 1 for a reference and 2 for a running grid.
  10 # Attribute 'min_bin_probing_points' of the grid.
  1 # Attribute 'grid_mode' of the grid. 1=='default',2=='initialization'
  0.0000000000000000 # Attribute 'small_contrib_threshold' of the grid.
  0.5000000000000000 # Attribute 'damping_power' of the grid.
 # binID   n_entries weight   weight_sqr   abs_weight
    13   10   2.264545648206955E-002   1.208685445032686E-003   2.264545648206955E-002
    14   10   2.264545648206964E-002   1.208685445032692E-003   2.264545648206964E-002
    16   10   4.841119857376185E-002   7.207351387591138E-003   4.841119857376185E-002
    17   10   4.841119857376198E-002   7.207351387591152E-003   4.841119857376198E-002
  </DiscreteSampler_grid>
