  0.03076176082514304  0.03624143362942314  0.04521764664954664  0.05589424189367906
  0.06593977569286548  0.07541608356080100  0.08555095897966356  0.09663461525330855
  0.10787677485215982  0.11932616452265885  0.13037074840261584  0.14204948726061706
  0.15290630139466976  0.16377066638252369  0.17426069645553083  0.18483056279932053
  0.19521557759790376  0.20537213884073771  0.21531545951730982  0.22520573612117173
  0.23542201099947149  0.24521453065527848  0.25498526022922913  0.26549260917373690
  0.27714601037069486  0.28940275852323055  0.30108469637667462  0.31201285274079826
  0.32307236966893166  0.33418729605339370  0.34506199517664665  0.35598466798307316
  0.36711983857754910  0.37794789617352353  0.38786429571035508  0.39806225714292209
  0.40834081327028532  0.41878834590948666  0.42854263400705611  0.43825347015313643
  0.44726503825022529  0.45636238055274658  0.46512759039980867  0.47397570036365355
  0.48314676104359394  0.49227293955077933  0.50171287395084174  0.51145276148986418
  0.52119721333463065  0.53140487888118637  0.54168267577420748  0.55169570959540359
  0.56147939552083748  0.57088825659277209  0.57984730645678872  0.58869763083839044
  0.59777774080430224  0.60756123640453819  0.61770593242472960  0.62771804243425511
  0.63757476307411276  0.64754772126943538  0.65776576994203018  0.66808619848947193
  0.67872069235385990  0.68891382543883206  0.69862911108693460  0.70888028182452689
  0.71850980407091358  0.72766667994023126  0.73662588735767542  0.74588504252943566
  0.75586346827050999  0.76644543770301921  0.77659085246528559  0.78653378388951367
  0.79662524135154855  0.80648167105177748  0.81641745289770806  0.82654551221863559
  0.83675747363604502  0.84717130523737261  0.85738001609187520  0.86721647744976682
  0.87687700700329896  0.88612072637521622  0.89530516375661595  0.90468044013834781
  0.91407448101596389  0.92376281874321098  0.93361489187217628  0.94373704697755734
  0.95514617400710167  0.96445520576341470  0.96914914451950385  1.00000000000000000
  0.00000009840793499  0.00000147226653095  0.00000425244686505  0.00000819374309309
  0.00001286205378302  0.00001768855973819  0.00002219359493864  0.00002627339929846
  0.00002973895999919  0.00003273525416482  0.00003462026297154  0.00003597339287345
  0.00003722894892004  0.00003836601837517  0.00003940858619289  0.00004036020956298
  0.00004119613554609  0.00004192670245736  0.00004259754924067  0.00004321730794632
  0.00004377111240704  0.00004427374130891  0.00004473867318546  0.00004515059415716
  0.00004552113656256  0.00004586618620798  0.00004615813792347  0.00004644301499691
  0.00004669282208071  0.00004691158195127  0.00004712360152926  0.00004731921978635
  0.00004749950629560  0.00004765333658904  0.00004780276980588  0.00004794984631122
  0.00004809199274083  0.00004822134342332  0.00004833507780103  0.00004844558752710
  0.00004855488998307  0.00004866027613104  0.00004876518649337  0.00004886777696447
  0.00004897025214406  0.00004907230885568  0.00004917416621340  0.00004927552627136
  0.00004937700458948  0.00004947871648638  0.00004958097917926  0.00004968409321145
  0.00004979215299712  0.00004990565819109  0.00005002939982063  0.00005016071126473
  0.00005029662742227  0.00005043425071452  0.00005058118690808  0.00005073583706070
  0.00005090602272148  0.00005110164045655  0.00005130819433011  0.00005152245822740
  0.00005175735485064  0.00005202563156123  0.00005233425565463  0.00005265330562854
  0.00005304369303152  0.00005346804286245  0.00005393736690030  0.00005446490249388
  0.00005503691892706  0.00005568054166097  0.00005640945834091  0.00005722074270326
  0.00005811456163663  0.00005906962643064  0.00006032839782481  0.00006205901506079
  0.00006402873701066  0.00006622734556475  0.00006871670210797  0.00007127067269714
  0.00007675754475071  0.00008483532748502  0.00009721275906937  0.00011611994832579
  0.00014636600896406  0.00019871315667155  0.00030444916710806  0.00055349347723419
  0.00131153568829590  0.00412673894162516  0.28959540485378621  1.00000000000000000
 -0.00349688019731993  0.01223433716109902  0.02472492409125164  0.03677915865498130
  0.04823650635325191  0.05917101138289945  0.06950466600264650  0.07926776438630251
  0.08912018666037347  0.09943873709639248  0.10928390696777013  0.11909568715128739
  0.12886921097258922  0.13873087338445431  0.14847433118213518  0.15708572898219170
  0.16603624313435075  0.17494702974677279  0.18394286893994694  0.19320479014297584
  0.20303965464643947  0.21390854668719092  0.22634738656293113  0.23938519869288116
  0.25146290832849461  0.26181270341262641  0.27122615376769421  0.28039839746066425
  0.28959345984287027  0.29876724357265605  0.30776857468243474  0.31758081004994942
  0.32786810445840542  0.33830205714014289  0.34899561197612483  0.35950287987423690
  0.36993771007883486  0.38028604846814362  0.39070774164375754  0.40125792647494463
  0.41200350152253623  0.42383011559122308  0.43570276629592763  0.44652424685915310
  0.45654276513641978  0.46648407702071604  0.47626560545466429  0.48546675099932585
  0.49403485703220695  0.50302820213065191  0.51294257169578317  0.52313691331296630
  0.53287814627069374  0.54298724948820920  0.55427222519112262  0.56615956616394958
  0.57797716051077697  0.58908391087751188  0.59989719249599283  0.61075965390030840
  0.62113897231259418  0.63128431781462568  0.64119727050503594  0.65195286167237154
  0.66280776180942436  0.67295928851144093  0.68305109073020254  0.69365577731031614
  0.70449390831697178  0.71488405099877461  0.72508806012559435  0.73575710407143569
  0.74718605286966211  0.75880045612829761  0.77010830741086767  0.78158517884965684
  0.79316784925765604  0.80438461083945290  0.81571459743545149  0.82616115991748518
  0.83726373553848310  0.84805622529629221  0.85845490954713310  0.86834798969049509
  0.87871476910965285  0.88982715968455572  0.90086714342413832  0.91185842831128949
  0.92236758699300192  0.93253391776039407  0.94285491536964061  0.95374704574898495
  0.96461727570206013  0.97579155159189823  0.98746092849765588  1.00000000000000000
 -0.00298290477614448  0.01072758872279603  0.02207399663015332  0.03392730675554119
  0.04571595432260805  0.05731672457039985  0.06761107801605579  0.07743576872330490
  0.08778108963342984  0.09780186109964978  0.10734856052311273  0.11662645381844818
  0.12633025315460208  0.13676396704666186  0.14719642570741159  0.15758070675162913
  0.16809383516468421  0.17789147537218028  0.18802898233981474  0.19819118810624101
  0.20781709378070826  0.21701050856192888  0.22636980314471922  0.23720557502816336
  0.24961240867748838  0.26102618249481552  0.27172901234861052  0.28188925834563816
  0.29174996334899406  0.30140183001075160  0.31075140395126394  0.32017132493244072
  0.32970178468790590  0.33941809780783472  0.34956586816263985  0.36030427307499530
  0.37164906084116112  0.38317890380321901  0.39462714925078157  0.40599071705842932
  0.41712627612537490  0.42769833693174486  0.43814772896862364  0.44855127315160231
  0.45886706628539686  0.46868809091749636  0.47836791774722753  0.48806169908634639
  0.49778333809780073  0.50762019455194163  0.51793686314453924  0.52916567327077080
  0.54178157748628386  0.55281808805258614  0.56458299374699172  0.57491000715260088
  0.58582040648394185  0.59669910219494970  0.60712811846069792  0.61674435049952647
  0.62687789779776870  0.63799270836699984  0.64969257875507103  0.66163785280259180
  0.67365338178169554  0.68540394768892166  0.69597069995682215  0.70565199880771523
  0.71500292691519018  0.72446575820169568  0.73452689935176907  0.74483339074205723
  0.75526936084439500  0.76619120071000890  0.77701628596642514  0.78812024940094216
  0.79953639500217211  0.81127160187242764  0.82227246738643700  0.83234164312673808
  0.84183049917887109  0.85139495401575815  0.86141058120171721  0.87165335312701941
  0.88180975799878392  0.89238122692739019  0.90319799845409665  0.91443888952899899
  0.92496729489438256  0.93596975476850852  0.94714249155231489  0.95769189378754971
  0.96779109563543442  0.97801990664657701  0.98876690403793199  1.00000000000000000
 -0.00311543613724965  0.01112189967333440  0.02271539167770899  0.03248148476209579
  0.04253464100029022  0.05246729311859813  0.06248070755635100  0.07281882992948950
  0.08292696197384526  0.09373314433968941  0.10416152230525282  0.11401450544131242
  0.12377457010427281  0.13350074537272702  0.14320916628862648  0.15298276510509093
  0.16288506815693035  0.17334729160581347  0.18431639550276821  0.19507350169650578
  0.20567962669060247  0.21711496045502712  0.22942809875754855  0.24201464845291162
  0.25474272303824519  0.26706806361402685  0.27805103910743917  0.28858827130407994
  0.29957920233303104  0.31109288382746525  0.32219569721972713  0.33323742712133719
  0.34499770003577984  0.35742137476779551  0.37034665694478536  0.38317357994216028
  0.39625184438297950  0.40940560588033037  0.42243243249952450  0.43528001363521007
  0.44695075074137303  0.45859316413410078  0.47096600503870528  0.48345187744773843
  0.49520618182355969  0.50743728826679468  0.52036753967408944  0.53314422944445305
  0.54611317222594891  0.55947142609532763  0.57292671387638638  0.58590908087086679
  0.59826421486016712  0.61084679220108140  0.62339437144757470  0.63534018799874215
  0.64692301790757356  0.65806969616845346  0.66903099521323506  0.67959592754503628
  0.69094480622978938  0.70288702195169572  0.71419792198897625  0.72483707920223284
  0.73512633013023942  0.74551154203063585  0.75603270950998447  0.76641649045648541
  0.77671841403613828  0.78688915974660345  0.79678167037540459  0.80637201996616126
  0.81562606245049107  0.82466554177217710  0.83382617374834012  0.84344168255897589
  0.85327505855599406  0.86241223331119499  0.87114573081070867  0.87976826968910471
  0.88802128064493024  0.89623206351256657  0.90363229889090158  0.91110195975957686
  0.91824519340547928  0.92533523103970694  0.93237307724026408  0.93941353616812895
  0.94630170880019115  0.95329557777927609  0.96064087195227821  0.96839062581540092
  0.97604405301040820  0.98388178607264176  0.99208874123687940  1.00000000000000000
 -0.00211271201893976  0.00850253079140479  0.01703300354940358  0.02616103807208890
  0.03548190117531502  0.04522011377603143  0.05517757554232039  0.06530444778418532
  0.07582223299720317  0.08668561538952171  0.09720673822116543  0.10743928848859817
  0.11757443172911106  0.12811010508410783  0.13931377141945450  0.15009120562028644
  0.16075278477442925  0.17131371249333791  0.18182806231659537  0.19218183332434124
  0.20211211467170348  0.21213191922502578  0.22263606428854510  0.23331472051389351
  0.24444492472557358  0.25574976401192434  0.26706085075789648  0.27845400758402888
  0.28877430706329166  0.29850522642932692  0.30782153707931592  0.31740281748736021
  0.32714136523318760  0.33693783938197236  0.34674526076261730  0.35655462752925615
  0.36646743619319527  0.37667268783268726  0.38720517351886202  0.39780092604537964
  0.40844978218047517  0.41949976836613612  0.43110263430362156  0.44325551580589090
  0.45523597508740182  0.46634642500244217  0.47708561867974503  0.48806252440613201
  0.49919348818578274  0.51015417293422582  0.52115373482113014  0.53254319181622212
  0.54394001057018848  0.55470791349130311  0.56517326839436333  0.57581974536354263
  0.58676224657409293  0.59819561703758051  0.60880074833252595  0.61856210655713562
  0.62821867393002484  0.63774256895937675  0.64723554687104357  0.65640553630003273
  0.66576345018929195  0.67540192999208448  0.68514211314512752  0.69506790469036239
  0.70522900309168413  0.71550867188246559  0.72587732098463520  0.73648799419640310
  0.74719904987377705  0.75797086776246336  0.76881378818075030  0.77941242873225425
  0.78980817094041877  0.80076491893521762  0.81206883725870860  0.82320313605484685
  0.83430875702811580  0.84581888548635775  0.85734427016876025  0.86811119074174825
  0.87836197368931257  0.88829883341696014  0.89846341853298239  0.90896788893735070
  0.91931994203541023  0.92954253318062030  0.93991033274050295  0.95079034982233168
  0.96219896714123165  0.97420613786925814  0.98681768721875540  1.00000000000000000
 -0.00288497065961163  0.01157112707020641  0.02334073770768570  0.03444473462667580
  0.04571495526716685  0.05679363916424485  0.06738005946833978  0.07764683501923009
  0.08853394231890441  0.10032368106991668  0.11179864267105194  0.12265098395604988
  0.13354640544175161  0.14437293575483334  0.15497850500768448  0.16493748976209346
  0.17406489887871543  0.18294325579267801  0.19185859849549403  0.20096086341941363
  0.21025195321881746  0.21985293657101190  0.22910838221279370  0.23915388404945048
  0.24913008687504790  0.25891541337893881  0.26883057317183262  0.27857055923202140
  0.28794554874370154  0.29717311417751840  0.30619413425982478  0.31568836249545723
  0.32549475755057100  0.33512993152708670  0.34451259561915315  0.35392110662461224
  0.36260611632637202  0.37135880959209705  0.37990945372707929  0.38839603845416970
  0.39705576330307196  0.40571267607337835  0.41431474271430996  0.42329342075437904
  0.43287150429123911  0.44270331278936853  0.45284768370339279  0.46310465684981000
  0.47311082099028506  0.48291761192827232  0.49272893295506365  0.50252425532905787
  0.51221581490976054  0.52176012443011599  0.53137671525890373  0.54116356686374645
  0.55042650508742419  0.55922326363105812  0.56819277742103869  0.57762490421606749
  0.58738927818637765  0.59750086071277186  0.60739144306518633  0.61674547824308801
  0.62599818620178382  0.63580893816107842  0.64608176285252406  0.65674391953072109
  0.66787913987026493  0.67939423683212863  0.69087409199119254  0.70222541791317039
  0.71363795833270993  0.72507011509271058  0.73617224487726074  0.74674423541691126
  0.75757371446528188  0.76825479158143795  0.77891966721803407  0.78955773574918153
  0.80074675475042922  0.81239019573284654  0.82626759487473578  0.83917484794138386
  0.85137999866057812  0.86421463953707256  0.87714677018312714  0.88991612307924417
  0.90257637801282320  0.91581090880107996  0.92891200124867601  0.94337374299047072
  0.95857062650826297  0.97274903916822497  0.98655636442513217  1.00000000000000000
 -0.00241431999346675  0.00947944988390958  0.01975381704098469  0.02958753583779224
  0.03991200849134462  0.04897600323910427  0.05777674301681424  0.06664302396464940
  0.07603955919022272  0.08582357442137048  0.09575824549681612  0.10598614537695887
  0.11653984846914278  0.12672813683400938  0.13631089720962652  0.14590278187927042
  0.15633871369347135  0.16704708891842684  0.17698510775640169  0.18656454958497168
  0.19636762699829449  0.20641594403775715  0.21581510614896324  0.22468062138763376
  0.23352060151700196  0.24270178506989201  0.25268102763628270  0.26333102142104420
  0.27364611996059157  0.28354531551716078  0.29355354786673882  0.30410914705576475
  0.31462843486995851  0.32449349843937497  0.33421955901392036  0.34416368857150670
  0.35457605020745708  0.36580603564596048  0.37697924128294913  0.38823793965071296
  0.39928643554016152  0.40926708659767302  0.41990211147992573  0.43009281226101675
  0.44031871642375231  0.45025517937612092  0.46048781145603596  0.47124066143520349
  0.48192117308548782  0.49280422637880195  0.50413372784256616  0.51593804724849168
  0.52775920938777121  0.54003486534279643  0.55250888752161520  0.56509271434227004
  0.57715911787350294  0.58938088266835753  0.60123141882992037  0.61151317700989460
  0.62084352149433630  0.63034403057981370  0.64044518855296084  0.65019739895307438
  0.65954983456956173  0.66876043527695894  0.67838753891950609  0.68795605754080613
  0.69744848642745061  0.70727127036380899  0.71867262684098654  0.73047962419402290
  0.74111748909002739  0.75191642507720680  0.76307802046199269  0.77417942521536520
  0.78443895379467976  0.79508593551389217  0.80628125487840496  0.81717548705202747
  0.82771935378828432  0.83918927281552835  0.85186873832220256  0.86432559281091437
  0.87633547106079757  0.88803935203995910  0.89933563174381037  0.91039864727331410
  0.92122167113072351  0.93227852465258210  0.94392840684876989  0.95595466617693725
  0.96729765844161519  0.97789106702584694  0.98899380166904982  1.00000000000000000
  0.00760909433410060  0.28832405180937121  0.41067576635681580  0.48229882216142278
  0.52484887613637832  0.54546856963147339  0.55621253782926827  0.56427242808735045
  0.57115640343170948  0.57756938279494563  0.58358272320660221  0.58905524534896148
  0.59400140863827400  0.59888270360066176  0.60361358117231645  0.60830183277783789
  0.61301744433297056  0.61772823865422211  0.62233459438219163  0.62673969430478438
  0.63102671446180503  0.63523885133236957  0.63947136462468046  0.64376487383117487
  0.64798505916283777  0.65206032257622315  0.65605413547329283  0.66009067446298919
  0.66417792079571014  0.66783914974890124  0.67134143785097944  0.67474231102227145
  0.67811342395193708  0.68150687268432597  0.68493841559822832  0.68841340129855944
  0.69190721621991480  0.69545060688689175  0.69898587678327695  0.70243017498554916
  0.70585303037789970  0.70923858645301163  0.71263501872569790  0.71612818020829105
  0.71975198134065588  0.72352465043374048  0.72719365067844155  0.73113740547905792
  0.73526618965966384  0.73938826863329132  0.74343024028216498  0.74741319368023518
  0.75133847038695345  0.75526282287686020  0.75929519916220090  0.76346359233462713
  0.76769479917947925  0.77194970862667034  0.77626132174945084  0.78056686009607135
  0.78488703193565645  0.78941552815077676  0.79398145956101807  0.79855637815511460
  0.80314600011447401  0.80770454334045849  0.81217514728495688  0.81657402343615315
  0.82101376441954044  0.82565323795682288  0.83021245098653951  0.83464897946494876
  0.83907385305234405  0.84353651586612610  0.84812681731585771  0.85279998084770248
  0.85746860909311717  0.86214257712998610  0.86704150377512890  0.87188364026961496
  0.87674526527724450  0.88173122705037843  0.88656730527808070  0.89149122790045499
  0.89668217249815052  0.90219884552969221  0.90800021538374431  0.91390978539870982
  0.92046411455552413  0.92753840058055537  0.93501730451696763  0.94314619542776157
  0.95226531055291730  0.96302073969672131  0.97786293334688446  1.00000000000000000
 -0.02444183286216819  0.13701997271199962  0.18405402009549177  0.21182106345992546
  0.23504866789113343  0.25510609955394015  0.27067884514875618  0.28396880009557685
  0.29619334407731895  0.30770145730566228  0.31890973691143704  0.32986302926043165
  0.34061397945820432  0.35108553799501435  0.36155837371027039  0.37205709471982906
  0.38237657961882560  0.39245962440696580  0.40243266928150268  0.41237213387228588
  0.42170815652265203  0.43047005716740894  0.43865575976633220  0.44596606095606284
  0.45320654206935590  0.46029238493962360  0.46725162281007127  0.47410311606986388
  0.48118015169551559  0.48815364772551229  0.49487707046921686  0.50164410123255265
  0.50857120013906421  0.51557220524438563  0.52259042188433114  0.52944384974589653
  0.53643499492435542  0.54321272063508597  0.54953332613697681  0.55569453892484255
  0.56181490939271672  0.56786589955389677  0.57392998812917639  0.57991650236918735
  0.58584164855415399  0.59169597318427669  0.59751580024397666  0.60339200441631236
  0.60938913328131694  0.61563686301954046  0.62157675605018303  0.62723972740598544
  0.63255447202701076  0.63796514433524032  0.64347179106136509  0.64908934919704986
  0.65476843543172691  0.66039900980177368  0.66590283820770158  0.67129593755141159
  0.67659133551899953  0.68174808582788049  0.68707793625312363  0.69264198238306651
  0.69816666322260490  0.70391188596407517  0.70957866133112701  0.71511119396470890
  0.72072118595969537  0.72653084336192242  0.73231674867457408  0.73844727783282160
  0.74437006067926526  0.75001296459243127  0.75531875409840088  0.76056050566708655
  0.76589987443529728  0.77133875788868456  0.77683430635995387  0.78235467416373050
  0.78802874036463000  0.79362008003836948  0.79905732720778055  0.80476865948109499
  0.81059351683221903  0.81667596509095297  0.82259712149416309  0.82855031579561245
  0.83480367128891753  0.84247931989880143  0.85033544538141803  0.86095634873796012
  0.87573139451888615  0.89357017759447088  0.92503323241099200  1.00000000000000000
   2.0814470602642541E-012  -1.0000000000000000     
 F F F F F F F F F F F F F F F F F F F F F F F F F F F F F F F F F F F F F F F F F F F F F F F F F F F F F F F F F F F F F F F F F F F F F F F F F F F F F F F F F F F F F F F F F F F F F F F F F F F F F F F F F F F F F F F F F F F F F F F F F F F F F F F F
  <DiscreteSampler_grid>
  grouped_processes
  1 # 1 for a reference and 2 for a running grid.
  10 # Attribute 'min_bin_probing_points' of the grid.
  1 # Attribute 'grid_mode' of the grid. 1=='default',2=='initialization'
  0.0000000000000000 # Attribute 'small_contrib_threshold' of the grid.
  0.5000000000000000 # Attribute 'damping_power' of the grid.
 # binID   n_entries weight   weight_sqr   abs_weight
    13   10   1.704293075756775E-002   7.683951334315983E-004   1.704293075756775E-002
    14   10   1.704293075756775E-002   7.683951334315979E-004   1.704293075756775E-002
    16   10   2.242221727581659E-002   1.355687172072382E-003   2.242221727581659E-002
    17   10   2.242221727581660E-002   1.355687172072382E-003   2.242221727581660E-002
  </DiscreteSampler_grid>
