 -0.00144621169140009  0.00486243190205873  0.01218066502866995  0.02109797637189675
  0.03063536214730248  0.04006624505051170  0.04970977841135397  0.05980225697101891
  0.07118902451460134  0.08276717311318126  0.09454018522835311  0.10626167000164853
  0.11765540381439832  0.12820861953625487  0.13725586928877245  0.14499103419635725
  0.15305616060475644  0.16159352437306190  0.17219091354275026  0.18149341444214223
  0.19081298038451608  0.19967916637342623  0.20871083428931919  0.21915196534144626
  0.23086082735126937  0.24278321413277473  0.25475894012080041  0.26736943697883708
  0.28033388932847791  0.29320574458419624  0.30578614067619786  0.31783843561390157
  0.32894341889425871  0.33892658731649516  0.34852877936779780  0.35871041055384950
  0.37013806835616153  0.38210000219729623  0.39389448043261488  0.40550533194419031
  0.41737904679499582  0.42877547740160726  0.44126921600522517  0.45298995216885340
  0.46477187829734801  0.47656120291837567  0.48680809613903242  0.49582874639108659
  0.50579395190066401  0.51648767715352339  0.52647649133640606  0.53761585171891935
  0.54925526625101961  0.55944209908208908  0.56870805618613274  0.57860531201549337
  0.59041735091119607  0.60354452471254771  0.61518572399017835  0.62502847582765553
  0.63459219673841827  0.64386722692972531  0.65299483100853761  0.66235617341903430
  0.67306522421654713  0.68432185072291785  0.69439930212729029  0.70464226121434237
  0.71500170082123349  0.72456362211104075  0.73350407152731190  0.74202249421161792
  0.74759439960006746  0.75365734673285179  0.76369138613611043  0.77581600430905640
  0.78884375799045936  0.80120760189586315  0.81278498054802251  0.82434979905103889
  0.83561356639862916  0.84663629281826092  0.85731981106573263  0.86792412970129107
  0.88026162706325639  0.89163021442783286  0.90113473541985689  0.90960838905383312
  0.91978295547971400  0.93132966318776833  0.94455059091062465  0.95474883427644452
  0.96542189304434900  0.97624149402064997  0.98586169612378372  1.00000000000000000
  0.00007101585386516  0.00007443873930234  0.00007841326733399  0.00008210545977100
  0.00008587165012511  0.00008970944523235  0.00009195386322724  0.00009241105065792
  0.00009250634259872  0.00009253677839638  0.00009255324308362  0.00009256241393598
  0.00009256874690540  0.00009257269472863  0.00009257573853868  0.00009257817910548
  0.00009258011133663  0.00009258152764851  0.00009258264924000  0.00009258369982557
  0.00009258466630973  0.00009258537416049  0.00009258604061074  0.00009258665645538
  0.00009258723854017  0.00009258778665440  0.00009258832803509  0.00009258885412722
  0.00009258938065867  0.00009258993025127  0.00009259047984388  0.00009259108591826
  0.00009259170384450  0.00009259239255443  0.00009259314048874  0.00009259416250517
  0.00009259525598726  0.00009259647375181  0.00009259793719588  0.00009260006467844
  0.00009260276047967  0.00009260625605597  0.00009261087825917  0.00009261654629067
  0.00009262560495375  0.00009264651069017  0.00009268087463959  0.00009277788506622
  0.00009326690491058  0.00009566600768973  0.00010105192991110  0.00010819987995466
  0.00011754058172441  0.00012987002698026  0.00014476223710078  0.00016257946981859
  0.00018467093926417  0.00021225750991668  0.00024569053036738  0.00028343406054965
  0.00032553600397904  0.00037091095278197  0.00042387322163315  0.00048265750769448
  0.00054151961408776  0.00060318588806433  0.00066169782000678  0.00072492677263884
  0.00079133684949088  0.00087379152906228  0.00096417625499658  0.00106077166394457
  0.00116912504433804  0.00128294616582497  0.00140093765531742  0.00151768223541523
  0.00167575262550548  0.00185443358285453  0.00201927813580947  0.00219553972275848
  0.00241321889939300  0.00266069292773760  0.00288644587408975  0.00308599982275361
  0.00329077421633852  0.00350792203995092  0.00380097934713691  0.00421496648232334
  0.00483606790917113  0.00546745358698084  0.00601710038788086  0.00655753543376673
  0.00736581076227613  0.01150049255165761  0.21200011297720422  1.00000000000000000
  0.00000034090972017  0.00000300126058934  0.00000432788239960  0.00000594317519896
  0.00000747435601152  0.00000969067407650  0.00001283877939517  0.00001598280559336
  0.00001904861893568  0.00002255326100435  0.00002609017418482  0.00002931542573286
  0.00003227081018667  0.00003509831389958  0.00003793754714074  0.00004089982895206
  0.00004385724299930  0.00004668889984854  0.00004942052987700  0.00005210675959400
  0.00005513306589222  0.00005848764348616  0.00006174018836991  0.00006493881086227
  0.00006826867173241  0.00007152888625360  0.00007489948254299  0.00007865397819762
  0.00008286857970735  0.00008794676233555  0.00009340139619034  0.00009886595978314
  0.00010433572869184  0.00010970910424681  0.00011509978061581  0.00012117464037937
  0.00012761286333274  0.00013427502996432  0.00014109994946072  0.00014893752004068
  0.00015656322838601  0.00016370949852781  0.00017066173534270  0.00017754615258843
  0.00018457300370752  0.00019214988131162  0.00020039479732600  0.00020924863301611
  0.00021647202160341  0.00022394418984804  0.00023308270615013  0.00024374444912858
  0.00025700817896926  0.00027347000818515  0.00029215910490005  0.00031189374405986
  0.00033232493129094  0.00035272969245632  0.00037373301968290  0.00039513634988504
  0.00041458302957155  0.00043267633332708  0.00045276306985136  0.00046804711814406
  0.00048235658223601  0.00050192745699595  0.00052636608768962  0.00055232641793020
  0.00057763398061075  0.00060627376134198  0.00064317630767547  0.00068499210185952
  0.00072784187364260  0.00077630544715625  0.00082941283023714  0.00088968022837799
  0.00096397139610616  0.00104004195910771  0.00111849026312431  0.00120026766457598
  0.00128226640554592  0.00136646074045202  0.00143476154058166  0.00151473275683260
  0.00160411948913352  0.00170492804939015  0.00183001799433582  0.00192376283687171
  0.00202026646091297  0.00215800143828514  0.00226505431913580  0.00444571056110624
  0.01167874569907164  0.01731675884721407  0.02219452148467663  1.00000000000000000
 -0.00152027490823507  0.00600608074697447  0.01474723299534123  0.02303481333026948
  0.03240716576317700  0.04259399576095296  0.05259654581205994  0.06187544509755655
  0.07102862398206354  0.08072086189769785  0.09194683790825529  0.10404486395394436
  0.11305515545057369  0.12006879889987948  0.12804479825773019  0.13660486696062635
  0.14518581530349492  0.15540492264561742  0.16723077905348777  0.17998858438252030
  0.19342945362144084  0.20722130155640850  0.22085866837067333  0.23391926627926682
  0.24640100256893921  0.25894100402226572  0.27195148534053742  0.28571668671442912
  0.30023974902549710  0.31465883870316630  0.32882934906255629  0.34210507386327360
  0.35376893340951210  0.36537027372314923  0.37493171873019682  0.38376143939390345
  0.39416047666435317  0.40599429970229967  0.41863530636049345  0.42967804316657510
  0.44214365158092378  0.45291725199439914  0.46366075376599764  0.47421113939585374
  0.48482842976137391  0.49593584169125421  0.50733550377660419  0.51840779915425639
  0.52941885628024821  0.54065898164559345  0.55172162420280479  0.56285212172307686
  0.57377274609210505  0.58489024963944736  0.59644917961515032  0.60806244217674799
  0.61899473305032149  0.63046241521725810  0.64289530028743147  0.65560278909721059
  0.66806314284871715  0.68015339988836521  0.69223838863536735  0.70427866944950579
  0.71616868875796957  0.72795044609859794  0.73928548427953900  0.74934791354021513
  0.75657798639778195  0.76330950159095323  0.77107786248923893  0.78036531138878584
  0.78788231935236108  0.79661803154160316  0.80730747084192545  0.81862796267059001
  0.83024671832975294  0.84202467904505351  0.85292234662755062  0.86361948337515404
  0.87417359438523878  0.88448538254958975  0.89445848132239736  0.90517650183822229
  0.91451361162903388  0.92230763896848456  0.93138686481288757  0.94054344653302702
  0.94941676591817969  0.95802896765210155  0.96630530970226058  0.97327242880698472
  0.97992766800760989  0.98723402851571262  0.99370182496174198  1.00000000000000000
 -0.00262782587930467  0.00951102391940679  0.02173052956539509  0.03290426549960233
  0.04337030258733734  0.05463697755619498  0.06616323100051397  0.07679768175984610
  0.08824420633673327  0.09947984238762725  0.10977596982874492  0.11914667309294745
  0.12836488664557588  0.13764447901569055  0.14696852796050769  0.15648851771389238
  0.16672518714673620  0.17794596893713502  0.18810218807665957  0.19761059627474958
  0.20728379639260860  0.21525248129622279  0.22367029105739950  0.23258804254781235
  0.24125162026588129  0.25109458729245981  0.26186717349362892  0.27280274741452465
  0.28335248149719361  0.29396661779526501  0.30559704242007801  0.31819320722609262
  0.33044277233790603  0.33986506545087891  0.34688493802544951  0.35528822904055762
  0.36519321435613966  0.37534290346134719  0.38496531729650202  0.39431336165028180
  0.40489517501048727  0.41663012630044338  0.42754554433013114  0.43675130112297089
  0.44525088094555848  0.45412673446947688  0.46373962449933287  0.47416258214311707
  0.48541519757793883  0.49675162455158550  0.50747278589266309  0.51836738001743832
  0.52936033834336182  0.54019699873980809  0.55227787620332669  0.56509910902731919
  0.57705998266867198  0.58944355307334306  0.60149162426297398  0.61067472012398516
  0.61888737738198252  0.62701549367828191  0.63542742925484985  0.64207547234972773
  0.64944461500910100  0.65833461310169228  0.66965744035054608  0.68147520365447944
  0.69301060587931063  0.70400300700732510  0.71436992180271275  0.72476108839151687
  0.73462816179682233  0.74568776100759981  0.75843700322795904  0.77182970047691979
  0.78458174301075212  0.79660422364323269  0.80848129396910129  0.82020527708170388
  0.83107882928169718  0.84124545943227347  0.85119520768079560  0.86041651211889680
  0.86917185246433826  0.87904581535338022  0.89030825216298271  0.90229831253361925
  0.91462985549267817  0.92728183261216468  0.94030235344513347  0.95339871602867565
  0.96599783839556042  0.97810287179276223  0.98907853341939500  1.00000000000000000
 -0.00227966023383460  0.00879651892809789  0.01759520357708510  0.02641451493943806
  0.03518865261294066  0.04445105767222331  0.05497390762189666  0.06466116163399414
  0.07338185673387601  0.08166126268137351  0.09059158709941321  0.09876577845784536
  0.10895067707606944  0.12036445597859971  0.13200042411318585  0.14312733691209481
  0.15390646724698864  0.16443269659459686  0.17460991681034765  0.18353551949797123
  0.19031635208715666  0.19709276397261982  0.20446757886308803  0.21207531571768870
  0.22107569277842790  0.23089820739154840  0.24067059276743905  0.25094818807942099
  0.26001034926300248  0.26810938583864857  0.27654709291363805  0.28477567275387689
  0.29422748972054608  0.30529050809623476  0.31675166434177615  0.32779443934887054
  0.33860417290543821  0.34948171831391595  0.36046848490810462  0.37172271934202256
  0.38351465668459073  0.39473091127224896  0.40434732790964445  0.41257637276414610
  0.42133657763846949  0.43158679473166006  0.44072044766420709  0.44795873509768230
  0.45544962057066729  0.46300500790262383  0.47097039533906804  0.47831982974675302
  0.48933167336165750  0.50284888418547613  0.51607310550613272  0.52865561369793379
  0.54044744322797733  0.55148768811869298  0.56244925460677719  0.57346957707219770
  0.58432822389665362  0.59575739061646482  0.60793565868245025  0.62054842570800006
  0.63358877227606791  0.64675786903674426  0.66042393984062953  0.67497599353286142
  0.69021876879483801  0.70533594592977378  0.71953032640147496  0.73219572713702274
  0.74216484153408180  0.75001502317945812  0.75760249930915724  0.76618372534991197
  0.77612959301060247  0.78684687033238443  0.79817678904243528  0.80885818154142042
  0.81971417682784120  0.83105669542602301  0.84284605661566792  0.85597886704642057
  0.87116512562983284  0.88626799535308576  0.90054554594446157  0.91394587804683836
  0.92590239484910897  0.93612952572295693  0.94701742210007733  0.95797260742726909
  0.96832064674352114  0.97787473421494953  0.98754844356416704  1.00000000000000000
 -0.00191319740680091  0.00713555960298268  0.01752278420003803  0.02834028332866729
  0.03881504554690371  0.05071395052936394  0.06298299490654191  0.07515112827885448
  0.08680859438206798  0.09781907287650263  0.10845383824053952  0.11955441437418772
  0.13149494967366770  0.14410932894440898  0.15624319072054854  0.16773110643662537
  0.17941476566369802  0.19164531439671503  0.20417404788964688  0.21650615346805152
  0.22833296572948900  0.23921998923438226  0.24925547941417817  0.25959901692063747
  0.27066926740806435  0.28193502888186572  0.29313956046264850  0.30406297658891090
  0.31453829627976315  0.32521373019922939  0.33641168777760366  0.34789157739907900
  0.35996364008190074  0.37328395039213885  0.38723007622535699  0.39883414449321408
  0.40762403972100170  0.41640906523208221  0.42548721325443428  0.43310308894390942
  0.44060592906711815  0.44997060514000170  0.46084098414787772  0.47254771135484602
  0.48521962094759130  0.49817382646745700  0.50879588153838562  0.51864585701922772
  0.52872303298035550  0.54038874415952798  0.55350466250434516  0.56515625670027225
  0.57224415238768678  0.57978630507393147  0.58858988780358301  0.59840620373662134
  0.60749677574699967  0.61579912910113155  0.62699090229183085  0.63741879690279057
  0.64574608983538750  0.65478494652692565  0.66510371657824996  0.67613799657779206
  0.68699069202281138  0.69724168637850603  0.70697354487577158  0.71732411598735191
  0.72869084950865926  0.73970813560262749  0.75034859556926048  0.76096515388798824
  0.77042052491214352  0.77920199095345277  0.78855822555145139  0.79849058950998120
  0.80888984418994159  0.81952476787425144  0.82828973941931117  0.83646664232512102
  0.84662064248919444  0.85638563354519348  0.86618229600548613  0.87521336607521971
  0.88312036959335971  0.89236092952891310  0.90208472650540794  0.91272212653003670
  0.92323052195424071  0.93316518024405226  0.94643657973549766  0.96006038621929568
  0.97085385103541999  0.98088901494530423  0.99085668982205211  1.00000000000000000
 -0.00262462946144546  0.00966042101503951  0.02024278395578108  0.03109444099953008
  0.04181627998647983  0.05241553404218480  0.06342655134321658  0.07524654957189233
  0.08798554680158216  0.10117811838508875  0.11389131100777675  0.12497862534415752
  0.13571808871805763  0.14709316485891008  0.15835080793079492  0.16991368812211657
  0.18200122259104429  0.19460201928213830  0.20676344505854258  0.21836253898460767
  0.23000118468654551  0.24217781877729028  0.25518184675722860  0.26803136043136205
  0.28065119496554708  0.29372491486414770  0.30670238866345884  0.31873768752797255
  0.33017335498350409  0.34099122522050312  0.35174773481755844  0.36296171755508716
  0.37453063817038545  0.38627323644888273  0.39746522071430107  0.40657455154378142
  0.41425394078419070  0.42187189182044049  0.42951026428343775  0.43641816223952512
  0.44603252587671022  0.45771471189027557  0.46970023820513340  0.48121394262257944
  0.49131683033863061  0.50122249257495677  0.51065615011195686  0.52103260709894006
  0.53059041817841290  0.54058975926289798  0.55116149522400559  0.56205048810656899
  0.57391763385287142  0.58456750381604972  0.59508529800011334  0.60568445068494703
  0.61580786349436101  0.62753226765186998  0.63900896357342829  0.64905099948969802
  0.65850279261464617  0.66784809703220283  0.67792366881428934  0.68876119379068790
  0.70050154853453128  0.71262445528066387  0.72344251598690634  0.73352092520434398
  0.74252587932762359  0.75069621703704847  0.75888983075939187  0.76812667107977284
  0.78002976346291719  0.79199621357742389  0.80241824411343166  0.81359642464005288
  0.82441366540587357  0.83514128150620592  0.84603634380301618  0.85626032179147360
  0.86384952576282792  0.87115206986567983  0.88040450217964872  0.89064889855616525
  0.90373762087216258  0.91683823779600826  0.92705794449809387  0.93549857377204537
  0.94490402757264991  0.95369524016985074  0.96273025049258376  0.97171591610628716
  0.97929692191536821  0.98708184823722422  0.99462234818173068  1.00000000000000000
  0.31650205649465168  0.38500185555672933  0.44990789739080067  0.49989514431555065
  0.51203396410406377  0.52587251624409792  0.54069964497408907  0.55875161793643580
  0.58780646636346945  0.62659062230137796  0.64079652349334471  0.64803410903809466
  0.65364898650552061  0.65859060464263575  0.66335899636261542  0.66820915983699847
  0.67313742311264313  0.67799315463195442  0.68267019892266201  0.68706482611588271
  0.69130703007641636  0.69539230096747284  0.69901262711404044  0.70244428127371572
  0.70606494525155850  0.71000728785078460  0.71400779152031602  0.71715655813803969
  0.72028295168450529  0.72347176670963698  0.72660503704250712  0.72970191115087113
  0.73334896175530018  0.73743268398337769  0.74155930926949787  0.74543411967647744
  0.74918231096243981  0.75287101017443825  0.75650867250160914  0.76001220591593155
  0.76337002474497484  0.76688714162792881  0.77062786891015866  0.77421779453601081
  0.77763228784500760  0.78110664291387122  0.78452044296024126  0.78776562840418973
  0.79066978643588814  0.79347738572579940  0.79615825085438441  0.79848360885220415
  0.80090539167105534  0.80326554097231484  0.80566090365606691  0.80865640229316516
  0.81191144335763088  0.81539595177442270  0.81914408135130823  0.82309228851705452
  0.82694921276180788  0.83028265920668065  0.83317147987521978  0.83604454864350408
  0.83891481994996464  0.84190290478247531  0.84440288103626571  0.84741617550763348
  0.85033197287518392  0.85354099637316116  0.85753555258966774  0.86144315582147168
  0.86542420275567900  0.86982815715076667  0.87412958352198311  0.87769771275024155
  0.88127860921751489  0.88498119071771908  0.88900612149888547  0.89287051679616181
  0.89652363905495391  0.89993673041377864  0.90367523714506703  0.90849128830513559
  0.91387460174360680  0.91928966388618583  0.92452251985118039  0.92975542854779880
  0.93506926156477532  0.94039321394135533  0.94628062549968617  0.95330258493481190
  0.96116554528473697  0.97024300646459594  0.98253596663137299  1.00000000000000000
 -0.04352585282189771  0.17123060149104588  0.21145131097601644  0.23575645298556058
  0.25928804627460433  0.27696374156237424  0.29363463101406168  0.30784173314127694
  0.31812831882585807  0.32643645047730180  0.33614333374242017  0.34967972757874594
  0.36189913510167332  0.37355407564524556  0.38557109995174466  0.39743952258750831
  0.40786499673534049  0.41672249422695140  0.42489118040849666  0.43207953640133978
  0.43826187970483771  0.44429924314706742  0.45138778716519368  0.45843039385539447
  0.46560521904914948  0.47321600985772627  0.48078620988164567  0.48774799836479443
  0.49323202256895921  0.49821662858326310  0.50371122873031537  0.50929565878382810
  0.51400769112834466  0.51883056409690231  0.52375214482529764  0.52875318091988655
  0.53420810876307689  0.54015005875449518  0.54536459630112943  0.55031214852177501
  0.55527211198850412  0.55957908192031836  0.56338917504026675  0.56745060889824606
  0.57273519614361712  0.57795377693156169  0.58284382667194812  0.58750916609452342
  0.59141921177542089  0.59518574950016179  0.59956752130487800  0.60407604390110536
  0.60819991275205421  0.61235532789144997  0.61675230716462692  0.62089480164717059
  0.62545345892359494  0.63088392411873095  0.63661457519059994  0.64218365848156322
  0.64774466340870762  0.65304192746009115  0.65807285285240291  0.66292864268935914
  0.66774671626257909  0.67258025038162628  0.67733033407916243  0.68192804421433884
  0.68636545888902212  0.69093042172911112  0.69565710157910365  0.70032322214075549
  0.70501347158737304  0.70973477334243107  0.71443289740662708  0.71913973581144464
  0.72386577423691389  0.72835455260851545  0.73261682084411617  0.73712160404037752
  0.74117786575470646  0.74557111532086240  0.75107808616417360  0.75764605189318457
  0.76399441485394515  0.76977408781146939  0.77651241873448695  0.78319624215768746
  0.78939436314917244  0.79558793230845981  0.80207697856142868  0.80886292684007621
  0.81721002805871312  0.83216885938313745  0.87423815773612723  1.00000000000000000
   2.7355860146202984E-010  -1.0000000000000000     
 F F F F F F F F F F F F F F F F F F F F F F F F F F F F F F F F F F F F F F F F F F F F F F F F F F F F F F F F F F F F F F F F F F F F F F F F F F F F F F F F F F F F F F F F F F F F F F F F F F F F F F F F F F F F F F F F F F F F F F F F F F F F F F F F
  <DiscreteSampler_grid>
  grouped_processes
  1 # 1 for a reference and 2 for a running grid.
  10 # Attribute 'min_bin_probing_points' of the grid.
  1 # Attribute 'grid_mode' of the grid. 1=='default',2=='initialization'
  0.0000000000000000 # Attribute 'small_contrib_threshold' of the grid.
  0.5000000000000000 # Attribute 'damping_power' of the grid.
 # binID   n_entries weight   weight_sqr   abs_weight
    13   10   8.372737306498486E-001   4.465001756465661E+000   8.372737306498486E-001
    14   10   8.372737306498529E-001   4.465001756465719E+000   8.372737306498529E-001
    16   10   2.024807748180549E+000   2.960575337505260E+001   2.024807748180549E+000
    17   10   2.024807748180561E+000   2.960575337505300E+001   2.024807748180561E+000
  </DiscreteSampler_grid>
