  0.00000009763007599  0.00000098038004231  0.00000181745792264  0.00000277062806618
  0.00000386681254242  0.00000503719145829  0.00000622966420236  0.00000740239882744
  0.00000860907226430  0.00000991813375932  0.00001119435008604  0.00001245801881140
  0.00001368693154535  0.00001490403777426  0.00001603492331088  0.00001707123325414
  0.00001805434394930  0.00001902494052902  0.00001998366925894  0.00002094697162802
  0.00002186652475330  0.00002272990988968  0.00002351755387389  0.00002425003582997
  0.00002497209815561  0.00002570566344422  0.00002642758212892  0.00002712190652797
  0.00002778999003026  0.00002841922281804  0.00002898492984288  0.00002954394921824
  0.00003007751598458  0.00003059555575549  0.00003110540904413  0.00003161310587739
  0.00003210713430855  0.00003257343934798  0.00003302273728938  0.00003343691630723
  0.00003384884189358  0.00003426847815326  0.00003470578036417  0.00003512454237060
  0.00003553539900983  0.00003593823675122  0.00003641656497312  0.00003701196881651
  0.00006141187934301  0.00006266711323190  0.00006349135696287  0.00006424620013389
  0.00006496421901857  0.00006565136155605  0.00006635194912491  0.00006706868773117
  0.00006785109017196  0.00006867021660939  0.00006951848510400  0.00007039059432551
  0.00007137949826691  0.00007240717032659  0.00007351424467926  0.00007475468667126
  0.00007598959555380  0.00007730556379984  0.00007872061646751  0.00008025317722512
  0.00008191091113684  0.00008369981850976  0.00008555446133917  0.00008739076983516
  0.00009038779943265  0.00009399180861975  0.00009759645751204  0.00010144001438062
  0.00010597524765919  0.00011102039086415  0.00011685277489897  0.00012325310064510
  0.00013121121591966  0.00014079253583738  0.00015132437395450  0.00016536595189341
  0.00018291565434147  0.00020710141229913  0.00023986318847269  0.00028507854848904
  0.00034610748645227  0.00044290648035564  0.00059419111052267  0.00088712332697526
  0.00155172330861072  0.00327044457982199  0.02425955345893639  1.00000000000000000
  0.03054108274888995  0.03773009207351072  0.04658732243770701  0.05778158974928922
  0.06802521349594759  0.07812983018383059  0.08846350867764190  0.09888434351631560
  0.10947658127928300  0.11992290650062727  0.13014456049387735  0.14032674050609856
  0.15104175593832200  0.16267506278246968  0.17494920373550488  0.18645989121502343
  0.19605452063872397  0.20513821329296303  0.21488173189923326  0.22464421229677181
  0.23366332719507335  0.24227441220134044  0.25060991655659942  0.25882718271165100
  0.26713127879109411  0.27522564737620636  0.28303977754476384  0.29104147970551314
  0.29948351690949698  0.30780095303213212  0.31733181429786039  0.32745332566440882
  0.33678733236544794  0.34544171743243218  0.35451094088101104  0.36428237466332214
  0.37385346743976894  0.38294087045542002  0.39192732246047890  0.40337051773980354
  0.41712891104143879  0.43075370053415324  0.44244635248324776  0.45221895863215311
  0.46227216808002991  0.47183629493354862  0.48115667146093832  0.49034637521626689
  0.49962060621331339  0.50915346767295988  0.51902872688229829  0.52926937197478641
  0.54028566048479454  0.55103532719337045  0.56156376759040194  0.57118067941617856
  0.58107860267316902  0.59157142247783856  0.60303855416927643  0.61620440867417170
  0.62892502836883402  0.64229915131123416  0.65201452344936239  0.66115566369429468
  0.67031858060828098  0.67980976220206812  0.68925548699008321  0.69850722834402568
  0.70721288458190479  0.71765595102855295  0.72859347110961492  0.73946625880569572
  0.75061137648208998  0.76132657602391685  0.77251628579966380  0.78381435173092429
  0.79486294281108616  0.80533256412586773  0.81642768269567567  0.82872037430995782
  0.84111020448637630  0.85263248700006422  0.86313090196495945  0.87277968857424815
  0.88212442648641176  0.89098154042042887  0.89987008330738982  0.90895797035072023
  0.91868471759405423  0.92865902431573610  0.93838929290481154  0.94800467433719460
  0.95776468621639277  0.96557203052366436  0.96863940328135933  1.00000000000000000
 -0.00173741887362379  0.00685885390555664  0.01445571144808795  0.02365320886437175
  0.03283889060114752  0.04237716464115794  0.05319254491556614  0.06518778296842576
  0.07784858278013362  0.08907384311386192  0.09927438519142508  0.10948251732909915
  0.11984743330045497  0.13011185283497648  0.14018527012089033  0.15001843952531993
  0.15964756914844078  0.16940571031247836  0.17952673512142969  0.19040241655509318
  0.20140927771668896  0.21314473661870573  0.22496090135782576  0.23647349904536716
  0.24843768734802499  0.26115929398761756  0.27478885871817871  0.28836188844932947
  0.30207710185992526  0.31497706712576795  0.32739857344515932  0.33975546072614043
  0.35182311198939392  0.36321590233490253  0.37447595606276157  0.38801591518942724
  0.40053139701815860  0.41178188777036817  0.42219881160780620  0.43290432847225885
  0.44327466614097072  0.45411808968491829  0.46684415001773172  0.48210254259358903
  0.49721856007728599  0.51193518602131327  0.52590666497737182  0.53921032458261642
  0.55253992358819048  0.56599040007604351  0.57941486443202261  0.59189915994219877
  0.60390998332887058  0.61544532573739541  0.62618218113526214  0.63644009620647424
  0.64696202794032409  0.65773090981653348  0.66863741929116260  0.67930007407593485
  0.68987620298552987  0.70039263691248277  0.71133314211596910  0.72290618906699577
  0.73504917159150973  0.74755911037151990  0.75944227321542546  0.77047499509963435
  0.78120860929261937  0.79123290485593445  0.80075032468205254  0.80980179553547615
  0.81813263656808144  0.82675996710816813  0.83575960795422977  0.84467777740665739
  0.85338708820508447  0.86112111648563405  0.86852233037451632  0.87576191065168429
  0.88319020771446599  0.89072443335150386  0.89797823826277301  0.90497663420510188
  0.91203779432630916  0.91968181921965220  0.92777266620343779  0.93574991134171637
  0.94403520417805498  0.95239172226122226  0.96026310672638726  0.96766738278145192
  0.97459022660326056  0.98232506755704685  0.99075277198548783  1.00000000000000000
 -0.00230344810245546  0.00948832380232837  0.01930391464410068  0.02825891636275747
  0.03673405835427727  0.04523290710705435  0.05398314307137318  0.06307099446459516
  0.07211102572945914  0.08057636679945647  0.09011634372959662  0.10123828913069517
  0.11188894203069265  0.12230561927474266  0.13289049351260848  0.14362314147780789
  0.15419543423953708  0.16513745021286513  0.17719623856308431  0.18950209159284284
  0.20047403140504153  0.21093477802902752  0.22128975837473797  0.23184900700041941
  0.24186685989806642  0.25166911128130115  0.26131476117989655  0.27127791473230561
  0.28170874914138405  0.29227294697130141  0.30301703166985083  0.31451278311987335
  0.32734943142238576  0.34077024756874585  0.35364509634677083  0.36637669491917801
  0.37801021515327710  0.38831682192003542  0.39841947741804717  0.40808132006219305
  0.41785066229785717  0.42777877473193932  0.43828525132611512  0.44976209314011406
  0.46095964284894447  0.47342872285914245  0.48557480950168352  0.49765281112075566
  0.50957024310668075  0.52125534846887911  0.53297511653399898  0.54462809510469534
  0.55593907517970553  0.56604892066854717  0.57548078580913187  0.58460219784663459
  0.59377179943643255  0.60324966486403064  0.61302507193383693  0.62256568929217559
  0.63285621483911436  0.64343770386184063  0.65415379474789515  0.66532712854296849
  0.67707557031782573  0.68903161909733968  0.69968650711428659  0.70979132613556017
  0.72026752371400449  0.73135117320323095  0.74279064426347663  0.75456889721332854
  0.76590999107200142  0.77805090465457427  0.79021924251697961  0.80066537958834039
  0.81096126934345003  0.82237404892854482  0.83420924176611011  0.84595592038923551
  0.85698281563932432  0.86782497942815429  0.87883994629070206  0.88950995605975403
  0.89986553818768011  0.91030545323741452  0.92050426008912878  0.92997506759871607
  0.93860086532587195  0.94669359136268838  0.95503156141641177  0.96365619882671294
  0.97236459573805833  0.98126325806455594  0.99079549552409396  1.00000000000000000
 -0.00232983771743684  0.01024173895249174  0.02119560381217136  0.03061450655139260
  0.04006123787892905  0.04913849866101754  0.05808163651606291  0.06715496793349290
  0.07593744876043622  0.08465402150286779  0.09364350749923228  0.10286255139239148
  0.11251063696583252  0.12186584489093799  0.13206497003147372  0.14306980959824631
  0.15316705087929799  0.16352906891439825  0.17417136664126692  0.18491141347671119
  0.19598444294763737  0.20589104691484103  0.21698612141919466  0.22779292312883828
  0.23864220136409947  0.24981740751041362  0.25979943634680858  0.27045939421575904
  0.28195673332318866  0.29330800829823844  0.30452203802004313  0.31610658329619862
  0.32914402795651299  0.34295886980439100  0.35483253172148793  0.36550114771970404
  0.37605474030755720  0.38702530054836021  0.39808588147224000  0.40914565634617428
  0.42041867010838158  0.43287221366244494  0.44464084575892654  0.45625028749477736
  0.46906251375769137  0.48114945337892095  0.49144181230651030  0.50140897089968062
  0.51088254966835911  0.51981657401490744  0.52826298860255649  0.53677334327381832
  0.54558363622077177  0.55456507723961690  0.56387512036741561  0.57347006685297619
  0.58311572251909782  0.59391201100737945  0.60507340045517477  0.61835589259028467
  0.62971440454655647  0.63989736731419344  0.64987677449486803  0.66051225565487703
  0.67202001012995871  0.68362373979429059  0.69539284992849626  0.70655819646412743
  0.71745683725712917  0.72815901990123177  0.73887015628985531  0.74916622939505784
  0.75835048500699365  0.76755092439701045  0.77651473161116658  0.78537121526094822
  0.79411818661260902  0.80318266123404380  0.81204831338855010  0.82220839054113526
  0.83296930457049667  0.84619883382282179  0.85920288356651298  0.87005979398171251
  0.88119352167972020  0.89144501136515808  0.90208799268087048  0.91193900221603652
  0.92217389422067131  0.93266080786501349  0.94366797591688534  0.95544989901953037
  0.96703454642793318  0.97806028169060921  0.98910644469085296  1.00000000000000000
 -0.00278597246938643  0.01118380251741900  0.02372524692583963  0.03587722921634539
  0.04717003093582801  0.05780288639432479  0.06797668268958151  0.07767923133668443
  0.08683274304609027  0.09550081294090218  0.10425473359412889  0.11362537924046309
  0.12345636652702394  0.13313881353086413  0.14218159246328155  0.15082134689581692
  0.15983271893668127  0.16965257198099648  0.18052478487251278  0.19081200967509812
  0.20000166320710180  0.20874534804195957  0.21765948209537861  0.22683515088429754
  0.23621428475941342  0.24594853955108387  0.25733145995741447  0.26968144033962321
  0.28123710933202750  0.29166318255694623  0.30203904400575432  0.31278271355659060
  0.32377065694776980  0.33484623233019561  0.34610791977882138  0.35735595758042565
  0.37044145825108604  0.38229496849312211  0.39461458944576439  0.40672858157704367
  0.41831687676867435  0.42933011952695793  0.44039972880053185  0.45181826607486619
  0.46268938099816781  0.47369403684823808  0.48433166373115666  0.49452243717336525
  0.50444952301924950  0.51512942092877478  0.52617549478869008  0.53750420650720332
  0.54945640126071782  0.56145778740838403  0.57110616876261178  0.58041416206422469
  0.59007978896139446  0.59949006396598592  0.60928721203993819  0.61890890309696311
  0.62847016234454300  0.63833875441646826  0.64832311660396336  0.65877977696282519
  0.66972213371246103  0.68053097891688286  0.69241940598722174  0.70352799003170374
  0.71490223902665129  0.72560907104491168  0.73656743112255374  0.74736494966996847
  0.75794822844226917  0.76876836829211215  0.77976179311352978  0.79005885229747175
  0.79990796247175411  0.80962148786031207  0.81930187718024516  0.82914682263649586
  0.83925156085712493  0.84957789139102657  0.86002975196945852  0.86997297260190953
  0.88025145377425273  0.89169896392330983  0.90198297146673156  0.91158887241698228
  0.92147431524193735  0.93164882436458119  0.94232832322235383  0.95329530540590701
  0.96531752310299279  0.97799656302152915  0.98927462121169552  1.00000000000000000
 -0.01149166431553992  0.07619424290318427  0.13438915386209921  0.17366177836827237
  0.20287465388181886  0.22629780395028568  0.24538801714822181  0.26154949584569703
  0.27477310161333762  0.28669727903077524  0.29702055563710239  0.30707664092547493
  0.31562436314491177  0.32373057000775479  0.33140751187098255  0.33856774628367320
  0.34505702473237115  0.35135572783529739  0.35771147259113600  0.36396674372112958
  0.37005158652254783  0.37618945199116643  0.38229732208441836  0.38849767354163411
  0.39439080911635732  0.40057930660818319  0.40695928008346965  0.41329343396255386
  0.41912113474928880  0.42355828225062248  0.42811016286582576  0.43268512005086990
  0.43733624672229299  0.44192871791109367  0.44643868008901749  0.45079117702219451
  0.45497462525354632  0.45896039961915236  0.46262344922100013  0.46619561147193583
  0.46981538448692917  0.47344789532272302  0.47706197916770204  0.48073165066253398
  0.48433181008573367  0.48797332623643574  0.49156818891964582  0.49507557847777428
  0.49866737328623012  0.50245747919161921  0.50669569152545446  0.51110493615962138
  0.51552160476706121  0.51980555963270303  0.52401265431032673  0.52816453627391702
  0.53219159662640647  0.53631207575076645  0.54048010509935540  0.54456177207182210
  0.54864063508130678  0.55271629041968118  0.55664999804148896  0.56067890720452396
  0.56483217094999705  0.56909195708132998  0.57350828712154456  0.57812026703931441
  0.58287621326128369  0.58786213002819088  0.59292347711643312  0.59787781458990341
  0.60288207771605018  0.60803167082290543  0.61329601314796001  0.61876812830090722
  0.62456689548528088  0.63026599705311570  0.63565367885516944  0.64096152039877174
  0.64683548214167441  0.65341378708812603  0.66007602506809593  0.66763530809796034
  0.67640319410739158  0.68628799295353327  0.69762152055859472  0.71058427808959734
  0.72432319553122448  0.73932871352936569  0.75627537001530254  0.77798052835933440
  0.80501504770227661  0.83743597608505504  0.89145449048014636  1.00000000000000000
 -0.00246844302726475  0.01054743487549503  0.02112098192078137  0.03315750526732719
  0.04510852266540131  0.05733039026517564  0.06921108783243440  0.08149663354502501
  0.09170315013227276  0.10194701647909560  0.11225948137892644  0.12275318210092136
  0.13314726541607227  0.14350982516680960  0.15486320417714464  0.16671273633747696
  0.17824676551450291  0.18967958702866122  0.20124230680525346  0.21274855814050442
  0.22378729548801615  0.23469048475923518  0.24564225029578104  0.25673164410753163
  0.26777886990374355  0.27866249484782318  0.28956607960010927  0.30079884597299311
  0.31246914090686567  0.32329556585174646  0.33461762768538322  0.34644193650535027
  0.35762092420926028  0.36883850465372975  0.37930905819380123  0.38947086989145613
  0.39868647856729150  0.40860193138437995  0.41873934665868529  0.42990199239807347
  0.44104350746805299  0.45312646614473490  0.46483922909591530  0.47583881402754064
  0.48674965020848610  0.49765680568174597  0.50870057622125553  0.51950107252803135
  0.53037414406267591  0.54153344469464881  0.55105179830946960  0.56091297076462454
  0.57068597615414363  0.58033468644280750  0.59047410602494343  0.60075891714402430
  0.61107752227523782  0.62060965889939101  0.62983514248010330  0.63893343689015769
  0.64798396417450987  0.65681061295527854  0.66589346525954662  0.67605938236872287
  0.68670021494475653  0.69675618303021558  0.70648623897013807  0.71780888414875987
  0.73049664590232377  0.74287304132341836  0.75528043115430366  0.76680290356175296
  0.77796587837186670  0.78859851099814071  0.79873246375029971  0.80873142593902769
  0.81892658685988595  0.82914545301128328  0.83949258408799210  0.84915172969879815
  0.85946222400283590  0.86930073577787703  0.87947851381119713  0.88945339441913285
  0.90006788970656282  0.91133738996327951  0.92120258688842827  0.93013986855265307
  0.93931142806447498  0.94879074622875847  0.95800527917148370  0.96651424967949795
  0.97488971490457443  0.98326354388904225  0.99194146229789115  1.00000000000000000
  0.00267463404833063  0.26165294834637759  0.33120407122001622  0.37610224288196120
  0.41064276070500527  0.43925986456757071  0.46396078720254758  0.48403594008127732
  0.50142689261848394  0.51658665713723928  0.53024185390176315  0.54296053751264528
  0.55569052652619366  0.56705896934545252  0.57813036926103845  0.58895698672465224
  0.59964636837005503  0.60892436365139602  0.61751446387774567  0.62554175527933864
  0.63351405904230862  0.64118432479394094  0.64889793082123981  0.65613613824055639
  0.66334685900787993  0.67007843413151125  0.67662146388223954  0.68325170696757742
  0.68963785364273023  0.69574964702771824  0.70175976762904757  0.70780871026075531
  0.71344439187480013  0.71921282443946055  0.72484237530490991  0.72989934863459605
  0.73413542941237497  0.73805939150715327  0.74211315905336783  0.74625557682307819
  0.75048081888815199  0.75466618714495071  0.75884725949666554  0.76302653186128511
  0.76717667297743286  0.77118083526868819  0.77500016128039462  0.77893965438203550
  0.78296202001223703  0.78710748198171943  0.79129793328660658  0.79577221551701471
  0.80041256292069030  0.80495920603956450  0.80930285121955448  0.81326932485786296
  0.81706001876503354  0.82093179451688059  0.82484488050442473  0.82876683892158787
  0.83260135252042256  0.83659410241098575  0.84062756043464237  0.84436061377775917
  0.84802443584648957  0.85171825589834238  0.85532259693454571  0.85903852779898182
  0.86284386224563059  0.86661680330041702  0.87039681926956403  0.87421910485917054
  0.87816611108150666  0.88243919933380910  0.88669875430194223  0.89099566667393648
  0.89505337305198951  0.89904436894089323  0.90299641395458741  0.90710404580609427
  0.91121621762651339  0.91525279752115563  0.91932651109059860  0.92349652241125213
  0.92784228324196483  0.93230482171391005  0.93653528214335902  0.94064540819488229
  0.94487696165571855  0.94936666981935502  0.95406062776041933  0.95934498903928989
  0.96532447126578091  0.97239738007144283  0.98306465705942359  1.00000000000000000
 -0.01331750579679450  0.14806714414808664  0.18939234028343266  0.21580452800977790
  0.23658814073345447  0.25303679830870762  0.26718715426766182  0.28023131606986446
  0.29312126251641002  0.30505954528664814  0.31662365854694463  0.32809232722355069
  0.33934383420211911  0.35010297942690471  0.36100215098384336  0.37185799049983009
  0.38205090606676073  0.39194630939671760  0.40150262030161588  0.41057988530774409
  0.41935506118084426  0.42788042180282770  0.43618612887308544  0.44448441239923020
  0.45281167725523924  0.46107959484887723  0.46916053618165576  0.47696696533625138
  0.48407949509433584  0.49125755392625081  0.49841769213233111  0.50555803516845688
  0.51240354835873414  0.51888373089058393  0.52551394514506511  0.53225653266561457
  0.53933431872635373  0.54695758724304944  0.55472453156854740  0.56207701812663413
  0.56874890472437734  0.57484650132800186  0.58112901928873251  0.58695336562839018
  0.59257553877498603  0.59798985524807102  0.60334014212235410  0.60872958493198104
  0.61414966231222767  0.61956006862636981  0.62489773596335596  0.63091911978906667
  0.63691972147151366  0.64257215021864855  0.64802631177912307  0.65314767257687301
  0.65821053397714058  0.66359075702583525  0.66883383375796590  0.67378108647211554
  0.67862958165407372  0.68340100268330461  0.68810843349139084  0.69269542572068243
  0.69700639419118671  0.70113658893291297  0.70527654722272359  0.70953296965343515
  0.71398544293152910  0.71857576061437289  0.72299139757611175  0.72743900741696776
  0.73215819383929226  0.73727633784250401  0.74256659178182327  0.74785788554810662
  0.75286636366956139  0.75766448110807161  0.76244549414944518  0.76731548637712754
  0.77224486697836836  0.77720541765442130  0.78253092024324977  0.78802458473556625
  0.79335878455661768  0.79875656256259286  0.80407253548140589  0.80974805012830220
  0.81589836135043603  0.82416336639521626  0.83240868029350601  0.84310877367424930
  0.85658722575268709  0.87225100767753028  0.88989709382306970  1.00000000000000000
   1.3485829615206541E-011  -1.0000000000000000     
 F F F F F F F F F F F F F F F F F F F F F F F F F F F F F F F F F F F F F F F F F F F F F F F F F F F F F F F F F F F F F F F F F F F F F F F F F F F F F F F F F F F F F F F F F F F F F F F F F F F F F F F F F F F F F F F F F F F F F F F F F F F F F F F F
  <DiscreteSampler_grid>
  grouped_processes
  1 # 1 for a reference and 2 for a running grid.
  10 # Attribute 'min_bin_probing_points' of the grid.
  1 # Attribute 'grid_mode' of the grid. 1=='default',2=='initialization'
  0.0000000000000000 # Attribute 'small_contrib_threshold' of the grid.
  0.5000000000000000 # Attribute 'damping_power' of the grid.
 # binID   n_entries weight   weight_sqr   abs_weight
    13   10   1.226104391347460E-001   5.919099555100887E-002   1.226104391347460E-001
    14   10   1.226104391347461E-001   5.919099555100894E-002   1.226104391347461E-001
    16   10   1.599162227906716E-001   1.051638237809489E-001   1.599162227906716E-001
    17   10   1.599162227906717E-001   1.051638237809492E-001   1.599162227906717E-001
  </DiscreteSampler_grid>
