 -0.00014355759464423  0.00073618213056165  0.00449624440999167  0.01170868255949474
  0.02071876637793396  0.03222882617824352  0.04372012708488408  0.05477883934000535
  0.06597969838249819  0.07731158433628200  0.08890476874870397  0.10012564111990356
  0.11143914118661870  0.12375972843973300  0.13694384783681310  0.14980372525594199
  0.16149292180973002  0.17143402127342544  0.17949386866357780  0.18783291955440298
  0.19602798435110896  0.20303938686528164  0.21236214449780738  0.22243362705923173
  0.23311832209847663  0.24400455567027660  0.25373290670972026  0.26239800888173170
  0.27189854168188426  0.28154227379887059  0.29157413345460859  0.30134687287829498
  0.31022814814875621  0.32006484569549937  0.33164166049451149  0.34362510196629958
  0.35520515476375075  0.36685341086805906  0.37944018888939435  0.39293869309260870
  0.40572931847065274  0.41659401361051074  0.42645150792196940  0.43586794123824052
  0.44593030250270616  0.45602563597732287  0.46553645677240374  0.47499275496472931
  0.48537306600314056  0.49705921389039520  0.50910783167588580  0.52048256061516596
  0.53106019311076558  0.54096851563728432  0.55069877578955118  0.56107259462606596
  0.57106774287493223  0.58128605183130067  0.59178171574660221  0.60205137706290224
  0.61243013348990272  0.62257914614572651  0.63259713885783531  0.64297350665173669
  0.65419080375789218  0.66612575508515581  0.67826751442070321  0.69014359068850095
  0.70214296710641599  0.71455760189645279  0.72721969255796637  0.74016699106539785
  0.75264588798519250  0.76410903515361916  0.77368605494268894  0.78343116669193646
  0.79353186503350481  0.80442916376083651  0.81646334793280684  0.82828324599040593
  0.84015120847111724  0.85225978862393326  0.86358871062767417  0.87414861817938405
  0.88250882104208028  0.89104069885558479  0.90067482675743504  0.91114599999937163
  0.92236143984154184  0.93374207611709392  0.94536624729428531  0.95691151006755215
  0.96814848895446404  0.98055424462270790  0.98958500843272512  1.00000000000000000
  0.00007103631145358  0.00007408089916893  0.00007748138549597  0.00008071409537928
  0.00008401929803382  0.00008774785792995  0.00009096570316187  0.00009211410863932
  0.00009228408538320  0.00009236361873514  0.00009239481940978  0.00009241077054544
  0.00009242203859411  0.00009243094230575  0.00009243539676820  0.00009243898701999
  0.00009244220652593  0.00009244506205104  0.00009244703925655  0.00009244884530083
  0.00009245037061100  0.00009245187066576  0.00009245314877969  0.00009245442689363
  0.00009245569939603  0.00009245696294448  0.00009245822649293  0.00009245962040178
  0.00009246109354351  0.00009246267053199  0.00009246459501616  0.00009246671338288
  0.00009246912359334  0.00009247290099871  0.00009247725945787  0.00009248295754413
  0.00009249149112914  0.00009250393688362  0.00009252133570723  0.00009255787273706
  0.00009265443950165  0.00009308649867448  0.00009486147964933  0.00009964360479616
  0.00010582423927711  0.00011312241799605  0.00012345583408148  0.00013631886439620
  0.00015140982291025  0.00016856443405086  0.00018785658967762  0.00020983928038877
  0.00023677779163539  0.00026573658644352  0.00029785051361958  0.00033285003066041
  0.00037088169724851  0.00041204648516010  0.00045839149794945  0.00050075487299003
  0.00053410043503082  0.00057017471012007  0.00061027732389526  0.00066558514133572
  0.00072628874939891  0.00079025505696392  0.00085386057822910  0.00092178342898266
  0.00100085259805889  0.00108901717003708  0.00118784933370159  0.00129544690709667
  0.00140735147600432  0.00151806651605359  0.00164113742202585  0.00178288437910336
  0.00193673517429410  0.00208382497096352  0.00222827557579130  0.00238982487387739
  0.00257586395423100  0.00277946999830461  0.00293415583286327  0.00310242256404257
  0.00332185382554780  0.00358196194140240  0.00385208395707065  0.00414872390354328
  0.00449492138931011  0.00497242251718965  0.00542599533494972  0.00588219814338880
  0.00640510047722215  0.00738613673789165  0.28461847674427326  1.00000000000000000
  0.00000031311481195  0.00000333063039179  0.00000485613487323  0.00000640894739130
  0.00000793317273591  0.00000975945934770  0.00001185265499872  0.00001401705623918
  0.00001662391710686  0.00001916919392934  0.00002162674449613  0.00002399100213555
  0.00002642246867372  0.00002914992179494  0.00003156895617874  0.00003390057130318
  0.00003563151712404  0.00003747041951295  0.00003954864366076  0.00004213274041398
  0.00004487004666232  0.00004762147282785  0.00005054542073665  0.00005388893520495
  0.00005756683324098  0.00006154032681756  0.00006550937955770  0.00006904897042606
  0.00007237652721470  0.00007585277050570  0.00007935096822170  0.00008294691627908
  0.00008672649062706  0.00009092893919366  0.00009565466892579  0.00010066807929533
  0.00010586293393184  0.00011131385841966  0.00011705236328842  0.00012288616158335
  0.00012882587509572  0.00013539775829793  0.00014302189205873  0.00015159587613623
  0.00016017035248373  0.00016773042940448  0.00017544479322867  0.00018358162674114
  0.00019260812756267  0.00020246049887317  0.00021199918376258  0.00022087926079520
  0.00023044948167837  0.00024103937416420  0.00025237858049639  0.00026509805322769
  0.00027968183388535  0.00029560813448242  0.00031262669270587  0.00033097953786474
  0.00035007761466633  0.00036834945308383  0.00038706427180589  0.00040806177097442
  0.00043090698231142  0.00045555040050063  0.00048318866527907  0.00051546038785385
  0.00054724129348960  0.00057102198526885  0.00059432319440130  0.00061730014854111
  0.00063726190076825  0.00065705539998062  0.00067964314824146  0.00071155346188663
  0.00074715265061652  0.00079275275840188  0.00085083341024534  0.00091344353028125
  0.00098586279337865  0.00106100678569404  0.00114219094160291  0.00121985234057570
  0.00130090436999451  0.00139092799138740  0.00148125096291381  0.00157436348268322
  0.00168003899786120  0.00180006447059437  0.00195584803196325  0.00219963624616318
  0.00389828383840253  0.00985490472776514  0.02612408907854549  1.00000000000000000
 -0.00334119730966439  0.00982217822045629  0.02198245903630088  0.03255064603085719
  0.04193545019705378  0.05078075173853797  0.06135212124461462  0.07255140339751835
  0.08277415671950220  0.09288971486312637  0.10288791628433713  0.11286644001021408
  0.12416015397797178  0.13592331037712418  0.14799492766600314  0.16079461899034889
  0.17389361776056675  0.18718093420294035  0.19998484074076561  0.21130627969636975
  0.22175372279104252  0.23217406906334284  0.24342708111219594  0.25528324407916742
  0.26590162884305235  0.27613499433091965  0.28670694309371836  0.29783639644299814
  0.31045508172295905  0.32325207812262191  0.33513024775062789  0.34770389099847776
  0.36110795236434984  0.37234890242669155  0.38196257942328138  0.39104542025110317
  0.40137312718303086  0.41359133148646232  0.42683022434193091  0.43948825712076406
  0.45119111869067141  0.46295070910803754  0.47507910039669765  0.48723238134055458
  0.49752732738336114  0.50700792422358887  0.51736793421718352  0.52699863930558488
  0.53720106236383081  0.54795087939344089  0.55686133360769507  0.56588839149970060
  0.57668312038158154  0.58719285361986784  0.59677803332636947  0.60587917464059104
  0.61334445639596835  0.62307386067243808  0.63427684868355949  0.64588664250256422
  0.65862520998013874  0.67142390801098129  0.68427224835925837  0.69716364920960616
  0.70996520673380470  0.72212694178425363  0.73374985313111041  0.74458893034959062
  0.75499308094411310  0.76575313295661607  0.77686830853943944  0.78835252116891774
  0.80011038394600642  0.81209189769919909  0.82362200974503308  0.83362477484915454
  0.84358248097468436  0.85266223453837087  0.86086719378736853  0.86880669550692291
  0.87617089127616010  0.88299572237203694  0.89198380240258079  0.90142926449084360
  0.91002293341316542  0.91845858290870874  0.92719043668225576  0.93555503389292538
  0.94454661707757603  0.95378899265742190  0.96282691075196658  0.97138288841483855
  0.97934535140485179  0.98693553122790956  0.99375750521819761  1.00000000000000000
 -0.00319223641851870  0.01079543946999862  0.02160560582762359  0.03220626924272187
  0.04267407068796321  0.05202439931297657  0.06048662277792017  0.06816671130677968
  0.07639295553740735  0.08571756572897200  0.09488501847334598  0.10388725247233148
  0.11394622870509850  0.12430724843325811  0.13436071609171546  0.14380434077346496
  0.15172418077325442  0.15959008907905889  0.16817113952003990  0.17773592147306860
  0.18829792557212779  0.19898742834011124  0.20929668786994413  0.21950263468411635
  0.23013093102219051  0.24261437638911665  0.25526511205483920  0.26845269142434963
  0.28069399793322097  0.29202660457506924  0.30357841233977578  0.31587473489365259
  0.32804112630502552  0.33869137236263164  0.34820836007611827  0.35779631911713766
  0.36741900139143857  0.37789219595498985  0.38946805364191267  0.40160082898484700
  0.41373667394184099  0.42519247893094858  0.43574936228118916  0.44600919196420846
  0.45657208508794456  0.46744106042204048  0.47810770416635567  0.48822252973041397
  0.49779506221112968  0.50678972617384077  0.51595090996518567  0.52574089523564971
  0.53608380716970072  0.54732409419061256  0.55865332055671291  0.56938736332304185
  0.57988661602525460  0.59070971811450279  0.60173848053029610  0.61279696769673975
  0.62422291967326593  0.63607042718516160  0.64744156926466323  0.65620503418379994
  0.66299546087351646  0.67099394078958829  0.67991609072593351  0.68783153831362875
  0.69764864541106453  0.70961710082464169  0.72124906731818417  0.73294173812691110
  0.74517818889817211  0.75738048486038523  0.76942857880808457  0.78165800081451542
  0.79411423330476327  0.80663176425492900  0.81940869288582552  0.83222074678231706
  0.84229279648546240  0.85248838732473309  0.86323986866387847  0.87503326297110895
  0.88791044777818462  0.90026843415177860  0.91218920401005932  0.92335995260138160
  0.93349423356765937  0.94365762631982952  0.95420954059642615  0.96496541764641164
  0.97494430723171832  0.98314565759103922  0.98993753051647526  1.00000000000000000
 -0.00206912601079328  0.00783363319680008  0.01707687643521799  0.02641621846419499
  0.03528436402321878  0.04519390678124768  0.05441597197036340  0.06271675278161272
  0.07059878154717923  0.07808155691988040  0.08552263482691275  0.09339865428099255
  0.10209394640948048  0.11074290325315117  0.11835704540745909  0.12656609693974891
  0.13531532837450849  0.14401661173402661  0.15140461211162812  0.15806528059955863
  0.16529612730651450  0.17387330504667076  0.18256836099485918  0.19098138453914210
  0.19905301513156221  0.20847296089928680  0.21893745902057402  0.22911626206977997
  0.23928629848486527  0.24967753225420397  0.25960333471835473  0.26936368100034552
  0.27943719838630626  0.28986078256748754  0.29995452787098392  0.31016111458515166
  0.32143554723485718  0.33335303377811137  0.34396695803668981  0.35255485296286609
  0.36158518353992963  0.37132653760261730  0.38219318705547695  0.39285304064762855
  0.40343174747898708  0.41323550729385200  0.42326918353720122  0.43458609979644958
  0.44717850594428021  0.46062737958468652  0.47375147244830679  0.48474081648464917
  0.49298263690350086  0.49997519421296666  0.50668264731769275  0.51588371307842440
  0.52535340950218079  0.53387474000044621  0.54288669960484970  0.55324001811383827
  0.56578641258374862  0.57713708540191133  0.58877500132851779  0.60174542102428918
  0.61219104460586926  0.62099092061913475  0.63085762875245321  0.63896178101596779
  0.64686746833516551  0.65580721718394797  0.66593943698682578  0.67660213804491764
  0.68702696215785231  0.69770830406995032  0.70880844961713996  0.72114125091480386
  0.73427064956291777  0.74713853373171124  0.76016201301000597  0.77364138222671275
  0.78695608430617836  0.80022702502077581  0.81410031520070558  0.82797837445723155
  0.84184925267873101  0.85616332747093082  0.87025163417582108  0.88408092618765810
  0.89836582363308015  0.91360894697327255  0.92972055131259801  0.94578744644644319
  0.95979375064264749  0.97180328454112297  0.98424756333728280  1.00000000000000000
 -0.00145227942290413  0.00625489300053991  0.01583588817131066  0.02555196900719722
  0.03641754516811629  0.04747284221403796  0.05832838644412158  0.06874035219994953
  0.07858001420611725  0.08917281198843412  0.10064508976818484  0.11235095751307651
  0.12331601355083954  0.13435072243117852  0.14632837856614081  0.15891188793478658
  0.16887354073536953  0.17754564053396302  0.18752242524944240  0.19806999536541003
  0.20736688304869549  0.21468333428459613  0.22236442462468636  0.23023491490691256
  0.23936912846075997  0.24925229031749871  0.25992020103570435  0.26842056300611261
  0.27635097556384042  0.28459546151502801  0.29307608228455539  0.30096188775574600
  0.30731668831982029  0.31689988820455306  0.32668050376259500  0.33699469529452936
  0.34872410883366872  0.36048139821903402  0.37169050941435555  0.38278752354790346
  0.39390321084729329  0.40468202370474821  0.41490349241314789  0.42503651959042427
  0.43577103716685334  0.44818547434935396  0.46122610335595432  0.47273284315368147
  0.48304542460069755  0.49335460904719020  0.50283997286929272  0.51309906275171469
  0.52389326958470028  0.53321976468532695  0.54337187767882855  0.55385876902633357
  0.56412452494595411  0.57528147567585997  0.58645597858830822  0.59616002640683918
  0.60438144661903948  0.61271629368862945  0.62197376315839581  0.62987035454564289
  0.63786127045189733  0.64755057397274851  0.65840599534491684  0.67011678312576251
  0.68186090601182070  0.69285541226360803  0.70345978951739419  0.71421064327672845
  0.72514914429664123  0.73638715387406728  0.74767097501642865  0.75899110960365757
  0.77072958486033838  0.78330290447667694  0.79576440578169727  0.80686827560115149
  0.81786942675425756  0.82863526637121943  0.83982119327474869  0.85243599044107488
  0.86383021640719371  0.87526127003415322  0.88734760944907087  0.89931460125637097
  0.91140906921531417  0.92364973392816818  0.93578335513843791  0.94787349530919218
  0.96031225641329099  0.97324973957102667  0.98661032174121077  1.00000000000000000
 -0.00183793473898162  0.00768490508870562  0.01809227162229746  0.02893538952342689
  0.04120123335713798  0.05375569792243751  0.06492140031506780  0.07509975205925906
  0.08348037819110433  0.09214167347922819  0.10203119172815336  0.11279170828762368
  0.12419413825051305  0.13644443245653282  0.14920351221162731  0.16085400896240049
  0.17073489877482956  0.17987710974216894  0.18925256367830359  0.19817611506061203
  0.20782387363450730  0.21843469410187727  0.22997635176194606  0.24152044381692819
  0.25241314363909656  0.26306048774535373  0.27315580079762902  0.28069260318518069
  0.28907978228322251  0.29826092870149007  0.30746119274128697  0.31626136296959367
  0.32598784127600239  0.33780784235643324  0.35039756496942293  0.36230558294527981
  0.37304180574533780  0.38272409467175822  0.39285697956523202  0.40404014089911350
  0.41592479649843178  0.42751021314826931  0.43689496581606452  0.44462448799112636
  0.45253435146515897  0.46086585559475007  0.47017888443851663  0.47986062362472393
  0.48927401661200920  0.49909553315674426  0.50987117010622030  0.52154894073560265
  0.53355891900965358  0.54537174025644797  0.55685121701258999  0.56811907715866261
  0.57935951852402223  0.59072693336165449  0.60234654428205470  0.61447306085610309
  0.62606727580229249  0.63630592230867844  0.64551356616690037  0.65520995772471602
  0.66459409776624201  0.67248735916853331  0.68138084310413172  0.69090492623265254
  0.70010596719611939  0.70785112530469230  0.71617422718576085  0.72500133689293877
  0.73452380381255711  0.74471911815503677  0.75492502688134677  0.76592576133801815
  0.77830748546697570  0.78965155908652784  0.80065289970157594  0.81187314417367729
  0.82371127802917155  0.83688861184359975  0.85039785198196283  0.86290315977926757
  0.87481740230742300  0.88665888239648616  0.89814240760248776  0.90990777750834373
  0.92198234060452733  0.93404645961645838  0.94594032197156308  0.95728178314693757
  0.96816390840046673  0.97852875807419393  0.98928252192047550  1.00000000000000000
  0.12291720294343157  0.23501086262882315  0.28910024709476922  0.31194302148053699
  0.31801470387525604  0.32566962410946099  0.33212475944058412  0.33856014172300714
  0.34519428821555365  0.35184553929023321  0.35978648495657128  0.36800857671396026
  0.38469754753711782  0.40216600718995216  0.41555840462703064  0.42863990500319515
  0.44841316669378023  0.46424369566645468  0.48112336971291947  0.50600097972270641
  0.52930146490483443  0.54570114461339814  0.56033546127411082  0.57837185627387266
  0.61162866920751158  0.64033442644437011  0.65276516370503279  0.65817413026339511
  0.66270139715959364  0.66694723694278690  0.67081651244124707  0.67547119210366224
  0.68065364725916322  0.68572436792690861  0.69077571316483344  0.69607165545124761
  0.70092254654563146  0.70527271642954048  0.70953372539453918  0.71389044196289020
  0.71805726648503221  0.72201108048879092  0.72623464912172953  0.73054120702324954
  0.73404365660378734  0.73781106136756547  0.74129284341748014  0.74474943587674769
  0.74810862015510615  0.75177384236964884  0.75574493544705557  0.76032291323182055
  0.76523525199211984  0.76982615196055748  0.77389885185090701  0.77747999956510505
  0.78078471793644566  0.78428226000680901  0.78792551587152881  0.79147933363101919
  0.79484140837124062  0.79811391787421904  0.80128061571474696  0.80494941031260880
  0.80897599212136007  0.81304955912210108  0.81746251809972437  0.82179853483250498
  0.82617630159479571  0.83062886584455464  0.83544561041076426  0.84030507214204964
  0.84488710369773379  0.84934182495519361  0.85377759930805941  0.85839851748919682
  0.86344320799736118  0.86847318348357139  0.87321934250920896  0.87741032350235237
  0.88128916952218872  0.88553274876213106  0.89074031591496750  0.89647813059287895
  0.90202321226855964  0.90791960094313662  0.91409446435187158  0.92027272588087883
  0.92667818124412304  0.93296797891232119  0.93925818696491659  0.94629251585376506
  0.95468168352683780  0.96467809030067786  0.97903739655112820  1.00000000000000000
 -0.03897232520895146  0.16369321719885799  0.19484520652766130  0.22355913990029341
  0.24710435140184678  0.26688769467476664  0.28354214289944168  0.29650318393998637
  0.30758464700616361  0.31880659085593499  0.32814932662181368  0.33663940588974495
  0.34587003389666932  0.35515577045078450  0.36390669219982186  0.37148849095484854
  0.37898688406087694  0.38757483596730841  0.39651704347192124  0.40542215849663676
  0.41400369103396167  0.42226312938620275  0.43100613083012751  0.44033174543153542
  0.44959447394940166  0.45840495814135174  0.46686247046772023  0.47503092503491845
  0.48278528502830281  0.49014450201725135  0.49705106968136653  0.50320527067139131
  0.50867200246678157  0.51363687034469463  0.51849416301219464  0.52264936467203837
  0.52643422177124255  0.53093395204071137  0.53619035244633872  0.54099000651010321
  0.54586637816156147  0.55134751903112056  0.55734762724609721  0.56305483245920751
  0.56805932539753634  0.57336217426423775  0.57826989268074669  0.58325483507987086
  0.58863007580905824  0.59411988611001287  0.59951584079705178  0.60458814195931543
  0.60942228327904846  0.61417973209481669  0.61862100575858980  0.62227670475345442
  0.62600420560559678  0.62971806240511596  0.63435976400016791  0.63898325966765912
  0.64327125567760612  0.64783773572482095  0.65249980429913457  0.65720752672679394
  0.66194497052296142  0.66671812113963747  0.67129855817685091  0.67555361174707751
  0.67969773697606983  0.68389045868742437  0.68823425354394252  0.69289850711776735
  0.69782707592589521  0.70278166181547141  0.70745741756456293  0.71195177169674895
  0.71645316565984474  0.72081476421755797  0.72516273779663776  0.72967267232336053
  0.73434211333854127  0.73912324217665060  0.74398783160733895  0.74901922852021485
  0.75442360330414682  0.76006384870381227  0.76535740624432325  0.77074971298757167
  0.77677929506879950  0.78320262833515109  0.79124056963319933  0.80135135188903150
  0.81391900086517044  0.83136297565156903  0.86585734911083456  1.00000000000000000
   2.4038063172952363E-010  -1.0000000000000000     
 F F F F F F F F F F F F F F F F F F F F F F F F F F F F F F F F F F F F F F F F F F F F F F F F F F F F F F F F F F F F F F F F F F F F F F F F F F F F F F F F F F F F F F F F F F F F F F F F F F F F F F F F F F F F F F F F F F F F F F F F F F F F F F F F
  <DiscreteSampler_grid>
  grouped_processes
  1 # 1 for a reference and 2 for a running grid.
  10 # Attribute 'min_bin_probing_points' of the grid.
  1 # Attribute 'grid_mode' of the grid. 1=='default',2=='initialization'
  0.0000000000000000 # Attribute 'small_contrib_threshold' of the grid.
  0.5000000000000000 # Attribute 'damping_power' of the grid.
 # binID   n_entries weight   weight_sqr   abs_weight
    13   10   1.099277329622794E-001   4.276643974729197E-002   1.099277329622794E-001
    14   10   1.099277329622791E-001   4.276643974729198E-002   1.099277329622791E-001
    16   10   2.104233145798729E-001   1.258910753414427E-001   2.104233145798729E-001
    17   10   2.104233145798725E-001   1.258910753414426E-001   2.104233145798725E-001
  </DiscreteSampler_grid>
