  0.00007138246169547  0.00007265730682370  0.00007432671796116  0.00007604630967488
  0.00007797872713481  0.00008017188180477  0.00008259374094676  0.00008532449896325
  0.00008823133727971  0.00009035719944121  0.00009177432678635  0.00009222045001311
  0.00009231114819700  0.00009236655890556  0.00009239594658399  0.00009240890599647
  0.00009241859878235  0.00009242638917126  0.00009243227777578  0.00009243685664715
  0.00009244010578360  0.00009244289281669  0.00009244503624734  0.00009244664598097
  0.00009244809733905  0.00009244943377319  0.00009245067756564  0.00009245172585527
  0.00009245270351559  0.00009245361785600  0.00009245449122771  0.00009245535889517
  0.00009245620917487  0.00009245705945457  0.00009245796873349  0.00009245889071964
  0.00009245992584592  0.00009246105131257  0.00009246229179818  0.00009246361714308
  0.00009246510816862  0.00009246700090221  0.00009246946815514  0.00009247241749155
  0.00009247638932778  0.00009248143853154  0.00009248782537034  0.00009249661414948
  0.00009251283365344  0.00009253840626530  0.00009258922333188  0.00009272831773712
  0.00009338724470189  0.00009530213234491  0.00009925002963986  0.00010465966157053
  0.00011080168052650  0.00011829169664880  0.00012767000878737  0.00013914590769469
  0.00015253401763229  0.00016850726771405  0.00018739888573541  0.00020945580991972
  0.00023604091840095  0.00027115082353135  0.00031270414234405  0.00035981191789617
  0.00041361833343642  0.00047845029887296  0.00055396178951053  0.00062794792582548
  0.00070811999076323  0.00080000428852020  0.00089546057453532  0.00099319358591286
  0.00110460382995267  0.00123448166140011  0.00137349972612548  0.00153570596977741
  0.00172409089890342  0.00191718953011348  0.00210683447343359  0.00230081205022780
  0.00250041369587139  0.00271071093971910  0.00298037464264725  0.00327664364698501
  0.00362781363883190  0.00410335988652980  0.00464231137877042  0.00517914231438312
  0.00585294080725590  0.00674107343296057  0.00801123964579532  1.00000000000000000
  0.00000003732550988  0.00000218229171598  0.00001469055227339  0.00002900947406541
  0.00003516172370629  0.00003844269501389  0.00004061223336999  0.00004214144615357
  0.00004329335193274  0.00004416121092432  0.00004482725721969  0.00004535140659120
  0.00004577524413061  0.00004613440041227  0.00004644512729754  0.00004670822081000
  0.00004692982195085  0.00004712231921779  0.00004729419417642  0.00004744794662438
  0.00004758536877972  0.00004770300721435  0.00004781445846753  0.00004791523147657
  0.00004800465636046  0.00004809041798833  0.00004817569425912  0.00004825577075295
  0.00004832802253505  0.00004839797908363  0.00004846896164234  0.00004853805775231
  0.00004860314721316  0.00004866553522680  0.00004872378380363  0.00004877897762323
  0.00004883045901078  0.00004888123516809  0.00004893051960715  0.00004897880563366
  0.00004902773631581  0.00004907857823172  0.00004912949164670  0.00004918021815677
  0.00004923036646790  0.00004928068454263  0.00004933387182472  0.00004939174598494
  0.00004945363747681  0.00004951360741151  0.00004957290951461  0.00004963103006907
  0.00004969002943529  0.00004975123304460  0.00004981059205302  0.00004986546666913
  0.00004991879632951  0.00004997186258551  0.00005002691115899  0.00005008787877116
  0.00005015719088304  0.00005023467878956  0.00005031831329395  0.00005039996849525
  0.00005048819810360  0.00005058819272340  0.00005067297971475  0.00005076527716314
  0.00005086794237085  0.00005097437603254  0.00005109129714965  0.00005122144187407
  0.00005136326815412  0.00005151149409521  0.00005166989690041  0.00005186232816806
  0.00005209503344573  0.00005234142434009  0.00005260069569275  0.00005288669774578
  0.00005320936436688  0.00005354235625863  0.00005397944538537  0.00005480953408808
  0.00005604519035530  0.00005754953640676  0.00005956714215534  0.00006279313019242
  0.00006792782797725  0.00007666385023627  0.00009886722849543  0.00020912286187466
  0.00071103301614263  0.00329872369278630  0.24731980198878184  1.00000000000000000
  0.00000013491695814  0.00000195183050479  0.00000320819237078  0.00000488995171757
  0.00000701669330780  0.00000937077395140  0.00001184201858470  0.00001445372132400
  0.00001733660016045  0.00002034250381297  0.00002295842589958  0.00002536225800530
  0.00002775604574663  0.00003010274918230  0.00003218565291865  0.00003418835090883
  0.00003603000340347  0.00003775941292656  0.00003981767976074  0.00004228751609577
  0.00004479071478726  0.00004715105068790  0.00004941144893600  0.00005172077495222
  0.00005404761136481  0.00005664021323019  0.00005947009395431  0.00006230788182592
  0.00006496778121001  0.00006750992174522  0.00007016499175362  0.00007294278710505
  0.00007607980877766  0.00007954009369627  0.00008269812905232  0.00008613049706302
  0.00008962387180001  0.00009331895575735  0.00009781476917192  0.00010263102180681
  0.00010731962376571  0.00011229076634756  0.00011713297788044  0.00012237032879941
  0.00012732807958799  0.00013226766658565  0.00013740514241617  0.00014270595770220
  0.00014861001127951  0.00015552807812753  0.00016288493415883  0.00017064424820034
  0.00017860677557072  0.00018729718093942  0.00019719816881017  0.00020803662083586
  0.00021803168965681  0.00022672073697090  0.00023495213071488  0.00024352938324404
  0.00025386496206012  0.00026493271066610  0.00027444453360432  0.00028291972559657
  0.00029168992167599  0.00030272007846347  0.00031335836231453  0.00032543452791518
  0.00033813703126356  0.00035174295463008  0.00036814530307560  0.00038796251572955
  0.00041146961027412  0.00043754711171026  0.00046469468238993  0.00049274964689340
  0.00052358590634065  0.00055912827386317  0.00059891951186818  0.00063855436711070
  0.00067421975679294  0.00071231475195204  0.00075624572022886  0.00081157856213055
  0.00087122470742539  0.00092686898467422  0.00098475371946689  0.00104939942958235
  0.00112259341977862  0.00121721075230311  0.00132515173600416  0.00146333374220638
  0.00164467213925358  0.01015032105480537  0.29760405899091841  1.00000000000000000
 -0.00208934386174015  0.00815056091797785  0.01673735712745143  0.02535374347914576
  0.03325145458610182  0.04155138156920347  0.05070062476570683  0.05950354052798942
  0.06834974171006672  0.07725793014235227  0.08515717635328926  0.09365781760602530
  0.10185067468768490  0.11076717008889585  0.11987531389546324  0.12886779583458738
  0.13846559823680915  0.14776261872091345  0.15723431289449971  0.16743093428420097
  0.17598935265709362  0.18430839514154745  0.19203250504334077  0.19988280634071728
  0.20893401332346509  0.21875226551900404  0.22843471354711362  0.23859250891298778
  0.24886520185753216  0.25874276003973923  0.26829260017623202  0.27719355037295895
  0.28616770666596636  0.29616131353456865  0.30749179413698335  0.31843543243112066
  0.32735155440768654  0.33645377284054601  0.34599527100270727  0.35500924535100742
  0.36616380067017579  0.37791686446575895  0.38786288800308644  0.39701985323128608
  0.40647220942930523  0.41608742458590281  0.42552168195759926  0.43394765080428460
  0.44192123321563892  0.44934670750786482  0.45629188590912573  0.46285097470437508
  0.46994092433627166  0.47558358288178831  0.48317494981451603  0.49468475289768460
  0.50687115045595543  0.51827760150392133  0.53016181369220516  0.54198282997382341
  0.55384441278749563  0.56647398178900088  0.57846784411196561  0.59033890519653254
  0.60229399029467068  0.61428927324073668  0.62654061415412265  0.63897402785041024
  0.65339849144792705  0.66650800529304710  0.67823635736396715  0.68995478775470365
  0.70127863771085686  0.71225680263973445  0.72281140211364170  0.73318879773790235
  0.74363218247376894  0.75454955147110736  0.76483134966660782  0.77604939987057853
  0.78923815473699876  0.80325044278390800  0.81722523960030258  0.83064688068235548
  0.84363725275385493  0.85754943805635853  0.87266103685146035  0.88891579282662891
  0.90602288346475501  0.92313200848104127  0.93856622910038112  0.95228020186955997
  0.96397568788275201  0.97595961174978085  0.98785157069435137  1.00000000000000000
 -0.00254896843506064  0.00939110711952988  0.02135257972471251  0.03284910972313412
  0.04331129982851443  0.05241963654671492  0.06134860781618812  0.06993880936758265
  0.08203966183180740  0.09504321965951726  0.10764777301404950  0.11887092769801301
  0.12870641296658020  0.13838332881764667  0.14833293970469055  0.15970523728544234
  0.17246719370335381  0.18559065126114363  0.19796270418741843  0.20806403986534500
  0.21666909336967075  0.22547602468455882  0.23468452206155510  0.24487521757725264
  0.25575842307213897  0.26675643254885151  0.27822823130871599  0.28993684054842961
  0.30181547124010366  0.31452726902665323  0.32586688235384437  0.33697430046840315
  0.34838411554772886  0.35981817677734429  0.37203129911854432  0.38435299918837468
  0.39511059551204120  0.40449599238696732  0.41344229114242925  0.42279555371561905
  0.43334813864215704  0.44433856860025517  0.45470092636606319  0.46448646228349660
  0.47468846262019027  0.48542747027298755  0.49471444682403132  0.50326522389869321
  0.51273651501896167  0.52214608805755580  0.53283777467840276  0.54465265624718728
  0.55694536432839181  0.56938447668812509  0.58196603809754577  0.59481627412783289
  0.60753103672994202  0.61970585665194866  0.63255940291603641  0.64183426068706684
  0.65121992029861109  0.66063263471316624  0.67024766238832312  0.68138923291282405
  0.69307733616610867  0.70466264369575349  0.71611475607229280  0.72676013134172757
  0.73605827786090361  0.74602385515526404  0.75531934503418230  0.76211707692723285
  0.76884060487018557  0.77648213689436973  0.78564274622875285  0.79582727379404838
  0.80640923034671586  0.81739668960359169  0.82905883899171751  0.84101003148301667
  0.85247224162709778  0.86335922819447963  0.87399621267848548  0.88378150380875731
  0.89321156531339674  0.90303536404965901  0.91335089412035775  0.92407615238801188
  0.93365841940848115  0.94111951229709434  0.94862222697503074  0.95816679833315610
  0.96538528047453509  0.97525207329733954  0.98572463523254650  1.00000000000000000
 -0.00222278997767033  0.00779560957995958  0.01825405400352879  0.02859528335913353
  0.03906425085143365  0.05035655395275484  0.06168861131420084  0.07300381851185936
  0.08451905428642503  0.09692873187667915  0.11063708107453800  0.12460183466787908
  0.13664601196688153  0.14627909546142598  0.15594531000218698  0.16721662015724598
  0.18005578746962239  0.19216676538965793  0.20351291582428208  0.21540085305078940
  0.22821856676645838  0.24120297203629409  0.25302706404958025  0.26272874781913691
  0.27172687884868602  0.28112883754662144  0.29056484296126511  0.30117429297587989
  0.31549066308248641  0.32969396906000209  0.34291588486638369  0.35512428473626628
  0.36655316593966525  0.37670639866743816  0.38693183955624150  0.39783879349894985
  0.40835599820926821  0.41726008289044647  0.42522908039877666  0.43380464100479355
  0.44378694261452450  0.45681896927674981  0.46964916283235048  0.48231280870804843
  0.49585728673097018  0.50977585804165459  0.52366622811957619  0.53811574024477160
  0.55182438372877818  0.56487768856646203  0.57744088992797815  0.58986147477609008
  0.60144308512550970  0.61188870835170228  0.62175275107786310  0.63207749902512833
  0.64413935238885989  0.65671491672013915  0.66946341172441026  0.68205906801222715
  0.69343325328464100  0.70430568747403999  0.71473717009931481  0.72493437842892627
  0.73561722447295730  0.74645632015868213  0.75719160053278300  0.76779922842383563
  0.77791948336914873  0.78763114344803720  0.79763820684282538  0.80835712179565233
  0.81820761521399710  0.82735416280756013  0.83683196048797193  0.84700113186797088
  0.85741040962733983  0.86764758780179418  0.87784548152120812  0.88821334651984962
  0.89804820196810575  0.90748709850459208  0.91677925493974888  0.92597623574430221
  0.93483797548107894  0.94269538009716847  0.94993546760978975  0.95642370150913458
  0.96172165896372730  0.96701324971044766  0.97265724326213965  0.97816754477289358
  0.98345157487267887  0.98930773615259182  0.99478187400589879  1.00000000000000000
 -0.00308253471904577  0.01016351139584884  0.02196956278404025  0.03373278975911936
  0.04571917404717458  0.05747777605810884  0.06829914972461493  0.07795491551806047
  0.08693746499166127  0.09618489669716000  0.10621446143021394  0.11635352196669434
  0.12710560241074967  0.13780408590474566  0.14618333010122811  0.15527734981650812
  0.16522750887121929  0.17691757313577106  0.19039674433242385  0.20258774617792197
  0.21248360632407728  0.22184999158684623  0.22888866358557966  0.23579961761494944
  0.24191597768484679  0.24988692403179327  0.26070097281935056  0.27321742888213452
  0.28537444546950935  0.29731714003183290  0.30937161932302693  0.32187309993108432
  0.33505553542013089  0.34855792753937415  0.36098633506345207  0.37197569629847649
  0.38258766287512325  0.39161115508038197  0.40226950324946792  0.41412304138329603
  0.42606432218780144  0.43914197657310372  0.45016208426774418  0.45882535730606222
  0.46530990510425146  0.47385335565200642  0.48026549056710405  0.48728824701830536
  0.49804195498045029  0.50893451639257681  0.51902274187620678  0.52889439675684313
  0.53749867085999614  0.54605953969353116  0.55483141531767988  0.56402013923434779
  0.57480831812188404  0.58670542870089670  0.59834537862300996  0.60971448923169769
  0.62070606402149020  0.63186517630841976  0.64313914581558351  0.65283272273434523
  0.66038506608469527  0.66785735292967241  0.67588583134576130  0.68591934508441554
  0.69769413852576900  0.70966342180960496  0.72117058534723621  0.73211619705174413
  0.74239356714371141  0.75160296680577487  0.76026183466647046  0.76904874524086353
  0.77914992942957284  0.79180618444767692  0.80459748267474995  0.81653686275468151
  0.82771714898218829  0.83881989811542701  0.85028627128449641  0.86172918442392332
  0.87296621626873794  0.88477436764072226  0.89686928455168535  0.90856703184150978
  0.91964514141686116  0.93027577124881833  0.94124711667260796  0.95298402356013179
  0.96493474010462732  0.97658223809502687  0.98847745897815620  1.00000000000000000
 -0.00200004540637773  0.00806674588651109  0.01782378470678446  0.02806971409893483
  0.03664898085427108  0.04399309627683503  0.05230967615118660  0.06115574484358348
  0.07017146051727287  0.08016721122356291  0.09010920918817353  0.09966693205376723
  0.10974325966923996  0.12000662671378913  0.12939479627141781  0.14029051450787075
  0.15229444268270967  0.16370436783920247  0.17409999091861858  0.18397441045149532
  0.19370131681819641  0.20481471169210161  0.21710545381283139  0.22953341318115741
  0.24166265543535170  0.25326890640083094  0.26403984242765965  0.27407593141686021
  0.28335738258197907  0.29211623867160680  0.30135479701105994  0.31156389986248678
  0.32320499596899682  0.33452581110906426  0.34456638318087901  0.35479513089451964
  0.36545605996170288  0.37647487901245469  0.38782351569712831  0.39952586611817159
  0.41135401660511084  0.42405867593556379  0.43653214235810911  0.44808608755010204
  0.45924044132640413  0.47062528968680811  0.48251598342927365  0.49570035720129330
  0.50957107110849653  0.52173279799288863  0.53278944621779212  0.54400846499293598
  0.55444441653106791  0.56355768860261080  0.57308166988352427  0.58299125421903952
  0.59373151202649621  0.60515007821066547  0.61459579651028440  0.62312826021055745
  0.63224436265608808  0.64135883740104538  0.64956433159203431  0.66006964858608053
  0.67141285744972534  0.68144621273102757  0.69097221669997289  0.70146315016723793
  0.71399545623646099  0.72486075385553106  0.73268196986266598  0.73960098131737018
  0.74780800843105311  0.75852260086409573  0.76889045339351980  0.77941012146443056
  0.78985888071925314  0.79994566240822662  0.80965311237498605  0.81935106772479793
  0.82962011160248261  0.84054239815940013  0.85229688873803577  0.86466972008382970
  0.87641616970815417  0.88707143407429767  0.89772677922985578  0.90817822966575334
  0.91863668280003652  0.92978949307224101  0.94104154926282835  0.95241665855463120
  0.96408644010402167  0.97580900091418599  0.98716347479358235  1.00000000000000000
  0.06121168175949031  0.19423970250657330  0.32559136479005102  0.48601947769169396
  0.59281652884098646  0.62936586962813634  0.64455712580082036  0.65171971273904006
  0.65758270561420917  0.66209840091845618  0.66594999575748026  0.66972788678011008
  0.67338729280088538  0.67654451905946800  0.67948409377138430  0.68237695568085532
  0.68538723650549638  0.68851396818654131  0.69159933990210376  0.69469528207818165
  0.69791149937854979  0.70120693158231062  0.70447011020888572  0.70766568909019911
  0.71080626605725372  0.71392741208159760  0.71700311968468433  0.72022826755983294
  0.72347726505765630  0.72673869541236469  0.72989418845427156  0.73356173073291231
  0.73745723845336575  0.74121154913584442  0.74478058162338823  0.74823579772585458
  0.75153640437560942  0.75476333221326575  0.75781143012608210  0.76074453849095369
  0.76408731149671683  0.76745904606164117  0.77076615132925552  0.77408393601758840
  0.77742763223700029  0.78060211352016062  0.78346129088659078  0.78612922926844353
  0.78887002308589893  0.79166481137375511  0.79427515842178875  0.79672537250681441
  0.79921682563369700  0.80204211717191520  0.80518252750210884  0.80846400149951181
  0.81178911703752021  0.81508079707405279  0.81860294252614352  0.82244451384509121
  0.82640355239133101  0.83048803446918884  0.83460780202039586  0.83866647195392285
  0.84260000254807610  0.84632961887590918  0.84965408280444332  0.85226716308612160
  0.85523261525482253  0.85822528035417056  0.86109219787163604  0.86396152414442495
  0.86737500820850821  0.87127945553259178  0.87528570319877130  0.87914039547219791
  0.88261785839329920  0.88566976589358504  0.88842053837222290  0.89109514358161057
  0.89435333771354009  0.89784968656649033  0.90165605226354073  0.90643913841508461
  0.91156229141402301  0.91696341188053199  0.92255553210585228  0.92816524534193368
  0.93387319012089431  0.93997218473100352  0.94667064375110666  0.95280881089499170
  0.95893980255062727  0.96634917500796502  0.97797774154542227  1.00000000000000000
 -0.03269936124896986  0.15133202909212881  0.23656797544615712  0.27250774041908332
  0.29248369263749241  0.30936978081563737  0.32433183920332187  0.33825008988768090
  0.35224627081137078  0.36398180583310419  0.37419067262605543  0.38408480473656142
  0.39325374873024133  0.40221189804602603  0.41121963822899910  0.41980698149234391
  0.42725401014579356  0.43375093119025115  0.44116163449556739  0.44795074690030690
  0.45435400008980703  0.45956790646558088  0.46415405420293704  0.46984579058009035
  0.47588021692867427  0.48305495583229657  0.49113052776616278  0.49901505117190248
  0.50704054080502114  0.51513778641581198  0.52304134240305811  0.53043555229725237
  0.53702797541306724  0.54285483461278394  0.54863236857925224  0.55448466399747687
  0.56111044066587845  0.56794848192729275  0.57533556199492475  0.58255116508186811
  0.58897785969272753  0.59473991334945098  0.60027885961753047  0.60573023235126333
  0.61143528074681341  0.61725319379167343  0.62287015659488310  0.62835076829109549
  0.63378522229819689  0.63925764711261224  0.64457463119572611  0.64934925953368883
  0.65390022387804980  0.65855533431634161  0.66310707890591591  0.66786125331309787
  0.67327312160599451  0.67905019986197401  0.68458491422569090  0.69011540002731619
  0.69516636435460910  0.70064306694303391  0.70589243903712462  0.71097803427673734
  0.71582342758930928  0.72025000410459039  0.72435448858894713  0.72841934966683397
  0.73243064103105893  0.73647335799371683  0.74093551700905003  0.74549652697771351
  0.74971680525711015  0.75360259055841583  0.75740464925528350  0.76124252117278279
  0.76548385590825463  0.77041276781746282  0.77553390428811630  0.78078295198549030
  0.78619765497114613  0.79140083038613174  0.79644574763289744  0.80153139148383068
  0.80653552315045174  0.81149174397143720  0.81691024586422334  0.82444930027988705
  0.83302780124469633  0.84191802582124609  0.85087851737748210  0.86067725849704635
  0.87115320484600478  0.88413197780599562  0.90730470538070296  1.00000000000000000
   2.9165563310330334E-010  -1.0000000000000000     
 F F F F F F F F F F F F F F F F F F F F F F F F F F F F F F F F F F F F F F F F F F F F F F F F F F F F F F F F F F F F F F F F F F F F F F F F F F F F F F F F F F F F F F F F F F F F F F F F F F F F F F F F F F F F F F F F F F F F F F F F F F F F F F F F
  <DiscreteSampler_grid>
  grouped_processes
  1 # 1 for a reference and 2 for a running grid.
  10 # Attribute 'min_bin_probing_points' of the grid.
  1 # Attribute 'grid_mode' of the grid. 1=='default',2=='initialization'
  0.0000000000000000 # Attribute 'small_contrib_threshold' of the grid.
  0.5000000000000000 # Attribute 'damping_power' of the grid.
 # binID   n_entries weight   weight_sqr   abs_weight
    13   10   8.221297100735370E-003   2.012092459401893E-004   8.221297100735370E-003
    14   10   8.221297100735353E-003   2.012092459401883E-004   8.221297100735353E-003
    16   10   3.369227056251876E-003   3.606386300041054E-005   3.369227056251876E-003
    17   10   3.369227056251869E-003   3.606386300041034E-005   3.369227056251869E-003
  </DiscreteSampler_grid>
