 -0.00242690122247114  0.00927871438083241  0.01919162367563028  0.03013486568269807
  0.04130319686598826  0.05350495978118428  0.06592471213287489  0.07796306208618128
  0.08920643396070027  0.09963360997575291  0.10971424035555197  0.11979006193086601
  0.13016184627820515  0.14037782851126349  0.15030649035342644  0.16013946984032296
  0.17054838512847373  0.18153729719603579  0.19221726247101045  0.20254453259827188
  0.21268400970896140  0.22265734723135089  0.23237898430887530  0.24205400838888594
  0.25171612796014520  0.26151349350348063  0.27124897399959419  0.28116848027012403
  0.29110798859433312  0.30133083780403541  0.31178565670942637  0.32221819310550065
  0.33300583115959492  0.34434326909234808  0.35607160714820785  0.36816583358531585
  0.38046212408972357  0.39270118734265613  0.40524870292587195  0.41780754685343041
  0.42999728483559102  0.44182878124375707  0.45266192196420940  0.46267348390328783
  0.47180309831553136  0.48117375675160096  0.49059375761073115  0.50006022781035986
  0.50960519940035753  0.51981898348465361  0.53083283793334035  0.54171122316774312
  0.55199040122851939  0.56203176480290173  0.57197305117332675  0.58166437259155512
  0.59111068243905407  0.60060033728339690  0.61064998060333453  0.62087181251162071
  0.63086162294106007  0.64048859551244097  0.65093933454294217  0.66169467736572651
  0.67177327310290524  0.68116736617909357  0.69090539498542214  0.70142233463416737
  0.71233695846106626  0.72319907823892293  0.73535993208553985  0.74761043301612395
  0.75900896287560859  0.77005831061161667  0.78100646169698440  0.79138091604662364
  0.80069366822342236  0.81019723587418491  0.82090748352161891  0.83176001807402700
  0.84278094460408781  0.85357689086194388  0.86433235187478863  0.87507162564110053
  0.88520554071536628  0.89560530601882993  0.90450926283915800  0.91370711764808366
  0.92299057332880396  0.93235455563552128  0.94187829985774141  0.95183957308658429
  0.96196982731352532  0.97453394381610703  0.98681152015373985  1.00000000000000000
  0.00000007671545056  0.00000134168897270  0.00000398813647974  0.00000785411435827
  0.00001249983776759  0.00001730097301393  0.00002183384559478  0.00002597876918423
  0.00002949694971852  0.00003245343405831  0.00003452466016040  0.00003593346015884
  0.00003721165948546  0.00003838033785056  0.00003944801567171  0.00004041606876105
  0.00004126061942663  0.00004198070080578  0.00004263897299542  0.00004322937947470
  0.00004376767736510  0.00004426697242428  0.00004471004646014  0.00004511248442623
  0.00004547844872981  0.00004581132860475  0.00004611966674464  0.00004639020725451
  0.00004665101554236  0.00004688619108957  0.00004708824812089  0.00004728092120089
  0.00004746479455549  0.00004764059991619  0.00004778336266661  0.00004792376937301
  0.00004806116306518  0.00004819454015944  0.00004832531046986  0.00004843988598209
  0.00004855114105267  0.00004865524991822  0.00004875717891211  0.00004885693753257
  0.00004895504073460  0.00004905206649170  0.00004914982940855  0.00004924797715160
  0.00004935256332768  0.00004946072389341  0.00004956995197977  0.00004967977045378
  0.00004979318799496  0.00004990833878583  0.00005002584162690  0.00005014394285239
  0.00005029114115651  0.00005044066218902  0.00005059472243008  0.00005075416818872
  0.00005091971075563  0.00005110666086623  0.00005131526953468  0.00005155877440153
  0.00005180880812182  0.00005208480985714  0.00005239557952392  0.00005274864383349
  0.00005313405971694  0.00005356572115191  0.00005404655074186  0.00005457467638608
  0.00005515916811279  0.00005582270910129  0.00005654991563555  0.00005736212908261
  0.00005826815108873  0.00005926864847812  0.00006057090168226  0.00006225897532234
  0.00006414601797472  0.00006629472311643  0.00006870995083237  0.00007116368104642
  0.00007625764261970  0.00008422019099805  0.00009560960604405  0.00011269706574911
  0.00014039772763805  0.00018734390470782  0.00028302242530124  0.00049586942113482
  0.00115199930312792  0.00377229218411114  0.26701193748952301  1.00000000000000000
 -0.00299639249052473  0.01111454670276641  0.02298489475699516  0.03489762996053571
  0.04654638362685937  0.05834631885546184  0.07006361515867929  0.08165017224925199
  0.09318729159234550  0.10466596239465653  0.11609166625775588  0.12694410459958699
  0.13674264380718082  0.14691044280621540  0.15753683366732901  0.16814360571619194
  0.17838095280281305  0.18891680603687008  0.20058488399878663  0.21223860479315748
  0.22365228101127607  0.23510317656192026  0.24692185862801405  0.25876787791352540
  0.27007622992138852  0.27978552657951966  0.28845799433883651  0.29712590493138563
  0.30568455024941465  0.31369063277482206  0.32127209998082296  0.32904517300326303
  0.33767230434760859  0.34692936104466993  0.35556305691466406  0.36386847752583440
  0.37237949664489484  0.38205210551861957  0.39242174999502910  0.40203420636578374
  0.41095966839459330  0.42011692320625205  0.42955952548284498  0.43907303650469592
  0.44857613767825494  0.45796879582810779  0.46798656386617021  0.47899086922166856
  0.49122955352963149  0.50362668396935562  0.51443104379121407  0.52534664466695036
  0.53626343700657531  0.54706440333582917  0.55843309240257710  0.57042242569495272
  0.58239766805485271  0.59389629337800620  0.60529069825656789  0.61738530130846403
  0.62989099026675022  0.64120084430995106  0.65169859953631715  0.66144685030935080
  0.67140859015995547  0.68154712751683866  0.69168256025222030  0.70044249290110805
  0.70972534587800939  0.71944724392853554  0.72925555120358176  0.73847544916664332
  0.74723242272284129  0.75633778728424628  0.76599935048236223  0.77565474843711602
  0.78561078681513152  0.79591960662227446  0.80691958766064420  0.81800073339986634
  0.82851167130395253  0.83913798820106467  0.84989428252825439  0.86097796982436103
  0.87243947947892231  0.88400869935955650  0.89543090925755375  0.90677994244405802
  0.91848442742044523  0.93068545924822321  0.94293214983553886  0.95498538709673342
  0.96697656018182887  0.97849423502022714  0.98956545077689961  1.00000000000000000
 -0.00232979177483347  0.00875803013153035  0.01757911362540120  0.02785493335301260
  0.03803518637572793  0.05118513681793630  0.06468047651704226  0.07810285840612426
  0.09134932286865162  0.10321919757594926  0.11327526224079007  0.12282069484934242
  0.13279574273801467  0.14306985392301824  0.15318542278930386  0.16243298556260896
  0.17351917565566241  0.18580528920739445  0.19896569806531608  0.21168917938118001
  0.22368966927482903  0.23561246896230301  0.24796473376733846  0.26069567395351689
  0.27336567291432728  0.28562392415674021  0.29709108768849335  0.30751016642691598
  0.31767130021475432  0.32783390647663635  0.33819679652935841  0.34853880833496059
  0.35906954061994734  0.37028849165133387  0.38138487925625952  0.39248825085336853
  0.40249398066813846  0.41252798153776166  0.42168130406965393  0.43101528929608451
  0.44067394320462649  0.45021488376889152  0.45970412271576855  0.46943572863444866
  0.47938622222237137  0.49050835337932419  0.50218232287941811  0.51272309556426943
  0.52274776857084670  0.53271082930787572  0.54262626077639198  0.55190775053936580
  0.56092234907632443  0.57033668545701466  0.57999267134096566  0.58963916339764177
  0.59918483265421241  0.60941647942529253  0.62020159202756697  0.63080935267964999
  0.64103794959157123  0.65093989402369290  0.66077138263861945  0.67133621174046165
  0.68222603473574439  0.69238635467012188  0.70218686527372942  0.71214578726796518
  0.72189926223898815  0.73138448806743872  0.74063739446861421  0.74970365507053083
  0.75868675302979438  0.76787612045758658  0.77793424406228306  0.78859951300886244
  0.79984288685040916  0.81108247635468855  0.82212945998276077  0.83270808522864337
  0.84229354487282182  0.85216974477357965  0.86246813475486528  0.87329975461156162
  0.88404436901049710  0.89436182834547095  0.90543252583127154  0.91637062536832536
  0.92810024667705471  0.93921560846819530  0.94999314801018708  0.96056353289268914
  0.97069557471849843  0.98090773304241752  0.99035496965933245  1.00000000000000000
 -0.00337386424286351  0.01073372357552798  0.02237445639286755  0.03363207925076157
  0.04500813424745365  0.05642051413434604  0.06768357794853079  0.07848300171936305
  0.08896021835557791  0.09938749358044394  0.10976303965699284  0.12015557396862048
  0.13037576518955224  0.14036615070493016  0.15016553044686681  0.16031965719763985
  0.17112292003242965  0.18276515005097488  0.19455732028336045  0.20602283851263539
  0.21727869065854330  0.22837195469290020  0.23883755736416573  0.24945314925960865
  0.26083381660810717  0.27229449735904432  0.28304928611090197  0.29413350993982162
  0.30629172100238589  0.31920135150776763  0.33216923951081734  0.34454405449406733
  0.35692136587521811  0.36959244747634334  0.38221243221984341  0.39475728772359453
  0.40691182543399668  0.41849084839433798  0.42958294399541419  0.44128822609028218
  0.45355124649166667  0.46547192915232255  0.47669846310347769  0.48815029069986859
  0.50019429549588645  0.51306865196083040  0.52587547896680920  0.53825831686005265
  0.55046212762511448  0.56222869896110605  0.57382890175285628  0.58499437855225833
  0.59463915701876691  0.60421667660991252  0.61392878989137489  0.62377850769233467
  0.63370317867242054  0.64376548630251329  0.65528001763644883  0.66709752227079011
  0.67871917933601533  0.69010125505784625  0.70086314041572662  0.71241644906144630
  0.72424400878992834  0.73544176113926341  0.74596024339622680  0.75649001506211044
  0.76764553210743913  0.77808584499306199  0.78883144660630655  0.79819367010477871
  0.80687173097880016  0.81523135836087357  0.82344231077268859  0.83154259145729525
  0.83948572453017123  0.84726098587597909  0.85543115213695764  0.86435995314850311
  0.87349933468670282  0.88256107716284526  0.89151975459024924  0.90057420872721716
  0.90985154590094819  0.91880541596674836  0.92733992067363558  0.93543321551779490
  0.94332869083906068  0.95151154917421099  0.95974547209752903  0.96785020243998476
  0.97607976622926285  0.98442297002334578  0.99230610833587596  1.00000000000000000
 -0.00244094870387483  0.00923159273323729  0.01921429988377836  0.02937475608362830
  0.03984081274035557  0.05093813903104267  0.06210566625015364  0.07314922166450970
  0.08357913476263377  0.09434282987663441  0.10521078509338666  0.11669223867194019
  0.12856627517689473  0.14085903373221562  0.15296576383782662  0.16473223526272970
  0.17663267661963000  0.18827549912019259  0.19957495119156102  0.21031534126274809
  0.22119745665472598  0.23191089465007186  0.24276758527784900  0.25431702035250736
  0.26640664634490102  0.27847544535953050  0.29034419910933285  0.30235980086604919
  0.31428389614345659  0.32580259307611492  0.33708900985341822  0.34825744188357333
  0.35914097460261146  0.36972115255449917  0.38029768757905191  0.39138707679976209
  0.40341117982922542  0.41592416969197860  0.42796252420952507  0.43961834137383499
  0.45132550458341375  0.46297367396509420  0.47282495210170256  0.48317637341069553
  0.49379937773026517  0.50366219234907361  0.51323531966590397  0.52321073834020548
  0.53400244211729908  0.54479367166864434  0.55517434521847941  0.56532654163252460
  0.57461613160313529  0.58412092067639965  0.59344532596893396  0.60299491063974320
  0.61214282449290813  0.62123471997974800  0.63092206312350496  0.64111359971010429
  0.65142587679522967  0.66206145039573017  0.67334277494069827  0.68501865791540084
  0.69636738963535916  0.70746276691851173  0.71765390406023744  0.72728025710132027
  0.73558109080636791  0.74352748458560847  0.75182044342185261  0.76116063915248267
  0.77074465374874102  0.77984653371922497  0.78874758735559980  0.79773485912629105
  0.80662013455436077  0.81564027212471046  0.82503699711320244  0.83429477148438069
  0.84424658760430160  0.85451195140695402  0.86530051317545786  0.87556651754788473
  0.88513958024402217  0.89453707804086047  0.90444706577260447  0.91507206001063968
  0.92481415953643797  0.93413535930847835  0.94374216089296559  0.95408019902549690
  0.96476132054980435  0.97584299905629612  0.98735860959310084  1.00000000000000000
 -0.00304642894817823  0.01196105817062213  0.02476818077708311  0.03780370738730018
  0.05012336477605947  0.06197806768611409  0.07382413053677572  0.08566097417260365
  0.09591698290189220  0.10706507777026986  0.11839665549164556  0.12934143634500442
  0.14020454503022667  0.15156372395020848  0.16332378922774657  0.17474083661919110
  0.18579874066939842  0.19607525876959031  0.20585596694082384  0.21552877976315055
  0.22529013060516370  0.23485358190034883  0.24454167853814943  0.25475232850000529
  0.26532354460975105  0.27526108574684849  0.28496530412304794  0.29443209400585402
  0.30355468970833016  0.31242610580226676  0.32131316428867218  0.33043479093627603
  0.33953413082492445  0.34843993828084413  0.35760160434820931  0.36766325067630834
  0.37778205704276296  0.38712929806724539  0.39588731275194500  0.40427857134915085
  0.41258740323151388  0.42141055391579912  0.43054563066960860  0.44021169069399863
  0.45036859554467856  0.46019425614027976  0.46933350062108314  0.47818860751205028
  0.48708379125163775  0.49594052145509632  0.50463815746343366  0.51298040465992556
  0.52199076469178896  0.53166154548096622  0.54121810986076235  0.55017243578750064
  0.55904065913005430  0.56831639239650744  0.57798108961560890  0.58744759783383349
  0.59670500719618058  0.60648365363535861  0.61689650210570224  0.62744365095788934
  0.63760698800904803  0.64730704473962597  0.65713518777115321  0.66712001250193542
  0.67703710076763746  0.68697195787787058  0.69635829242391634  0.70544371078263046
  0.71451835002869579  0.72347202702151492  0.73298490597500532  0.74300392635270007
  0.75352265748453440  0.76454067543680626  0.77578790592323632  0.78780741627756223
  0.80069736108107337  0.81380981740114777  0.82647654424723638  0.83853817861905577
  0.85043215653498216  0.86237959750327697  0.87413208467263714  0.88684624764939113
  0.89886983699456646  0.91198365077910926  0.92582922030027237  0.94020977805424166
  0.95564987581574157  0.96963665815859001  0.98502036201699461  1.00000000000000000
 -0.00247474299692730  0.00896920563686780  0.01945824516246007  0.02975089997538662
  0.04095034003567829  0.05103578782884313  0.06123417046866826  0.07107325974823177
  0.08087725936805200  0.09060033400175481  0.10067797623496635  0.11136797009629654
  0.12207907430233345  0.13318046096452266  0.14470994602716347  0.15631483224277096
  0.16737741860198957  0.17817029217544761  0.18877644913059552  0.19969150995176724
  0.21070122468757957  0.22243161145237331  0.23414034609499851  0.24588648709645022
  0.25680162487886421  0.26748409139431079  0.27861627956889734  0.28981828425202605
  0.30116896864664605  0.31300877900625412  0.32487064037976682  0.33703955638334648
  0.34893539864436118  0.35983306330944126  0.37018236782775205  0.38052073244722245
  0.39119115470885440  0.40172835940717361  0.41193429970400125  0.42271948837326329
  0.43445224304716179  0.44599523260573959  0.45679440028081053  0.46756130609423779
  0.47835957486426622  0.48861161052743823  0.49842411443521967  0.50826064571637009
  0.51796036580405347  0.52768699800223351  0.53728087621074117  0.54700134873663309
  0.55687735998828058  0.56828585655387043  0.58094615506685743  0.59286203538365023
  0.60464616492765755  0.61705414132245362  0.62974259805524968  0.64225766880737423
  0.65382844879533863  0.66483880557209352  0.67578146738794098  0.68697226845489900
  0.69809291936112206  0.70917254473273428  0.72036527644384440  0.73159787301443358
  0.74221386233919995  0.75219462250652658  0.76161724686749310  0.77112244017871734
  0.78070571080106488  0.78996246140763859  0.79931432939202152  0.80893470480416041
  0.81796187368986528  0.82624541845472455  0.83449722534123161  0.84310681401351872
  0.85190188045547777  0.86050379046476344  0.86914526356691324  0.87836301445425391
  0.88862760803132479  0.89913657671689595  0.90915666845149901  0.91861092567595903
  0.92809914051690012  0.93789704092232229  0.94790613494883924  0.95808469732105483
  0.96885425761185573  0.97980224995024945  0.98990907107705828  1.00000000000000000
  0.19938862056602585  0.43143234153187116  0.53124033435942475  0.58854806107876578
  0.62003341201424267  0.63570884086409563  0.64459061711895949  0.65076361785996972
  0.65562329080327975  0.66028440183457249  0.66504659945130828  0.66914090273495930
  0.67294700330518942  0.67654867112744599  0.68004490947373641  0.68349039241518084
  0.68693680931573242  0.69022659729168268  0.69345168183909045  0.69670201562218725
  0.69998762106548662  0.70328771841160409  0.70656543723591736  0.70976322061400432
  0.71268547539090765  0.71558722714467560  0.71836131213341925  0.72113225896203548
  0.72390949367358559  0.72670556198234904  0.72968461865072576  0.73287019853387758
  0.73615057475970402  0.73942990002758180  0.74264762260875272  0.74577281110990246
  0.74878722937880648  0.75163899314513916  0.75448963139185332  0.75739649062357206
  0.76036708604152725  0.76346076621677506  0.76659763817910176  0.76978234757477737
  0.77307468934788837  0.77644270108777658  0.77983162701680886  0.78325600167708964
  0.78668418381803218  0.79006462157729818  0.79357458282985560  0.79713562060245891
  0.80076012431270027  0.80446984321440840  0.80821806466420920  0.81190592292062436
  0.81525725508975833  0.81865730312333584  0.82216546535109558  0.82580630580062830
  0.82958084998726500  0.83321874169751886  0.83661456531770440  0.83991766082763242
  0.84325068288617233  0.84675410687208630  0.85034132677901320  0.85396042257268023
  0.85750677930065355  0.86096556688670500  0.86439951591731112  0.86780345855674179
  0.87111427814140341  0.87444514978551446  0.87786214942239271  0.88140214556100893
  0.88508772506190603  0.88895526498808397  0.89304182210609839  0.89713589067153976
  0.90189949312428508  0.90646392049819691  0.91113989445498433  0.91561074790360797
  0.92001476141015770  0.92450819494660197  0.92950190519048514  0.93481772737280000
  0.94041371890806646  0.94624162480838736  0.95230910498637489  0.95875573388207691
  0.96578110579351173  0.97340244167888135  0.98344950985959778  1.00000000000000000
 -0.02267394694823369  0.13001711511502773  0.18009744304727759  0.20818488923992023
  0.23161711164386620  0.24967404222861708  0.26608377804932004  0.28080572227167255
  0.29446474496818142  0.30823147586886313  0.32120360375369139  0.33360475843968018
  0.34594047154239410  0.35814010472841196  0.36950917415490431  0.38043922934151847
  0.39131512394576723  0.40161845759920917  0.41118881098801613  0.42095079915888789
  0.43020261447368779  0.43920332115390953  0.44722349840521841  0.45517078010187001
  0.46323033273130737  0.47148431721352457  0.47947098353150114  0.48726412736301200
  0.49491453928556162  0.50226547011205391  0.50932636730335801  0.51613609101669877
  0.52292147335634975  0.52963131057493540  0.53630489793079572  0.54290169873814187
  0.54948715831776629  0.55604935576154590  0.56225218254580911  0.56797101536244354
  0.57345515872601194  0.57890177735297121  0.58438138860127897  0.58997237082282383
  0.59551158297906914  0.60093954130782967  0.60638501036040549  0.61184856179405755
  0.61732703000918943  0.62283172721457636  0.62870756059818944  0.63488946130566237
  0.64111177883984483  0.64736893938592277  0.65354593778663372  0.65965878921477017
  0.66555410308379293  0.67117948028429320  0.67672954714492606  0.68226338965294842
  0.68760930436264511  0.69262902430866458  0.69776131826381038  0.70284376839452023
  0.70787366376675820  0.71275315721390875  0.71750343560665619  0.72230283238155513
  0.72716372514386485  0.73203701594772075  0.73692336793049851  0.74180304664140972
  0.74652926658193164  0.75101954954386141  0.75584293822414161  0.76092822862070797
  0.76635556273333105  0.77216130860547405  0.77788464330724338  0.78367266847316164
  0.78954105422672871  0.79627668391845208  0.80318902068384901  0.80933979423744684
  0.81544424293633855  0.82183129526313814  0.82839311457187914  0.83523549268182151
  0.84235045822566257  0.85111146842608199  0.86121391489033305  0.87208206804152211
  0.88344244799652760  0.89687521774923040  0.92954852150393985  1.00000000000000000
   2.2474019598122166E-012  -1.0000000000000000     
 F F F F F F F F F F F F F F F F F F F F F F F F F F F F F F F F F F F F F F F F F F F F F F F F F F F F F F F F F F F F F F F F F F F F F F F F F F F F F F F F F F F F F F F F F F F F F F F F F F F F F F F F F F F F F F F F F F F F F F F F F F F F F F F F
  <DiscreteSampler_grid>
  grouped_processes
  1 # 1 for a reference and 2 for a running grid.
  10 # Attribute 'min_bin_probing_points' of the grid.
  1 # Attribute 'grid_mode' of the grid. 1=='default',2=='initialization'
  0.0000000000000000 # Attribute 'small_contrib_threshold' of the grid.
  0.5000000000000000 # Attribute 'damping_power' of the grid.
 # binID   n_entries weight   weight_sqr   abs_weight
    13   10   9.205295394974152E-001   5.517840341377825E+000   9.205295394974152E-001
    14   10   9.205295394974156E-001   5.517840341377831E+000   9.205295394974156E-001
    16   10   1.168740531569929E+000   9.046796446358922E+000   1.168740531569929E+000
    17   10   1.168740531569930E+000   9.046796446358931E+000   1.168740531569930E+000
  </DiscreteSampler_grid>
