 -0.00391193409407668  0.01209109562883686  0.02344172955492317  0.03250219993301129
  0.04072499413940953  0.04855299181962759  0.05680988147910530  0.06570821054693235
  0.07440532890198659  0.08272090521491117  0.09127990638037289  0.10087753516851247
  0.11024101138614978  0.12016794768956768  0.12987110724887349  0.13987959699117355
  0.15081011402718422  0.16376875396440563  0.17516342854182579  0.18608380084028020
  0.19894099585027528  0.21157983192053575  0.22241562207266150  0.23217090687540543
  0.23954493795903567  0.24660675173492835  0.25373898816805346  0.26224466691598480
  0.27086133101258897  0.27932491314334085  0.28780322939111480  0.29717463418320123
  0.30615250943578048  0.31430014307072313  0.32235588666051962  0.33057734704714270
  0.33970428216473247  0.35056302515948429  0.36168789684612834  0.37244160574673985
  0.38085427374761738  0.38843209639750614  0.39776244909786374  0.40881061597910817
  0.41866532425476510  0.42768376415554932  0.43674397033148382  0.44744575590865199
  0.45919214249242807  0.47181208237163363  0.48688520131455787  0.50162460110260887
  0.51421000155965302  0.52621119427667018  0.53881480157103334  0.55217753009401715
  0.56707121120012216  0.58162341325022404  0.59652494082939900  0.61212948887046692
  0.62678280798851660  0.63981808725070721  0.65168637857564415  0.66331625075271328
  0.67369174318482350  0.68356621962596487  0.69320513494811331  0.70266602405073075
  0.71125921627621436  0.71907071059075778  0.72708060481460723  0.73567150539627291
  0.74700232209556328  0.76323624395176815  0.77467858219828256  0.78532940659863848
  0.79391831191120599  0.80050887228343615  0.80814909385303613  0.81438029563918779
  0.82077480904144196  0.82777306770920545  0.83632699016968148  0.84625045985139502
  0.85561421168292473  0.86456760306392266  0.87373868708950608  0.88443940411223243
  0.89696602248140445  0.90864514198510193  0.92137303182471209  0.93605236938106495
  0.94976534771230237  0.96517652346609539  0.98287886596254381  1.00000000000000000
  0.00000001014276784  0.00000270242169687  0.00000643499027037  0.00001057071759108
  0.00001478989077721  0.00001883688060048  0.00002266699717369  0.00002627977408128
  0.00002933620553660  0.00003185958956655  0.00003394291128558  0.00003516484319952
  0.00003640627379241  0.00003753112865972  0.00003855281236835  0.00003951578219778
  0.00004035946227106  0.00004108211025124  0.00004171132107824  0.00004231450640946
  0.00004289690728538  0.00004344181507614  0.00004392082546779  0.00004437628210147
  0.00004480887953326  0.00004520226991723  0.00004555285552504  0.00004588321312540
  0.00004619088767441  0.00004646646310155  0.00004671174461377  0.00004694057671551
  0.00004713358441493  0.00004731257174162  0.00004749001227647  0.00004766117377750
  0.00004781915629657  0.00004796508509511  0.00004810159468032  0.00004823015029845
  0.00004834912706447  0.00004846689081667  0.00004858397722244  0.00004869387903758
  0.00004880247682163  0.00004891115337501  0.00004901892917008  0.00004911946817587
  0.00004922074849222  0.00004932928604330  0.00004943856531413  0.00004955680350258
  0.00004967605244586  0.00004980016792886  0.00004992391164212  0.00005004698771969
  0.00005017972052503  0.00005032108404586  0.00005047323126563  0.00005062988669292
  0.00005079044510177  0.00005096180736350  0.00005114785797722  0.00005135732163533
  0.00005157739013231  0.00005181192058044  0.00005209250074615  0.00005239918087495
  0.00005272812598520  0.00005308421305283  0.00005348640238982  0.00005394579245404
  0.00005447188302174  0.00005504862850550  0.00005566068291820  0.00005629902806525
  0.00005700394299138  0.00005778386386963  0.00005866194284923  0.00005969986408584
  0.00006118768372207  0.00006295355251161  0.00006484916841243  0.00006693583366902
  0.00006925784735419  0.00007193017079641  0.00007765635045695  0.00008708459128948
  0.00010174985280559  0.00012227439332122  0.00015913429883562  0.00022747133527669
  0.00038892781174527  0.00088241344951759  0.19014169626742439  1.00000000000000000
 -0.00267933501012675  0.01241153937941082  0.02550295107345881  0.03794636531906882
  0.04952330201479808  0.06076495681447355  0.07077838177134980  0.08014499941907516
  0.09067396747604661  0.10236093949669382  0.11419529162229712  0.12632931510768611
  0.14130854272564922  0.15732259786255212  0.17288528432232678  0.18690547351707673
  0.19714234318288087  0.20667654063181104  0.21697229379743577  0.22770243339267818
  0.23761841433897321  0.24815363687565900  0.25965351222016375  0.27112088796087352
  0.28105779816369453  0.29069561612128708  0.29940499948533666  0.30877489981850187
  0.31956676925757205  0.33151573623094543  0.34408537658794436  0.35654676447642780
  0.36824829216809329  0.37889925422562254  0.38854621353273777  0.39761855716306926
  0.40660489712207970  0.41502435177953595  0.42323795367353861  0.43111766793025841
  0.43906061711831823  0.44806374738104038  0.45752881599141965  0.46951941678571896
  0.48228649910158095  0.49530092078650012  0.50808601116649355  0.52090202652045026
  0.53323888319288626  0.54612846434541740  0.55851328608704953  0.56889224362997193
  0.57779714255457204  0.58742004507389611  0.59753218633303118  0.60696359634268271
  0.61453157292291039  0.62138318499583822  0.62836749418212168  0.63677116445259618
  0.64563804821183812  0.65536858981994428  0.66429521349022480  0.67381143319831616
  0.68341082913867646  0.69314360450884138  0.70249063164960346  0.71241925495976233
  0.72090109192630614  0.72867013412442605  0.73675100137733540  0.74573995308257401
  0.75573465255097028  0.76808053972910539  0.78181822258152034  0.79441829305757727
  0.80654443273514509  0.81738171639649992  0.82657303846134123  0.83611278008092238
  0.84439506990605118  0.85486397740248921  0.86602263155151693  0.87686191042535322
  0.88502909381072215  0.89306359990393269  0.90193136373507565  0.91292516665052048
  0.92333053276155608  0.93204033220279625  0.94069433535053515  0.95239549044796701
  0.96391966497180981  0.97551923540200169  0.98776578472593324  1.00000000000000000
 -0.00471907770455204  0.01428299115992511  0.03294736944603721  0.05248888856811905
  0.07086385535317316  0.08534595327353778  0.09807862722140527  0.11038330236733122
  0.12223875338998695  0.13428006325773217  0.14811226913470643  0.16095447213948819
  0.17329250479865602  0.18655399465140318  0.19589404293048482  0.20436451645676720
  0.21300925265769968  0.22142472787369571  0.23056252280307496  0.24175710818395879
  0.25362521750448508  0.26293091720274187  0.27171573712265595  0.28024431531696187
  0.28892945870423592  0.29605166405142985  0.30245537846527065  0.30894504695464747
  0.31631238159685865  0.32467738854383188  0.33327465558585634  0.34151509642992117
  0.34994922132969347  0.36256663924050253  0.37906938806052487  0.39248122726311274
  0.40248390675532458  0.41096970833560814  0.41994621910907032  0.43020429733436860
  0.44054138905924334  0.44963700483147584  0.45827264909985010  0.46791128196265963
  0.47835607262643176  0.48892044529520695  0.50112816567198604  0.51340620405513082
  0.52410699030832097  0.53285124603379486  0.54278546623707091  0.55318316123616496
  0.56331282712035047  0.57289474259865536  0.58302907242072655  0.59477059774533847
  0.60675057837837054  0.61723685312570431  0.62701143543081928  0.63659622476168620
  0.64688440026899086  0.65736602547866130  0.66653756775026596  0.67439391493144263
  0.68183654092521506  0.69110826752946031  0.70283445882801654  0.71617977386063891
  0.73063389704525838  0.74523097430992957  0.75604069858856970  0.76520702808144059
  0.77464996964286836  0.78318539383250940  0.79198656241159660  0.79991506575532745
  0.80863705581991463  0.81784344901742645  0.82805861514321089  0.83794272876944664
  0.84745884790758874  0.85727721476582608  0.86811126794353233  0.88067048978372342
  0.88946626935201345  0.89774901589905731  0.90600736885753530  0.91565447748229190
  0.92530053053948147  0.93550582318465292  0.94908964914144622  0.96285188681622824
  0.97249449332585425  0.98165969996692737  0.99077447876754454  1.00000000000000000
 -0.00263675507731755  0.00633440230506852  0.01498158709375234  0.02395282107776697
  0.03570392263345760  0.04734975945711082  0.05702947822561130  0.06644137923333104
  0.07459748777065782  0.08410421974995767  0.09596583523047925  0.10999863040187476
  0.12728540835573063  0.14153711107843700  0.15530620851943674  0.16937180544828911
  0.18322451477955046  0.19673377696974434  0.20994367756226590  0.22191364996705787
  0.23260219184659001  0.24307922958235295  0.25349696847337605  0.26537983496332640
  0.27997718721915910  0.29492699879683665  0.30719980693659898  0.31781413302222888
  0.32731986423027148  0.33611864227533167  0.34383126532383179  0.35184766978697313
  0.36161218105755344  0.37098576813323991  0.38008931513256033  0.38860584670646647
  0.39644236101652447  0.40480458699731731  0.41395778114534609  0.42243095846319995
  0.43124202078889734  0.43960973962919958  0.44837474540161421  0.45750439410666566
  0.46669827846505002  0.47502142507159767  0.48367778497838265  0.49306069743941361
  0.50204152203476593  0.51508018383824006  0.52914262512796795  0.54394700719944789
  0.55782794765085586  0.57183152294729778  0.58601275344692183  0.60297658336497106
  0.62079216398405956  0.63375240505578445  0.64398355758267933  0.65358896801400579
  0.66283811578302754  0.67245642828260821  0.68239455027041085  0.69467606503701362
  0.70852838996347633  0.72012621369669549  0.72978890995593104  0.73863278932892451
  0.74588777148841712  0.75251798403043468  0.75943879717388496  0.76719445747318016
  0.77677116307321392  0.78911120856642347  0.80178199173714670  0.81318568327170992
  0.82158575400114497  0.82860661434590543  0.83514131056616914  0.84192191632763824
  0.84944055769472659  0.85696903137115421  0.86417630635725118  0.87156481151588772
  0.87983016931578240  0.88822557542855074  0.89709626813322796  0.90596433620227868
  0.91480380073504586  0.92446834299881153  0.93363452479267683  0.94561781421735014
  0.95970879949979659  0.97335704172452475  0.98641032853704036  1.00000000000000000
 -0.00161391058467650  0.00827547984642320  0.01429693991586519  0.02024827781405678
  0.02816634071470908  0.03720009724835152  0.04675291374183728  0.05737421129891078
  0.06774628454614483  0.07931923636162110  0.09218729869557268  0.10384394077295282
  0.11474227007761628  0.12535576849877506  0.13582905615183419  0.14576341562234044
  0.15477672481905561  0.16321300951967976  0.17113344113253001  0.17863390672174087
  0.18647377043623201  0.19306912934172105  0.19913711993397548  0.20541063288173228
  0.21278882213677835  0.22114571409696643  0.22855815427504039  0.24437266937644525
  0.25986245578475892  0.27345856237347571  0.28583863166566803  0.29904158684814253
  0.31038429588262073  0.32096838350406592  0.33148589292221670  0.34256029323088744
  0.35404871411205596  0.36441939409890689  0.37517990123310613  0.38729220428278865
  0.39849829707271489  0.40893045611180223  0.41860386979554431  0.42823771261469723
  0.43898725195529537  0.45132358962198638  0.46503436831028083  0.47946078585327195
  0.49616988397638478  0.50739410276312846  0.51659344907248339  0.52588251207725012
  0.53440624998655850  0.54213719057661047  0.54988342130964085  0.55793330645009842
  0.57021374588281371  0.58732185873569887  0.60438119263273160  0.62105742386159057
  0.63672841946442860  0.65276450361942429  0.66842940859223599  0.68223885765474335
  0.69273304301672256  0.70100907316822780  0.71106039851183644  0.72155335973317569
  0.73159753650417758  0.74193243903716855  0.75416316294669017  0.76901872049062980
  0.78627550957650671  0.79944717199673498  0.81139548658837923  0.82010085669275590
  0.82755367407549374  0.83491791503728019  0.84226962872952382  0.85045965467711138
  0.85932372928777434  0.86917945811309028  0.87674828371244884  0.88400691471194226
  0.89073829468399934  0.89892610597660838  0.90923488810057040  0.92081364769119889
  0.93170790832206118  0.94248363926842738  0.95382915539320579  0.96430178633647690
  0.97442316364910309  0.98356414861128239  0.99206483216414021  1.00000000000000000
 -0.01109058948696349  0.07229817276260377  0.11899518903252040  0.15601568896851570
  0.18235939984803412  0.20634159445851119  0.22931904658050056  0.25126842433132507
  0.26725275570405926  0.28062394117080197  0.29179417235368998  0.30190180371264302
  0.31110488181130858  0.31975195546323704  0.32859358280514422  0.33662920524953643
  0.34367488154004477  0.35022722872972428  0.35609118314382027  0.36124106584889426
  0.36606960463523797  0.37098986258710931  0.37625587884674405  0.38213233689048859
  0.38801776869892207  0.39324390947779919  0.39782455906766007  0.40207872906914927
  0.40651996258868767  0.41117750423708260  0.41550336536725052  0.41951465976973046
  0.42369544352858268  0.42786480196815319  0.43206297775255559  0.43632996205431351
  0.44031626131355311  0.44422538574926257  0.44808835398663105  0.45176668124730268
  0.45574271805942446  0.46089047791818516  0.46687329550018380  0.47271442480582293
  0.47823993482036775  0.48319461703038125  0.48782570461407659  0.49220068423021091
  0.49636748666014285  0.50043617150396058  0.50603446928070261  0.51143632396889438
  0.51684827298844660  0.52249139562763547  0.52833408918007463  0.53370078138724286
  0.53848353721223163  0.54304273136481429  0.54774779080637626  0.55282680683670082
  0.55856771243827197  0.56407858834903557  0.56827674997300437  0.57203355264553479
  0.57564848402340074  0.57923624729080325  0.58314772038065465  0.58713937565776109
  0.59146536897638435  0.59628161199674934  0.60042271152996285  0.60476944711705516
  0.60903091309877844  0.61393423823411408  0.61841318169713644  0.62260035188845686
  0.62722216552843890  0.63273270439864127  0.63868005439156583  0.64561586197536736
  0.65413411093346552  0.66333605738210322  0.67310598785982934  0.68414563632703962
  0.69635852462313119  0.70978353822898632  0.72230267623325795  0.73363356251512579
  0.74485166632669475  0.75656002274074030  0.76984402484533088  0.78703332228439160
  0.81008856692543363  0.84556272362011287  0.89842257674537385  1.00000000000000000
 -0.00194676257876466  0.00869270443135560  0.01796426655504550  0.02853872007588110
  0.03977898794517379  0.04982161659950590  0.05990680564020556  0.07272256302121204
  0.08802954442503344  0.10474216390863680  0.12268796695668252  0.13997636691169174
  0.15686893725827070  0.17110743919180246  0.18541612032715857  0.19978193659378854
  0.21206358393731536  0.22323990041736030  0.23326719521269007  0.24300088203052866
  0.25324367262226227  0.26249530383594377  0.27051732364851883  0.27819315384225968
  0.28670154183545854  0.29702838108002805  0.30633535474054258  0.31593850177695887
  0.32547351547497305  0.33504299966289569  0.34368954748161612  0.35275546909338218
  0.36269686635378212  0.37258752201696271  0.38293679092221367  0.39319620329473953
  0.40510598154299560  0.41856185231338783  0.43462901971256346  0.45243708006046329
  0.46827025172597986  0.48186391860639677  0.49422703693266018  0.50396683138197274
  0.51206399214622100  0.52156394500028158  0.53219039975889226  0.54328007822634528
  0.55357940715606213  0.56283692222549619  0.57219294965028056  0.58118064195935248
  0.59051666496346422  0.60052843368050346  0.61015931484211772  0.61795975972609718
  0.62562189878524566  0.63468850332905014  0.64318855307792644  0.65079857884571213
  0.65729013344115095  0.66513664770461145  0.67253432814463920  0.67968601612624335
  0.68564205391426558  0.69183614353580725  0.69867484760984533  0.70625316644477576
  0.71521106323243377  0.72556135061606164  0.73755356104431991  0.75023321584744851
  0.76279026199838373  0.77521300005913418  0.78903047535535775  0.80411234796547659
  0.81641757154088501  0.82604568914126553  0.83471004304045671  0.84382556299823985
  0.85397893917387957  0.86551715528595075  0.87465134316218252  0.88255748028984671
  0.88917819577342305  0.89607802209208265  0.90555463143203385  0.91580870849994767
  0.92531437996881094  0.93477540011736970  0.94742234674574033  0.96066430661173152
  0.97084507940384068  0.98015996924867421  0.98986918485257092  1.00000000000000000
  0.20437546595997066  0.53134013141047887  0.60975891420185302  0.63720550104385443
  0.65062965662641470  0.65725461285893849  0.66316354594151083  0.66853296186925093
  0.67412527315587878  0.67974342893973949  0.68520330865793488  0.69042812761132188
  0.69581906315090603  0.70149001842979730  0.70698806309578377  0.71193593735529836
  0.71683377077243571  0.72185552359814120  0.72741260657925411  0.73259830649109325
  0.73724724077245918  0.74143272916824976  0.74562915294743171  0.74988368028573438
  0.75446859026803725  0.75920565169723031  0.76312026782898190  0.76678544987555142
  0.76966312143684179  0.77222835630139186  0.77511638067491861  0.77815470987637814
  0.78137272686080528  0.78515501702763379  0.78954855153297909  0.79400779531213794
  0.79838767339281158  0.80279782479834327  0.80697348893026877  0.81135362614044670
  0.81513630654675906  0.81891295743371195  0.82255953695905382  0.82614387586479110
  0.82967851305078055  0.83298459841311456  0.83580778264268574  0.83823125227734185
  0.84081101298610894  0.84322679630816522  0.84586212011923456  0.84860886071422770
  0.85142623538958517  0.85416596437144343  0.85659851751033911  0.85888963220282211
  0.86131528207669195  0.86381267445690113  0.86660781056458691  0.86943668422871556
  0.87188499504423800  0.87418071904718642  0.87647245767745030  0.87863820083979483
  0.88099943730483476  0.88330835706410804  0.88580246021626419  0.88840373633710312
  0.89111023893406016  0.89386894056785204  0.89659972288866008  0.89904029335844149
  0.90126785693404288  0.90344918978028366  0.90585186103672677  0.90853781612739049
  0.91110849177815389  0.91361137129526393  0.91627216325951766  0.91887775905502067
  0.92276364578384218  0.92632057202814400  0.92969902296395446  0.93285159516035954
  0.93585915099411976  0.93975556989795572  0.94418009369695677  0.94860699022035255
  0.95291836314169098  0.95741200498295309  0.96212181513114237  0.96708696723453469
  0.97233332708669584  0.97733864663049863  0.98749128267702058  1.00000000000000000
 -0.02696074156245967  0.16642104093447579  0.20246200387542376  0.22471113944951432
  0.24287777498742674  0.26046491231919233  0.27781098351427802  0.29663312557495114
  0.31344402522188403  0.32393331354700045  0.33372792369620474  0.34358778648059685
  0.35318404244398427  0.36160303108908370  0.36954043822537835  0.37843482401430945
  0.38895770521495832  0.39817690935949596  0.40506993933937091  0.41177731704588005
  0.41747253216751201  0.42307909901781660  0.42927435022099919  0.43663361644048715
  0.44410727736797773  0.45124957489697903  0.45955649165690904  0.46974472754986135
  0.47955434286651510  0.48853658263713173  0.49713891156404072  0.50529036160707763
  0.51290865600216851  0.52086829905817600  0.52824274719291275  0.53525218708959998
  0.54198908828064307  0.54778636101615064  0.55302770070086782  0.55839880071297898
  0.56387558475951371  0.56967455047205628  0.57561617287364941  0.58166766556225213
  0.58742219984207034  0.59274227011781411  0.59794571088559767  0.60347427491896699
  0.60998102711729929  0.61669868200382871  0.62324711517551945  0.62973157480576203
  0.63544269021072430  0.63994925228284694  0.64456065364528725  0.64903636539811993
  0.65325618169892796  0.65793788120909913  0.66368034028517098  0.66975817611697008
  0.67545042309103487  0.68071156222879714  0.68560763079848608  0.69009801507094048
  0.69433339536083183  0.69878960058018202  0.70327016266631903  0.70834641968881817
  0.71366523212562338  0.71945753745856555  0.72556454382544522  0.73185967696834597
  0.73843600163132173  0.74536923593386795  0.75203015437293863  0.75866800046899929
  0.76478556890516336  0.77079848307416454  0.77676343346050669  0.78262648542407331
  0.78896608172646110  0.79607429611210712  0.80374074538889506  0.81166109976374290
  0.81993426790918411  0.82778673039435180  0.83516387785304014  0.83976318894081636
  0.84607773842732381  0.85296134550786884  0.85829606789125434  0.86336871838211349
  0.87245225239268731  0.88237747368585184  0.90433078184045845  1.00000000000000000
   2.6265923745990766E-010  -1.0000000000000000     
 F F F F F F F F F F F F F F F F F F F F F F F F F F F F F F F F F F F F F F F F F F F F F F F F F F F F F F F F F F F F F F F F F F F F F F F F F F F F F F F F F F F F F F F F F F F F F F F F F F F F F F F F F F F F F F F F F F F F F F F F F F F F F F F F
  <DiscreteSampler_grid>
  grouped_processes
  1 # 1 for a reference and 2 for a running grid.
  10 # Attribute 'min_bin_probing_points' of the grid.
  1 # Attribute 'grid_mode' of the grid. 1=='default',2=='initialization'
  0.0000000000000000 # Attribute 'small_contrib_threshold' of the grid.
  0.5000000000000000 # Attribute 'damping_power' of the grid.
 # binID   n_entries weight   weight_sqr   abs_weight
    13   10   1.561960948749935E-001   1.034743639944811E-001   1.561960948749935E-001
    14   10   1.561960948749933E-001   1.034743639944809E-001   1.561960948749933E-001
    16   10   2.019793576884155E-001   1.743228818060176E-001   2.019793576884155E-001
    17   10   2.019793576884152E-001   1.743228818060172E-001   2.019793576884152E-001
  </DiscreteSampler_grid>
