  0.00000008936900939  0.00000022622874047  0.00000069058012745  0.00000516315620924
  0.00001255071502373  0.00002206025288512  0.00003109600006258  0.00003660154176281
  0.00003950688178811  0.00004144451523905  0.00004273467418007  0.00004386452567558
  0.00004455932093952  0.00004519089043592  0.00004563471130639  0.00004597378034427
  0.00004625805901295  0.00004650888087314  0.00004674542384583  0.00004696652495893
  0.00004715737074953  0.00004730904309877  0.00004743190449112  0.00004754711760667
  0.00004765897014966  0.00004777191616920  0.00004788346706874  0.00004797334234514
  0.00004805544548733  0.00004813479581917  0.00004821114991507  0.00004828522779036
  0.00004835612284803  0.00004842432010611  0.00004849234896519  0.00004856502743533
  0.00004863299112926  0.00004869845934854  0.00004876303803213  0.00004882407409717
  0.00004888140068175  0.00004893821496224  0.00004899344842899  0.00004905181013998
  0.00004911006591732  0.00004916731250325  0.00004922356012512  0.00004927934751989
  0.00004933558334428  0.00004939283409727  0.00004944665049485  0.00004949306708293
  0.00004953837266492  0.00004958476483730  0.00004963368483471  0.00004968374565660
  0.00004973291215081  0.00004978049792237  0.00004983131499983  0.00004990114144749
  0.00004997448228965  0.00005005529941774  0.00005014559298073  0.00005024572796594
  0.00005035634985158  0.00005047852750355  0.00005059190926949  0.00005067862822925
  0.00005076720446662  0.00005086315806927  0.00005096545492760  0.00005107147681492
  0.00005117805220759  0.00005129722963416  0.00005143748551846  0.00005159157946819
  0.00005175348772481  0.00005197361470171  0.00005226156505181  0.00005258037368499
  0.00005293325884503  0.00005334381414010  0.00005384783208338  0.00005451701071844
  0.00005534334455669  0.00005652730581516  0.00005834013370730  0.00006079588822797
  0.00006408481501564  0.00006941936787515  0.00008158273362482  0.00012210540816544
  0.00043858566462059  0.03154217331594642  0.52777324419255811  1.00000000000000000
  0.00007094467793314  0.00007419432611948  0.00007765794185683  0.00008123170814682
  0.00008530543766397  0.00008915075394327  0.00009141719951835  0.00009215327166072
  0.00009232491041517  0.00009236963561399  0.00009239048219668  0.00009240699163828
  0.00009241943282279  0.00009242762451990  0.00009243347248380  0.00009243828607649
  0.00009244119455512  0.00009244372046438  0.00009244595522708  0.00009244790629758
  0.00009244956777429  0.00009245101650773  0.00009245246040315  0.00009245368178858
  0.00009245490317401  0.00009245612568132  0.00009245736844128  0.00009245861120124
  0.00009245988815122  0.00009246138463165  0.00009246288111208  0.00009246484343327
  0.00009246699445222  0.00009246973367351  0.00009247275319516  0.00009247635581657
  0.00009248141820185  0.00009248938686109  0.00009250067642238  0.00009251600191816
  0.00009253812810795  0.00009259732029649  0.00009272871536489  0.00009330982970381
  0.00009532455457723  0.00009961315492376  0.00010591836141012  0.00011336447295074
  0.00012219320930328  0.00013286528149924  0.00014596026577301  0.00016187780456488
  0.00018027132381017  0.00020112660909527  0.00022470605198051  0.00024953998828427
  0.00027566951113022  0.00030480780212653  0.00033851454006574  0.00037513690020541
  0.00041659765760234  0.00046280047801576  0.00051152350635283  0.00056484757384259
  0.00062162175487145  0.00068780746675771  0.00076909408309600  0.00085762198146739
  0.00094693327619327  0.00104434220815686  0.00115426791532735  0.00127577346659085
  0.00142348392423102  0.00159591811582518  0.00180464285517498  0.00202666235761083
  0.00225741155200699  0.00247287135728543  0.00263658599199465  0.00278342199916277
  0.00294668717174969  0.00313528186291108  0.00330681040557633  0.00345993946734889
  0.00361798081687083  0.00378270517295675  0.00398510050193108  0.00428890281725957
  0.00462231519308719  0.00504864571165597  0.00556949387369499  0.00611587073486693
  0.00673585303039267  0.00803866101348932  0.00963279906903962  1.00000000000000000
 -0.00000065130508832  0.00000339464625916  0.00000583743255147  0.00000872049361717
  0.00001182838384475  0.00001498460402150  0.00001782631144042  0.00002022872491801
  0.00002234093432701  0.00002430083974742  0.00002641670260779  0.00002867910242645
  0.00003112574791289  0.00003364289296283  0.00003625575765617  0.00003892577589091
  0.00004146068326781  0.00004384664637600  0.00004624395601220  0.00004866622656186
  0.00005127336869752  0.00005419229580194  0.00005697625966564  0.00005957462974043
  0.00006212443879248  0.00006468608288822  0.00006749100140575  0.00007009712893646
  0.00007210946753233  0.00007409871012470  0.00007631765714230  0.00007903689907530
  0.00008219259446963  0.00008554315964058  0.00008899093908976  0.00009262769009075
  0.00009650359509161  0.00010083276789818  0.00010464617658308  0.00010786187902505
  0.00011110970756219  0.00011424201082623  0.00011769695567974  0.00012107517929301
  0.00012561453150866  0.00013076140453863  0.00013606949859268  0.00014125542917619
  0.00014685789136601  0.00015308772591224  0.00016067837074629  0.00016997777534692
  0.00018022220711637  0.00019107654089963  0.00020292219923361  0.00021597893114807
  0.00022972156040862  0.00024370294130676  0.00025779539655704  0.00027200619615031
  0.00028653217432271  0.00030229769566869  0.00032045848207533  0.00034102036997629
  0.00036220545268630  0.00038236978894125  0.00040778446298225  0.00043401577179536
  0.00045946677794627  0.00048318336178895  0.00050668474786731  0.00053471052722341
  0.00056713819963803  0.00059576453995536  0.00062654767331180  0.00067571104013515
  0.00073845824918875  0.00077539871377097  0.00080469913657682  0.00083518395945701
  0.00086957076976827  0.00090259158132182  0.00093629557781438  0.00097833700657690
  0.00103077840455789  0.00108349716484686  0.00114685528626044  0.00127185038587795
  0.00139564710941329  0.00151435683011229  0.00167504987602171  0.00192358922824542
  0.00358599130103963  0.02515390610659811  0.13643685623620658  1.00000000000000000
 -0.00368877809493062  0.00912654114738752  0.02225419311847411  0.03528415019159654
  0.04795555627606279  0.06046425586088070  0.07318772210914090  0.08554375110999496
  0.09698840260765652  0.10798495170316673  0.11940725750146551  0.13109006604405576
  0.14325916002375741  0.15472828279274872  0.16656493618322024  0.17806572600809259
  0.19127121394784133  0.20517665882009770  0.21950452469376786  0.23196132145992532
  0.24301844677286086  0.25401598425517052  0.26494553325464820  0.27671525522914631
  0.28990694305384573  0.30145029216067915  0.31467718866018651  0.32728696272537311
  0.34235864825200163  0.35723145971105275  0.37008329518331179  0.38045759852658340
  0.38989274558401182  0.40274562414720794  0.41604765318668002  0.43028527830053004
  0.44517429220764515  0.45930495936627413  0.47261707662378866  0.48536424540660705
  0.49856474584755672  0.51299074496357144  0.52761738595247765  0.54139538696039802
  0.55447002797768363  0.56755411087344532  0.58069232278247240  0.59229519491344218
  0.60213205827049532  0.61283976784144856  0.62548694744738487  0.63758203388844159
  0.64775141068663555  0.65779722028328824  0.66810948947402249  0.68107068558625095
  0.69368143265436311  0.70341555382984067  0.71114621019015534  0.71806620468443749
  0.72614844301632964  0.73362654958755924  0.74282139313103779  0.75351630653620505
  0.76232560986852382  0.77126673707091853  0.78043636725076138  0.78904323815713728
  0.79708955723821895  0.80499225558437015  0.81399357126206140  0.82447737770712792
  0.83306248771275881  0.83908634444442587  0.84408442191508282  0.84931386475856840
  0.85535827095792383  0.86300753138507547  0.87149684671302774  0.87984046141586214
  0.88788421734972156  0.89575530302411499  0.90378032312959666  0.91166457658804823
  0.91959327142858538  0.92792540346126562  0.93635509504548375  0.94409268090529175
  0.95166302388229607  0.95922254257466355  0.96651746096682201  0.97332228953069333
  0.98017671510266902  0.98715259244740650  0.99394204878716641  1.00000000000000000
 -0.00222659851979787  0.00922859400963206  0.01803325325646009  0.02723595007179929
  0.03877763157000471  0.05040742525082766  0.06078858512714970  0.06899407457319322
  0.07704747775662797  0.08491717043672749  0.09178502911095704  0.10041728375700505
  0.11083836369573624  0.12029465370234031  0.12958422973858602  0.14143616803341955
  0.15529558316845155  0.16848112004434346  0.18005123162167408  0.19139111342388601
  0.20350743380225833  0.21610633389009620  0.22934289433701449  0.24284332063108272
  0.25610397226134302  0.26852827272946295  0.28158773575404683  0.29439062232619456
  0.30584536190560330  0.31650003843993280  0.32712656717919586  0.33820960563457875
  0.35016405533741951  0.36232882536983047  0.37378186338174768  0.38460380836729641
  0.39585506549993205  0.40786454922431714  0.41969084477621055  0.43138354355981096
  0.44349257192154584  0.45674051887137473  0.47000439779059244  0.48148884004942044
  0.49126686477216019  0.50227770742552103  0.51351241477093423  0.52402037399274459
  0.53437466836134484  0.54411177412324929  0.55223521045299462  0.55995756724737888
  0.57203485419996714  0.58362710339658841  0.59277481992895831  0.60216184581149612
  0.61309170498505061  0.62536182643404803  0.63360164785278872  0.64138687050346832
  0.64912121800097755  0.65599935728708403  0.66207554570946692  0.67040496231430025
  0.67976847911252714  0.68929131833616442  0.69874006273368816  0.70785762984017708
  0.71852176735897821  0.72936647746908123  0.73917534889505410  0.74881113792961651
  0.75903259595687234  0.76973781548973397  0.78079193028721960  0.79150584103842048
  0.80183356909144443  0.81254236310066152  0.82318395914920239  0.83188715434227356
  0.84194257421510299  0.85223151242311068  0.86369631927807278  0.87588706972025099
  0.88845768129029012  0.89980849839559462  0.91070086188667021  0.92079696060546612
  0.93041189668679014  0.94015530015129234  0.94912701025431256  0.95741531725571194
  0.96593976505445145  0.97392686652636751  0.98677789615720168  1.00000000000000000
 -0.00186387298974866  0.00762608175682412  0.01497339208359064  0.02220941166258367
  0.02976487089150907  0.03634614516712628  0.04329780266697363  0.05135338579244066
  0.06026117147940534  0.06932259828911373  0.07805335089956618  0.08681644948308050
  0.09530844503980566  0.10329080135194622  0.11166107540323722  0.12189642952591921
  0.13078964677506158  0.13738858856251349  0.14388881395133482  0.15066726957702545
  0.15691382807228868  0.16305065808585006  0.17219836770383559  0.18265800249504607
  0.19157695709796252  0.20079958608651910  0.21057928026924463  0.22026799347965104
  0.23082107582267561  0.24293217895245595  0.25515154312435084  0.26674630769022456
  0.27727922665743360  0.28788689806385848  0.29910832643248730  0.31024328892554337
  0.32146915926542358  0.33251689169585580  0.34293883897403038  0.35320671073438148
  0.36378193099612999  0.37174467962978597  0.37893873897380786  0.38691911220402481
  0.39461177799724856  0.40435178721894166  0.41548905245826406  0.42663639006296328
  0.43768841951924981  0.44879682256848946  0.46021421716336897  0.47239112369450570
  0.48411728539999443  0.49271661946666689  0.50069060993249470  0.50842215895575449
  0.51413227028874053  0.52109527887878515  0.53079309979374900  0.54210898841266586
  0.55311329024384281  0.56351412908622833  0.57375426218620473  0.58493136099241161
  0.59711631610957294  0.60981111323662363  0.62196743983981384  0.63338571829430368
  0.64272481215940402  0.65060257025369783  0.65813280802208218  0.66723626879969478
  0.67623424744129146  0.68469052927043217  0.69701643308810812  0.71327014236440700
  0.72977827133971762  0.74548997623911117  0.76004162010993870  0.77343998539336178
  0.78553128336061961  0.79644511979917931  0.80896916656774320  0.82420667022649341
  0.83952632501765945  0.85413682246728906  0.86855497381562552  0.88660668770738615
  0.90448316654622440  0.92162199935874245  0.93856155011479558  0.95381718735332099
  0.96628312581581555  0.97670536442364253  0.98815530360413617  1.00000000000000000
 -0.00276955135350372  0.00934229997632553  0.02103360097168041  0.03234212748224129
  0.04357585615052738  0.05486040971450975  0.06587876057671847  0.07605562489941539
  0.08589793639213716  0.09682945610013870  0.10928657855474290  0.12217408016538490
  0.13474999832911749  0.14763718828260169  0.16041707015963291  0.17133214560932084
  0.18039445966790588  0.18867302506245429  0.19786999857324966  0.20819958766226501
  0.21833604839563917  0.22825743090305892  0.23849806962064588  0.24902577536189532
  0.26011659533986137  0.27137110468409070  0.28143612976066784  0.29013430473432217
  0.29842494563048189  0.30790636714009301  0.31911470803295366  0.33013071859049431
  0.34172967143720651  0.35210010039506540  0.36021469833348435  0.36795002867849202
  0.37615676981831553  0.38440996921113851  0.39199373224730283  0.40140551399592483
  0.41256931482994785  0.42400452847798487  0.43574187840867806  0.44807526794877450
  0.45909708297049689  0.46787597732340724  0.47591404847404162  0.48546470255493651
  0.49610008992978694  0.50766379588705834  0.51979391595788116  0.53188740125621825
  0.54323138703294160  0.55346121097626688  0.56272322606530900  0.57264173448782074
  0.58170965466974967  0.58954628318172053  0.59695798487297302  0.60487175087596179
  0.61448445390431905  0.62463555579962904  0.63530056389685874  0.64707194054409001
  0.65959869466321408  0.67216538579248797  0.68406318558553203  0.69513839332111027
  0.70633779357616910  0.71783678172859910  0.72936752788568326  0.74075918021732978
  0.75176551838931771  0.76308580991242603  0.77582277241269582  0.78919056283764555
  0.79988759047258329  0.81068067324871929  0.82185734247609477  0.83394564853573117
  0.84773558939315230  0.86068608519204348  0.87078032449614284  0.87875090567897973
  0.88680963030293847  0.89342478417664362  0.90037328716431020  0.91181716891703468
  0.92326040876755067  0.93378519384672365  0.94616980148760232  0.95695493600259207
  0.96745310453868827  0.97846449099765109  0.98952883556752935  1.00000000000000000
 -0.00320870219928040  0.01036578844217431  0.02334443929595216  0.03534186234134194
  0.04606620151383486  0.05509782667385838  0.06422865567894047  0.07355019480441576
  0.08439305201234783  0.09609335337937672  0.10842934809199177  0.12166410947854206
  0.13490730023844480  0.14805314881357234  0.16143395529069254  0.17442327570862595
  0.18638456039696941  0.19702987024243734  0.20731021663532151  0.21846120378597744
  0.22925692596061800  0.24048367144513971  0.25180763757977909  0.26213988823259776
  0.27172102633716427  0.28277556992356134  0.29439791950372168  0.30566261676320589
  0.31846070544579119  0.33135220710007324  0.34349641525800106  0.35474241087363600
  0.36529255908533337  0.37572919610106625  0.38694722379954766  0.39891170356564193
  0.41146981961207074  0.42442864782582596  0.43645798585793960  0.44635835888208969
  0.45578184882663020  0.46590656635370742  0.47697031465507655  0.49033610674286371
  0.50409150268217340  0.51762518811205394  0.53023621454597714  0.54168937323540600
  0.55280114356614762  0.56250252949044288  0.57334603829313502  0.58601879975288651
  0.59901268520411177  0.61048692300151064  0.62033340777186508  0.62977684418139401
  0.63843339488705486  0.64673297957067399  0.65663373827644689  0.66816782713241529
  0.67903872873162718  0.68813109530093730  0.69659793520493540  0.70371282853318329
  0.71131660234897398  0.72072954706780579  0.72978566191937788  0.73866064526316788
  0.75019643165056660  0.76056531737876820  0.77191448408045271  0.78353363936581788
  0.79269080629145894  0.80024199132984797  0.80758115715769752  0.81696893245045665
  0.82587858725279972  0.83530485373972541  0.84594608134047944  0.85571930574085309
  0.86408626251691090  0.87286507981568928  0.88157045041236282  0.88952518861917873
  0.89924445167322165  0.91065210908959382  0.91977009113145414  0.92983974669026781
  0.94028894406596575  0.95016920206414568  0.95794551733447586  0.96577662969890543
  0.97407263800564436  0.98154084610980608  0.98756892685914843  1.00000000000000000
  0.04512678394819638  0.21998725683456360  0.29882661435565572  0.37000597413495429
  0.43091589337171138  0.48091584933343068  0.52704190980113974  0.56915400512622805
  0.60928875387196380  0.63552632990613722  0.64551218990042436  0.65155748496466670
  0.65637554312732371  0.66016083620679356  0.66483200368020190  0.66929114108434384
  0.67301030115530314  0.67667947264237405  0.68024234468013145  0.68350161015470678
  0.68663510552652829  0.69013148908084732  0.69377331183816560  0.69752013829011539
  0.70134280501592572  0.70522393562123864  0.70910367538152719  0.71287633499150127
  0.71662884271699767  0.72054555763855943  0.72462819027955561  0.72866703019727974
  0.73251474256565985  0.73611686741864824  0.73935781798458078  0.74253535176365015
  0.74584470744650189  0.74892270556553964  0.75230418477017380  0.75584987316933816
  0.75901846087269165  0.76202325620109790  0.76508372459687102  0.76845781508484023
  0.77198322283645859  0.77560276974648401  0.77943477727971078  0.78336005088667016
  0.78719048221917898  0.79093822023715088  0.79415472722550462  0.79744568535018645
  0.80059360781668265  0.80353677047192407  0.80636728913625799  0.80927218210803875
  0.81203155650284708  0.81471746074180729  0.81741163613042067  0.81998794009661358
  0.82285765932035670  0.82537358174930930  0.82878980041419414  0.83256574570611885
  0.83639216026882535  0.84025298082862465  0.84389617788597504  0.84741064927884302
  0.85122112090438784  0.85550858059607182  0.86062889786868813  0.86537029112557307
  0.86975775421174784  0.87399297852133817  0.87819577301069229  0.88255596823281501
  0.88737950537742250  0.89271720976354385  0.89753537584738419  0.90282840938554720
  0.90711923934010075  0.91147073390965661  0.91616546689261447  0.92111279595850515
  0.92636132000492777  0.93190152658077441  0.93713040818535032  0.94246024276828555
  0.94812551131443057  0.95249841702561366  0.95633211759314840  0.96090812091398270
  0.96556064317088164  0.96968203503355588  0.97966221455050817  1.00000000000000000
 -0.04495841841206625  0.18312540524734852  0.21381982708012276  0.23507348120557578
  0.25647321458990918  0.27238835905019154  0.28685744928959639  0.29984189102500758
  0.31257520395506061  0.32546109681831953  0.33574776677755275  0.34536813794145088
  0.35415178088351096  0.36041871037864154  0.36766366357605262  0.37522156594527722
  0.38310125008603652  0.39231801859660287  0.40186380686540485  0.41151049497606362
  0.42130136439275867  0.43089534894109438  0.44029211760119180  0.44938190497252184
  0.45807939087916494  0.46664964537615583  0.47506402939413001  0.48244998147793955
  0.48924930527149507  0.49670093803341353  0.50468985338346173  0.51249692871747643
  0.51948996784664481  0.52577715297421934  0.53196990390316867  0.53809542426659485
  0.54402313635991084  0.54993845998014113  0.55595108390504500  0.56215780373903856
  0.56851576919893876  0.57468529184653439  0.58080663313387237  0.58686168624540647
  0.59285739618586730  0.59819929984845266  0.60361612584380886  0.60890082309497129
  0.61394608167545839  0.61913545087267785  0.62420159288730381  0.62928646183723036
  0.63463150856756212  0.64010563667508857  0.64566734917125457  0.65125482040055183
  0.65659432007720087  0.66113801274271056  0.66533065377418643  0.66935077723426484
  0.67326743115641063  0.67764455797527290  0.68192376138230693  0.68560794965896210
  0.68913918312725542  0.69307696836283217  0.69717051366941751  0.70097530153788457
  0.70432038012379283  0.70715351598430820  0.71038662064525049  0.71393941421802565
  0.71660018376795032  0.71941155359690112  0.72314583458343684  0.72768800637751085
  0.73239541006010100  0.73675837954487466  0.74090544885302356  0.74538384218489562
  0.75033810207609908  0.75571777321000355  0.76127079651708784  0.76663387590164844
  0.77246819569690661  0.77879424691192134  0.78589248981194104  0.79313893567675431
  0.79883207687853031  0.80435239450543472  0.81041559804564900  0.81658078063309514
  0.82538062788842514  0.84319369177973291  0.89144686082672531  1.00000000000000000
   2.4156795256215870E-010  -1.0000000000000000     
 F F F F F F F F F F F F F F F F F F F F F F F F F F F F F F F F F F F F F F F F F F F F F F F F F F F F F F F F F F F F F F F F F F F F F F F F F F F F F F F F F F F F F F F F F F F F F F F F F F F F F F F F F F F F F F F F F F F F F F F F F F F F F F F F
  <DiscreteSampler_grid>
  grouped_processes
  1 # 1 for a reference and 2 for a running grid.
  10 # Attribute 'min_bin_probing_points' of the grid.
  1 # Attribute 'grid_mode' of the grid. 1=='default',2=='initialization'
  0.0000000000000000 # Attribute 'small_contrib_threshold' of the grid.
  0.5000000000000000 # Attribute 'damping_power' of the grid.
 # binID   n_entries weight   weight_sqr   abs_weight
    13   10   9.885352415959902E-003   2.676431985752534E-004   9.885352415959902E-003
    14   10   9.885352415959872E-003   2.676431985752522E-004   9.885352415959872E-003
    16   10   8.947358217464006E-003   3.906450047219489E-004   8.947358217464006E-003
    17   10   8.947358217463994E-003   3.906450047219482E-004   8.947358217463994E-003
  </DiscreteSampler_grid>
