  0.00000008711821668  0.00000024480709885  0.00000077115745319  0.00000479649751825
  0.00001381622796190  0.00002407608538018  0.00003208412077018  0.00003611225201265
  0.00003903607548294  0.00004082685186069  0.00004199527347597  0.00004288979162793
  0.00004366810814494  0.00004433787912960  0.00004492788888457  0.00004543387330883
  0.00004584063243340  0.00004617451305228  0.00004646151637898  0.00004668975041207
  0.00004689996849009  0.00004709538710652  0.00004727538182804  0.00004741950088235
  0.00004754993451150  0.00004766961595147  0.00004777844739026  0.00004787532537256
  0.00004796259961141  0.00004804699801094  0.00004813050461177  0.00004820907173058
  0.00004828465109899  0.00004835508665300  0.00004842560484160  0.00004849672850107
  0.00004857004551566  0.00004864489311445  0.00004870859144930  0.00004875216514202
  0.00004879806741114  0.00004884314152573  0.00004888624084509  0.00004893284817677
  0.00004898804309052  0.00004904680776043  0.00004910357275955  0.00004915684077328
  0.00004920621982655  0.00004925108121509  0.00004929698968157  0.00004934456915631
  0.00004939606137687  0.00004944487387081  0.00004948911798695  0.00004953426636019
  0.00004957724117227  0.00004962644992162  0.00004968190613442  0.00004974610011100
  0.00004981766125150  0.00004987495491904  0.00004991458572291  0.00004996456175497
  0.00005003980827971  0.00005012369376469  0.00005020759233796  0.00005029184774447
  0.00005037734378613  0.00005046488658757  0.00005055759097011  0.00005066345092791
  0.00005079489905222  0.00005094667092400  0.00005110651568076  0.00005127595227099
  0.00005146052151592  0.00005166794813375  0.00005192320041219  0.00005222880615020
  0.00005257905763905  0.00005297558006826  0.00005344895868090  0.00005400214102183
  0.00005474715919502  0.00005572770159226  0.00005716419715005  0.00005955712025135
  0.00006359801474975  0.00007157082983638  0.00009377619897048  0.00014679161857141
  0.00030146800664718  0.00078956886051531  0.21774739131201515  1.00000000000000000
  0.00007103646491442  0.00007414638623715  0.00007743719356017  0.00008108598000930
  0.00008530400327316  0.00008942625880765  0.00009181816064062  0.00009234007794058
  0.00009247817431771  0.00009252065557216  0.00009254032510834  0.00009255416723482
  0.00009256319676598  0.00009256943233817  0.00009257365406606  0.00009257643514666
  0.00009257877642023  0.00009258075408817  0.00009258246380373  0.00009258382757445
  0.00009258498541817  0.00009258614326189  0.00009258717276341  0.00009258816328754
  0.00009258915381167  0.00009259016617637  0.00009259120456648  0.00009259224295660
  0.00009259338634832  0.00009259477693030  0.00009259616751227  0.00009259817591050
  0.00009260045937063  0.00009260326579924  0.00009260652445972  0.00009261011832842
  0.00009261557185413  0.00009262647796661  0.00009264240796705  0.00009266480151328
  0.00009269262856269  0.00009280159096108  0.00009313393035169  0.00009465039273355
  0.00009864762212236  0.00010528674022347  0.00011341905472446  0.00012363849414716
  0.00013583749853430  0.00015017168032933  0.00016630324313390  0.00018470164291248
  0.00020620837036196  0.00023104302885080  0.00025898217871768  0.00028979377230165
  0.00032346797029930  0.00035790380215922  0.00039465406841120  0.00043807823224888
  0.00048706052779586  0.00053623937962650  0.00058947466825801  0.00064921908736432
  0.00071528032592874  0.00078569784745755  0.00086264837991278  0.00094511062789053
  0.00103729663028720  0.00113826721637629  0.00124390171106648  0.00136141445251893
  0.00148543291353537  0.00161844782710031  0.00177756021203234  0.00196413980386334
  0.00214571258854274  0.00230801172850576  0.00252526976717438  0.00279489823742160
  0.00306704781327276  0.00337459976083793  0.00373626077076617  0.00417056368227881
  0.00466053596913785  0.00514203339555044  0.00553676105452015  0.00589700261942632
  0.00641989567408123  0.00691246268423479  0.00751674121629664  0.00860688983761598
  0.01065588095649330  0.02235014141446860  0.07177728334081276  1.00000000000000000
 -0.00000009472690997  0.00000303608739109  0.00000542892863202  0.00000805886580454
  0.00001095091615953  0.00001401000359710  0.00001662771669419  0.00001903026227211
  0.00002165833169537  0.00002453602884528  0.00002740066497837  0.00003037771009744
  0.00003321803798023  0.00003560328248505  0.00003763669367592  0.00003956064528260
  0.00004158568452429  0.00004381707822243  0.00004611722898954  0.00004846838765412
  0.00005086545651753  0.00005339338456270  0.00005603855344736  0.00005854734274677
  0.00006082270407208  0.00006294096773558  0.00006506060694583  0.00006722729602062
  0.00006946863657281  0.00007182144118551  0.00007473663648244  0.00007851222897152
  0.00008289336836701  0.00008723104579730  0.00009169568180875  0.00009635848187986
  0.00010122097035091  0.00010667009535327  0.00011283166710288  0.00011954690443111
  0.00012725788101696  0.00013595201051054  0.00014488724903538  0.00015387561862372
  0.00016344807233125  0.00017347587839888  0.00018088623668433  0.00018436664460144
  0.00018826750873075  0.00019321199889547  0.00020114989978681  0.00020946744494656
  0.00021974904576789  0.00023093934219077  0.00024235306939659  0.00025540867367262
  0.00027110034693911  0.00028919036477641  0.00030961537885619  0.00033312686220734
  0.00036016715653091  0.00038905826704562  0.00041133122286263  0.00042900412461901
  0.00044451774222362  0.00045902054296542  0.00047857670468773  0.00050139698634916
  0.00053176739597222  0.00056269096170707  0.00059823797391778  0.00063779421767773
  0.00067962673719124  0.00072532324507353  0.00077383272129082  0.00083029993564369
  0.00089012864481397  0.00094450803814584  0.00099373887772072  0.00104567345035853
  0.00109333758737330  0.00112749474968682  0.00115384721470883  0.00118303630848781
  0.00121264454293786  0.00124858991341250  0.00131252175495300  0.00137202577919994
  0.00144224852268399  0.00153071489307293  0.00171191840131542  0.00199842874672780
  0.00265043551802176  0.07722321268097793  0.24078769145045670  1.00000000000000000
 -0.00249949966414966  0.00789296740374022  0.01930841964772989  0.03098367460401991
  0.04240889921998731  0.05432467997214687  0.06708469731815021  0.08066168556633636
  0.09477993183478983  0.10774765558219451  0.11898125041117920  0.12755666098030685
  0.13622167259342638  0.14714232906469846  0.15804308479063309  0.16886404201993221
  0.18124497371818082  0.19430081313571848  0.20846720777284561  0.22294200831042230
  0.23842085146166536  0.25192177867299093  0.26281140875735010  0.27413377444071679
  0.28528130657762907  0.29652463067945728  0.30801234062187627  0.32012573310962550
  0.33227297382895954  0.34384237620736768  0.35405649050150517  0.36362260830597432
  0.37334246791287984  0.38339776355204341  0.39578087796305650  0.40934592172557249
  0.42323204313607332  0.43667121095150491  0.44898802222338319  0.46085117690799965
  0.47359461653249185  0.48672832213533967  0.50104325755040391  0.51597644803560783
  0.52875956896004273  0.53910314407117466  0.54969348921356720  0.55983918319228976
  0.56810821595311467  0.57754443003898903  0.59015098324723947  0.60218146700225039
  0.61059330557299918  0.61906001397559274  0.62925600638073220  0.64270473455717125
  0.65734464889226663  0.67136867944364897  0.68406874091647696  0.69536007366101382
  0.70569349583414276  0.71583699531915379  0.72532930514660132  0.73512137809263922
  0.74603170826753162  0.75787136832438762  0.76961163577155534  0.78011860307964720
  0.79013086988269032  0.80028564662927637  0.81141505264112468  0.82233707483491914
  0.83338205662099585  0.84470175574356499  0.85609752463014654  0.86702070319544133
  0.87664920733346285  0.88438365901438354  0.89174116929050706  0.89943283042652933
  0.90794053842045641  0.91672384900930648  0.92498795633598530  0.93419838563594626
  0.94310009523077876  0.94919420101223639  0.95348723269533786  0.95846575103103582
  0.96345924778403236  0.96832852298128158  0.97334578509438430  0.97841098583572161
  0.98279439448733097  0.98834784533067310  0.99456108066259785  1.00000000000000000
 -0.00346629030518051  0.01143807435222890  0.01995579137841384  0.02667119473140460
  0.03416782081535788  0.04423196799399293  0.05364070705557065  0.06345718070484321
  0.07333868773780050  0.08434374405586553  0.09494060798951220  0.10430943142939421
  0.11379770332253683  0.12291347840925766  0.13115865933977677  0.13891533175366014
  0.14648835829483070  0.15303287937283577  0.15987988451387439  0.16789145993693658
  0.17908261686618915  0.19119150673564836  0.20217569556626774  0.21311956899205062
  0.22531721235671887  0.23752303782704334  0.24922805084234959  0.26082323115646566
  0.27255322815544691  0.28400217213885304  0.29513096946077089  0.30571869016739861
  0.31730159824038978  0.32939754219640316  0.34113491370283172  0.35220003118312565
  0.36310299335690177  0.37415859133890078  0.38509781901017776  0.39685008787708298
  0.41014491827174165  0.42418721026840073  0.43747378260422126  0.44913609833099988
  0.45959684020619551  0.46954365513921748  0.47978191748453503  0.48999335901344893
  0.49948951715344964  0.50880443647884022  0.51829169051547630  0.52811193378009957
  0.53934176867800498  0.55301849357520039  0.56642710634044391  0.58022740398729589
  0.59338655419593644  0.60523060829914432  0.61564510290538554  0.62570029744474531
  0.63755613680564405  0.64962780073952298  0.65975861086739573  0.66917888283879234
  0.67895440202771207  0.68855116922013127  0.69931785933159651  0.71054384623740163
  0.72191552540261750  0.73336720777219255  0.74497212584734596  0.75713005281822321
  0.76882474969642123  0.77960768047184692  0.79117138368943329  0.80344590424941698
  0.81484893614571718  0.82395216796613502  0.83057477967783944  0.83787631232357107
  0.84518697887798222  0.85301054236811102  0.86063631243501082  0.86833164826342890
  0.87905149429211582  0.88874679768037657  0.89790975268073248  0.90709986441266133
  0.91638528305647615  0.92639091414909891  0.93656259206954362  0.94704663232394493
  0.95912449088325369  0.97216739730800605  0.98600876681871386  1.00000000000000000
 -0.00242091519014172  0.00867331741733099  0.01952349242254335  0.02861108022084071
  0.03337874881643615  0.03853486295817937  0.04367035166948897  0.04738012997122579
  0.05385305144669552  0.05967710317966440  0.06672021787906518  0.07499737118934111
  0.08518866721339198  0.09624803448812784  0.10723665325845257  0.11715691416603229
  0.12545705667255427  0.13236389460641179  0.13897551634705677  0.14845113828686260
  0.15879432216277764  0.16746319896689574  0.17553836318521612  0.18506033001383437
  0.19532870468470565  0.20504701659280952  0.21389810487953076  0.22237214539709713
  0.23019868607702246  0.23792091459315576  0.24591191915752925  0.25501112631664080
  0.26480442803273174  0.27458733472020591  0.28441119629915923  0.29344875456031649
  0.30379145252539119  0.31568421105620081  0.32857377983334901  0.34188511420181378
  0.35433883458280702  0.36594165327862199  0.37743063207479666  0.38855351332128318
  0.39943613588031285  0.41099765526917270  0.42271507401284408  0.43406797686813903
  0.44490975120074544  0.45514709099766226  0.46507970297045287  0.47628173220622161
  0.48778801899569890  0.49931420251114716  0.51069509835972771  0.52044571156536090
  0.52881541169593604  0.53781348477717172  0.54825630695642202  0.55926660029714703
  0.57122655787855203  0.58303800204329470  0.59508993833696600  0.60768541604995774
  0.62039044404493793  0.63346036536200134  0.64725612924678211  0.66131227829324701
  0.67532575540273110  0.68852600504754113  0.70042878628682936  0.71095164052403248
  0.72183890656312921  0.73298151607554296  0.74456036161582151  0.75650013053278098
  0.76872366972479389  0.78292605019567518  0.79898378407099924  0.81560861336613477
  0.83119419257037508  0.84472309895839148  0.85756663551418266  0.87022879645680595
  0.88167420202544977  0.89199387737118796  0.90297492307442428  0.91645783810718984
  0.93146203662372107  0.94279179303842697  0.95036179664148612  0.95939974374836823
  0.96903468733506348  0.97844148067290893  0.98881752553492208  1.00000000000000000
 -0.00207305114980248  0.00791194009967262  0.01728748857671354  0.02646917630286670
  0.03807488477047973  0.05014936498176148  0.06194531001762821  0.07217094138103901
  0.08161563950531936  0.09063569674548558  0.09917389705016955  0.10925261559536840
  0.11976462390104110  0.13014760900411632  0.14060010850081506  0.15116081504704090
  0.16300696098741932  0.17515475859257376  0.18640317562644759  0.19636877137497974
  0.20423353276990638  0.21266981486431197  0.22166708667431037  0.23100286985683510
  0.24269113488025715  0.25429635434971692  0.26498053086058504  0.27553651598163431
  0.28613999810184365  0.29772869249535366  0.31192802528210456  0.32648940698544182
  0.33822264924515261  0.34809749317758659  0.35845458790990387  0.37032493040448045
  0.38357159546157443  0.39710554801280951  0.41017809271293276  0.42328336351606943
  0.43565532034333765  0.44618150331560047  0.45604597062361862  0.46641695282419654
  0.47708770807920553  0.48767243627210910  0.49764050308475866  0.50643707209942157
  0.51449412736538780  0.52392337584125936  0.53591254117566423  0.55059514845915991
  0.56208212848187455  0.57098181324657382  0.57997307726966330  0.59063890162556354
  0.60545970647513014  0.61997068634337704  0.63328284306519722  0.64567794563927328
  0.65808496085885904  0.67064496083921199  0.68322875187744325  0.69567975419268868
  0.70713639679593232  0.71663109864224472  0.72466418618674577  0.73206524336290058
  0.73961845883495703  0.75010386220102088  0.76264671662924033  0.77384655243238387
  0.78321870259425752  0.79206212264246256  0.80091186238110390  0.80921725223103036
  0.81667530309139602  0.82683174969596573  0.83833809832784267  0.84944985993893307
  0.86005652414521649  0.87057686955179070  0.88119776292889118  0.89142833139328104
  0.90281336087972108  0.91388722235766462  0.92542073304285022  0.93731956440377839
  0.94695716339743974  0.95288951445308234  0.95890899534062235  0.96565538574375231
  0.97244805619355357  0.97982579164670314  0.98601703984079425  1.00000000000000000
 -0.00076707153584953  0.00464376531029115  0.01133818892636753  0.01858326718297756
  0.02420392219462590  0.03064137170316017  0.04117458706459452  0.05248982165351090
  0.06395203768616718  0.07457683884662894  0.08534078893098170  0.09505011757659436
  0.10802817815077492  0.11975659450434463  0.13119511632436584  0.14235859490386973
  0.15275900030949532  0.16353605135922736  0.17489740950377716  0.18665329759452454
  0.19827065767716759  0.20946815153051548  0.22015307498972569  0.23091238692122459
  0.24252172500083280  0.25432423926563402  0.26676885906901382  0.28004235211097828
  0.29345850426609899  0.30581005940882661  0.31737238887901098  0.32858158814924521
  0.34000399614197452  0.35230133748516279  0.36619788634051409  0.38045714421971033
  0.39461915546468918  0.40821146774017031  0.42022862684420853  0.43052497769713127
  0.44074060569255219  0.45034627106221503  0.46447644313194408  0.47534723900930825
  0.48483596748819557  0.49444731279657211  0.50427178820474372  0.51613520020227432
  0.52807288962205923  0.53958110286310190  0.54841412400924905  0.55773101963030525
  0.56677664467815103  0.57612914490044198  0.58584873183872188  0.59411745407568983
  0.60271301682898148  0.61192183254920374  0.62231222100647043  0.63312001136360219
  0.64228787726419756  0.65008757941562745  0.65847728216524248  0.66711201321098823
  0.67415591721756996  0.68429395115189273  0.69295857345190126  0.70135794335552537
  0.70984757481944372  0.71946116257960080  0.73047470763287559  0.74129474161612585
  0.75206870805593617  0.76333899607376521  0.77519996027015892  0.78725651818874987
  0.79947694136153113  0.81163586854401848  0.82289945211620641  0.83291546862605814
  0.84362565837527315  0.85366507587530949  0.86350290879372527  0.87426966995138966
  0.88612915342746934  0.89794019910595491  0.90836353884591736  0.91799474413910587
  0.92815843827758349  0.93730265519427458  0.94560075274361000  0.95498391495773194
  0.96411083346612203  0.97427010322024643  0.98579983600374310  1.00000000000000000
  0.03735695832682150  0.18468456109341977  0.26548702202948943  0.32771642084198660
  0.38011903176983969  0.42766708330742476  0.47150823290747451  0.51782242692166636
  0.56871701377112394  0.61277566055533572  0.63426501071251229  0.64384904006817256
  0.65228419517043867  0.65961233128321461  0.66551286086381134  0.67049832626473382
  0.67509529223420217  0.67911794117356161  0.68271426880429353  0.68630037062792881
  0.68971550972198881  0.69299818330983598  0.69655762880284289  0.70041476968593153
  0.70378259954719147  0.70698806632990208  0.71023995698490128  0.71328229567358592
  0.71649190558472975  0.71998126231066750  0.72266354190535087  0.72522578148756678
  0.72765555806490712  0.73000128035169398  0.73258083527932005  0.73526282520521979
  0.73791979407663888  0.74067479294867233  0.74350664703615832  0.74606799601168861
  0.74860139882299048  0.75128073937559525  0.75412791880383223  0.75737342473840474
  0.76083803701817532  0.76466905384690798  0.76856296239182376  0.77233520170385683
  0.77618836641997391  0.78015050538717257  0.78421154600585674  0.78823956318516486
  0.79198925995490077  0.79572544969746672  0.79950897635136986  0.80320549548529852
  0.80683269964070159  0.81035349729978889  0.81373802358721448  0.81674096250467354
  0.81912816237052399  0.82180034905773858  0.82506693768019423  0.82817974869304567
  0.83044364088975398  0.83304965726758762  0.83571330289544477  0.83845351640377763
  0.84130618058163442  0.84509522111256230  0.84954367544485077  0.85379967674788049
  0.85800011987710112  0.86226804108033073  0.86643754417174901  0.87062105853066696
  0.87489134255569856  0.87936188066602605  0.88417885262633900  0.88928791320086564
  0.89452942059952201  0.89962612901507188  0.90441804556734073  0.90945815852429746
  0.91507754205688485  0.92118005180285800  0.92628349228874152  0.93218813938229450
  0.93808351830085168  0.94634697267998058  0.95442042739991451  0.96141111206524943
  0.96790709171747713  0.97442006635182932  0.98266005708639637  1.00000000000000000
 -0.03957456898811623  0.16290247319080214  0.21750695374257104  0.25024905448504953
  0.27192770956690587  0.28910230863890696  0.30421821569469448  0.31953950721555929
  0.33450768302768219  0.34752588571190385  0.35866452309821018  0.36802976102361212
  0.37624093457296193  0.38430695056794195  0.39219496883159666  0.40091840593872452
  0.41073984137586161  0.42139323421961128  0.43266886656590936  0.44374207607997207
  0.45408775919755423  0.46383536671381820  0.47296806066010022  0.47968883581538790
  0.48547894542332581  0.49122064984848163  0.49800055833769497  0.50444715680545482
  0.50943431381821480  0.51426356274061358  0.51911170568532194  0.52478514325645886
  0.53208875613719619  0.53958208847174238  0.54584858887052423  0.55144885967547874
  0.55694457424526012  0.56279203625965790  0.56867370079605550  0.57472478008583527
  0.58050713680427490  0.58603927472072603  0.59118552679241776  0.59576575485360417
  0.60010329774524629  0.60435018685972186  0.60876276831079235  0.61373618597406865
  0.61910719072258436  0.62387624596040570  0.62698510990827749  0.62983174012252174
  0.63315244615922395  0.63672946877762993  0.64014417905489474  0.64346016391417082
  0.64786854340514899  0.65348059623675658  0.65892657164191704  0.66349900507993675
  0.66768708867572102  0.67188259380023829  0.67614765338966898  0.68040030964637244
  0.68431588214071315  0.68792030282762129  0.69237345924210636  0.69764137090513567
  0.70251801228950006  0.70721946599852592  0.71083762646137860  0.71409224832369333
  0.71773074163935369  0.72143371779044341  0.72420777076508991  0.72755327612078180
  0.73166364059969280  0.73626008957908429  0.74123734362319327  0.74683328618314859
  0.75279715982353645  0.75915309526263353  0.76589302112284519  0.77293501043390989
  0.77966841234218798  0.78641009474068380  0.79323370727992160  0.80030920771012370
  0.80790551375645148  0.81629691217787215  0.82422767874500047  0.83139781578826011
  0.83894060417370298  0.85442876630996822  0.89278406577331404  1.00000000000000000
   2.7817672400970046E-010  -1.0000000000000000     
 F F F F F F F F F F F F F F F F F F F F F F F F F F F F F F F F F F F F F F F F F F F F F F F F F F F F F F F F F F F F F F F F F F F F F F F F F F F F F F F F F F F F F F F F F F F F F F F F F F F F F F F F F F F F F F F F F F F F F F F F F F F F F F F F
  <DiscreteSampler_grid>
  grouped_processes
  1 # 1 for a reference and 2 for a running grid.
  10 # Attribute 'min_bin_probing_points' of the grid.
  1 # Attribute 'grid_mode' of the grid. 1=='default',2=='initialization'
  0.0000000000000000 # Attribute 'small_contrib_threshold' of the grid.
  0.5000000000000000 # Attribute 'damping_power' of the grid.
 # binID   n_entries weight   weight_sqr   abs_weight
    13   10   8.758653876480805E-003   2.166767242546551E-004   8.758653876480805E-003
    14   10   8.758653876480787E-003   2.166767242546542E-004   8.758653876480787E-003
    16   10   9.829857319595547E-003   6.863245207180322E-004   9.829857319595547E-003
    17   10   9.829857319595549E-003   6.863245207180326E-004   9.829857319595549E-003
  </DiscreteSampler_grid>
