  0.00007134313079165  0.00007289358730746  0.00007491528701485  0.00007708797234571
  0.00007964484537934  0.00008259014753493  0.00008601831870314  0.00008960959740004
  0.00009174701993615  0.00009227141364573  0.00009236557036286  0.00009240007727317
  0.00009241653028107  0.00009242590498087  0.00009243258921451  0.00009243671936093
  0.00009244000874280  0.00009244269670767  0.00009244476663234  0.00009244636398171
  0.00009244769298494  0.00009244888451772  0.00009244987798238  0.00009245078837701
  0.00009245164843464  0.00009245235646264  0.00009245303284159  0.00009245368444573
  0.00009245430504332  0.00009245490207024  0.00009245548142508  0.00009245605684575
  0.00009245663701469  0.00009245723613652  0.00009245788271456  0.00009245854955418
  0.00009245923039616  0.00009246002148427  0.00009246087865226  0.00009246181636788
  0.00009246293155027  0.00009246424819618  0.00009246580184060  0.00009246762958309
  0.00009246973718448  0.00009247213348734  0.00009247586923769  0.00009248114584576
  0.00009248887288236  0.00009250000098261  0.00009251681204050  0.00009255447630636
  0.00009265764149959  0.00009306771788232  0.00009566432121612  0.00010075629552079
  0.00010790382967820  0.00011669058065837  0.00012807791011511  0.00014251510004942
  0.00016088663195686  0.00018456278554229  0.00021350746586982  0.00025026268172309
  0.00029340205850838  0.00034108040096659  0.00039221113090868  0.00045129976502706
  0.00052002654593531  0.00059556799699490  0.00067463265313966  0.00075839465297455
  0.00085568896636666  0.00096321809401440  0.00108180468538386  0.00121463985600645
  0.00135127022791402  0.00148948829526434  0.00163403507870125  0.00178735028484929
  0.00193988300327738  0.00210411279967388  0.00229168724376242  0.00250508223612716
  0.00277160528790949  0.00307293043478663  0.00337697207610246  0.00370909799788683
  0.00410426096224917  0.00459938512651004  0.00518630172785122  0.00598053355691963
  0.00737415438750545  0.03327119387530811  0.29901812446682757  1.00000000000000000
 -0.00000030243617318  0.00000825279920526  0.00002498327092160  0.00003462342760711
  0.00003818096771902  0.00004037656431716  0.00004198010491512  0.00004307348635595
  0.00004383107112737  0.00004446110801522  0.00004499012865845  0.00004544349090703
  0.00004584463405375  0.00004619062279316  0.00004648102261147  0.00004672589447298
  0.00004693995453269  0.00004713136540726  0.00004729500679405  0.00004743360255745
  0.00004755966086629  0.00004767689023326  0.00004778479482645  0.00004788482258797
  0.00004797850466995  0.00004806696537118  0.00004814959457097  0.00004822535209265
  0.00004829494085732  0.00004836150807203  0.00004842864778276  0.00004849487386863
  0.00004855938149708  0.00004860606684766  0.00004865972350030  0.00004870831198532
  0.00004875265868689  0.00004879712360309  0.00004884530716670  0.00004889512038023
  0.00004894426074595  0.00004899138321506  0.00004903757009762  0.00004908344148468
  0.00004912942399554  0.00004917512474937  0.00004922007718785  0.00004926504061271
  0.00004931135921236  0.00004935948406016  0.00004940917696766  0.00004946028155673
  0.00004951232746694  0.00004956407900531  0.00004961445400813  0.00004966429575933
  0.00004971431937158  0.00004976533233771  0.00004981798841850  0.00004987624013712
  0.00004993509773035  0.00004999337562153  0.00005005493008779  0.00005012170020702
  0.00005019298014496  0.00005026673663227  0.00005034174281179  0.00005041983366377
  0.00005050996916555  0.00005060893712660  0.00005071284861027  0.00005082790638682
  0.00005095240569729  0.00005108844368709  0.00005124132924074  0.00005141390617395
  0.00005160167142147  0.00005180605350636  0.00005203136089115  0.00005227962814294
  0.00005254625929387  0.00005284997081055  0.00005319918026819  0.00005361445095431
  0.00005415470524476  0.00005485257688614  0.00005563786748696  0.00005669113371715
  0.00005812518090389  0.00006041800770761  0.00006463668239093  0.00007195482884590
  0.00008626047416728  0.00012475661542121  0.00030439044282166  1.00000000000000000
  0.00000041491387081  0.00000206417384502  0.00000327114624419  0.00000527413995433
  0.00000781953525516  0.00001049067181321  0.00001356359660280  0.00001649689304997
  0.00001936779107668  0.00002236099144771  0.00002543434241489  0.00002875463625529
  0.00003211362976389  0.00003526926804356  0.00003822766979707  0.00004085234255816
  0.00004335201504622  0.00004582290969493  0.00004833312081438  0.00005105432476617
  0.00005373924377300  0.00005615008613418  0.00005859960478759  0.00006099744957914
  0.00006344245968550  0.00006640231971667  0.00006947410781150  0.00007226279795167
  0.00007519650422441  0.00007802784106837  0.00008089340290555  0.00008443712360361
  0.00008873408391098  0.00009346479509975  0.00009850725187984  0.00010382201237616
  0.00010945447949198  0.00011540596528528  0.00012148635881270  0.00012755858754574
  0.00013366158768538  0.00013969921374756  0.00014595618046463  0.00015292794135609
  0.00016044136387535  0.00016827167034779  0.00017607333467309  0.00018405931918939
  0.00019271239136169  0.00020204059082653  0.00021175958311653  0.00022204567963769
  0.00023330793536494  0.00024599622548166  0.00026016309367901  0.00027338796276631
  0.00028610912958710  0.00029837321998208  0.00031056738776850  0.00032433137752240
  0.00033978237729506  0.00035769545727294  0.00037713716612525  0.00039767407539856
  0.00041945109745178  0.00044235182957234  0.00046705831825044  0.00049515971840727
  0.00052595709375814  0.00055528958351289  0.00058471760416938  0.00061223716411624
  0.00064321484429916  0.00067427720447848  0.00070422662435396  0.00073723883262194
  0.00077440127018588  0.00081486762226424  0.00085977241824242  0.00090322557244376
  0.00095248698122346  0.00100858063662132  0.00106913775004990  0.00113257545780997
  0.00120002504386054  0.00127206893042963  0.00134548999188716  0.00142836255329354
  0.00151773706269631  0.00161252865613558  0.00172362681057294  0.00184530382487494
  0.00209378179669352  0.03031652137333647  0.10510108039623742  1.00000000000000000
 -0.00220392067103355  0.00833365824384838  0.01683489209406863  0.02558102591383486
  0.03495480287032030  0.04225651495244483  0.04993665435918508  0.05802446392463010
  0.06700931794605959  0.07646216802998312  0.08563065853931991  0.09456181842883774
  0.10335725596860477  0.11214348886091625  0.12053872155855887  0.12906087155085724
  0.13840429689508146  0.14781152038322548  0.15527695611563636  0.16260399855199653
  0.16974125285088859  0.17725332074847130  0.18468006891085295  0.19228556943953737
  0.20107458953029575  0.21082554546350485  0.22131190150896307  0.23201911347282797
  0.24191195124674064  0.25084226688331579  0.25956881559459638  0.26814054134092702
  0.27713507156451234  0.28671346992519109  0.29707420921110150  0.30788014386835122
  0.31846317623057546  0.32909107830348738  0.33940274156092726  0.34910873756067806
  0.35833743224875542  0.36749209884400197  0.37638079440576500  0.38580562263971557
  0.39591635563749411  0.40514588250841915  0.41420639728436492  0.42312493813109020
  0.43164048507790709  0.44029216558334650  0.44946280837663533  0.45917698926950018
  0.47074627714987283  0.48299216728964978  0.49526619587477050  0.50685850593407689
  0.51787112056769680  0.52882179660585293  0.53973616156299542  0.55134201857551823
  0.56368161532211269  0.57599213525782844  0.58851655368244815  0.60064402604159406
  0.61218530558594941  0.62353784040586380  0.63484037851146957  0.64639408152647770
  0.65882144516906416  0.67173887613428651  0.68429931436416513  0.69586697376429307
  0.70747378370008795  0.71959365803614805  0.73271859731928801  0.74614497067550023
  0.75883999538250713  0.77121214259645909  0.78393702944912791  0.79693166971833096
  0.80987770057303832  0.82301236286152513  0.83655282707449308  0.84957081339346840
  0.86166804657686391  0.87326533548242791  0.88462786859311382  0.89617879813437484
  0.90790574682725089  0.91985138240601649  0.93230716938019575  0.94509579022627599
  0.95805528186788436  0.97134136478561883  0.98529249850951628  1.00000000000000000
 -0.00193415808819880  0.00795967312968751  0.01767214527782734  0.02688635063825911
  0.03766401144615661  0.04868473809034971  0.06012348676283719  0.07180475746530653
  0.08324213555061653  0.09412569044317264  0.10369022081129073  0.11267994607474353
  0.12198129341166009  0.13209277965706720  0.14250130264005334  0.15274882074819787
  0.16186008499695723  0.17023462791383126  0.17903536886785340  0.18792473398477028
  0.19734862554995053  0.20817966060105197  0.21972286994965196  0.23102613584507459
  0.24167633086634377  0.25166441646375520  0.26126100442549083  0.27096515275799260
  0.28107629606291490  0.29179003819813965  0.30307500714089680  0.31393716136887795
  0.32295246853930115  0.33091032150589184  0.33883633714621186  0.34819591301339126
  0.35940438840890870  0.36968387398924824  0.37958626770958692  0.39026257353561561
  0.40163407260884437  0.41391191064511412  0.42521307584859608  0.43627802098890178
  0.44729890302028352  0.45815164556013355  0.46942741369995683  0.48051224423852323
  0.49153197772281310  0.50234403145385365  0.51251746031350132  0.52262425765421838
  0.53278023549749287  0.54266751383901746  0.55308617196541754  0.56414083895318778
  0.57429757339733190  0.58380393444292866  0.59347785701968525  0.60320197181310264
  0.61319625364635766  0.62334414607113331  0.63379423019724435  0.64400000084824305
  0.65378047214987889  0.66335095049635684  0.67355248859570094  0.68482248502101950
  0.69655631461218614  0.70825585562740390  0.71985880869983709  0.73144220943404969
  0.74300803327626830  0.75458448236666387  0.76593168360459896  0.77701114685329020
  0.78810335711075863  0.79931467016925362  0.81050921559426092  0.82159813104347179
  0.83253669717320999  0.84334571472067210  0.85416473204720311  0.86514602069775859
  0.87661268089033439  0.88848167919763876  0.90004633722890981  0.91069925235594507
  0.92120328027957943  0.93254940104872719  0.94457005302022745  0.95646810247792624
  0.96721926675019487  0.97826513769737711  0.98926427558567875  1.00000000000000000
 -0.00172286054534711  0.00684002768080710  0.01670758641574697  0.02533570670079586
  0.03455847727170468  0.04373401260916628  0.05354364630019617  0.06355765111537749
  0.07361816074975343  0.08426216336805423  0.09549156389740700  0.10747024208771082
  0.11985115982663787  0.13239650147721338  0.14492419996025999  0.15712474585688377
  0.16866313849385273  0.18034432213379883  0.19228275251205634  0.20369032518885563
  0.21499512162662709  0.22570664765140613  0.23854736323642761  0.25131469930843003
  0.26413425721054684  0.27649354785024893  0.28914664208503044  0.30140946555978587
  0.31276557281902845  0.32378474778243255  0.33599616428896018  0.34847908162517127
  0.36048836544504204  0.37252414344925117  0.38482110243094708  0.39811564914852510
  0.41220987373199286  0.42571209239646080  0.43800096074115086  0.44940851006418719
  0.46039932918139176  0.47168747221587187  0.48222537447934016  0.49193977918786774
  0.50234237286808214  0.51427550332772676  0.52783137575098071  0.54113856249948977
  0.55363181235885450  0.56561997867862335  0.57630730910097583  0.58628735020193123
  0.59694417352975160  0.60917941949049426  0.62075226143823370  0.63187200526575360
  0.64316913719591762  0.65555936159458261  0.66782373971037678  0.67706444468248328
  0.68541818253374620  0.69470911845441508  0.70303484436725050  0.71133268124504301
  0.72082949134706731  0.73072734382807047  0.74059470536148786  0.75063328316693112
  0.76114342743503272  0.77198825090177670  0.78263145928259747  0.79292043387102462
  0.80352377898677729  0.81410985823033322  0.82365912684411968  0.83309835451942837
  0.84287647318417991  0.85212028108033189  0.86155758529789839  0.87079511629869399
  0.88004235894325511  0.88922273029420329  0.89827839783838970  0.90710728332702950
  0.91536076811416467  0.92318756847048566  0.93097297673637303  0.93883506048425602
  0.94669665037533857  0.95427234300374331  0.96170488199128867  0.96921536764662053
  0.97671943325716748  0.98432677473119501  0.99210404620164516  1.00000000000000000
 -0.00217602106376987  0.00862682481822945  0.01883772596623531  0.02880602394660270
  0.03866897545199263  0.04848604953492427  0.05908282127518533  0.06952895915126237
  0.08058262048027291  0.09115721456784263  0.10086947973866624  0.11114530118859857
  0.12141002376044162  0.13220618883732110  0.14333695865876844  0.15426146996728407
  0.16507037332509680  0.17615974026127720  0.18779800161611632  0.19907543015041526
  0.20976411892905292  0.22043443077048772  0.23111676728203601  0.24234144207745442
  0.25396036920388354  0.26505123508661227  0.27571572701490271  0.28632165411534388
  0.29678062493726326  0.30780256609047196  0.31936445315680484  0.33119578181327203
  0.34312717093851686  0.35474297891680723  0.36593444126160540  0.37672813438040420
  0.38711134212367293  0.39725804698783429  0.40750596087844937  0.41800963241051581
  0.42890896087404951  0.44013663076202469  0.45133115065868756  0.46225046249140000
  0.47307834196596088  0.48480389291431664  0.49544876965617407  0.50323277537078726
  0.51172063772443666  0.52028501066089505  0.53011598310477714  0.54072244889530974
  0.55135053597379180  0.56248035570750921  0.57421113168549887  0.58630095959621875
  0.59836464236461695  0.61013035555619699  0.62107790351849779  0.63100201553686830
  0.64056038252142600  0.65050176591395170  0.66139793631841004  0.67173936992415806
  0.68081765963119456  0.68939345214354930  0.69820974819359627  0.70659708457562298
  0.71502173243059752  0.72521235520639615  0.73647365175420854  0.74809535778130920
  0.75918810837896278  0.76967291377311253  0.78024322892636311  0.79093538923642115
  0.80237255105713901  0.81334961496191571  0.82222530378118908  0.83181167038554626
  0.84107488478838344  0.84984021411826183  0.85949324633932678  0.86982812909979801
  0.87999313934864987  0.88967728968558180  0.89961529682077546  0.90968431970433883
  0.92003536477824577  0.93107540192927740  0.94228736064500351  0.95303499922702417
  0.96377600349141668  0.97482757940781628  0.98630041252294876  1.00000000000000000
 -0.00295676575450128  0.01120936214074187  0.01937696953100958  0.02854293595771455
  0.03808732570270844  0.04780525476978061  0.05775221069365992  0.07003130385444245
  0.08101577235994653  0.09265796606216568  0.10418354235816384  0.11562118308382295
  0.12697011070415049  0.13793827745138001  0.14811960990322412  0.15802709329035552
  0.16867971892466849  0.18007487292337768  0.19154170376501975  0.20149400426879543
  0.20998030891815253  0.21695918729542021  0.22498154177260457  0.23480111562733608
  0.24454112350328380  0.25448683339643119  0.26481400328204341  0.27575186173568639
  0.28747731498825518  0.29926974380009308  0.31029017514092072  0.32113182203187979
  0.33157999507382646  0.34191982232497564  0.35313046264037806  0.36379657954816508
  0.37275861158878482  0.38207135815203935  0.39203206420544673  0.40263412755519173
  0.41327514446231067  0.42305962115524220  0.43229585181111368  0.44188348908787800
  0.45218415689889052  0.46278523217421669  0.47314722295910810  0.48310431548974575
  0.49293846785242151  0.50307086095148312  0.51339836269121952  0.52396529228156818
  0.53458034239426355  0.54498403475133284  0.55498302019539869  0.56466103358277620
  0.57426656696006706  0.58425115857800514  0.59515256141150741  0.60552244285352252
  0.61573074817978968  0.62689353565593187  0.63869775421166408  0.65000797009299049
  0.66105571609821001  0.67222397798089650  0.68351386719111940  0.69500889330957405
  0.70664207805621482  0.71821751998424233  0.72961454115452884  0.74080420464959562
  0.75181486424389787  0.76266652645787747  0.77332329060522254  0.78368331400724789
  0.79405682591320603  0.80478698708668372  0.81573883317346918  0.82722461153484328
  0.83873684695154926  0.84941837105278228  0.85952678368153346  0.86973419523738249
  0.88060298507755108  0.89193675906987968  0.90316854825920023  0.91424459410018999
  0.92533942819123993  0.93616375071332814  0.94676157988769549  0.95735165156349045
  0.96795050176654696  0.97831590022494119  0.98986492862559217  1.00000000000000000
  0.03591568949025236  0.21120826566987072  0.37900277456781173  0.54386020633436916
  0.61672514062448824  0.63806719387719102  0.64682674889862024  0.65251758191914655
  0.65721694635333916  0.66153477442629860  0.66591849466195574  0.67037286416694220
  0.67468078094863126  0.67880184774313146  0.68275027529591381  0.68627239415792674
  0.68956318684837614  0.69295081748855303  0.69631536383543280  0.69962693245661844
  0.70294387398714742  0.70628061423303701  0.70957327027161177  0.71251984619829911
  0.71504291731124858  0.71751449939371326  0.71999000366147803  0.72249091885125583
  0.72477536167816925  0.72688515967119682  0.72959033857516387  0.73288176869382893
  0.73612535185018257  0.73911150282263138  0.74210429462564975  0.74518374636410789
  0.74831101011706058  0.75139790338123380  0.75456878164658570  0.75767583468243227
  0.76034561753633756  0.76258044663465507  0.76471691651165186  0.76708509058259400
  0.76975008614103613  0.77248835200444987  0.77526293112114797  0.77822843201251601
  0.78106904990136550  0.78386492510204908  0.78672136908366708  0.78974767895889342
  0.79302339540730182  0.79633812530875403  0.79944583230296906  0.80229000315205512
  0.80504094132847015  0.80791724598376091  0.81101092537793729  0.81426746970610941
  0.81759537777882929  0.82093245614214350  0.82425769823570350  0.82753997349872310
  0.83079379056540326  0.83413151529555207  0.83741262634919666  0.84073205867944922
  0.84421490621059159  0.84774734507071103  0.85130882551025999  0.85494247763839104
  0.85861679349920894  0.86227167575147001  0.86603244002890845  0.87006375400305214
  0.87434718016127233  0.87876757202361910  0.88316319915693320  0.88752546298178603
  0.89189944312983904  0.89616218937223613  0.90041258837400406  0.90493828834122547
  0.90969131204516684  0.91468207208172170  0.91992081051593444  0.92536463516450851
  0.93079714367867195  0.93638529233622514  0.94228291473408132  0.94897298863136270
  0.95667523853503822  0.96592328953347040  0.97908194525668457  1.00000000000000000
 -0.02834238603708306  0.17726261180659858  0.24735420853767445  0.27651909975938688
  0.29993640771543606  0.31951623592173545  0.33582360965732438  0.34975612261629424
  0.36234960081778700  0.37131877138470815  0.38130771079270831  0.39105012433763764
  0.39979293222870438  0.40942370802923528  0.41946959395019978  0.42892330035044746
  0.43772574888434967  0.44641823679739084  0.45547156720253645  0.46444983691096636
  0.47256854197545517  0.47968130056755454  0.48623835409112409  0.49296067936352383
  0.49982910151168641  0.50654117789921682  0.51340807043539893  0.52048581479186351
  0.52766648625284274  0.53458410542704116  0.54129273836798308  0.54813394656937953
  0.55432756925335180  0.56043470702666365  0.56683133011477682  0.57302714573244595
  0.57911509374388914  0.58552080677712959  0.59175140663927184  0.59763580716504072
  0.60331991245325034  0.60888194200127732  0.61447185759954193  0.61999532993203355
  0.62533937571046605  0.63048213942108522  0.63590790879328574  0.64153931592056812
  0.64655376476544457  0.65074853573434521  0.65464114794190509  0.65853486583912058
  0.66203005561088191  0.66603611735273005  0.67138388358089340  0.67677616281029873
  0.68195686293885749  0.68702086600297319  0.69201737987479794  0.69687271632849457
  0.70163681994092231  0.70623491942831695  0.71071022253329719  0.71524497342262361
  0.71981549205871165  0.72445531313437528  0.72925330566466640  0.73411010689033562
  0.73882973590524437  0.74336199419231774  0.74779641193229918  0.75220064894939054
  0.75659249091909764  0.76106390703537630  0.76570062171224607  0.77029552942869939
  0.77470182435730628  0.77921057148433326  0.78405945307503400  0.78927108407501811
  0.79452658709476887  0.79943443075233322  0.80436527740392094  0.80938980068484523
  0.81468095646272987  0.82019713853210297  0.82602326791495195  0.83147634150562433
  0.83759222473748018  0.84513478002220499  0.85320854676168623  0.86341481981603674
  0.87568079007333988  0.89267471022207401  0.92301386752654591  1.00000000000000000
   1.4627619191248122E-010  -1.0000000000000000     
 F F F F F F F F F F F F F F F F F F F F F F F F F F F F F F F F F F F F F F F F F F F F F F F F F F F F F F F F F F F F F F F F F F F F F F F F F F F F F F F F F F F F F F F F F F F F F F F F F F F F F F F F F F F F F F F F F F F F F F F F F F F F F F F F
  <DiscreteSampler_grid>
  grouped_processes
  1 # 1 for a reference and 2 for a running grid.
  10 # Attribute 'min_bin_probing_points' of the grid.
  1 # Attribute 'grid_mode' of the grid. 1=='default',2=='initialization'
  0.0000000000000000 # Attribute 'small_contrib_threshold' of the grid.
  0.5000000000000000 # Attribute 'damping_power' of the grid.
 # binID   n_entries weight   weight_sqr   abs_weight
    13   10   9.341874624269750E-003   2.299648429285906E-004   9.341874624269750E-003
    14   10   9.341874624269749E-003   2.299648429285904E-004   9.341874624269749E-003
    16   10   5.054761955510198E-003   1.019736543418300E-004   5.054761955510198E-003
    17   10   5.054761955510198E-003   1.019736543418300E-004   5.054761955510198E-003
  </DiscreteSampler_grid>
