  0.02404014436525784  0.03237755618287264  0.04301315228399135  0.05391587229314725
  0.06479030481054089  0.07516088753240571  0.08559798110274383  0.09583773849664604
  0.10611628571917962  0.11591313637082191  0.12583018261432991  0.13573782574414184
  0.14585634321473867  0.15585916055888849  0.16568802521183365  0.17563249935201811
  0.18570765613586734  0.19607138551887296  0.20634404859978664  0.21644484064890934
  0.22666893800518706  0.23693974811598240  0.24697104775946535  0.25697452042113644
  0.26712439573275609  0.27756923137940875  0.28812837395248636  0.29831187288262728
  0.30850924598944851  0.31868428583242070  0.32896094977906426  0.33919951935577602
  0.34942026437772528  0.35977300067479889  0.37025739216064607  0.38068903595730030
  0.39105842997208384  0.40129947040145009  0.41157604901689226  0.42179651117863226
  0.43213900668968097  0.44233424161737611  0.45245472952866755  0.46247126786448994
  0.47246503939382273  0.48259889455203903  0.49259619536187293  0.50253169827147914
  0.51236011213947863  0.52214252585973131  0.53183332167835695  0.54161584935602924
  0.55126219803224163  0.56103649690979174  0.57075048175675036  0.58064081761762010
  0.59076179516903515  0.60098677489944741  0.61130449313367630  0.62153135134094772
  0.63191917222483096  0.64225791388797404  0.65265047548680366  0.66301590841708535
  0.67317383526213392  0.68336107294102733  0.69348759937070215  0.70379612511930656
  0.71382896070830315  0.72364551915636555  0.73346907222471813  0.74343799879729855
  0.75362324405208181  0.76390105264421915  0.77426520198608673  0.78472446714906785
  0.79495310911173578  0.80519994148124130  0.81531876066565612  0.82538472279572805
  0.83543109117364689  0.84535896740653016  0.85540224914399410  0.86532342067401924
  0.87526878287385668  0.88532372257006642  0.89533489881090023  0.90573045441231570
  0.91599725998530146  0.92649370801156805  0.93671658164933180  0.94674689292964742
  0.95698720172191021  0.96603606149372967  0.97085555970170756  1.00000000000000000
  0.03071325944230615  0.03658639253738470  0.04576119869769493  0.05596769831522386
  0.06588354338570418  0.07577323083710077  0.08564524885786831  0.09560576967103593
  0.10562245068938590  0.11564832242306985  0.12567841609291328  0.13573109936125044
  0.14577933345208130  0.15581041276445692  0.16577993888094322  0.17567526463925581
  0.18560300783510555  0.19558456780632591  0.20570571288231942  0.21593822739630197
  0.22619928961335403  0.23650666636336135  0.24691802028927451  0.25735536890493543
  0.26776806281840698  0.27802582352837268  0.28820118923558374  0.29830058596862641
  0.30838615713506212  0.31835553247418663  0.32845220883417320  0.33854168412887892
  0.34877273826709082  0.35902549290037605  0.36927394869525260  0.37945392892479068
  0.38942418100686865  0.39948107455977128  0.40943790225552645  0.41945262907343167
  0.42962258218834087  0.44001526160569937  0.45025570628784040  0.46030387508603032
  0.47045460316987331  0.48066861135018446  0.49091387007012827  0.50088858534372571
  0.51095696185611150  0.52092282257406264  0.53117929816523513  0.54113555719475481
  0.55163273822228354  0.56199009687073453  0.57246796777735898  0.58298873196488632
  0.59363084072747085  0.60411118185090951  0.61432738303667822  0.62440688888574192
  0.63456107748291157  0.64464721777487966  0.65460677079188845  0.66433988202692840
  0.67404303516617359  0.68393003040851175  0.69408524663083826  0.70417876815448965
  0.71422599391309283  0.72421025459420874  0.73446542551425253  0.74475643684750947
  0.75511360575802600  0.76536375828214986  0.77554102814857462  0.78566794051110700
  0.79593998507011077  0.80624090554725736  0.81636213161330384  0.82637375296134397
  0.83650897434882909  0.84671084116458795  0.85675694301859007  0.86657003431415647
  0.87634159944404844  0.88622173555107275  0.89621873644022154  0.90627783280946450
  0.91625585172306045  0.92610555090599755  0.93583563351180099  0.94568811168589118
  0.95572935400117931  0.96460087372844383  0.96888820126634789  1.00000000000000000
 -0.00224735836175555  0.00837298140215265  0.01729104783290999  0.02683759767690617
  0.03630712630653594  0.04614790403541986  0.05605943272967864  0.06620730079007453
  0.07632230615282543  0.08653881168959042  0.09675783543773565  0.10711899325613215
  0.11762301018215177  0.12838475812208036  0.13931533925163653  0.15035308525124466
  0.16157798901490403  0.17279558842044446  0.18406341283278843  0.19507304774671708
  0.20620230918816687  0.21759449582747134  0.22920977458073741  0.24100468992903004
  0.25286068053514893  0.26504103943069468  0.27706262970122764  0.28913054343656241
  0.30153109129807854  0.31426782582513701  0.32696987219758877  0.33955125238459011
  0.35182409411961185  0.36385911484881533  0.37603599837100965  0.38867113801119718
  0.40152914112133276  0.41436456986386638  0.42716650127166433  0.43984425547265177
  0.45238432651157207  0.46470001766891289  0.47678271860300125  0.48877876005906928
  0.50075351801730050  0.51280742588722816  0.52493869018110129  0.53696897962949275
  0.54914377946207604  0.56119418668765941  0.57299223326217952  0.58459598797945933
  0.59642044325044929  0.60825480819306110  0.61976067360419684  0.63110089533754743
  0.64235319083919484  0.65354949225519221  0.66458876045309256  0.67550635606852327
  0.68636587214103517  0.69722783284087853  0.70801894392666642  0.71847359840707192
  0.72874485339079709  0.73890330876799082  0.74903122484373252  0.75902322981771053
  0.76899636360943924  0.77888998153869660  0.78873355343520812  0.79827621928544923
  0.80771219505033121  0.81708592156139903  0.82639866060964884  0.83553887522452563
  0.84446808178682553  0.85337848878214317  0.86230041491775145  0.87133112060416229
  0.88032361617901744  0.88919617939103557  0.89783079287651768  0.90621081680300830
  0.91439632370465029  0.92250579280956202  0.93057198069538438  0.93861252502007186
  0.94668067946726442  0.95472702998043280  0.96267258131082412  0.97043090496549156
  0.97799667043724581  0.98540697898421703  0.99271361630640509  1.00000000000000000
 -0.00239978638638332  0.00988607181559504  0.02010360320292237  0.03084648164049353
  0.04139631389526077  0.05207994661978736  0.06277482196879235  0.07336114017254193
  0.08394282986628902  0.09443855266342523  0.10506025245061826  0.11573458753205872
  0.12634264683793880  0.13673988371506010  0.14716900546520595  0.15782041881301184
  0.16857491557668725  0.17914304329004732  0.18951819432263564  0.19984164889244305
  0.21022422592662721  0.22061627773082096  0.23120146441915765  0.24196653842208199
  0.25282560963973144  0.26352249645550424  0.27414981194568266  0.28462762360317728
  0.29521807118966037  0.30558567375063106  0.31611807610440601  0.32656867880653478
  0.33701937949574406  0.34748271098985678  0.35805357436898272  0.36863321346051936
  0.37915319943952464  0.38970806604438873  0.40035283109705461  0.41092144818980358
  0.42160991069153331  0.43228012788979830  0.44273515742776032  0.45320984663942432
  0.46367283204152654  0.47424867824676964  0.48463405699424161  0.49506964219398253
  0.50566842801465972  0.51635924699543245  0.52700992987327122  0.53749929390707529
  0.54795506267665051  0.55841141325172428  0.56895541624938084  0.57947019222883733
  0.59013080942982732  0.60084777578214443  0.61160241397266080  0.62243470408141977
  0.63326270686630681  0.64414954587336903  0.65479209451579168  0.66548873690638832
  0.67597304284640114  0.68634370748951234  0.69661812529156475  0.70682099598819426
  0.71713110927600432  0.72746172687760902  0.73781219020551125  0.74828749205080058
  0.75877313779472177  0.76922150665553990  0.77953433084405366  0.78991536992820066
  0.80049762425167592  0.81099553687071324  0.82128989014869558  0.83164852311183068
  0.84221143132678389  0.85273601428410717  0.86339760839131552  0.87407330440398345
  0.88505284152274144  0.89583960579678423  0.90613854866201482  0.91652638443737466
  0.92680849295241252  0.93724975360900653  0.94749848647865387  0.95778813617747194
  0.96806345676003214  0.97853646420994445  0.98913256548306505  1.00000000000000000
 -0.00228104037585213  0.00958064297301483  0.01992495689719939  0.03067325730671665
  0.04169434809780635  0.05254446431165781  0.06341737252789947  0.07396365764562152
  0.08460505271239366  0.09513273171002117  0.10572315940547763  0.11623510535154608
  0.12681067490340939  0.13731706977522132  0.14786650092819381  0.15825438543737980
  0.16867322277442123  0.17883645432514772  0.18917128339437700  0.19954268300196579
  0.20988139133839939  0.22020528015759516  0.23058913132402079  0.24127516066165192
  0.25197658854881388  0.26263263228052747  0.27324771883877058  0.28381561829399676
  0.29443067410957041  0.30511302461540468  0.31585648434923408  0.32653299570399003
  0.33699548612605240  0.34746525216000856  0.35789126196722038  0.36847231505743322
  0.37905962076476207  0.38956972703114062  0.40012943619445285  0.41076706637638022
  0.42165236992296778  0.43248608565074459  0.44321351039738260  0.45403231331792265
  0.46469503541067525  0.47552504553395214  0.48620512005889399  0.49684207102565542
  0.50717922482334421  0.51744589050535528  0.52789220149165605  0.53839983354376053
  0.54874913310908768  0.55907742333285870  0.56951546785189189  0.57996201341138376
  0.59041497766336160  0.60091224921254249  0.61157480327030089  0.62242283401801091
  0.63284165082380750  0.64326584791690888  0.65335097177180623  0.66355789718131397
  0.67364215687783580  0.68378428322983276  0.69413026447051229  0.70453670862953111
  0.71507958189088150  0.72552380074129108  0.73604462633093082  0.74654728260280223
  0.75715997867031914  0.76778918039146693  0.77849445750778357  0.78904427691358514
  0.79955669859703504  0.81008214190152672  0.82079181243856836  0.83160075638155817
  0.84232092391782043  0.85297586056222297  0.86372504828526231  0.87426451939381611
  0.88460249673454516  0.89515587150815157  0.90571894537478848  0.91622630744741251
  0.92665399780106961  0.93702556413803983  0.94762162098425518  0.95809260973603827
  0.96870947201233049  0.97918749637811109  0.98958841115180962  1.00000000000000000
 -0.00233812609371189  0.00948140656486802  0.01964637422900162  0.03020682952999109
  0.04071510777191705  0.05108967209113190  0.06156363643101662  0.07200363986214810
  0.08255544074468153  0.09306699021635179  0.10360968189675322  0.11412600189795408
  0.12469734844513992  0.13501825386764058  0.14528876777285654  0.15556692051967833
  0.16586208550151435  0.17639939479677000  0.18689184545723600  0.19772063673011089
  0.20854400770154463  0.21933010514958692  0.23012709757999997  0.24056742135001244
  0.25094175991182560  0.26122675976082510  0.27155810228322935  0.28177481991099096
  0.29196329469119647  0.30230113384531326  0.31274236898126240  0.32342590013201900
  0.33406754301620578  0.34479063945307226  0.35541897697961261  0.36596293446542616
  0.37643165461343697  0.38689922527530113  0.39742484620439800  0.40799831030737554
  0.41860038396113619  0.42917832310522891  0.43979495319988759  0.45036188955617812
  0.46086463240768510  0.47122787505671004  0.48160200455722468  0.49205872072341372
  0.50251493102837341  0.51292130097688093  0.52323825917057831  0.53366102861832398
  0.54415314505635348  0.55453615683638291  0.56477817747116743  0.57505805420881828
  0.58533039864499226  0.59565599019324555  0.60576616286262841  0.61590238588819601
  0.62627360083833783  0.63699988893452464  0.64762657366431620  0.65850729135907271
  0.66920767961509620  0.67996764870960968  0.69049027653197170  0.70092955055334594
  0.71136528968352375  0.72174269370534661  0.73239393503033012  0.74316094203982086
  0.75390200630006021  0.76467434349571806  0.77560131858813519  0.78663955392955609
  0.79747326698534837  0.80810008435534175  0.81876381898251149  0.82953874737297817
  0.84032398213237525  0.85093230342737247  0.86142984264112754  0.87201969718583150
  0.88264925846837328  0.89336975300259958  0.90397441721169658  0.91453117192246125
  0.92511117358531103  0.93580485366809441  0.94650505787781958  0.95711923822876199
  0.96759067766059415  0.97821604016024022  0.98909501521341514  1.00000000000000000
 -0.00286886401150153  0.01226190537625605  0.02441298448723786  0.03646773128658963
  0.04833486561972122  0.06014904630461959  0.07191010905934485  0.08328424185425970
  0.09449200824786426  0.10549516963220870  0.11648029040851374  0.12742278732203702
  0.13837627127515847  0.14916716669603458  0.15976161717535772  0.17018062878590462
  0.18048185591010243  0.19073087653603932  0.20090653276617099  0.21097652684381171
  0.22081929211328258  0.23061819494028249  0.24036165891373812  0.24998657050809028
  0.25951799325100894  0.26907936734562576  0.27876867036512387  0.28844142679670687
  0.29796722973612944  0.30749163624844977  0.31699081877431973  0.32658357095082635
  0.33614450203997004  0.34573890888251352  0.35518316085462620  0.36459542503870546
  0.37401604690489604  0.38349755583725564  0.39290273611129073  0.40221181232951642
  0.41145185216278640  0.42067325810193040  0.43005237258343709  0.43932029106256915
  0.44857565486539025  0.45773060668445947  0.46700617201092370  0.47640219620925950
  0.48565327299384525  0.49492636266642637  0.50439081673781128  0.51383527221402880
  0.52331173846513024  0.53278006456454319  0.54247086509353248  0.55226601729401936
  0.56199667780966989  0.57169322400467959  0.58148899053312553  0.59130131144784337
  0.60120320587470211  0.61106184058523449  0.62104829943426276  0.63098949020470574
  0.64085250569953123  0.65055442168101707  0.66027295310823875  0.67029389553784047
  0.68044224519123320  0.69050522224657551  0.70033995669257842  0.71015128643953340
  0.72019297253122172  0.73050826631173871  0.74125731455150590  0.75219214914323906
  0.76305499349432804  0.77377720168329345  0.78447926923664957  0.79546108861651188
  0.80666444262191372  0.81813830919902253  0.82982440317744499  0.84175456990775577
  0.85383937375484675  0.86609895024322814  0.87848299202561875  0.89107806987015936
  0.90390621597042942  0.91701450466894663  0.93034040865814249  0.94392633822775207
  0.95781906609367395  0.97176530344510470  0.98587145161538892  1.00000000000000000
 -0.00239953199282812  0.00951278612826856  0.01948370595545440  0.02988920918118160
  0.04022624420924847  0.05080358789599450  0.06126799231925315  0.07187293773156414
  0.08249742972896022  0.09296391580905686  0.10335670330193357  0.11367910058105671
  0.12410770658864154  0.13448181268661030  0.14489520979556503  0.15549073453426979
  0.16613061089850767  0.17673100337723824  0.18730241275705914  0.19794272779489444
  0.20863419375547052  0.21894319223145070  0.22937777453104713  0.23979801361335543
  0.25034292969479077  0.26077922483443561  0.27124415513735944  0.28219383540495985
  0.29300266133547342  0.30377658943471986  0.31429693660569885  0.32498764804936647
  0.33557620699615109  0.34611319966469101  0.35667416644617184  0.36720152287375774
  0.37769926025475320  0.38804846824018457  0.39847548485293571  0.40903153335150477
  0.41957161491764783  0.42993389436650092  0.44033828659661922  0.45076271214798835
  0.46122622525995000  0.47167030764812740  0.48224689566754086  0.49300570687907963
  0.50373678917082831  0.51417031322847329  0.52457942019223591  0.53502894995554029
  0.54561557482782752  0.55631943735477440  0.56709370381491697  0.57784893256424297
  0.58825648938928432  0.59845443853624614  0.60871823895193888  0.61921372132751840
  0.62976449425949932  0.64023201366090476  0.65057928764443618  0.66106226646371813
  0.67150650995809191  0.68198657196155354  0.69239693699850668  0.70282924947664049
  0.71331976244039508  0.72370488259257970  0.73409993216788516  0.74435114952846015
  0.75453307483376231  0.76478513209522447  0.77506637962315839  0.78558920358052253
  0.79619731656923964  0.80716051437947989  0.81804959971424973  0.82895240230980793
  0.83976230393494045  0.85066102870445570  0.86156028383836791  0.87237208405885691
  0.88304161800467884  0.89387810948657476  0.90468400339551336  0.91539984056598334
  0.92585483763381971  0.93634742522621317  0.94681334309353782  0.95730645463667374
  0.96772327253128676  0.97837689792671734  0.98909714657660430  1.00000000000000000
  0.00006586009594621  0.05470150030604640  0.07488045214089360  0.09123334152461535
  0.10625789282754158  0.12062336002692831  0.13373119363582375  0.14566078235317809
  0.15668229875920517  0.16712513903716261  0.17705875101288229  0.18665795037956115
  0.19583949429057176  0.20473188201001200  0.21339621405163198  0.22190794606793418
  0.23026239590272624  0.23845016918900869  0.24657069324684819  0.25461126768739512
  0.26254140435150819  0.27042275076975109  0.27819669773109529  0.28594118110988198
  0.29360256866918516  0.30114457105469578  0.30860337041465163  0.31597840523302323
  0.32332985135708803  0.33071843634111098  0.33820670773435474  0.34571445331178008
  0.35316080172594272  0.36054269988734511  0.36789309900350059  0.37523786724409386
  0.38260556473945773  0.39001348642928657  0.39743308858444149  0.40481265916318354
  0.41214430655793249  0.41948745739744703  0.42683726166002078  0.43409971961092914
  0.44129606519727727  0.44854805779663831  0.45589964649448822  0.46337158918452048
  0.47095208169205705  0.47856460043739807  0.48606278803863168  0.49355730951248500
  0.50110934458695855  0.50876505318392851  0.51651531996590117  0.52431107083682194
  0.53207879158867655  0.53984278082212878  0.54768247692793615  0.55555229368996972
  0.56351858854860470  0.57166090739553965  0.58000430173107997  0.58844263548190834
  0.59697117726403337  0.60560036704651710  0.61427134740669675  0.62299951963985234
  0.63160707042863307  0.64024652662085324  0.64902271908666320  0.65808713929258289
  0.66723956206344348  0.67666037403197699  0.68613699790861760  0.69557433409165759
  0.70514022058202219  0.71492746538719787  0.72494388084534800  0.73520104042410916
  0.74562033935840322  0.75649040461586803  0.76759487272240023  0.77902803340801297
  0.79067355030331843  0.80279337683627028  0.81543108587841184  0.82874967195813198
  0.84256261484730444  0.85695251289239915  0.87237055927097651  0.88876150806507093
  0.90689056656777889  0.92806647600845005  0.95609564462267682  1.00000000000000000
 -0.02023701143360433  0.13554288214672816  0.18209462664288800  0.20943536971351209
  0.23141566672796104  0.25009719902446559  0.26641355962845858  0.28148173725200754
  0.29546948343440033  0.30869778601265835  0.32129916467976538  0.33317519674953783
  0.34434178435689350  0.35505587066425831  0.36537763597522871  0.37542096096560001
  0.38508749587055552  0.39456328314520478  0.40370434515346326  0.41268884742677964
  0.42144411939968779  0.43003742196445893  0.43845263507675114  0.44663961526838925
  0.45477477232940866  0.46253036349725485  0.47009489282847561  0.47752742273728127
  0.48492081107623947  0.49222927268526706  0.49947723135965533  0.50661566580139816
  0.51363779899234274  0.52055239932907715  0.52724651328380412  0.53384503409487938
  0.54036581450420207  0.54684889751231902  0.55333729854642322  0.55980789542968101
  0.56612923553643602  0.57232157981792886  0.57844766172378237  0.58450999848518304
  0.59049884566525579  0.59642022517411730  0.60226403955986851  0.60801247964764848
  0.61368885035923804  0.61934992052410498  0.62498650350356100  0.63055259654293061
  0.63608569446395546  0.64156012489199843  0.64700140843845744  0.65239910464739159
  0.65782445225259045  0.66321689343783352  0.66854705129145131  0.67377885655236314
  0.67894021791771819  0.68408467601702927  0.68919350876012841  0.69426720259377084
  0.69935506016494320  0.70440816182642352  0.70947140769983175  0.71459667344924616
  0.71971903931029046  0.72483453232068529  0.72993488663931827  0.73505684514110592
  0.74018874685210201  0.74536782778123567  0.75059746548174611  0.75593534539232332
  0.76136754901303472  0.76676655431863905  0.77226962145263811  0.77784714339904415
  0.78352692287363690  0.78926812758991738  0.79512079256451806  0.80130219581455753
  0.80756659752068916  0.81411488438698643  0.82097057272995644  0.82820565264394319
  0.83600367547925314  0.84441964656001500  0.85353341873700705  0.86389955728149626
  0.87618734458669423  0.89156947937311704  0.91175885315725413  1.00000000000000000
   6.4129517171593067E-012  -1.0000000000000000     
 F F F F F F F F F F F F F F F F F F F F F F F F F F F F F F F F F F F F F F F F F F F F F F F F F F F F F F F F F F F F F F F F F F F F F F F F F F F F F F F F F F F F F F F F F F F F F F F F F F F F F F F F F F F F F F F F F F F F F F F F F F F F F F F F
  <DiscreteSampler_grid>
  grouped_processes
  1 # 1 for a reference and 2 for a running grid.
  10 # Attribute 'min_bin_probing_points' of the grid.
  1 # Attribute 'grid_mode' of the grid. 1=='default',2=='initialization'
  0.0000000000000000 # Attribute 'small_contrib_threshold' of the grid.
  0.5000000000000000 # Attribute 'damping_power' of the grid.
 # binID   n_entries weight   weight_sqr   abs_weight
    13   10   1.110968309327818E+001   1.718784411645213E+002   1.110968309327818E+001
    14   10   1.110968309327818E+001   1.718784411645213E+002   1.110968309327818E+001
    16   10   1.436976836099801E+001   2.898830528639137E+002   1.436976836099801E+001
    17   10   1.436976836099801E+001   2.898830528639136E+002   1.436976836099801E+001
  </DiscreteSampler_grid>
