  0.00007138543536824  0.00007271158710397  0.00007452488057796  0.00007646865523526
  0.00007868776538661  0.00008127118106483  0.00008410079141561  0.00008732814446075
  0.00009043155554210  0.00009201673220881  0.00009240113306164  0.00009249024015542
  0.00009252727585606  0.00009254406968791  0.00009255420001854  0.00009256194720061
  0.00009256747448769  0.00009257159042229  0.00009257502456569  0.00009257731103452
  0.00009257907853178  0.00009258069346380  0.00009258209697855  0.00009258311897214
  0.00009258402824716  0.00009258483591780  0.00009258558266484  0.00009258624728757
  0.00009258689392615  0.00009258746516371  0.00009258803640128  0.00009258858914729
  0.00009258913032489  0.00009258967150249  0.00009259025190262  0.00009259083504749
  0.00009259146153246  0.00009259214164544  0.00009259288183827  0.00009259375329691
  0.00009259476797923  0.00009259591569458  0.00009259722321898  0.00009259866857667
  0.00009260067669876  0.00009260353776267  0.00009260686472006  0.00009261130075258
  0.00009261710807562  0.00009262719606189  0.00009264031063287  0.00009266796627457
  0.00009271994195636  0.00009290248242456  0.00009375881291758  0.00009614828635552
  0.00010047806720504  0.00010651545330713  0.00011414199196526  0.00012428888233909
  0.00013707414448623  0.00015303929196001  0.00017337738283426  0.00019886981676775
  0.00022896656586883  0.00026295720369262  0.00030343093201690  0.00035440590175068
  0.00041358749644840  0.00047941041333493  0.00055468035694474  0.00063411974682737
  0.00072124047965275  0.00082614110421339  0.00093085287853693  0.00102648460297401
  0.00113160294558434  0.00125510709737733  0.00140373108615228  0.00157216681933618
  0.00177786315917622  0.00202387511053439  0.00228469469830305  0.00254477862738845
  0.00283279470649616  0.00317846624580742  0.00358998216738291  0.00410326450000765
  0.00470696568167247  0.00533850657529452  0.00616853036704649  0.00715716103407802
  0.00879517816337783  0.01108990629898131  0.34069865044620512  1.00000000000000000
 -0.00828741074266571  0.03415902442659065  0.05493318900702879  0.06928032495329976
  0.08175144387343272  0.09315699424617174  0.10541351441218913  0.11783370319487770
  0.13014550260151925  0.14271900165520873  0.15521634995723860  0.16709114157484103
  0.17850603429688769  0.18974552145185564  0.20063325268217438  0.21127249714797330
  0.22223762432644281  0.23351042015599052  0.24564725843457411  0.25736338846525092
  0.26639858942364741  0.27507540141497600  0.28365424987778226  0.29322136054013875
  0.30365464190141400  0.31347585287579505  0.32320312346811725  0.33388307268519124
  0.34576995560666146  0.35857501579317069  0.37163166241362988  0.38459572088905530
  0.39664318528525261  0.40764633789063393  0.41769532763476946  0.42791667727145277
  0.43906837463005927  0.44966706104086906  0.45914617844054628  0.46712326493216499
  0.47289612466825881  0.47867553933598078  0.48599392680525344  0.49482240663841615
  0.50554665943813037  0.51680517154104477  0.52785397417168267  0.53876690123412696
  0.54928119342129800  0.55974415751788897  0.57066921609791266  0.58154169234925768
  0.59236653475884649  0.60318150824932382  0.61275062811100089  0.62156173953098504
  0.63051228400243919  0.63968516172115863  0.64852117015651112  0.65699096021277892
  0.66689829765765141  0.67801941594890591  0.68940719702038233  0.70069652891280676
  0.71118928988890995  0.72089542807429530  0.73069287255290682  0.74104978113929254
  0.75100721693821437  0.75903032611048504  0.76707376879077638  0.77468948297698836
  0.78338696136273644  0.79260151932045975  0.80181511664985794  0.81137341792669959
  0.82111663296347370  0.82967094889982551  0.83991983989447561  0.85312576245626159
  0.86350538416223721  0.87361790131554173  0.88313206355358576  0.89231523899598497
  0.90165525667107782  0.91090448370092214  0.91946427904507788  0.92717305558313901
  0.93449175098957160  0.94350330246054326  0.95230530829235016  0.96150439453764547
  0.97133573261251460  0.98257492211589859  0.99133677691993771  1.00000000000000000
  0.00000105396446905  0.00000229347819536  0.00000360222509333  0.00000541795672802
  0.00000728251485387  0.00000942973923996  0.00001217235577533  0.00001501394107237
  0.00001798310642726  0.00002075408352919  0.00002377075935870  0.00002696300940544
  0.00003008269402047  0.00003298582466001  0.00003572965316867  0.00003846562913273
  0.00004132895685550  0.00004433950066671  0.00004759464112003  0.00005105163987165
  0.00005440319916235  0.00005724630002801  0.00006015477073101  0.00006313828082266
  0.00006590270333549  0.00006862214853758  0.00007171891803546  0.00007553597381886
  0.00007970414721312  0.00008287782307474  0.00008557759709935  0.00008840411477559
  0.00009257887638434  0.00009633258124813  0.00010039559277234  0.00010547606552706
  0.00011087779672276  0.00011710409927617  0.00012401221928668  0.00013033447537171
  0.00013566309346943  0.00014082933165311  0.00014643364600604  0.00015239069249479
  0.00015855689566981  0.00016504232783050  0.00017159633603470  0.00017794956654673
  0.00018443579092764  0.00019115353415907  0.00019823737836592  0.00020570686253730
  0.00021705082483635  0.00023082936403865  0.00024549212647732  0.00026051615912127
  0.00027621761206922  0.00029240041688044  0.00030848441234294  0.00032546526747465
  0.00034387486417815  0.00036329104187231  0.00038434505632919  0.00040805611571960
  0.00043508979522243  0.00046509603346081  0.00049881071812984  0.00053584005480690
  0.00057387533649560  0.00061040436729552  0.00064544177020688  0.00068264369526948
  0.00071965659205260  0.00075850191538375  0.00079954492991171  0.00084102415616812
  0.00088318064983839  0.00092529229324125  0.00096570684627088  0.00099081213329523
  0.00101941974403165  0.00105098514903008  0.00109002723943819  0.00113774949872412
  0.00118745481634044  0.00122947659533510  0.00130726606997776  0.00140553566194392
  0.00156225946573926  0.00177454025410651  0.00203464631063488  0.00233908384713431
  0.00464730216550324  0.01289695677229391  0.03113814942513836  1.00000000000000000
 -0.00189799412522992  0.00774374366238143  0.01559969234663796  0.02429550512241289
  0.03342550223636236  0.04266539312843205  0.05203628587039061  0.06129684043824324
  0.07062815831687583  0.08105884556572523  0.09075483885865633  0.10105732124654015
  0.11127210257074292  0.12082462218787049  0.12955905961219166  0.13821561936501955
  0.14718431940139193  0.15630985975433967  0.16428681916485874  0.17249869511997171
  0.18079489530393136  0.18968320966605659  0.19828319115370874  0.20698934493028995
  0.21732142209326519  0.22888948968760245  0.23903630405595305  0.24836440625527961
  0.25771686982274100  0.26780924753394303  0.27847362318800212  0.28959298915618603
  0.30049202449264872  0.31053229677440947  0.31869264418050641  0.32501441022751426
  0.33278602206482394  0.34045052561971634  0.34895352103234567  0.35864867790816052
  0.36972506227059931  0.38167921427591528  0.39361647828073676  0.40524961644527580
  0.41701842215438306  0.42951974659296466  0.44265670128452561  0.45377188779568889
  0.46320903988586348  0.47013564869900581  0.47819486522494159  0.48654941019499143
  0.49597280700410612  0.50706170886246371  0.51893311104486206  0.52986462443147220
  0.53957904707911120  0.54889379661877702  0.55815661272406314  0.56863568484150195
  0.58054769769909897  0.59312405959469394  0.60611416456633149  0.61920219128406084
  0.63076536460752042  0.64040636841356269  0.64995067145199525  0.65938944745365746
  0.66921878228634468  0.68032605196376617  0.69034597257032193  0.70105162658635500
  0.71330163078830344  0.72487844775510291  0.73420364855379538  0.74274044612993861
  0.75113737108865919  0.76023277377570420  0.76969277345385134  0.77915641859045204
  0.79021519530547446  0.80214721717503767  0.81443451722618221  0.82739342409703676
  0.84021432397741180  0.85318982645818542  0.86792288775645399  0.88139861040846712
  0.89365206494720584  0.90476757467114310  0.91533544014177193  0.92846412383068122
  0.94369525842504809  0.95997893160583703  0.97815757237911538  1.00000000000000000
 -0.00231634676341549  0.00902136122751194  0.01872890018769167  0.02914504914370138
  0.04115429316558299  0.05211967396322259  0.06152702088494472  0.07043027529186353
  0.07945507469387156  0.08655661907302308  0.09401415019907922  0.10365650708876994
  0.11330223648607785  0.12253700827641048  0.13209344313251709  0.14095863147760759
  0.15045589102204887  0.16188430462697148  0.17386741799803226  0.18544632760849869
  0.19712809656826447  0.20919478444026515  0.22137300972039373  0.23364633591692163
  0.24582742124733556  0.25775635456213947  0.27026795409229776  0.28247587929634366
  0.29397589644980970  0.30523833489671731  0.31514847130232471  0.32348353433457544
  0.33065410175153581  0.33768788365787183  0.34582529451548666  0.35402392317474746
  0.36199299018685321  0.37012952161018109  0.37905536747274565  0.38880398013052986
  0.39726404009935973  0.40637951103917880  0.41559220656450069  0.42576176373435459
  0.43638014609137704  0.44689236010949707  0.45732560558383523  0.46818079812224750
  0.47956907228447093  0.49159691551007417  0.50404594874186348  0.51663617091502068
  0.52919532967936611  0.54012929594660408  0.54744536888986695  0.55492388690307781
  0.56297292990885728  0.56983077835563190  0.57880796724024097  0.59084749288079719
  0.60344099059313228  0.61547782616536595  0.62703328266203473  0.63863350567335564
  0.65051850419933910  0.66270768199005980  0.67512414535055165  0.68749475226014189
  0.69946662316680319  0.71127530426306496  0.72284785538772878  0.73447376191051128
  0.74628741737043913  0.75834680779910968  0.77079881612581591  0.78314134580984651
  0.79489224387469370  0.80655184181480977  0.81839475216372071  0.83109786349173387
  0.84481512795235125  0.85784676967007267  0.87024456246374537  0.88156779774263383
  0.89244824369505782  0.90293660354797445  0.91289792178018692  0.92338124278932199
  0.93446875751896441  0.94540809863499653  0.95544382354951285  0.96404025443469787
  0.97283037881280054  0.98239665171598678  0.99141097308548920  1.00000000000000000
 -0.00167991026266436  0.00610479908525234  0.01530883040245529  0.02537620089511829
  0.03560629540917438  0.04558882025107303  0.05542914207865940  0.06575045036932362
  0.07692537659813600  0.08871543135163912  0.10038166624135354  0.11210486593552317
  0.12471628520834256  0.13781855849369481  0.15094976578272348  0.16420675433206025
  0.17682444029040637  0.18734926558887016  0.19683940344517578  0.20648166319114039
  0.21499826630913457  0.22606247895030412  0.23769938095640139  0.25034210983243027
  0.26148994160343836  0.27148823841431718  0.28027094098471422  0.28833695735616133
  0.29870220497310385  0.31142412138360431  0.32363384959309927  0.33493249517639889
  0.34599194589952148  0.35743625263245848  0.36917343521886931  0.38146907112062794
  0.39532051209657160  0.41016539747763237  0.42443986042357207  0.43773920290170926
  0.45129127131149743  0.46557535577675740  0.47966446324471068  0.49336779889130794
  0.50562827909101171  0.51616202427153313  0.52669733854245138  0.53603642328982537
  0.54399003906253618  0.55607654886385538  0.57294872857542134  0.58685377970285135
  0.59941698787928832  0.61001233315740122  0.62014592818585579  0.63079512823505191
  0.64258451584953713  0.65384997003981293  0.66365825276930190  0.67382653205658205
  0.68421553109427924  0.69481290551439545  0.70584719691348663  0.71753077782659913
  0.72847254047264665  0.73995628109813305  0.75345744460838915  0.76638227197929687
  0.77834749756953758  0.78976594057886884  0.80080891763910589  0.81125962662886231
  0.82148916601907207  0.83215044623368306  0.84306530179206185  0.85292612342572971
  0.86068346889231506  0.86911731443205897  0.87744341513425228  0.88564345164787306
  0.89350143913134683  0.90124799220379470  0.90910142370301572  0.91700637793379902
  0.92450062893910145  0.93202175109320584  0.93952271309258573  0.94666863177169380
  0.95433276907709652  0.96057928933347003  0.96631283418726543  0.97244076025761672
  0.97900140814073744  0.98579588674969154  0.99252647295252960  1.00000000000000000
 -0.00166824537963090  0.00747458732993016  0.01669730937430152  0.02541433115147710
  0.03474201695424841  0.04447039653060222  0.05426693769129343  0.06464146431095508
  0.07614408329194143  0.08835067010297641  0.10062531655976190  0.11330169787333502
  0.12632715419195198  0.13908744594103345  0.14870133430372059  0.15851791429514256
  0.16923550940529830  0.18024792951232596  0.19060832167874564  0.20101499188410429
  0.21192219270198825  0.22259880137038146  0.23307686551992157  0.24325646708616369
  0.25360267587407459  0.26448476888720335  0.27429019801196108  0.28460391850281619
  0.29618171866217397  0.30687143900502167  0.31736336324159414  0.32930710936086582
  0.34028658309653503  0.34839214325250828  0.35570912370839869  0.36309273383622220
  0.37200698899899337  0.38184438201089038  0.39278520890453045  0.40452533238771587
  0.41704725967347422  0.43095287228466206  0.44154349318735830  0.44955403056334375
  0.45811904410564763  0.46829170630977363  0.47944422491371702  0.49044432959913370
  0.50240407385038854  0.51399011994090493  0.52616213530869604  0.53896359063131094
  0.55114402733002188  0.56305409047921429  0.57548555918994437  0.58843297519338866
  0.60054983317764710  0.61075061695883681  0.61968040092476540  0.62879493210384529
  0.63782389897149194  0.64732861379722595  0.65735296214156036  0.66544222217546845
  0.67413611835553755  0.68327172250357959  0.69221302448236122  0.70313063929720010
  0.71551497461629976  0.72782350085370340  0.73891658052740206  0.74874355031936479
  0.75858044910371369  0.76818370456799367  0.77766108101704923  0.78764846143494083
  0.79593227897200980  0.80544527019559575  0.81385122727588366  0.82109621073518790
  0.82915142825890165  0.83704415307103186  0.84541460001409152  0.85486017195466946
  0.86596528615432233  0.87771879086839566  0.89000229166983724  0.90314628584490841
  0.91658143796220615  0.93000480250960205  0.94287999497371200  0.95464731006832626
  0.96581030654584721  0.97653334354479193  0.98733219253083226  1.00000000000000000
 -0.00334735382160174  0.01110167809367439  0.02382044265854704  0.03636945814702129
  0.04839917846245310  0.05970301057426559  0.07073037302285032  0.08200575379436635
  0.09378769899146328  0.10645435236399448  0.12002653074002483  0.13337719663557615
  0.14534684815411267  0.15499030416028947  0.16313780178319662  0.17162843160665189
  0.17931719531147153  0.18659824868703037  0.19404425763603900  0.20293265059207841
  0.21261738125093274  0.22170751427346766  0.23095363466511726  0.24042464741472641
  0.24980893732003073  0.25925055666385177  0.26951485283582804  0.28030220203376116
  0.29122591917341156  0.30144913102816734  0.31129926075978992  0.32009432092156470
  0.32855476304153175  0.33820054452059639  0.34803292339131964  0.35675069228977019
  0.36570612712285450  0.37566846638211465  0.38650974681767675  0.39793110666103432
  0.40943714113486390  0.42148624385237571  0.43536369769250960  0.44717164833089584
  0.46098062922998811  0.47428294941635840  0.48656158698400143  0.49760256614906972
  0.50795930943133549  0.51857343733234118  0.52968992104723922  0.54139152676975655
  0.55411597775602395  0.56706294951198455  0.57949645653706083  0.59147256477050436
  0.60334070414850172  0.61508118768337106  0.62630798569849311  0.63694015031675455
  0.64709856618740347  0.65634442048792141  0.66463172577052854  0.67304415271881624
  0.68231213565842341  0.69239478213015027  0.70290711775797277  0.71351235463096052
  0.72451488644217099  0.73556581479418215  0.74606831939597840  0.75647857932795481
  0.76680667836686178  0.77604682144789183  0.78507298120912927  0.79408213706133324
  0.80320986587882415  0.81312577889802151  0.82458752534945223  0.83636261165154058
  0.84727770767453559  0.85755502129767691  0.86726150796722534  0.87555808256251999
  0.88332628912756794  0.89068173085221469  0.89812671845187897  0.90696278516462125
  0.91738617700427572  0.92874088893241846  0.94032902649139127  0.95172462831598315
  0.96325191146208811  0.97472242361700312  0.98678903136229190  1.00000000000000000
 -0.00901138426539493  0.34782388318653112  0.51201663076877701  0.61043277991993539
  0.63514929445469792  0.64419494465080362  0.64988783872093803  0.65500610148049576
  0.65965265891033353  0.66422074018760091  0.66887747329382363  0.67289159149924771
  0.67605796858470646  0.67903782139896962  0.68209755345893508  0.68514302271850469
  0.68792684827976713  0.69087112855721022  0.69384212363076370  0.69658907375590839
  0.69931034619817056  0.70214774139105629  0.70555686902164516  0.70897312350979647
  0.71194271428902267  0.71474193631520233  0.71762848567397219  0.72052970710997066
  0.72346579495805541  0.72657884663638606  0.72978791284275235  0.73265161113611132
  0.73525896518044809  0.73781530547481611  0.74042289393673866  0.74316248261998918
  0.74623956584698181  0.74969582446856231  0.75317708967971098  0.75653318431709293
  0.75986667329172120  0.76311528626289893  0.76628888978584531  0.76952394804412660
  0.77304746779857503  0.77670014986913605  0.78029448605630736  0.78377135959794308
  0.78713069856268669  0.79037407309253949  0.79346174244582790  0.79682138872758190
  0.80048696433464062  0.80429317931587352  0.80809696849194856  0.81182032956432315
  0.81532304890721874  0.81865987161291898  0.82197047410029256  0.82526384661536312
  0.82818199608587362  0.83048546880061846  0.83317076128326883  0.83625600275958223
  0.83919692969913440  0.84189483960184597  0.84472120090253855  0.84831750843769238
  0.85208053533509998  0.85544639769745423  0.85862247709283457  0.86191426011964334
  0.86510810155244844  0.86808159773138038  0.87095142248937796  0.87391143280757722
  0.87683813439299152  0.88064502955501822  0.88444809167188843  0.88827841101132832
  0.89220459636565896  0.89625264507968738  0.90039504769090484  0.90485179212565003
  0.90997233484282791  0.91574563840250534  0.92193185057479310  0.92834764671628212
  0.93474452431677868  0.94121954072414160  0.94811274147581381  0.95570154358694304
  0.96409336594094142  0.97298181399456751  0.98317956125245409  1.00000000000000000
 -0.03011714325321684  0.16495504157832722  0.24368995520866515  0.28056790559357769
  0.30411097540301857  0.32128372515377596  0.33523659272332129  0.34756955404365375
  0.35913374282321436  0.37059357886768041  0.38006042818288344  0.39072081157159150
  0.40144930539641105  0.41194833285955146  0.42326774520843446  0.43375626361648850
  0.44299635629779288  0.45195788687148913  0.46097600584303833  0.46897071497458548
  0.47589263006100507  0.48253181383481553  0.48814779844639267  0.49365587066354538
  0.50002512176066283  0.50755894188632733  0.51564197809918066  0.52332535659323731
  0.53109492353589871  0.53855472305469099  0.54605818875795420  0.55326178795462910
  0.55981695805452336  0.56595696393729378  0.57143504144959290  0.57656553281217870
  0.58146731004766672  0.58721909165668429  0.59416346294492450  0.60051825864628983
  0.60664124239150796  0.61256398024015102  0.61802660200404758  0.62333405970907685
  0.62879541769029523  0.63424438159892216  0.63945740856787292  0.64456639675254457
  0.64957412586870256  0.65420597936165004  0.65888763930355554  0.66362697618979249
  0.66867427910070176  0.67356918661402754  0.67854456475187164  0.68384412858152255
  0.68903162940449814  0.69284866285040503  0.69648442881422346  0.70063651806208960
  0.70451718678222064  0.70833986764006251  0.71242798678717401  0.71669356393959116
  0.72098539674534723  0.72524435377640273  0.72929943259446550  0.73358883080319481
  0.73852034531571753  0.74369508037372956  0.74855817278116910  0.75287518421238875
  0.75682599866578060  0.76063241735985831  0.76448710253842966  0.76850426191819710
  0.77260980298662485  0.77674660233290815  0.78098619084472098  0.78513044004392751
  0.78898739401244955  0.79342812774094995  0.79860792994105290  0.80421672432493874
  0.81003121833278768  0.81576076927143948  0.82136856716245599  0.82734458610639849
  0.83395872594545906  0.84121856436672249  0.84967151394057761  0.85947019899993771
  0.87059038840978153  0.88417018104054257  0.90768602508992691  1.00000000000000000
   3.3491535246299230E-010  -1.0000000000000000     
 F F F F F F F F F F F F F F F F F F F F F F F F F F F F F F F F F F F F F F F F F F F F F F F F F F F F F F F F F F F F F F F F F F F F F F F F F F F F F F F F F F F F F F F F F F F F F F F F F F F F F F F F F F F F F F F F F F F F F F F F F F F F F F F F
  <DiscreteSampler_grid>
  grouped_processes
  1 # 1 for a reference and 2 for a running grid.
  10 # Attribute 'min_bin_probing_points' of the grid.
  1 # Attribute 'grid_mode' of the grid. 1=='default',2=='initialization'
  0.0000000000000000 # Attribute 'small_contrib_threshold' of the grid.
  0.5000000000000000 # Attribute 'damping_power' of the grid.
 # binID   n_entries weight   weight_sqr   abs_weight
    13   10   2.293511519374657E-001   2.836279463761385E-001   2.293511519374657E-001
    14   10   2.293511519374660E-001   2.836279463761394E-001   2.293511519374660E-001
    16   10   5.074048276015128E-001   1.666444901481601E+000   5.074048276015128E-001
    17   10   5.074048276015135E-001   1.666444901481605E+000   5.074048276015135E-001
  </DiscreteSampler_grid>
