  0.00007134035873315  0.00007285532075759  0.00007495762430953  0.00007725854434445
  0.00007975829271838  0.00008247227266924  0.00008541105082401  0.00008868360959459
  0.00009113134923009  0.00009221353545411  0.00009245429217061  0.00009250197804868
  0.00009253219887596  0.00009255017797836  0.00009256082087558  0.00009256780988911
  0.00009257158559594  0.00009257461658490  0.00009257709275321  0.00009257894943978
  0.00009258058582137  0.00009258190238731  0.00009258288763212  0.00009258380433082
  0.00009258461205976  0.00009258535259187  0.00009258591859242  0.00009258646867088
  0.00009258697775591  0.00009258747478965  0.00009258794422652  0.00009258841027831
  0.00009258885872750  0.00009258930717668  0.00009258977229714  0.00009259023828777
  0.00009259073723257  0.00009259124300584  0.00009259182496904  0.00009259243779687
  0.00009259319664773  0.00009259399653286  0.00009259485159124  0.00009259589421009
  0.00009259728398848  0.00009259895415325  0.00009260099794367  0.00009260362577991
  0.00009260691977688  0.00009261083035496  0.00009261637940681  0.00009262681114332
  0.00009264421685673  0.00009267482024877  0.00009277001205367  0.00009329676297873
  0.00009514429358114  0.00009856581239765  0.00010432120976406  0.00011117797112931
  0.00012015906859420  0.00013164982810249  0.00014690625248835  0.00016656472931059
  0.00019123931452671  0.00022287659894839  0.00026415710325060  0.00031526844651181
  0.00037643275830634  0.00044365243433675  0.00051413820335527  0.00058842096580756
  0.00067194270288881  0.00075786939358425  0.00084316701549397  0.00094532645056676
  0.00106091471300205  0.00119220178769275  0.00133664751676669  0.00151469744281736
  0.00170749469102632  0.00188575356620828  0.00205864941470486  0.00225459075437002
  0.00250035850645410  0.00287199956289543  0.00334418312381130  0.00389039335343466
  0.00449654658409621  0.00524025474014588  0.00618105062356908  0.00704492608362789
  0.00785812962443449  0.01984324762941832  0.15147431452916901  1.00000000000000000
 -0.01095912855892860  0.03800850857317666  0.06508260748886951  0.07858562532757907
  0.08775926039625245  0.09589458474523112  0.10413083657192587  0.11332526998877072
  0.12248746156929202  0.13021702939266072  0.13815519585384584  0.14738907549166638
  0.15789955492617017  0.16940625066109305  0.18129735656140772  0.19264149982690482
  0.20276975671575151  0.21210558630019044  0.22149864612361578  0.23134751969671208
  0.24158494423912888  0.25228548961543640  0.26373436344704676  0.27557513408316969
  0.28762821703732133  0.29986435482898632  0.31109605702487242  0.32122507581544268
  0.33163505934634574  0.34225184725076957  0.35341295565392628  0.36536138907055121
  0.37748073491480583  0.38886234832703825  0.39885574808057322  0.40831904184822010
  0.41726579101783434  0.42698585896492741  0.43828615418033573  0.44878838040992580
  0.45852037742404878  0.46804433744697399  0.47710113464475579  0.48715800588163538
  0.50033738703964215  0.51512308328526657  0.52950021442539819  0.54188574639198150
  0.55194377809089956  0.56071608171105669  0.56886422073353449  0.57697555725983851
  0.58477501625107631  0.59298692199726644  0.60172319897816695  0.61138457166746285
  0.62290079621211192  0.63588389223973674  0.64989107803047197  0.66294379292952110
  0.67309926399529407  0.68363207136366111  0.69362046239559783  0.70403747073567313
  0.71488250340009973  0.72493660212686684  0.73500116642010482  0.74507932748697880
  0.75485770972928290  0.76507592583199935  0.77608580440525898  0.78712595142438346
  0.79716955243983156  0.80562960694179531  0.81418222403401608  0.82413858685099251
  0.83342337488536811  0.84192269579976564  0.85050293208352556  0.85894993371195338
  0.86704364966756142  0.87539921761400308  0.88511973938740474  0.89505197985182627
  0.90391868984968604  0.91284048733745105  0.92275206009879185  0.93372659200785169
  0.94371135425377528  0.95248988407633084  0.96121629639340533  0.97020573993183845
  0.97906220584297021  0.98745236167959360  0.99439780426756652  1.00000000000000000
  0.00000002251002536  0.00000187811064973  0.00000335194223224  0.00000393577984274
  0.00000517230417494  0.00000704755399295  0.00000955929759707  0.00001229284772582
  0.00001501471384374  0.00001859439872976  0.00002248817450122  0.00002628384674244
  0.00002980359160294  0.00003299222566545  0.00003570108524843  0.00003864193416790
  0.00004164188604937  0.00004468045942695  0.00004770998382502  0.00005072287345806
  0.00005386124792346  0.00005701523588139  0.00006025099923029  0.00006370295951387
  0.00006747000151555  0.00007123083879201  0.00007482118131419  0.00007853378099906
  0.00008285924973790  0.00008783234711112  0.00009281763482045  0.00009773957958057
  0.00010295523425420  0.00010857338581594  0.00011414127385152  0.00011896477232085
  0.00012383534748568  0.00012862133636112  0.00013300859260216  0.00013805730745153
  0.00014375859588951  0.00014875207653488  0.00015365681868781  0.00016155242592567
  0.00017030541109848  0.00018076018655140  0.00019258693358910  0.00020514025624908
  0.00021844576912923  0.00023222560428619  0.00024631254874713  0.00025995826930336
  0.00027381907188995  0.00028894402546549  0.00030469472548170  0.00032023260740562
  0.00033576909854499  0.00035155589549044  0.00036729569087023  0.00038290870296077
  0.00039990426525672  0.00042021533444370  0.00044160758189945  0.00046037847299774
  0.00048120826358632  0.00050357655345949  0.00052838923417383  0.00055708987669662
  0.00058924101941809  0.00062445085061485  0.00066253837935520  0.00070148439543408
  0.00074487624761107  0.00079100887054641  0.00083316867837796  0.00087740922107338
  0.00092305342204497  0.00096777856972508  0.00101107549306479  0.00105282439911249
  0.00108796432748981  0.00112553896764018  0.00118335885600520  0.00125758836068542
  0.00133277331300916  0.00140454058216678  0.00147848353294233  0.00155949111107989
  0.00164025615767982  0.00173809465585582  0.00195752668583771  0.00274881763248554
  0.00587519266665896  0.01622774121666247  0.07214562722229682  1.00000000000000000
 -0.00174554471426367  0.00709243154074331  0.01640180691944800  0.02548249201172838
  0.03500207035038307  0.04540754153823921  0.05490206239631886  0.06375875609718890
  0.07088088173176886  0.07810755268249556  0.08554402250511241  0.09377919893516037
  0.10278206906012677  0.11199266926422942  0.12090852253782830  0.12962789001459943
  0.13892788543820039  0.14937200700060901  0.16059267799005469  0.17161723136102583
  0.18201285524877206  0.19191020280345503  0.20163854433565140  0.21146830314807405
  0.22093929077238206  0.22939076093471417  0.23799915917529013  0.24656997808636874
  0.25470835561964744  0.26281143449865180  0.27152119980612810  0.28067543400606026
  0.29110848370928172  0.30279799456207768  0.31437149050381286  0.32446787783596220
  0.33287716281363100  0.34126941177091930  0.34981190943667723  0.35898895403275721
  0.37014425524962863  0.38170311436564286  0.39159897998433368  0.39966736268738229
  0.40823352254178763  0.41675772621441909  0.42523187881837327  0.43635028173001511
  0.44961196072942378  0.46139103563435491  0.47219542479249266  0.48265150647380856
  0.49261515189839006  0.50362610464983759  0.51458204677398423  0.52579601550684496
  0.53538865266583768  0.54375525232794786  0.55273147319864768  0.56073511793338227
  0.56811010926934813  0.58024427668221190  0.59341479529720320  0.60610534904918467
  0.61840982640261544  0.63032151875347364  0.64220319551476368  0.65407735360243657
  0.66532909798406725  0.67569732525786053  0.68618833941520541  0.69765698535447662
  0.70891638802624324  0.71930516726101501  0.73037317782545175  0.74288008936430527
  0.75554211553958328  0.76772565177945340  0.77880852734538331  0.78927844003355818
  0.80156531244663687  0.81602806981100118  0.83120989196524986  0.84646197181666372
  0.86200255648724522  0.87726060107358284  0.89014081006011903  0.89984916177214080
  0.91014496144525114  0.92075247887689349  0.93143876134127934  0.94281759297861201
  0.95479027532326433  0.96884444715521301  0.98508214486095214  1.00000000000000000
 -0.00181346499405781  0.00803539276057370  0.01658989380524499  0.02510769072232275
  0.03646507323822988  0.04895096625945455  0.06110788866660716  0.07352144668663804
  0.08630513020652854  0.09822322982155610  0.10926363835361061  0.11839913062185202
  0.12573325115571413  0.13380409532964380  0.14280367005609274  0.15201539532831382
  0.16199911470410622  0.17249190161149530  0.18283430225116348  0.19243971492808334
  0.20213547044457042  0.21296177631689941  0.22455785921522750  0.23697276603939260
  0.25015471445829907  0.26361823475957524  0.27585338895698541  0.28617392656024865
  0.29684911513295664  0.30417216614665527  0.31321772969404227  0.32350472615058895
  0.33447149027426476  0.34533817075370543  0.35503508762793029  0.36408890716643505
  0.37315802287005434  0.38210121006551345  0.39083982726982414  0.40063247268083069
  0.41168868038298972  0.42329965465407943  0.43483365607280566  0.44552180566250299
  0.45504047414707743  0.46460418417567878  0.47441151245189400  0.48490059053724882
  0.49560579709379682  0.50577751866320908  0.51604331949835780  0.52633108277857354
  0.53633000314986123  0.54642079906045538  0.55747259922334413  0.56778165030855676
  0.57627221368926596  0.58542412559225443  0.59544892981000697  0.60554920312871163
  0.61576944963909908  0.62606899003119976  0.63775291238851262  0.64966318595843442
  0.66102721100571427  0.67243213546692593  0.68392764026931285  0.69467637158200113
  0.70452517883301380  0.71351248947521506  0.72296895436221065  0.73317848257516971
  0.74355607431130033  0.75439418141213399  0.76469795875683322  0.77433770389554846
  0.78494655388840295  0.79642515351248666  0.80841680147525019  0.82099774372081669
  0.83383881344169386  0.84659854441535642  0.85933287490236909  0.87196972012334828
  0.88361148150176916  0.89533684219762988  0.90467120894135022  0.91386632456012684
  0.92322192897505595  0.93271254594644204  0.94296127570404564  0.95346134597736609
  0.96451396349881180  0.97649968498000395  0.98684978466338136  1.00000000000000000
 -0.00075318373673130  0.00410019412149504  0.01134191629243904  0.01839955458376631
  0.02572500555328657  0.03365528064679575  0.04299177841709541  0.05397634122984698
  0.06661315529039855  0.08079474501102644  0.09378236943980982  0.10459959560318231
  0.11364067892298627  0.12217388214948691  0.13124103551052646  0.14117400383398410
  0.15194581345230582  0.16432918678998104  0.17703471143197450  0.18859836013421688
  0.19987358434255950  0.21197051594420133  0.22426603365228820  0.23656657740758683
  0.24912781217695601  0.26222944064003961  0.27586045402334314  0.28926862342402476
  0.30056191316165698  0.31010988875795498  0.32130315170720264  0.33419690085986281
  0.34799931544401047  0.36009355569185492  0.37065338750492333  0.38110816377275619
  0.39147354366888809  0.40196654556793471  0.41290330610873283  0.42526197368499602
  0.43883069544258524  0.45276577480988706  0.46712459127342082  0.48058046639427643
  0.49331498057605427  0.50572856290227175  0.51767473966558764  0.53014537594232714
  0.54426084956912679  0.55919114339084119  0.57344548879528112  0.58553561924027109
  0.59594447772068682  0.60593844519318296  0.61509856054009227  0.62443874281490674
  0.63585062373918477  0.64674350660097379  0.65775059623750842  0.67030801968097642
  0.68163098134219346  0.69158911112327992  0.70110042693809105  0.71051351521743200
  0.71990064566680267  0.73064402585111543  0.74259617791704646  0.75377745532370843
  0.76289264193006312  0.77000472538894438  0.77760722403429783  0.78554903798453268
  0.79212576753573904  0.79982319885477593  0.80874481082092542  0.81796827977874431
  0.82861108243653403  0.83988770554760350  0.85105961564387511  0.86206592817808481
  0.87271933233024102  0.88307669789835730  0.89332476653821224  0.90316868701388531
  0.91166776454941834  0.91926173174108072  0.92620936394611331  0.93316184013472447
  0.94116816811336446  0.95017029657952201  0.95936534290344233  0.96809131487572186
  0.97615063899463084  0.98384725140127616  0.99167901981440698  1.00000000000000000
 -0.00296229031905564  0.00986575134113771  0.02158214431485667  0.03301787812010940
  0.04459037481536559  0.05584837126157668  0.06644821932329156  0.07689358173783939
  0.08778559882515741  0.09847811588492481  0.10939463776091257  0.12052933770092378
  0.13138873085426553  0.14258407626591013  0.15465573590308809  0.16596251790140792
  0.17612647349539010  0.18627332836371521  0.19628198806374919  0.20658970195075357
  0.21824116387377041  0.23044493003338595  0.24177077080259082  0.25296426082154694
  0.26400578970110944  0.27500933323456211  0.28646685956336498  0.29817985018372140
  0.30981341332387635  0.32118216579096437  0.33221060453212620  0.34322998009840650
  0.35471561595746770  0.36641799144956771  0.37854805777499950  0.39050705160039140
  0.40260919412429508  0.41486405975920809  0.42724966865853997  0.43970504851140629
  0.45213013473290181  0.46431388653728212  0.47578161396844465  0.48637814393248396
  0.49621759507798613  0.50451046778774966  0.51249601983689941  0.52118210713765345
  0.53099376866900272  0.54175652797680629  0.55246776544894705  0.56358964587350058
  0.57479581703002058  0.58579139327801966  0.59719825998612674  0.60902720242068686
  0.62045635220909834  0.63099078770722605  0.64146887173575640  0.65195314622717526
  0.66185798779024985  0.67182847752707220  0.68186372926814687  0.69083233249982545
  0.69993162962652389  0.70876733052610719  0.71703713276350267  0.72649729520701678
  0.73609489065308187  0.74661684140104967  0.75827378129687473  0.76864286982077012
  0.77606397013671569  0.78369987944338915  0.79217778597383171  0.80142074480195913
  0.81212955819659327  0.82307103548010119  0.83370081087131098  0.84461636362838444
  0.85682053836710503  0.86927346715570009  0.88050933066528658  0.88744243339352813
  0.89310614860785653  0.90121676939331896  0.91060259811519884  0.92108653399461671
  0.93074681375542512  0.93940414761434365  0.94937321468752978  0.95899848390509668
  0.96873230255194309  0.97915865400309687  0.98966701981813432  1.00000000000000000
 -0.00212893516829329  0.00764383258731050  0.01901708983979637  0.02972326891507395
  0.04120925934929019  0.05379309826726052  0.06343306252627576  0.07208531254791731
  0.08124398022156255  0.08964838326976508  0.09774958030570302  0.10628227824774696
  0.11559781877804808  0.12537708633976774  0.13551907398316632  0.14587847017943406
  0.15536086557831202  0.16465432075066924  0.17386936691626326  0.18226174446428364
  0.19115000971283130  0.20281688335581108  0.21537059300058739  0.22784560786708169
  0.23924114773335095  0.24973030691783149  0.26022614536086980  0.27009799575783633
  0.28020213640966540  0.29151924573375987  0.30280112559566019  0.31405494542545354
  0.32541063141235493  0.33642421558531516  0.34730382067199167  0.35828489567043126
  0.36966019047992610  0.38119768250872932  0.39160923152652860  0.40142971419488499
  0.41200960305707091  0.42297196451171637  0.43450924996626128  0.44693737808278505
  0.45907184625019326  0.47170091067364733  0.48445679965797689  0.49666393320775715
  0.50846744982530667  0.52038433536175144  0.53194608693992473  0.54293896684069842
  0.55376881421880098  0.56481671201701056  0.57598930769494239  0.58598355522596191
  0.59388305901198124  0.60178013941899100  0.61141478756905210  0.62204137380667512
  0.63151833519852052  0.64031125895512142  0.64836623089257328  0.65686919738256289
  0.66620261172141959  0.67432732180182986  0.68254491253050975  0.69275463163368267
  0.70395987314149067  0.71447555636793092  0.72362261300399255  0.73231385054017362
  0.74121872397382560  0.75088483258491800  0.76160395991673013  0.77247436886767762
  0.78291413913230323  0.79329465984860892  0.80271865069023818  0.81272267334181791
  0.82310501682098314  0.83414257603458786  0.84690918057941023  0.85965116964785837
  0.87182214225915478  0.88369203732634027  0.89508842020800672  0.90640661460992422
  0.91832468491562191  0.93055052890010936  0.94272362169557444  0.95468996238147319
  0.96641840645979582  0.97781495623209824  0.98876041594939579  1.00000000000000000
  0.00699431265417066  0.26211999554344367  0.48018611576195452  0.59796576945235025
  0.63338532319881724  0.64773030960535227  0.65432724721850422  0.65892209910981425
  0.66314204683651823  0.66661499074984976  0.66932711713602622  0.67257095166179026
  0.67655313013037544  0.68082903197613831  0.68508860959420315  0.68925929941183373
  0.69329968500928196  0.69715718699454488  0.70070111138532420  0.70394669127356246
  0.70712154335840549  0.71017088189231159  0.71299401246250849  0.71553875623172281
  0.71791348862372151  0.72037397379531987  0.72305398214720262  0.72572755596551808
  0.72843590236456635  0.73151755603713375  0.73475801995685253  0.73799608057461363
  0.74131621343626664  0.74475959156447002  0.74818874784202061  0.75164387790628229
  0.75493868181325030  0.75813603007072039  0.76120316592704140  0.76420229005790230
  0.76715681690796389  0.77017949666012764  0.77325225063577152  0.77599315765130705
  0.77823106201119363  0.78047387131537760  0.78276331890695450  0.78553148059262823
  0.78798099217349693  0.79006319491044819  0.79232171701571086  0.79500249143506252
  0.79782042931803054  0.80087078273485024  0.80418380971757475  0.80759633828893995
  0.81108154300333313  0.81468776647838159  0.81853038484244078  0.82212144568697865
  0.82574778937415405  0.82872169333423240  0.83162739096905536  0.83459812131181343
  0.83699089857149411  0.83932175383981567  0.84190369251583230  0.84527562627750985
  0.84847425041264712  0.85177217059017774  0.85490285654374132  0.85765737956485200
  0.86061410072252986  0.86413794136278010  0.86829671015799537  0.87239941967293522
  0.87610045554696769  0.87989483740000296  0.88407195822817353  0.88848276460743369
  0.89274267369943106  0.89701123258628612  0.90169487771855206  0.90676859718375047
  0.91187667607918188  0.91697454224383723  0.92236541445474496  0.92760907877399956
  0.93325518967728061  0.93941011495480775  0.94631736954215606  0.95390725938870136
  0.96180975728970308  0.97052014087628813  0.98249398996618231  1.00000000000000000
 -0.04020278860230647  0.15974956304567980  0.24945661787615744  0.28059428752763454
  0.29745427877031783  0.31190325059519997  0.32594018083079640  0.34164394081411442
  0.35597220857861595  0.36869489094633995  0.38067847242747066  0.39172898033007769
  0.40192780224912955  0.41040852420524188  0.41871126435654504  0.42676976621048746
  0.43524376610792975  0.44465673394103822  0.45432160440017688  0.46351058734956246
  0.47219373877315651  0.48067814574493528  0.48893896249065077  0.49687739929650171
  0.50508055118922779  0.51353583675192938  0.52157702048680099  0.52862067881449082
  0.53576207965649059  0.54250033443560408  0.54930579068064334  0.55647139790696898
  0.56344122271100872  0.57028629180960888  0.57635226088720326  0.58115401114742360
  0.58571429494333693  0.59022119109849225  0.59502298530489817  0.60021301128247195
  0.60448826410292222  0.60854819399505578  0.61261250029212655  0.61662520681862865
  0.62102431966493299  0.62571137209508287  0.63065799054456861  0.63624917503462364
  0.64222906056384643  0.64789697862550111  0.65313008433457942  0.65836444949711126
  0.66359850946210697  0.66919444840970621  0.67504013415196717  0.68142187346889260
  0.68746087324597704  0.69324425846274118  0.69877735750182368  0.70396345742508104
  0.70872251055575675  0.71308461263780132  0.71726959239476473  0.72137346024291371
  0.72537735597676256  0.72944489913415866  0.73360983682429004  0.73793783450214678
  0.74247191730223205  0.74681129054859818  0.75085913971240004  0.75492368985250047
  0.75927610356436337  0.76401413015637276  0.76889342493838331  0.77403640514179262
  0.77948010827432379  0.78493476216465030  0.79001723583852457  0.79469122056254549
  0.79927323478422041  0.80384183963570088  0.80814064816109099  0.81246395994327614
  0.81751359984450678  0.82281461179557347  0.82826769601813188  0.83436415058737801
  0.84172476930441986  0.84755686480017878  0.85423012362452599  0.86274734153063515
  0.87435474928698809  0.88710113246154676  0.91299265936408913  1.00000000000000000
   3.3958476365487628E-010  -1.0000000000000000     
 F F F F F F F F F F F F F F F F F F F F F F F F F F F F F F F F F F F F F F F F F F F F F F F F F F F F F F F F F F F F F F F F F F F F F F F F F F F F F F F F F F F F F F F F F F F F F F F F F F F F F F F F F F F F F F F F F F F F F F F F F F F F F F F F
  <DiscreteSampler_grid>
  grouped_processes
  1 # 1 for a reference and 2 for a running grid.
  10 # Attribute 'min_bin_probing_points' of the grid.
  1 # Attribute 'grid_mode' of the grid. 1=='default',2=='initialization'
  0.0000000000000000 # Attribute 'small_contrib_threshold' of the grid.
  0.5000000000000000 # Attribute 'damping_power' of the grid.
 # binID   n_entries weight   weight_sqr   abs_weight
    13   10   1.435468165323084E-001   8.678513939737373E-002   1.435468165323084E-001
    14   10   1.435468165323084E-001   8.678513939737374E-002   1.435468165323084E-001
    16   10   2.315960896722141E-001   2.330289763032821E-001   2.315960896722141E-001
    17   10   2.315960896722137E-001   2.330289763032813E-001   2.315960896722137E-001
  </DiscreteSampler_grid>
