  0.00000009649768090  0.00000018216045368  0.00000024614747009  0.00000038032751593
  0.00000151046393335  0.00000627688019284  0.00001694221642342  0.00002797124161332
  0.00003453943379207  0.00003750729016492  0.00003950809663209  0.00004077288536917
  0.00004196135766891  0.00004311406086109  0.00004397096179951  0.00004456090290038
  0.00004499431870191  0.00004539999516050  0.00004577928476254  0.00004608768604845
  0.00004633849016157  0.00004656746366749  0.00004678456371169  0.00004697869197939
  0.00004714779941536  0.00004730211641341  0.00004745145580951  0.00004759539226275
  0.00004772927291502  0.00004785077076113  0.00004796254848920  0.00004806594804932
  0.00004815894563224  0.00004824375937398  0.00004832459436301  0.00004840150480008
  0.00004847913464266  0.00004855589675648  0.00004863026427998  0.00004870018928968
  0.00004876574567004  0.00004882609274848  0.00004888279513037  0.00004893740452499
  0.00004898948433618  0.00004903974484024  0.00004908948055666  0.00004913947509493
  0.00004918908358641  0.00004923955834493  0.00004929389679884  0.00004935245692113
  0.00004941096103970  0.00004946901391816  0.00004953023965398  0.00004959532065304
  0.00004966164626802  0.00004972591614533  0.00004978782081520  0.00004984855013225
  0.00004990722851290  0.00004997284034852  0.00005004310915797  0.00005011815950425
  0.00005019968165692  0.00005028442649542  0.00005037626566280  0.00005047633188312
  0.00005058839066365  0.00005070170295206  0.00005081573176322  0.00005094363972235
  0.00005109558532780  0.00005127433636814  0.00005147443469910  0.00005168592118379
  0.00005190847965772  0.00005214392522888  0.00005239961626444  0.00005269878820592
  0.00005304921311561  0.00005341952019321  0.00005395182633181  0.00005466048520273
  0.00005550033077496  0.00005646971095358  0.00005785050163082  0.00006058627795998
  0.00006479912046305  0.00007087044686990  0.00008573651070919  0.00014917995320294
  0.00042093286651528  0.00669506912559840  0.39045269727707604  1.00000000000000000
  0.00007104978073989  0.00007400865120618  0.00007750498065801  0.00008114808714315
  0.00008537493183233  0.00008930734032872  0.00009160416041096  0.00009214599834140
  0.00009230719002948  0.00009237482906359  0.00009240207670308  0.00009241741810016
  0.00009242644428201  0.00009243340355987  0.00009243820501907  0.00009244171005638
  0.00009244461612494  0.00009244706948617  0.00009244914714363  0.00009245092569475
  0.00009245270300558  0.00009245426144522  0.00009245581988486  0.00009245738907387
  0.00009245902895250  0.00009246066883114  0.00009246250703925  0.00009246464143046
  0.00009246708316290  0.00009247023237687  0.00009247427601063  0.00009247892197805
  0.00009248523862763  0.00009249565278932  0.00009251211355209  0.00009253590696962
  0.00009256847776331  0.00009271379996994  0.00009331649847703  0.00009604449862166
  0.00010237781191422  0.00011029102009768  0.00011978877206674  0.00013125190970508
  0.00014437096962172  0.00015909983563512  0.00017579794930826  0.00019490727455804
  0.00021740452639064  0.00024474042937865  0.00027512098525078  0.00030693032188117
  0.00034165500834480  0.00038065297808337  0.00042157111653646  0.00046658605288711
  0.00051883284378750  0.00057540750742419  0.00063077011386165  0.00068954580131179
  0.00075305875628731  0.00081762482584059  0.00088811681308392  0.00096269024276275
  0.00103758574277951  0.00111710394111407  0.00120289647844316  0.00129627355396898
  0.00139697612522202  0.00149755371549033  0.00159204717754305  0.00168583265769208
  0.00178551279381625  0.00188874388530302  0.00199022934654955  0.00211610149113702
  0.00227859979896102  0.00245065023844671  0.00260761954957618  0.00275187968260618
  0.00290501775198703  0.00308075029696246  0.00327405184987506  0.00349369026894504
  0.00373926772362774  0.00398274875170798  0.00423511559815786  0.00453156581798737
  0.00488402841583500  0.00546252775031340  0.00629262748594347  0.00693631793242457
  0.01671099981530009  0.03760977643799778  0.06956889255309626  1.00000000000000000
  0.00000066171423237  0.00000217446740255  0.00000329758625350  0.00000506281034270
  0.00000691801607520  0.00000903846594255  0.00001140084104121  0.00001403379892262
  0.00001677667021707  0.00001936551389807  0.00002182410216079  0.00002484166299285
  0.00002782702057747  0.00003074061857226  0.00003358863098048  0.00003601902054375
  0.00003834666228133  0.00004047267182658  0.00004265389649605  0.00004492947268176
  0.00004722975298227  0.00004944768195292  0.00005136963223732  0.00005341444471794
  0.00005570175216770  0.00005821499901890  0.00006076753350659  0.00006335811877124
  0.00006589480024497  0.00006847406292138  0.00007117868259388  0.00007367580851521
  0.00007635555545514  0.00007931081291809  0.00008210898910394  0.00008493301792159
  0.00008809175965334  0.00009163203316997  0.00009576116118750  0.00009982822081068
  0.00010360028418449  0.00010731595872611  0.00011092745770707  0.00011473721908911
  0.00011859784425783  0.00012296588735944  0.00012802785502243  0.00013326740585351
  0.00013905475133530  0.00014562406068795  0.00015207168716500  0.00015852611157366
  0.00016512664761394  0.00017233652094812  0.00017930414733021  0.00018698337039445
  0.00019719671143967  0.00020884008807859  0.00022006412909108  0.00023094586999011
  0.00024169274482093  0.00025295375951302  0.00026573997426813  0.00028001378337241
  0.00029492039182347  0.00031006634837007  0.00032678033565404  0.00034645416390585
  0.00036804288082894  0.00038995736610985  0.00041332712939366  0.00043704883714670
  0.00046227052088749  0.00048708837794797  0.00051302660823086  0.00054481900899305
  0.00057679189576100  0.00060715401321146  0.00063981490248012  0.00067553572063235
  0.00071385778205111  0.00075784815946045  0.00080898596797172  0.00086517420215455
  0.00093486021463579  0.00103857217326796  0.00118297370267775  0.00134701253621845
  0.00151346018236947  0.00168369324358901  0.00188653567547020  0.00209309525095742
  0.00233971876512042  0.00929937583052121  0.12151562021114257  1.00000000000000000
 -0.00126386587386778  0.00546423234873640  0.01412455710404207  0.02348338885215438
  0.03312152261814678  0.04366075223275683  0.05597755958024023  0.06799302280070448
  0.07932479136360274  0.09065018986518258  0.10273853593369707  0.11507578435135546
  0.12722181986438705  0.13964342400112129  0.15277661263036862  0.16602627626061758
  0.17816441563133409  0.18883503329944396  0.19879410666764052  0.20963979591189735
  0.22286190929852259  0.23607381200725427  0.24836380206401468  0.25903015629825826
  0.26882712133118858  0.27952941671550646  0.29062020867103111  0.30277161520533324
  0.31670764902785120  0.33079964409587892  0.34363613065845111  0.35698351798554190
  0.37003891424801932  0.38344206259879982  0.39826974526563064  0.41333126036367418
  0.42746199281684771  0.43981860028768699  0.45171445703558477  0.46299725445395545
  0.47342406916776664  0.48355221709986423  0.49430491573777774  0.50661077071988114
  0.51784891623713214  0.52785521078525488  0.53786784060232840  0.54840283259981670
  0.56006968844965055  0.57171021409443457  0.58300957374474494  0.59377351121056032
  0.60325137872332191  0.61275214828725322  0.62269704933444736  0.63619555199579259
  0.64923365126887167  0.66133995597777295  0.67246382520641923  0.68299268396853585
  0.69368795050983723  0.70471814986598302  0.71488601310998789  0.72515071368891870
  0.73490834711375674  0.74393042805583853  0.75344810519871241  0.76473582804702878
  0.77669166026278946  0.78819385395829955  0.79887777555899664  0.80895974732490827
  0.81818654027737536  0.82729664912917367  0.83665893586818507  0.84635016928667528
  0.85649629936211180  0.86612867970623042  0.87491082807676801  0.88326432854437864
  0.89130438126158618  0.89988230445073636  0.90917427600295753  0.91806121330171342
  0.92586526017353887  0.93396594229723928  0.94270910848922873  0.95022387160218347
  0.95614139053558023  0.96223256669592971  0.96917374412975010  0.97510307101033455
  0.98144708781344092  0.98818938770703235  0.99430132467660748  1.00000000000000000
 -0.00307979317076908  0.01027353565553589  0.02277359204635440  0.03461785791990978
  0.04653794515743181  0.05804055743291314  0.06877324247665828  0.07874371544753263
  0.08743479573546320  0.09688353315867433  0.10582720320109468  0.11453633486222900
  0.12311780233872782  0.13255731164632870  0.14336301225801967  0.15561186246672762
  0.16819929825274033  0.18096643383930749  0.19327801227051644  0.20443867582669759
  0.21372427976206884  0.22159986404969509  0.22962502787395200  0.24014669282219173
  0.25124504553787819  0.26092432381657443  0.27091549619598176  0.28111295441426559
  0.29216348862287966  0.30298870810373357  0.31384907169149667  0.32454224012466604
  0.33509458077537224  0.34557559911183411  0.35646105651663090  0.36809143794781224
  0.38006441254669110  0.39216386695713007  0.40399879748759138  0.41477126529390157
  0.42433217471163526  0.43396436191946430  0.44430097123537149  0.45518941293193249
  0.46689961575821748  0.47857227128829222  0.48967724835852833  0.50081278478431301
  0.51106139165795783  0.52029736469061216  0.52879361560921578  0.53698110383885289
  0.54581535340417686  0.55552968653742352  0.56394696483550011  0.57204972953496536
  0.58078204318761606  0.59080755000910867  0.60382165658060660  0.61875486772504207
  0.63108418043607439  0.64279972286172615  0.65454082251366397  0.66679442983083459
  0.67968495316431388  0.69212472390798052  0.70418224269746132  0.71623812335771520
  0.72780252605759987  0.73750775016104297  0.74605457598710723  0.75469520363626430
  0.76512594784834009  0.77572902051234049  0.78541636342943477  0.79489523177648580
  0.80466486039453100  0.81370789022345935  0.82211615815916728  0.83172801959434428
  0.83887235060770349  0.84597379183180488  0.85443389525567681  0.86500807156997417
  0.87668170375069510  0.88841689531068502  0.90045823090125310  0.91288495554164961
  0.92553583655206750  0.93795338454686539  0.95034366003809656  0.96231684469899204
  0.97320240127534563  0.98329914812771513  0.99260880234796967  1.00000000000000000
 -0.00156856256416696  0.00659066472374470  0.01532681563393194  0.02518243693334104
  0.03537015992652259  0.04410130806655956  0.05256438830587398  0.06034826313094187
  0.06835938738107053  0.07717190335120233  0.08607006420624039  0.09514143840396488
  0.10337637489108868  0.11147114755032053  0.12002100124448625  0.12901740027320346
  0.13778402775802437  0.14656095545984574  0.15539408761814166  0.16464119778305011
  0.17393499592515477  0.18275354163373667  0.19111662855823219  0.20012697338034674
  0.21050824779203037  0.22168050493230945  0.23225282769511685  0.24226301672677489
  0.25216920581804542  0.26322793825415192  0.27526836211482475  0.28659774944904581
  0.29657141935931775  0.30568539735029510  0.31281502493909014  0.31986324729259802
  0.32876200792025551  0.33811424639555332  0.34880098114457608  0.35964369750016356
  0.37015248143281271  0.38046025401239597  0.39041215457783213  0.40009946606660102
  0.40968981476737976  0.41919775583024876  0.42836434092570080  0.43671453252833803
  0.44557068123683480  0.45553372345101151  0.46656099186450212  0.47882452775425521
  0.49222722945882025  0.50575022832449545  0.51786552876733460  0.52854948703573112
  0.53937710682305251  0.55139242520551424  0.56495558486727193  0.57873739788157985
  0.59163178691844787  0.60235081978199156  0.61212047763358868  0.62031494527073294
  0.62991645198448998  0.64469250220518415  0.65798129436498942  0.66954068810416767
  0.67991454974684995  0.68974972460161688  0.69892140708445838  0.70828402521836975
  0.71773611671701754  0.72662293550893220  0.73703459271927430  0.74884691093578359
  0.76075701064891788  0.77324241965968821  0.78617684010078626  0.79799591019962013
  0.80950482270631785  0.82255567033553423  0.83629346253128711  0.84952885277556134
  0.86209061738789716  0.87435054964153991  0.88633272923823103  0.89871407068978393
  0.91192553259948894  0.92573334659564788  0.93984996661045772  0.95404301861522700
  0.96653366577974242  0.97888555006049094  0.99016205154779957  1.00000000000000000
 -0.00292745342306122  0.00958402043972911  0.02198681846920153  0.03455662681146932
  0.04630006903651707  0.05637131289579903  0.06516404820293258  0.07388330278630127
  0.08262277191688200  0.09269434887661125  0.10366955399528358  0.11509451385948608
  0.12736908989425957  0.14045284558047383  0.15396386005618670  0.16719509028796875
  0.17953709029144041  0.19118187446292156  0.20282698767007851  0.21511585245206408
  0.22795134679142737  0.23863911661386772  0.24915090555860278  0.25970424331984127
  0.27022736808714126  0.28043564624263545  0.29110508815254665  0.30117174549389919
  0.31029270447077217  0.31889913556689548  0.32762173651942544  0.33718841655577092
  0.34812639734325607  0.36066111638189513  0.37203784305358872  0.38230288765535381
  0.39171851335154584  0.40111640469483933  0.41052997526863760  0.41998257836002262
  0.42863868777570741  0.43670579753559047  0.44548149418487798  0.45627348653689265
  0.46797859794033336  0.47860435547249058  0.48878910231565487  0.49938117282908118
  0.50995682347057558  0.52122403197694156  0.53307407133202622  0.54572887127673597
  0.55916760999715853  0.57183314635575988  0.58175095576570368  0.58944768046306095
  0.59693637901531493  0.60656397550975716  0.61708137193382839  0.62680953509283754
  0.63589355253814650  0.64505622190783640  0.65466770370665472  0.66490365409329621
  0.67602155224281435  0.68773312758271843  0.69902159022678645  0.70943898997698429
  0.72005470593771570  0.73219199237672450  0.74501726988804251  0.75708910517540651
  0.76813599820063738  0.77756908000215907  0.78511106356059790  0.79257599771344833
  0.80154858160961628  0.81153429635811791  0.81963401087500598  0.82846521172863141
  0.83739395403878525  0.84664964217710426  0.85789217671468010  0.87107588546021986
  0.88423505788773571  0.89506429432787027  0.90471200841012778  0.91458886782691018
  0.92497699788096877  0.93611453928353039  0.94806713923468633  0.95914714326106043
  0.97015860054014191  0.98125568242304007  0.99093159236446404  1.00000000000000000
 -0.00313021928229627  0.01032164180439936  0.02259820976963410  0.03486082072979737
  0.04581434718033699  0.05428684732615584  0.06174743810322469  0.06950241170806060
  0.07866574971770501  0.08848467276649064  0.09826546095340825  0.10816516126915389
  0.11951932672126146  0.13100946095902183  0.14299151923202610  0.15601919886266818
  0.16967330627500143  0.18274979317764106  0.19423945870985271  0.20443781299891536
  0.21456162808143669  0.22433124222484688  0.23343197867722340  0.24262613018198689
  0.25175133623275531  0.26215634951301425  0.27421234731814154  0.28618881873459118
  0.29694536447588282  0.30631157484820121  0.31471212967609896  0.32263725473411103
  0.33084818514055647  0.34079943689061221  0.35020816873755573  0.36088993930214835
  0.37386818485556195  0.38570508869320252  0.39414791196173204  0.40214185223399396
  0.41141889771787560  0.42047889962871526  0.42994359465374415  0.44104923344637409
  0.45202693102898989  0.46218212314665652  0.47060515905793365  0.47901156642475373
  0.48675400983923212  0.49568882523110480  0.50561943640820728  0.51599638747488541
  0.52795585209961704  0.54125362565186763  0.55444286944343657  0.56645599382901368
  0.57722235659743815  0.58696045640888805  0.59574438466560109  0.60451016168824734
  0.61373701577303341  0.62362449187147329  0.63346585666463140  0.64376616531959929
  0.65473604051167977  0.66523828544283647  0.67548535176414137  0.68632053295432216
  0.69687008604648726  0.70717478471977591  0.71766767626257655  0.72877125328327774
  0.74066485037666197  0.75340685490705517  0.76687981902934121  0.78144579624894117
  0.79508225185137726  0.80745642336749490  0.81996499110901166  0.83181684089570052
  0.84294828874748740  0.85390343456567486  0.86411610601649680  0.87451193390129800
  0.88569337047129704  0.89661249515096109  0.90762977962055458  0.91882281371711405
  0.93035513232587286  0.94328604184555875  0.95640686902331651  0.96907959102030594
  0.97995927679380979  0.98733817293369541  0.99185151019984352  1.00000000000000000
  0.03949246338455598  0.11927583157211036  0.18696185780872754  0.22676737718439843
  0.26030306647502538  0.29686927027561316  0.34268010944577554  0.39083499729345411
  0.43328525661793149  0.47175241187223160  0.51220821680380613  0.55956697757160034
  0.60531295936709395  0.63429011341693353  0.64708596533365481  0.65298418944398329
  0.65681686515152427  0.66040976999863710  0.66466009546060290  0.66883577148929885
  0.67306246350241217  0.67761092821087421  0.68229293277566383  0.68692354489359120
  0.69142251431970758  0.69534172804658567  0.69871010397925659  0.70190285286633680
  0.70490527047037788  0.70790992235471584  0.71112838957734537  0.71478608833706370
  0.71865998048530455  0.72247274987817278  0.72614557946632896  0.72970399052348345
  0.73291149254179466  0.73601702457965545  0.73901449582719625  0.74216386863050454
  0.74578154400110197  0.74933805231365480  0.75271307593423242  0.75584653580807437
  0.75890641102054657  0.76171075227298901  0.76460041227652842  0.76743505421544045
  0.77005891011832417  0.77267487076745323  0.77552069104418331  0.77911541820184527
  0.78306663448759162  0.78691308631614376  0.79066456164612642  0.79434679820774523
  0.79772596054579836  0.80063521072677435  0.80374261263655222  0.80729160500792430
  0.81105682951075997  0.81508539062624541  0.81901307479177077  0.82229887328198592
  0.82567461867267555  0.82901419521275721  0.83204273248462512  0.83534760041123801
  0.83874796391060125  0.84225273988517113  0.84588031307046985  0.85002872862009182
  0.85447130552433059  0.85887517223583776  0.86326138058629442  0.86735381414817725
  0.87111591914475894  0.87460140237354211  0.87833750606430050  0.88226419729147643
  0.88695581344155694  0.89236580937827592  0.89808621452479664  0.90382843120464362
  0.90951930291935568  0.91521985042807519  0.92038668637335097  0.92537070616288897
  0.93069482411857696  0.93571515250664961  0.94218108943056023  0.94938290215306442
  0.95782790067942425  0.96789441122428621  0.98205325223222317  1.00000000000000000
 -0.04059063530609146  0.16870504713262860  0.20808614437571404  0.23400370342947138
  0.25502415714486121  0.27322953764499758  0.29038206837933078  0.30589939008705314
  0.31694861007396186  0.32725467829493626  0.33924223689057892  0.35213513197041302
  0.36396784269877025  0.37405634468768828  0.38341731188753797  0.39322498876020318
  0.40256680962785396  0.41039196666869482  0.41799539631792598  0.42545524560111098
  0.43264043281715692  0.44026204345167724  0.44780216250273175  0.45531546811212598
  0.46264489034067319  0.46945698972956551  0.47589050110683379  0.48428378534644539
  0.49248331328261774  0.49990778278608666  0.50666048559017296  0.51335148953606036
  0.52016514050521923  0.52705845529314999  0.53283524684074068  0.53846206313071965
  0.54395911578900413  0.54914729487484504  0.55532181756856058  0.56181874975123525
  0.56747742495347875  0.57453732632108978  0.58116488041892345  0.58696824152355409
  0.59227775699539087  0.59697646615170319  0.60142408803541036  0.60601151965074307
  0.61072049408794971  0.61549426423727205  0.62080791745313157  0.62563248978558683
  0.62973844189428230  0.63309871287584918  0.63702390139275111  0.64080102866587119
  0.64508913834868631  0.64990903330590866  0.65523083715171082  0.66100464900005518
  0.66628247612364544  0.67151496685696976  0.67618049189392471  0.68016975064174168
  0.68364696463725938  0.68688269688089743  0.69031829096164599  0.69444592984929954
  0.69908497037526673  0.70305365517674712  0.70667998234202090  0.71029922650755883
  0.71394241314087337  0.71733519692863379  0.72181413957821228  0.72607022988171621
  0.73052184326319669  0.73490664540835482  0.73930936159498695  0.74419354872293730
  0.74899269820305181  0.75357296552971220  0.75811555861543578  0.76288162256778980
  0.76787776022840148  0.77293932321149061  0.77924409475579115  0.78703676130083988
  0.79592734916286889  0.80500416792445539  0.81221424530390929  0.82021294141722290
  0.82974964061808820  0.85711913689719998  0.89805919243202881  1.00000000000000000
   2.3645374558516760E-010  -1.0000000000000000     
 F F F F F F F F F F F F F F F F F F F F F F F F F F F F F F F F F F F F F F F F F F F F F F F F F F F F F F F F F F F F F F F F F F F F F F F F F F F F F F F F F F F F F F F F F F F F F F F F F F F F F F F F F F F F F F F F F F F F F F F F F F F F F F F F
  <DiscreteSampler_grid>
  grouped_processes
  1 # 1 for a reference and 2 for a running grid.
  10 # Attribute 'min_bin_probing_points' of the grid.
  1 # Attribute 'grid_mode' of the grid. 1=='default',2=='initialization'
  0.0000000000000000 # Attribute 'small_contrib_threshold' of the grid.
  0.5000000000000000 # Attribute 'damping_power' of the grid.
 # binID   n_entries weight   weight_sqr   abs_weight
    13   10   6.988802810781139E-003   2.777615727136057E-004   6.988802810781139E-003
    14   10   6.988802810781155E-003   2.777615727136073E-004   6.988802810781155E-003
    16   10   2.025123345674720E-003   2.018183149726456E-005   2.025123345674720E-003
    17   10   2.025123345674728E-003   2.018183149726474E-005   2.025123345674728E-003
  </DiscreteSampler_grid>
