  0.00007136169146249  0.00007261652725446  0.00007444387134914  0.00007617078611450
  0.00007813721629800  0.00008034992893318  0.00008278588744009  0.00008549753949714
  0.00008836549380429  0.00009053710852479  0.00009179453951389  0.00009216372820663
  0.00009230179851583  0.00009236263030526  0.00009239314658669  0.00009240888600869
  0.00009242015956920  0.00009242833560209  0.00009243373155951  0.00009243753602758
  0.00009244066144747  0.00009244349978713  0.00009244570397936  0.00009244784685382
  0.00009244938095733  0.00009245091506085  0.00009245234423842  0.00009245362894046
  0.00009245491364251  0.00009245620176778  0.00009245749994901  0.00009245879813023
  0.00009246012964416  0.00009246170537148  0.00009246328109880  0.00009246524692413
  0.00009246754743632  0.00009247028514673  0.00009247335624804  0.00009247688179634
  0.00009248148695553  0.00009248946349564  0.00009250014877780  0.00009251552679425
  0.00009253762788593  0.00009256744421219  0.00009265043882304  0.00009290719761722
  0.00009379906128567  0.00009587813187007  0.00010005298411740  0.00010512032779442
  0.00011059460278844  0.00011718361761059  0.00012548779370865  0.00013581347403850
  0.00014910516023406  0.00016485091602586  0.00018306821920876  0.00020381448129495
  0.00022786518783568  0.00025571135212207  0.00028641025937438  0.00032252057961014
  0.00036169072048527  0.00040274967943897  0.00044547842193884  0.00048989591114831
  0.00053816346199694  0.00059744997724690  0.00066364633708979  0.00073176916368757
  0.00080633319177243  0.00089262563058672  0.00098404396823491  0.00108069535123059
  0.00119115447019940  0.00132717857828707  0.00146596563078948  0.00159956589834498
  0.00175548097597687  0.00196477913053744  0.00219365081311892  0.00238823255457932
  0.00260289342442572  0.00282915608945838  0.00310348209984332  0.00343466871535915
  0.00385740435226299  0.00445438819846346  0.00504225175264685  0.00573837279308438
  0.00686676942458281  0.01826123177401803  0.30183494479932366  1.00000000000000000
  0.00000000151863551  0.00000322188365194  0.00001737659162577  0.00003062246700498
  0.00003706708498887  0.00004018326319673  0.00004199514366254  0.00004315282331275
  0.00004396065078915  0.00004458257280134  0.00004508372512506  0.00004547958302777
  0.00004583256578709  0.00004617071471927  0.00004647741182155  0.00004674440540623
  0.00004697172086890  0.00004716204298353  0.00004731757192324  0.00004743998594319
  0.00004754293382603  0.00004764732028764  0.00004775533258257  0.00004785697359735
  0.00004794960427791  0.00004801417621673  0.00004806323675959  0.00004812946792303
  0.00004820379983480  0.00004827470953287  0.00004834019691329  0.00004840214781646
  0.00004846232755625  0.00004852265108140  0.00004858242077348  0.00004863697940591
  0.00004868745681408  0.00004873594536851  0.00004878502156230  0.00004883893237789
  0.00004889602811916  0.00004895346019177  0.00004900897741041  0.00004905791676007
  0.00004910618296988  0.00004915232941104  0.00004919565513747  0.00004924233927489
  0.00004928698156733  0.00004933254320234  0.00004938116246058  0.00004943223198845
  0.00004948433627448  0.00004953703906532  0.00004959085765873  0.00004964701913337
  0.00004970260181742  0.00004975983552327  0.00004981795543932  0.00004987439093095
  0.00004993274384178  0.00004999907312496  0.00005007412688436  0.00005015387108057
  0.00005023432308915  0.00005031057873943  0.00005040167488050  0.00005050545915410
  0.00005062129191257  0.00005074938841310  0.00005088878122479  0.00005104322739798
  0.00005121610694132  0.00005140001775210  0.00005159935890860  0.00005181340218924
  0.00005207679017149  0.00005233889166804  0.00005263704323203  0.00005298077463251
  0.00005339302715242  0.00005402041408053  0.00005486465246409  0.00005588642020985
  0.00005710794870863  0.00005862101173550  0.00006057082465460  0.00006364486992256
  0.00006741465532520  0.00007718481321275  0.00010398064196750  0.00015334855523659
  0.00031008596756649  0.00116340807231793  0.26974073156467160  1.00000000000000000
  0.00000035067336771  0.00000211725362463  0.00000324447278725  0.00000490476549221
  0.00000693697955476  0.00000882531107179  0.00001094931140357  0.00001352942569321
  0.00001611633787059  0.00001863670778256  0.00002091928862438  0.00002313944060328
  0.00002505806714399  0.00002701666304567  0.00002895834313002  0.00003141605917021
  0.00003392145983708  0.00003646763413268  0.00003864852582542  0.00004063648243547
  0.00004261343667838  0.00004472824161490  0.00004729340500857  0.00005014824656451
  0.00005292726208973  0.00005547963599692  0.00005802363767859  0.00006096874960590
  0.00006423917674727  0.00006737544535571  0.00007015135784218  0.00007300745706733
  0.00007598916133493  0.00007921542616434  0.00008223802670005  0.00008513228600940
  0.00008795664530943  0.00009055501031152  0.00009393187323424  0.00009882477799540
  0.00010457234296016  0.00011081559716466  0.00011732996096454  0.00012147669152967
  0.00012560656860764  0.00013045068854189  0.00013559159636353  0.00014301034360513
  0.00015138498394149  0.00016001652808275  0.00016873411509198  0.00017756450688691
  0.00018676274449215  0.00019581948193762  0.00020501781716348  0.00021472988348619
  0.00022490663078721  0.00023693520729080  0.00025000289729023  0.00026393475922796
  0.00027833170106452  0.00029285834682935  0.00030762018993697  0.00032337135731844
  0.00034213330075850  0.00036217398739465  0.00038345720687059  0.00040602086523976
  0.00042968908811592  0.00045536393864895  0.00048626861754386  0.00051625130312702
  0.00054766261350173  0.00058277572019933  0.00062295254674375  0.00066866519978393
  0.00071957559725512  0.00076919708933659  0.00081757273216045  0.00086525790489309
  0.00091705296205686  0.00097678656163327  0.00104348989424782  0.00111105316589357
  0.00117483403375022  0.00124577202857772  0.00132554904383082  0.00143155326632005
  0.00159330839734186  0.00177719946889247  0.00191577874613838  0.00198402984779294
  0.00203733711846022  0.01333671628542873  0.64623157724743019  1.00000000000000000
 -0.00263024619733613  0.00885619356763148  0.01909784339088507  0.02818082064739919
  0.03691155811959636  0.04543079796841307  0.05439183289210225  0.06350652909104720
  0.07233904831276838  0.08062751066342315  0.08776382792883489  0.09442232708327078
  0.10071956262216200  0.10738316143071235  0.11466501354510222  0.12217700119376688
  0.13089737739736240  0.14045697110364669  0.14913729968829997  0.15595756261920407
  0.16192461269641301  0.16919868535001742  0.17829727390488270  0.18606255458766896
  0.19378144473110853  0.20180287649734613  0.20866710365713573  0.21614970386494220
  0.22436934435271691  0.23383179271041732  0.24397042615314021  0.25386578278480271
  0.26393826379952162  0.27481565412764136  0.28653219753052006  0.29819526582072220
  0.30897656869517076  0.31936617602582895  0.32984704643426094  0.33943632216510072
  0.34793099338027422  0.35704117973725835  0.36752922237438113  0.37774860594122711
  0.38746114615493477  0.39698201231150959  0.40671796090110912  0.41656433827170569
  0.42424981496908298  0.43134310047716101  0.43742426822804698  0.44402140859939593
  0.45358076980477785  0.46563749915455011  0.47874347949537843  0.49179755312147694
  0.50581797091759517  0.51897320896812860  0.53127859389641907  0.54355358507363782
  0.55519216579683395  0.56671884513442361  0.57822357894091070  0.58963999629340058
  0.60151284135728922  0.61399387443305120  0.62695985419295530  0.64023255312519312
  0.65249655287607844  0.66532218135742360  0.67995700716966778  0.69492636231263338
  0.70941192649555407  0.72354849759637363  0.73759427906046227  0.75185958141876896
  0.76480211774473750  0.77572727422976484  0.78629010073807803  0.79745175493314346
  0.80858821469761311  0.81907229850522900  0.82852677036352029  0.83911977593067932
  0.85206297580921397  0.86592220630208661  0.87963306746969805  0.89232935245481571
  0.90385099948307257  0.91511331614068070  0.92728697507549396  0.94095036323867798
  0.95489294164799332  0.96812135733451510  0.98267575748762281  1.00000000000000000
 -0.00177514093881924  0.00797569971524789  0.01734948227463671  0.02698529432600957
  0.03720428240648166  0.04818100353921467  0.06018881983229488  0.07282776724541391
  0.08557937572756510  0.09752114421538216  0.10786199944011009  0.11787876060308999
  0.12882134899725781  0.14069641056049731  0.15078302384733816  0.15948270734776934
  0.16834565153356057  0.17816613424049230  0.19031881838841777  0.20402718398323547
  0.21672076694092421  0.22869863419131592  0.24048833104699102  0.25217315580968941
  0.26414227926266598  0.27545369033001194  0.28512382100404998  0.29416560535996000
  0.30284977167254834  0.31015117969704736  0.31675018435393382  0.32706668098426989
  0.33893946228193728  0.35151814725705288  0.36488890827689346  0.37827560832181739
  0.39112029057142017  0.40422195725811838  0.41733013838484528  0.42912071451595318
  0.43939183549172206  0.44976320864044644  0.46088749863687350  0.47304740920260191
  0.48583095064218662  0.49819213977441629  0.50798359223873546  0.51425652370097552
  0.51959962473090726  0.52499627439795271  0.53161969595121195  0.54007266848071933
  0.55072253818700023  0.56388708292031042  0.57699691734915104  0.58896912071936269
  0.60135891497991190  0.61293348330181585  0.62295702211567117  0.63288888083735806
  0.64270353263437430  0.65350119584227107  0.66575901401920423  0.67763432617030872
  0.68787671293684904  0.69705055241560232  0.70582481014520437  0.71469495558570895
  0.72512670474793239  0.73695826361365113  0.74772923397789204  0.75861888209901651
  0.77041125059233917  0.78273910454002782  0.79357028664361362  0.80349692404821671
  0.81339010129568978  0.82351954493687540  0.83390543642190917  0.84482953371545921
  0.85611003850344047  0.86747630993329528  0.87851647050943271  0.88742565840035559
  0.89397458839685151  0.90142403312798203  0.91004241376718198  0.91746283773366677
  0.92662823082203960  0.93546525769278988  0.94592671064426581  0.95574708874455983
  0.96738392968299480  0.97915407829187839  0.98991905407022363  1.00000000000000000
 -0.00144179179142443  0.00644979480137512  0.01348992567658126  0.01954944636721381
  0.02586799872140107  0.03427649980019924  0.04659200346380524  0.06131513507690951
  0.07457702351560162  0.08796723229895360  0.10035995692661330  0.11451036455732622
  0.12909553102155499  0.14398876661073737  0.15704612666207643  0.16683733428218700
  0.17440464623834179  0.18197205527279717  0.19177900737523795  0.20333006494822220
  0.21547982702193369  0.22674242501764796  0.23825957772932801  0.25070007704402802
  0.26401297159724030  0.27913364380911154  0.29178979203867372  0.30101722266515596
  0.30964696739500636  0.31888413677836713  0.33035686978424866  0.34509362788965048
  0.36074106890667151  0.37600079737950559  0.39088861583526086  0.40547980354791308
  0.42002522766382566  0.43464458806001111  0.44920842704011549  0.46291202091749323
  0.47545459947891933  0.48790160288337936  0.50007468144162415  0.51245341837339198
  0.52520296752979023  0.53826748284393122  0.55175282856236241  0.56102942081616003
  0.57104611846208997  0.58114287091823158  0.59029957208591022  0.59894192172111371
  0.60895919079417293  0.62077362745705711  0.63302103841363988  0.64516954603045584
  0.65713289033411504  0.66863036698748912  0.67997896793542512  0.69060516920965864
  0.70101699410866403  0.71185577532143085  0.72110159856724909  0.72938951356415316
  0.73734061159336994  0.74604468640883825  0.75535475011567821  0.76551607400113375
  0.77482052447437855  0.78365135993056312  0.79216575890761565  0.80058618318969310
  0.80947367148991334  0.81889649140561738  0.82825293723527782  0.83698545945936165
  0.84452555504468563  0.85279974372703848  0.86008619201372472  0.86726948295502104
  0.87564135077765903  0.88421807171683109  0.89357084525747765  0.90222462859521413
  0.90801666203512532  0.91266254923994483  0.91843088617282820  0.92536666338261409
  0.93113693201601777  0.93986722115770271  0.94954987570335125  0.95890382638997462
  0.96814665974152336  0.97776172290937191  0.98828677930224573  1.00000000000000000
 -0.00310938776063376  0.01038390170525380  0.02090461338074709  0.02977697056992083
  0.03905670846308910  0.04667984107847619  0.05493115671121655  0.06522970361189774
  0.07619127181652528  0.08739036286826889  0.09874494720981469  0.11046304889200181
  0.12200311379805913  0.13318604141802354  0.14429490841466303  0.15482304188418144
  0.16501783222373020  0.17551462245998461  0.18627320018120788  0.19985505814045587
  0.21407262923794354  0.22782049936154436  0.24078196775340052  0.25321567984000426
  0.26512158921937745  0.27664730932763471  0.28832093202128034  0.30049049874205769
  0.31278468557343497  0.32400052018037884  0.33328254284702374  0.34319395127781366
  0.35287049609046223  0.36341877241954568  0.37457759245017830  0.38601555823289474
  0.39558785858720175  0.40312078420117503  0.41094688556304632  0.42244162764459947
  0.43341924898362089  0.44342088301115212  0.45417152800576494  0.46601301048713850
  0.47760778993847292  0.48810983516823059  0.49614824843400329  0.50405650527630663
  0.51109910268030734  0.51768343013199714  0.52390071108840930  0.53122243319382378
  0.53849217032016750  0.54579261489097031  0.55289857928098951  0.56231847737829932
  0.57416310751209954  0.58610788845945405  0.59723340707695538  0.60826365333150767
  0.61948435752565911  0.63134198121187590  0.64408298614671688  0.65745463684116612
  0.67100739211144977  0.68336307178362887  0.69225979429010853  0.69993184954165566
  0.70780638460948953  0.71641461013041807  0.72723453903705981  0.73942333028603702
  0.75164213388061452  0.76298106547237876  0.77438521665344151  0.78656145728592830
  0.79900541259175739  0.81100904366281568  0.82296032468530000  0.83457602334261693
  0.84508537952806084  0.85478662720794407  0.86540011177462794  0.87612736780146838
  0.88697855376435175  0.89791821574188779  0.90960096599335249  0.92059545528569930
  0.93199396449354976  0.94346154903221202  0.95426699653109148  0.96406770908640216
  0.97355014848588206  0.98287779697903543  0.99182072505534502  1.00000000000000000
 -0.00255906505498678  0.00950098372162262  0.02050422259104819  0.03144911916261180
  0.04369369167212347  0.05698922794822710  0.07064748778170343  0.08400176946129298
  0.09665030575243613  0.10844019302453116  0.11890456944170281  0.12719058504752964
  0.13560755638682720  0.14500298830084721  0.15451413810067255  0.16341631522852915
  0.17214394958610546  0.18153573729278852  0.19085339342420529  0.20119142954106720
  0.21378570815857798  0.22667048946198054  0.23653092207448762  0.24459629560961541
  0.25265529163402184  0.26026547816226309  0.26980160895553013  0.28128647070136098
  0.29224479946312482  0.30303159658865209  0.31371459624400821  0.32555787794181607
  0.33768899981460460  0.34885819588409928  0.36031978309397561  0.37191707780473771
  0.38399886046239456  0.39697892410414132  0.40990421747275296  0.42202120551779693
  0.43430867291893627  0.44748576634497894  0.46051657665693507  0.47268304023453922
  0.48398600604185443  0.49577965108846705  0.50654722027140042  0.51581868411697751
  0.52424566036701392  0.53263261156380060  0.54115288875593437  0.55024407503176098
  0.56012115962251641  0.57070544867331052  0.58221213478071632  0.59367678519028888
  0.60498624869818385  0.61644208405584078  0.62684088499126478  0.63601552869308675
  0.64488542422216011  0.65445913857238025  0.66598745744381049  0.67811448234401439
  0.68866353583802065  0.69791773175891914  0.70680358332758952  0.71622174272211292
  0.72687730354829827  0.73828077181609009  0.74957189201946106  0.76076195237849653
  0.77218784174038790  0.78411990318190228  0.79657090003025111  0.80914761783073252
  0.82144288485550065  0.83291878535938269  0.84313195280084641  0.85236056758452616
  0.86040255691750578  0.86809865797176822  0.87645067740750027  0.88537010137485828
  0.89351514981235292  0.90114235108881247  0.90865717848130456  0.91620950383026156
  0.92377074731442832  0.93223475368496411  0.94363151306101511  0.95679723766056546
  0.96940473429350260  0.98079234061354281  0.99103641179859481  1.00000000000000000
  0.01398037187343942  0.20820231730790356  0.33930393821199289  0.49663203779453452
  0.59165662098711402  0.62916839506410283  0.64218689093590553  0.65060561073629108
  0.65734409253734183  0.66314387809846431  0.66830990486286945  0.67279906923282307
  0.67681726643959328  0.68061402041111951  0.68413863128360819  0.68759260330269645
  0.69108710607079027  0.69456049603264869  0.69814286248253099  0.70190297435904336
  0.70526137572014413  0.70737884582903521  0.70923139061097729  0.71125887329253901
  0.71328741961283859  0.71547008778090138  0.71775855597013460  0.72018145773163722
  0.72263693828244457  0.72557583325733843  0.72827190978545731  0.73108269281825833
  0.73390470651951267  0.73679833466717748  0.73978160030398465  0.74275164066200838
  0.74634463535198192  0.75011096641649166  0.75377542638213690  0.75717267809470090
  0.76005102254366597  0.76225882723090166  0.76427059402470088  0.76632229873965396
  0.76844489775529279  0.77041733774291921  0.77257380216727756  0.77504518493540098
  0.77735435453808199  0.77922941085129593  0.78107591343787375  0.78324974690738480
  0.78585281466689505  0.78842719892580326  0.79104668088983898  0.79403321441649033
  0.79778351893697741  0.80177002374140438  0.80564189976928402  0.80938740204335891
  0.81315184430187015  0.81693305339137534  0.82059084256427794  0.82430099697363679
  0.82806955741198196  0.83196336040093588  0.83603426893763211  0.84036926464423956
  0.84445177720942832  0.84790200159008311  0.85131017368976991  0.85486799050583007
  0.85876435073770963  0.86300368725955590  0.86746078578141605  0.87162658976337337
  0.87553779514469299  0.87922367462657702  0.88297549940207609  0.88670578388192534
  0.89031467843826151  0.89405395359703177  0.89861861795873976  0.90406407189590821
  0.91026605745667799  0.91698207182153546  0.92376635028766463  0.93034458682380849
  0.93690344634640788  0.94356846207680456  0.95038851925142676  0.95724949281955773
  0.96456295085904398  0.97338294904623035  0.98523919752463918  1.00000000000000000
 -0.04602403796026318  0.20015671748159278  0.24681691368076231  0.26706476281347008
  0.28442391073149559  0.30246483331638008  0.32147836625250326  0.33804977674877928
  0.34777311457904697  0.35654558888026278  0.36542571896115950  0.37444253611024547
  0.38292592396814484  0.39517001859582884  0.40801372187123242  0.41962948707694042
  0.43125210164010547  0.44225956997297278  0.45268290308941389  0.46206748792369023
  0.46822776012162731  0.47418946346028473  0.47972687721580259  0.48505754698996606
  0.49124359043424892  0.49992523071853995  0.50867009499267135  0.51724166639640845
  0.52504563554587746  0.53119310358809102  0.53647547686083563  0.54162150532831321
  0.54731953520246779  0.55330358313516637  0.55997980823682547  0.56655471574554062
  0.57300632068302215  0.57861537915563921  0.58393160231164176  0.58950191058559420
  0.59551479057177636  0.60164204537677213  0.60682495573227313  0.61238879765185072
  0.61749119324121648  0.62280522138930494  0.62860292431155629  0.63406479502768187
  0.63997714867537525  0.64597674847450859  0.65192664274709322  0.65783401382228779
  0.66361981326868225  0.66913315117604300  0.67434399690866398  0.67952533488744760
  0.68466961086789524  0.68920917328584175  0.69329413711163113  0.69714392545912285
  0.70090993479888430  0.70455627460037284  0.70818175120917359  0.71209241696643988
  0.71644487310487293  0.72082526021705606  0.72506783600566771  0.72965360700155135
  0.73486011971140064  0.74058952087024910  0.74622016337048380  0.75145922109222740
  0.75647341177178928  0.76145184866516291  0.76690660971293101  0.77103720663770470
  0.77508606497777921  0.77906135302504487  0.78295914439802961  0.78657794415193805
  0.79049841956593403  0.79494033357442750  0.80004996123609406  0.80592866279175279
  0.81227146664877115  0.81886311488614105  0.82579901280365164  0.83360549038994924
  0.84092251732308332  0.84877510126772915  0.85682521345400597  0.86572888602030262
  0.87652269001781957  0.88993698573832114  0.91338218434554075  1.00000000000000000
   2.9186868421882333E-010  -1.0000000000000000     
 F F F F F F F F F F F F F F F F F F F F F F F F F F F F F F F F F F F F F F F F F F F F F F F F F F F F F F F F F F F F F F F F F F F F F F F F F F F F F F F F F F F F F F F F F F F F F F F F F F F F F F F F F F F F F F F F F F F F F F F F F F F F F F F F
  <DiscreteSampler_grid>
  grouped_processes
  1 # 1 for a reference and 2 for a running grid.
  10 # Attribute 'min_bin_probing_points' of the grid.
  1 # Attribute 'grid_mode' of the grid. 1=='default',2=='initialization'
  0.0000000000000000 # Attribute 'small_contrib_threshold' of the grid.
  0.5000000000000000 # Attribute 'damping_power' of the grid.
 # binID   n_entries weight   weight_sqr   abs_weight
    13   10   2.561884334630853E-001   5.838593423505705E-001   2.561884334630853E-001
    14   10   2.561884334631004E-001   5.838593423506431E-001   2.561884334631004E-001
    16   10   8.398961660679870E-002   6.447396378448622E-002   8.398961660679870E-002
    17   10   8.398961660680365E-002   6.447396378449419E-002   8.398961660680365E-002
  </DiscreteSampler_grid>
