  0.00000009710747321  0.00000025296435962  0.00000084715211292  0.00000403432430576
  0.00001327885985676  0.00002406784231329  0.00003183487692272  0.00003670059211493
  0.00003955174463981  0.00004171014584414  0.00004308605411408  0.00004405359812313
  0.00004476320070719  0.00004525147475365  0.00004553017601264  0.00004581246286045
  0.00004610472791034  0.00004636109425823  0.00004654035387384  0.00004671446120541
  0.00004689775742931  0.00004706043770969  0.00004718982570745  0.00004731173677631
  0.00004743218826308  0.00004754223138049  0.00004764391415967  0.00004773538018932
  0.00004782330865456  0.00004792343293315  0.00004800900194620  0.00004809706110327
  0.00004817416939411  0.00004824760921322  0.00004831688727672  0.00004837295631183
  0.00004841733408445  0.00004845506549632  0.00004849350682159  0.00004853798995587
  0.00004858692401796  0.00004863929594129  0.00004869652999440  0.00004875876923672
  0.00004882362580215  0.00004888321619035  0.00004892113057897  0.00004895876785039
  0.00004899816158047  0.00004903481599288  0.00004907044324748  0.00004911394529181
  0.00004915573624321  0.00004920090917346  0.00004924796499487  0.00004929654222353
  0.00004934479518697  0.00004938857731399  0.00004943501494108  0.00004949582498335
  0.00004957428885076  0.00004967366684828  0.00004976344696893  0.00004985350056748
  0.00004994520913701  0.00005003864050224  0.00005013532473614  0.00005024006177904
  0.00005035113199663  0.00005046968487158  0.00005059847135644  0.00005073762764477
  0.00005091004504608  0.00005110461274800  0.00005132124018702  0.00005156320317088
  0.00005183909808378  0.00005217427668410  0.00005256916107478  0.00005302448699098
  0.00005357966252649  0.00005419800318245  0.00005480180754815  0.00005552133907203
  0.00005643080233437  0.00005756551783694  0.00005937273829255  0.00006206525234001
  0.00006582571664250  0.00007361723484044  0.00009725530536039  0.00019512277769236
  0.00079741698362613  0.14641849008944935  0.41617354252182298  1.00000000000000000
  0.00007108046897106  0.00007388514086039  0.00007738674171898  0.00008100911286712
  0.00008441823331998  0.00008699214822982  0.00008962054199469  0.00009171706589567
  0.00009234426883434  0.00009247190046019  0.00009251415871857  0.00009253691456300
  0.00009255129408535  0.00009256102102835  0.00009256746195576  0.00009257271163722
  0.00009257525705143  0.00009257747114763  0.00009257944574854  0.00009258121386340
  0.00009258265737982  0.00009258392830853  0.00009258494344361  0.00009258595857868
  0.00009258679045354  0.00009258761885810  0.00009258844696290  0.00009258925414538
  0.00009259006132786  0.00009259086851034  0.00009259180426556  0.00009259274415872
  0.00009259380807119  0.00009259511517644  0.00009259656974529  0.00009259826536484
  0.00009260026415847  0.00009260269165525  0.00009260647787245  0.00009261200516775
  0.00009261946333336  0.00009263052611991  0.00009264725871246  0.00009267065675594
  0.00009273197799646  0.00009288856702407  0.00009408261138366  0.00009705370243852
  0.00010183293999785  0.00010926544326744  0.00011831824670709  0.00012911286895262
  0.00014159311142927  0.00015740157293592  0.00017806260795483  0.00020248160379577
  0.00023054145811911  0.00026303192170809  0.00029641782162955  0.00033019434300342
  0.00036965156499655  0.00041209117210672  0.00045417105601634  0.00050178282420242
  0.00055681702245752  0.00061646944456151  0.00067262904247645  0.00072665885144500
  0.00078626528490272  0.00085165498507753  0.00091799373270256  0.00098447618264484
  0.00105613826180851  0.00113532913710164  0.00123108871949939  0.00132368614471554
  0.00141233394608094  0.00148732361527453  0.00155158626064868  0.00164322773390683
  0.00174863231992156  0.00189697729143583  0.00206193355941333  0.00222036470069984
  0.00239179908215816  0.00255012099649986  0.00268132476033500  0.00285362175033782
  0.00306296443916093  0.00334712549564166  0.00372402774581564  0.00424781076036234
  0.00490630463227267  0.03125308399435731  0.22324244833946044  1.00000000000000000
 -0.00000017364334132  0.00000367971836130  0.00000581692982709  0.00000779056488797
  0.00001059209595515  0.00001388510968958  0.00001692815462929  0.00001994070669087
  0.00002306879269663  0.00002612850781821  0.00002922942287553  0.00003221785511096
  0.00003500925986136  0.00003754329216026  0.00003985884785370  0.00004210713816399
  0.00004449047973137  0.00004710703015234  0.00004971825901946  0.00005236493282050
  0.00005501937591178  0.00005773376299108  0.00006056961008331  0.00006334288325373
  0.00006595205680958  0.00006850341438457  0.00007124503497910  0.00007420496111230
  0.00007739357481267  0.00008081874214628  0.00008469380995314  0.00008833158665378
  0.00009205441280278  0.00009560471430958  0.00009959582020203  0.00010363286777991
  0.00010764422776072  0.00011075188606704  0.00011431232396505  0.00011788427629102
  0.00012165444560588  0.00012543218098598  0.00012904115165408  0.00013225644428394
  0.00013567634159303  0.00014088785822493  0.00014675349835770  0.00015259828857518
  0.00015910996641691  0.00016603938893174  0.00017374222776569  0.00018286704324348
  0.00019188317253654  0.00020084910577528  0.00020993560351896  0.00021864578279950
  0.00022829184858447  0.00023915865772646  0.00025343657426126  0.00027009202461005
  0.00028560840731236  0.00030107099041735  0.00031970146036689  0.00033836046112842
  0.00035690419918130  0.00038049132417726  0.00040877395715220  0.00043953507039293
  0.00047679932352868  0.00051928043749045  0.00056350246032257  0.00060683243101151
  0.00064934626725703  0.00069054610270356  0.00073390871182558  0.00077436810410082
  0.00081020409480370  0.00084358811637387  0.00087597862111150  0.00090887024598628
  0.00094502201023858  0.00100016665359531  0.00107098267262500  0.00113961665885254
  0.00120560320823698  0.00128112943607180  0.00137882708478443  0.00149495901315304
  0.00163445433128857  0.00178289885531411  0.00192474528335904  0.00206523516429344
  0.00227497729770058  0.00460487798981312  0.15909649151353031  1.00000000000000000
 -0.00134738288685228  0.00571599544635351  0.01418927300985873  0.02245541083729997
  0.03065813869894152  0.04032648968760291  0.05386790337055954  0.06970258362104938
  0.08696266842154222  0.10247845995550105  0.11584808384457101  0.12907276024992417
  0.14217740193776246  0.15503139575823707  0.16786756561526345  0.18258279729582494
  0.19527476041219874  0.20609463268439429  0.21586415872102308  0.22470970560390058
  0.23631098228054012  0.24746330203557176  0.25884686224179215  0.27094583839793468
  0.28286895154572111  0.29443615120032413  0.30662656054571924  0.32024541415943131
  0.33544365566113732  0.35134838383777006  0.36560199357393386  0.37748207275678897
  0.38769167443244834  0.39860310599797127  0.41106493333498795  0.42425957475772513
  0.43742178138997906  0.45070548358474044  0.46368137246849211  0.47603143412791066
  0.48844583143194509  0.50130243613272529  0.51457289463988720  0.52836606754530169
  0.54371473101906209  0.55683833328353283  0.56854289130085234  0.57942601011364347
  0.58990077983509359  0.60070463294901888  0.61181480495733875  0.62270001572627021
  0.63336661982275166  0.64386394060559093  0.65400053374445710  0.66416984494069387
  0.67477396505293286  0.68643129560528227  0.69789678431355495  0.70779273816640509
  0.71701286059580138  0.72674897250932025  0.73498655144030023  0.74295565864337210
  0.75366262211161461  0.76399653225609643  0.77242539231698892  0.78114910919828551
  0.79032986421487406  0.80049968795720261  0.81373006458677999  0.82773895699502154
  0.83994518838545662  0.84998991805575408  0.85906873918468407  0.86808150685976948
  0.87738844883916445  0.88579322013421635  0.89553139447788521  0.90517197840103758
  0.91205018652855885  0.91697135143307007  0.92278077273459647  0.92884692824802839
  0.93467091595702856  0.94034830448129259  0.94613440427696993  0.95309634351114925
  0.96049833634379400  0.96688545766744061  0.97273076180677598  0.97810938045868079
  0.98322567727092780  0.98825360679860352  0.99321476398954611  1.00000000000000000
 -0.00236464478657877  0.00821477507265911  0.01942163131837382  0.03091446706262478
  0.04314102468250394  0.05592192221138091  0.06875650350113043  0.08143008225823137
  0.09403271653254619  0.10680175697739087  0.11994946092011249  0.13257349022152912
  0.14477881186457064  0.15580631677026055  0.16625247990833208  0.17765483397868231
  0.18914737073651142  0.19934319797289096  0.20978926840605550  0.22056706117622277
  0.23101030845478698  0.24079844017254706  0.24997264434590730  0.25928365476006793
  0.26943552598638359  0.28157057946299086  0.29270581011981106  0.30136033216273006
  0.30956605019323785  0.31801174029881274  0.32703876430111678  0.33729030381870556
  0.34912472232928943  0.36091877666629729  0.37133130917155588  0.38137179498365836
  0.39097816375901034  0.39946736965027430  0.40673627393526351  0.41464984614455214
  0.42537877186525069  0.43739331496160172  0.44969736215355410  0.46162445015446318
  0.47290270226731185  0.48451884655612565  0.49665037226714853  0.50896510627860725
  0.52289132228614721  0.53803051335318952  0.55250680589528822  0.56534289578006303
  0.57706746472225545  0.58822574329670763  0.59916150569987670  0.61053868118835297
  0.62177257939557129  0.63231038524761418  0.64295773582300719  0.65534724508261388
  0.66912374252025342  0.68159024888456443  0.69184902363259559  0.70157329646576283
  0.71087871999004715  0.72061754466400418  0.73223878836144052  0.74420365699983404
  0.75559355782976478  0.76625790748926925  0.77728510206875945  0.78834784004999725
  0.79931243318867429  0.80886234797834589  0.81699197759125630  0.82447333706464743
  0.83105376051782343  0.83813608343442347  0.84586537404346507  0.85235987813924374
  0.86065179887479304  0.87130514856215735  0.88164500365966714  0.89035363801979239
  0.89855043274663482  0.90782631300439431  0.91765057738753264  0.92698677379003946
  0.93677363071717956  0.94751950084785186  0.95791482009404294  0.96721219895379529
  0.97599866878160246  0.98453246332962152  0.99251387996503504  1.00000000000000000
 -0.00106949262132245  0.00518772215262456  0.01221746638686428  0.01965892971984916
  0.02845466663656691  0.03789598347619676  0.04709864004383885  0.05634585656979212
  0.06473155784337586  0.07172191382996426  0.07891806183983216  0.08615979199492459
  0.09371496705706130  0.10200603146955256  0.11086155358191754  0.11895776097225232
  0.12717653587694458  0.13549607375466571  0.14184153322970289  0.14714067718345072
  0.15333359988718159  0.16308829351976861  0.17506005515757370  0.18743358174993568
  0.19928926380321799  0.21029918070414996  0.22036279112898813  0.22903383068629074
  0.23650389817951994  0.24355831945982548  0.25077456563002876  0.25811188789300910
  0.26489347096548288  0.27313759784281649  0.28367306441098517  0.29518622270086919
  0.30573940037915237  0.31579667333732342  0.32430113728609428  0.33289677002911355
  0.34115402108315857  0.34957697334295451  0.35867604734364078  0.36958054963132619
  0.37855680771613043  0.38712546817737686  0.39550867050552396  0.40493211750155456
  0.41643023330301787  0.42951426335745463  0.44223435018725188  0.45415567173197224
  0.46616274728616719  0.47811535087643248  0.48977220101299496  0.50154431762116658
  0.51372597369975648  0.52667357886540467  0.54075053415436891  0.55539906030421227
  0.56876588566937814  0.57835128748528319  0.58463887408308823  0.58990553686130742
  0.59518304946997791  0.60197329274283617  0.60816029889125489  0.61456067450623253
  0.62449868784771678  0.63739321720248321  0.65122452886051696  0.66535880423074067
  0.67927437219710673  0.69225198309008162  0.70408671695233394  0.71562072542864841
  0.72659237381696085  0.73817859413214026  0.75091285127709784  0.76509043271632304
  0.77647824366495510  0.78882629880552768  0.80180009767636462  0.81465038377291232
  0.82712733142660699  0.84017353697167640  0.85422165978875841  0.86921610875605648
  0.88578411202889851  0.90102608324296674  0.91579980406832218  0.93071921790786971
  0.94604825778701496  0.96225655394444620  0.97998822545926567  1.00000000000000000
 -0.00291273831275053  0.01005687544165280  0.02201566998339832  0.03421870161532760
  0.04534100046795136  0.05525296012495332  0.06472753431928625  0.07414148026247050
  0.08388457012083368  0.09390610122437813  0.10395431639262724  0.11385407863078534
  0.12387640318452349  0.13443293519320645  0.14641759171077465  0.15894922706260187
  0.17057017462343935  0.18130873548324078  0.19338436133185480  0.20496311381423030
  0.21484187818977260  0.22634605166073615  0.23867118769757431  0.25039171115465336
  0.26114654135432630  0.27054260380409267  0.27975802213390527  0.29005800067665594
  0.30045003467374914  0.30841903504708351  0.31548872306016207  0.32328887082377511
  0.33201376664319432  0.34077806300293345  0.34977517005031550  0.35968748147217927
  0.37153424373477661  0.38586071482338646  0.40001960494403799  0.41296465671367383
  0.42526258773739090  0.43725590192939523  0.44905092382959311  0.46228453754614596
  0.47447813312036197  0.48138136945820359  0.48691909291425861  0.49217237326380137
  0.49790702099477402  0.50695900781608094  0.51841661723207455  0.52955173664070176
  0.54067783502166322  0.55138304371597568  0.56186675574532530  0.57275161131027119
  0.58336355113257321  0.59335725333524303  0.60284010227389140  0.61213319261849630
  0.62160520483937654  0.63124513356987777  0.64128955738337823  0.65162182705427252
  0.66280575861085966  0.67405662594531746  0.68402228418615740  0.69216270381839162
  0.69835275092603954  0.70560152535321230  0.71421165014523880  0.72243067685931128
  0.73069252170842303  0.74076971263365310  0.75173926731402507  0.76393751932761489
  0.77530873682028212  0.78705811342581955  0.79696432680822071  0.80901861066861536
  0.82136487640972888  0.83330152077392772  0.84509315131874418  0.85682577233257273
  0.86877676594561559  0.88151839638736218  0.89409656306853991  0.90599603357810776
  0.91740340769367401  0.92770223368614557  0.93792570007901388  0.94883907358488850
  0.96102910882716430  0.97407237149123471  0.98715190719610690  1.00000000000000000
 -0.00157059091727972  0.00707048191778033  0.01685419002455708  0.02620950512304993
  0.03506735367338110  0.04331531288685526  0.05281381017968566  0.06427264856514088
  0.07367599870863618  0.08284125276599694  0.09211067601259817  0.10156364031968995
  0.11201861980482547  0.12469100517311975  0.13889805241530692  0.15143002996351060
  0.16326470137662014  0.17483172348446285  0.18705118676591015  0.19901056346660945
  0.21026885071688609  0.22131735500333863  0.23273117606844421  0.24392689426764816
  0.25465230471086636  0.26541866743375486  0.27586558625287072  0.28782499400923695
  0.30045570043866171  0.31237325680890876  0.32362699151586583  0.33486013865987085
  0.34560270781715025  0.35354987020357748  0.35981284864509194  0.36559714977583885
  0.37015120876474011  0.37703089817396546  0.38694778053699480  0.39735987610741030
  0.40794398945403282  0.41835175796196472  0.42839731542121318  0.43833602315123182
  0.44852256134623675  0.45836128865862724  0.46704392976882819  0.47585238822554088
  0.48671061881882549  0.49960068833576360  0.51156506479879804  0.52265813331113165
  0.53342011303427650  0.54424364805361725  0.55469991333517721  0.56380240554686389
  0.57215339614164595  0.58048432679162176  0.58839195061019500  0.59797028277597930
  0.60983283049065884  0.62060273958668788  0.63152858677113222  0.64222177034373340
  0.65269680856499757  0.66387704893824162  0.67598282669476073  0.68979749601935769
  0.70245553185057352  0.71373766330509847  0.72423838003634555  0.73477211430352907
  0.74621226797623941  0.75968139718665539  0.77246351281813641  0.78244890314324256
  0.79349642241004115  0.80501414984974828  0.81545246597128573  0.82500745479555559
  0.83387887348942968  0.84369036525205499  0.85376783586157046  0.86485430606673463
  0.87565931872982461  0.88491035318087330  0.89560916604087160  0.90767387555770851
  0.91827641777165037  0.92800744385451317  0.93801622841329624  0.94905350513024034
  0.96074718761960820  0.97230072977185811  0.98407183872902193  1.00000000000000000
 -0.02366141302032684  0.18962656603884220  0.23128487392851538  0.28721744996915699
  0.34842417798713748  0.40861713287574097  0.45994696440234784  0.50806589521212664
  0.55335963345531003  0.60298020162573374  0.63506478728967664  0.64532928436623449
  0.65070373561425776  0.65520789362965925  0.66014750453582571  0.66514676393898275
  0.66995298265072689  0.67494654253995023  0.68001430678852126  0.68492873009624211
  0.68964780140646698  0.69423159481801100  0.69878481719293695  0.70324860485926743
  0.70760439241079809  0.71188798648621676  0.71606050131724153  0.72000132717870946
  0.72389255612489689  0.72801018029795073  0.73214486821402558  0.73586477667585914
  0.73949678663731333  0.74323666379669928  0.74703553947430357  0.75051585409234778
  0.75329427567084029  0.75633933217253324  0.75909360671392734  0.76210297828497853
  0.76485803305397060  0.76791925223996782  0.77132420168080984  0.77454185366867778
  0.77781718576425440  0.78115458655413139  0.78412118733360925  0.78650696569511702
  0.78894790373577151  0.79156883457937832  0.79406945078242053  0.79682694671172827
  0.80011631843342867  0.80378328742401872  0.80704303740614880  0.80954423012653842
  0.81182473056324478  0.81420361913622941  0.81687759870140397  0.81926712164625770
  0.82138856777009839  0.82361711627987477  0.82613620794203713  0.82841283115447917
  0.83194196190379455  0.83635385754712932  0.83999360175861193  0.84375255837262242
  0.84744373886289981  0.85094644528389818  0.85515548091083438  0.85956957329260508
  0.86370779162602462  0.86752966699369916  0.87139526535729006  0.87528031134670314
  0.87912915875043918  0.88423730306020509  0.88780959168325169  0.89106087615739549
  0.89410740159454660  0.89716610609472258  0.90103071164025972  0.90583213579807176
  0.91047488126808751  0.91565680082872813  0.92202271443482908  0.92892211066419617
  0.93615722860926753  0.94277259598508567  0.94887228259022738  0.95526548917033405
  0.96237019749084318  0.97100028097740132  0.98308438062267189  1.00000000000000000
 -0.04054800234381001  0.16372607802798755  0.21167350460178630  0.23967823656588330
  0.26073542300321273  0.27664634504007191  0.29160799587868586  0.30700229679236291
  0.31836967985540271  0.32400742041766289  0.33099909117783805  0.33774933060662016
  0.34361692879981548  0.35277913647924475  0.36492325609818971  0.37712773471352096
  0.38821151495514733  0.39811754610189865  0.40681314998815959  0.41540168330050231
  0.42447465235174076  0.43332321499314835  0.44080170175657296  0.44781725815413947
  0.45448536169048631  0.46106669494534192  0.46712773573005839  0.47196603722334990
  0.47706922046264671  0.48247555149619276  0.48847592566352349  0.49546312673734805
  0.50328107478772277  0.51104833074823308  0.51860475715713628  0.52618464925694053
  0.53383406608344619  0.54211068905553861  0.54941096646370602  0.55617471136156682
  0.56229757335168495  0.56801149066546852  0.57362148065240248  0.57933155845105000
  0.58502226967577986  0.59002520554753657  0.59473503442942122  0.59958456701887153
  0.60428866269991210  0.60872863496271912  0.61322146150462242  0.61761513914513821
  0.62166409494781627  0.62513861275465055  0.62854977227271791  0.63206198800456437
  0.63542336223330120  0.63954435247518726  0.64428830718480912  0.64921771245966542
  0.65415850443299683  0.65915927693240217  0.66420838477509669  0.67004082728525494
  0.67535062747701491  0.67980155720949564  0.68408745310609931  0.68828030939470386
  0.69226843155502382  0.69596191376302197  0.69949051660528760  0.70387410218856827
  0.70884463128219966  0.71345993505286243  0.71785753134826913  0.72243727929162860
  0.72742473853546441  0.73175718186275929  0.73572406610123675  0.73909176866062087
  0.74216575029393606  0.74572769442905662  0.74990249012054788  0.75471433437076230
  0.76025439891235813  0.76632849981365658  0.77246799177638625  0.77911194619329394
  0.78494313682063943  0.79039826840349758  0.79747012711132248  0.80719466941969864
  0.81922558519356470  0.83455861018764288  0.86884530508728097  1.00000000000000000
   2.7431139967235850E-010  -1.0000000000000000     
 F F F F F F F F F F F F F F F F F F F F F F F F F F F F F F F F F F F F F F F F F F F F F F F F F F F F F F F F F F F F F F F F F F F F F F F F F F F F F F F F F F F F F F F F F F F F F F F F F F F F F F F F F F F F F F F F F F F F F F F F F F F F F F F F
  <DiscreteSampler_grid>
  grouped_processes
  1 # 1 for a reference and 2 for a running grid.
  10 # Attribute 'min_bin_probing_points' of the grid.
  1 # Attribute 'grid_mode' of the grid. 1=='default',2=='initialization'
  0.0000000000000000 # Attribute 'small_contrib_threshold' of the grid.
  0.5000000000000000 # Attribute 'damping_power' of the grid.
 # binID   n_entries weight   weight_sqr   abs_weight
    13   10   2.151704441078565E-002   2.527744959710876E-003   2.151704441078565E-002
    14   10   2.151704441078564E-002   2.527744959710873E-003   2.151704441078564E-002
    16   10   1.208311134996408E-002   5.405984385259592E-004   1.208311134996408E-002
    17   10   1.208311134996407E-002   5.405984385259577E-004   1.208311134996407E-002
  </DiscreteSampler_grid>
