  0.03007660335037682  0.03786029073222664  0.04941557940711343  0.06192946591045144
  0.07476804092538829  0.08721954160617212  0.09974135564508638  0.11067326521588874
  0.12030817070278449  0.13047917696805586  0.14074421149020433  0.15029840817292794
  0.15920181254934046  0.16855741893875539  0.17869354049023109  0.18874575426464735
  0.19857589527352934  0.20846980590659772  0.21856075934404337  0.22909518731596801
  0.24030192262854658  0.25153785662936717  0.26195029794098579  0.27164879471754694
  0.28099719171248227  0.29017001043252610  0.29910784387017730  0.30815617033023029
  0.31729486967052378  0.32669054148358495  0.33551213060299068  0.34393283315279033
  0.35212324662338385  0.36051191811205546  0.36927744981639365  0.37891269276066591
  0.38910391142073525  0.39933034117130145  0.40943858671800837  0.41971773825528857
  0.43009100501203346  0.44023001804430067  0.45003232507993851  0.46017005714977316
  0.47161497428876076  0.48325457568456698  0.49411940754750006  0.50461534828024568
  0.51498904583330685  0.52523697025453187  0.53557435030153056  0.54621735611991074
  0.55648085487923471  0.56702788309791108  0.57750646149011975  0.58746913388243371
  0.59707217844945171  0.60679305868309219  0.61678584500544020  0.62600087549605554
  0.63501267295468478  0.64371565140342701  0.65330730916613877  0.66314700218111922
  0.67241602736748574  0.68198978844739178  0.69163947223116284  0.70089062311989658
  0.70959495238943782  0.71812464557333344  0.72693707423508802  0.73652770995457273
  0.74701814240487452  0.75741282853382708  0.76816511405037102  0.77795387077087874
  0.78807985524738944  0.79875356664921193  0.81032359777869400  0.82164533721803978
  0.83291302114546273  0.84455011958193704  0.85575578136357366  0.86648569007767318
  0.87706539718466692  0.88732781785938875  0.89743863693067283  0.90738559962490761
  0.91765834953909786  0.92807177961235832  0.93810443936035059  0.94788111937500996
  0.95734410620712895  0.96575487292022932  0.96885237962438875  1.00000000000000000
  0.00000008917410104  0.00000132558444036  0.00000398317107041  0.00000792118459234
  0.00001252493237569  0.00001727656538856  0.00002178685267148  0.00002592467734881
  0.00002942300062233  0.00003239346008210  0.00003442850837492  0.00003570623453809
  0.00003690700905201  0.00003801304521579  0.00003903160060884  0.00003998119280661
  0.00004085291326025  0.00004161678684207  0.00004230451583587  0.00004293672419939
  0.00004351668266726  0.00004404492767108  0.00004451737689810  0.00004495259476941
  0.00004534013734745  0.00004568709907175  0.00004600508470362  0.00004629823341415
  0.00004656416001822  0.00004679620080873  0.00004702241876339  0.00004723845407930
  0.00004740761541021  0.00004757191086942  0.00004773282803224  0.00004788788247481
  0.00004802903698239  0.00004815785626626  0.00004827593174747  0.00004839146324346
  0.00004850175823386  0.00004861071664347  0.00004871708273817  0.00004882135930065
  0.00004892317993617  0.00004902417574498  0.00004912449045619  0.00004922422867099
  0.00004932363172695  0.00004942279803151  0.00004952186259895  0.00004962577694756
  0.00004973122358465  0.00004985303399259  0.00004997881408575  0.00005010855662660
  0.00005023933081227  0.00005037849818384  0.00005052219246539  0.00005067427446772
  0.00005085248759863  0.00005104317645804  0.00005124227938393  0.00005144741841589
  0.00005166997716793  0.00005195464876262  0.00005225052438391  0.00005257549936201
  0.00005294162253181  0.00005335385880478  0.00005381678781190  0.00005432552928866
  0.00005490280646307  0.00005554497597262  0.00005625443933310  0.00005704486160119
  0.00005791303800398  0.00005884575765628  0.00005999640810789  0.00006165917659117
  0.00006369591590487  0.00006597048269058  0.00006851245504693  0.00007131706281043
  0.00007642667384592  0.00008466494773077  0.00009608462618319  0.00011298584681424
  0.00014115795690610  0.00018502985895606  0.00027200212426204  0.00045831125473676
  0.00098309852091680  0.00302506076291461  0.52384188560712008  1.00000000000000000
 -0.00217519472566465  0.00846392015695803  0.01800496670062351  0.02776931201876211
  0.03801851562499099  0.04814031861281746  0.05790519554541781  0.06763461278576337
  0.07804171426667654  0.08763412419580557  0.09656907399815388  0.10597247371803634
  0.11539028026380892  0.12478255045335673  0.13395165682499441  0.14306046987075985
  0.15289069984375464  0.16307361646089533  0.17275445604071121  0.18221801057547105
  0.19151465376046287  0.20070704461612321  0.21028660115468809  0.22016155143857191
  0.22961406937128126  0.23986422255417858  0.25031925674482425  0.26112113090535405
  0.27184457070067075  0.28179048865676520  0.29164413900253361  0.30167676123556902
  0.31178779524644978  0.32202506567188849  0.33236805942878239  0.34298443830860903
  0.35390091624166786  0.36547502836216977  0.37696455117866878  0.38843922439992729
  0.40006997642491726  0.41196503754697883  0.42231484869054364  0.43223975014166277
  0.44263764823022683  0.45340873050646979  0.46398135556320858  0.47445622938524112
  0.48537962049540612  0.49740039879608894  0.50943144266539453  0.52152762991883528
  0.53380325904418768  0.54560299787567057  0.55713556857076840  0.56844358529108407
  0.57919405529914414  0.58982963415611844  0.60044912932068228  0.61104442930888869
  0.62209838324388211  0.63396491028939639  0.64598165325432122  0.65742480822790728
  0.66862765488057363  0.68003758191907171  0.69128261722461160  0.70235322264231825
  0.71291897489752498  0.72346842371694875  0.73401605386579460  0.74464139243910843
  0.75479411218195536  0.76416126959613473  0.77374287019231047  0.78365685697099774
  0.79385409805911378  0.80403625533490164  0.81423449593030983  0.82473567171537510
  0.83509769865646777  0.84528936282471734  0.85556037389160422  0.86635582042225401
  0.87805263498570285  0.89050757203267839  0.90273285217648036  0.91413524758904108
  0.92522406675316904  0.93602870826716933  0.94622695826039427  0.95671769415026908
  0.96739580479408838  0.97828770571525203  0.98901939486453172  1.00000000000000000
 -0.00300695045015322  0.01014917138504870  0.02227208725991627  0.03414196778734187
  0.04607640563847583  0.05786801240549330  0.06965796784775477  0.08105686660010812
  0.09133054090967173  0.10137388123964651  0.11177243116205507  0.12273526877883648
  0.13328673715543193  0.14399082029500748  0.15532933196791307  0.16698718035011534
  0.17823409222022862  0.18933138113275055  0.20074522751980886  0.21197775189034790
  0.22292088230429377  0.23377901551662347  0.24435072566895966  0.25470982250376545
  0.26500624894048025  0.27561478502531628  0.28663414251907560  0.29817382089708533
  0.31011387716484584  0.32207239767679186  0.33395496166650696  0.34555233652234868
  0.35673224825827687  0.36743517088193206  0.37816012623652423  0.38792936007228879
  0.39760500565863971  0.40705956683002076  0.41626383033314679  0.42549844911543971
  0.43480841260388364  0.44457888261093237  0.45460117790128318  0.46435805238000272
  0.47405534965445451  0.48361487590881502  0.49325828996583143  0.50280823127672236
  0.51207236880592366  0.52149634513763266  0.53169656380648733  0.54165181103181148
  0.55271492003322642  0.56366768908813836  0.57497875024767464  0.58595554475716294
  0.59752231550453050  0.60883443764100376  0.61985408136307540  0.63078641554753390
  0.64163469482312840  0.65217349806875058  0.66241037144391168  0.67265522925017429
  0.68257464190943273  0.69210302560861281  0.70154087649220453  0.71138335850707102
  0.72119420795929778  0.73111966467744915  0.74098762200501000  0.75125302503074831
  0.76190417057356463  0.77218087884071540  0.78157346027492669  0.79099023522018097
  0.80089484657265431  0.81106910096125828  0.82106584491675372  0.83101397117726239
  0.84268455604442138  0.85475948777916266  0.86581556312497854  0.87698487927227642
  0.88896118972423266  0.90013023641244549  0.91067558187154818  0.92138049713958681
  0.93181559878488474  0.94164671226227981  0.95052661727595100  0.95982694098219823
  0.96979996945305047  0.98002310942611037  0.99022012580724228  1.00000000000000000
 -0.00230835432781458  0.00837040589296783  0.01850898284740014  0.02918665416566760
  0.04100221090286277  0.05196749944891248  0.06308888736071719  0.07496286845420590
  0.08672991835395355  0.09802664220075129  0.10902756627105842  0.12018537309008091
  0.13198916254568910  0.14389402320570113  0.15501081025337921  0.16575722857922451
  0.17707085856778507  0.18833527104158945  0.19901128194708881  0.20998218929953905
  0.22221618595011222  0.23430072642793495  0.24590638644922619  0.25710441622363572
  0.26797608141565754  0.27859852435401150  0.28930619089775961  0.30025532053167003
  0.31126631689905071  0.32219245974321375  0.33275658354626070  0.34337784876396010
  0.35421333875227379  0.36561100578499933  0.37697874480908911  0.38885124246857777
  0.40052492543772861  0.41188060089230083  0.42359585871673455  0.43569243696420140
  0.44861656965636071  0.46158849267845242  0.47377718678436026  0.48578518347372079
  0.49744104105000858  0.50886659771524634  0.52051907157361577  0.53286399331052614
  0.54513237528293768  0.55703972222615172  0.56898305222687562  0.58042164237194482
  0.59110897138697971  0.60147777406052472  0.61233079119982226  0.62320601380674034
  0.63414110543253155  0.64512869402385953  0.65615886716313965  0.66711952020711529
  0.67928902354138676  0.69153499797705775  0.70365597586004591  0.71572214604497231
  0.72792643852245076  0.73994556860151472  0.75154719909006562  0.76258572626977084
  0.77329120661593642  0.78405638554113877  0.79469240647837402  0.80504275410613790
  0.81582959944236255  0.82705958793957468  0.83700797872282262  0.84554774671086996
  0.85360231179293666  0.86169367795482610  0.86952409034373135  0.87713471294291823
  0.88431566394819194  0.89131975811480835  0.89882969491797560  0.90795749749446930
  0.91704939686333253  0.92523335123556205  0.93338575441538285  0.94156748435121840
  0.94953840551873281  0.95739704037121998  0.96476695605997143  0.97179818381921312
  0.97879216208633402  0.98582695440181278  0.99290338485519347  1.00000000000000000
 -0.00264094671275419  0.00938217179084339  0.01949489120473018  0.03048839897192249
  0.04176084778668447  0.05356163933636343  0.06418203364365664  0.07438112386107254
  0.08459910336474061  0.09533458107034631  0.10652720188992439  0.11789916818988717
  0.12920086986669641  0.14021849163611741  0.15056052782934962  0.16004569183855644
  0.16942599581988210  0.17919197654542135  0.18909161304171995  0.19868218450842948
  0.20854733146629220  0.21947707812582604  0.23038465301648658  0.24079236733758530
  0.25109919282349719  0.26126593203734566  0.27094687481989388  0.27975682216238529
  0.28837850264211984  0.29755292106420717  0.30757054497012543  0.31772726573092525
  0.32707320191024059  0.33641713059413209  0.34633893097870477  0.35698361926244071
  0.36797269302928598  0.37849764108392114  0.38856463758154730  0.39892219285851410
  0.40955654869305086  0.42019350016052764  0.43064846587023459  0.44137869725664303
  0.45312321642078213  0.46495365100965375  0.47742070318124868  0.48913475332939182
  0.50062303518052542  0.50999743562820532  0.51993814947161432  0.52951893661743832
  0.53890196920633682  0.54839065183985836  0.55839597131076180  0.56972488222654238
  0.58238483085115822  0.59459018938916808  0.60659491586428260  0.61824455810243328
  0.62998395032489873  0.64179793657882411  0.65401225475617919  0.66571264915969930
  0.67639657234307982  0.68659905079486427  0.69665780231474494  0.70683789072148695
  0.71711705747603405  0.72753740184736393  0.73847301725187320  0.74976499901180138
  0.76154718554353940  0.77307385523433048  0.78356402891759180  0.79388700979367688
  0.80414177139785525  0.81417203705160313  0.82386702159146408  0.83351081991848941
  0.84350563040879534  0.85346307455709369  0.86314489122829718  0.87217449132466107
  0.88117410611331382  0.88978095686909697  0.89958880659874840  0.91011617680210910
  0.92100423595423686  0.93203292657500780  0.94251635762608055  0.95344489511266428
  0.96441295596353971  0.97579134732440576  0.98778981006123068  1.00000000000000000
 -0.00292856178454772  0.01218371124816259  0.02370575146511048  0.03355642916997190
  0.04392771264565731  0.05488468239312943  0.06605574328370031  0.07675686446087493
  0.08708553020261814  0.09771966684697111  0.10772524696861289  0.11731315093975087
  0.12700335240374649  0.13731610535526442  0.14823264718255608  0.15913589843264289
  0.17014222352418804  0.18153097954338585  0.19250625491982215  0.20260341130919057
  0.21253888105420543  0.22256933521265507  0.23242445637149370  0.24233432117332901
  0.25275046515336197  0.26335618622924661  0.27402202704981393  0.28480287983468727
  0.29533096468689979  0.30559561038491889  0.31615690996185997  0.32725964280089986
  0.33819424668915843  0.34823817054474776  0.35878025152417442  0.36975220907283524
  0.37972598598102814  0.38903522259740431  0.39825182778179452  0.40756431641858709
  0.41677893482754552  0.42597026645630093  0.43559434781666778  0.44599145125421563
  0.45626565246659218  0.46626918471607420  0.47613644557476165  0.48562805648901103
  0.49492437375008042  0.50444850362442539  0.51401809588062486  0.52346502879007772
  0.53264283518215960  0.54191709995505377  0.55207090934074532  0.56239828790582713
  0.57277129949407868  0.58278956149840189  0.59209894931792284  0.60111021752484017
  0.61067109534621200  0.62070983737079011  0.63073924004552828  0.64043597856996715
  0.65020963341037175  0.66032639785592473  0.67017439572265125  0.67992379510497758
  0.68957921344561501  0.69926334152530700  0.70885766132139394  0.71814206492314281
  0.72752758743986812  0.73728817378581080  0.74721223660516811  0.75670160698286371
  0.76598806649054929  0.77593705865243978  0.78678793062845975  0.79770879195485633
  0.80854001604866332  0.82040140797024386  0.83315457928029213  0.84654216751423139
  0.85953342269298305  0.87199134737978534  0.88453004720130679  0.89697107400024234
  0.90952389293969227  0.92203008971757938  0.93468989817148729  0.94715959430352736
  0.96004414814425432  0.97254352347544870  0.98604711348099328  1.00000000000000000
 -0.00306903544796113  0.01052248175613265  0.02156349720847065  0.03169164258031772
  0.04155036474520676  0.05107990674509622  0.06072363116662496  0.07055928666140422
  0.08033649333449069  0.08986975823076918  0.09898026878521363  0.10859771137086489
  0.11848907852342408  0.12826042941080265  0.13823369027621502  0.14866996936894664
  0.16043760148427536  0.17271913487928856  0.18472761725717807  0.19590699431356659
  0.20604709012928135  0.21547263562479924  0.22467262316623207  0.23417080845861410
  0.24348090089186389  0.25285400762131122  0.26253701809754132  0.27200817996657428
  0.28257869142018610  0.29289448316761074  0.30372031870974142  0.31440072772643529
  0.32519146253214198  0.33605428228045048  0.34694104896789912  0.35741940557394358
  0.36745324015211389  0.37741016326634608  0.38754341309444978  0.39748349419004547
  0.40761663461159570  0.41812205652146928  0.42925171863245887  0.43989929440447184
  0.44988696652693988  0.45962490805091188  0.46947589865571493  0.47958244882701218
  0.49013120541498845  0.50074337858204532  0.51180110029310177  0.52310886506001975
  0.53382347704864763  0.54393181134039426  0.55399545116906701  0.56447157986599428
  0.57510603445519848  0.58542342678251891  0.59533278715872706  0.60522325503331675
  0.61483059210172575  0.62409106041301721  0.63333586836956890  0.64258003009191023
  0.65203333363797522  0.66179031687511902  0.67188644644511331  0.68240226013297089
  0.69261491547288412  0.70263049672209099  0.71287440251266221  0.72321452650277784
  0.73366215306625060  0.74378755343165626  0.75478597704860950  0.76649857908588881
  0.77843324684837234  0.79131931920556786  0.80531658030451814  0.81979203458995731
  0.83371959603910240  0.84646371354175265  0.85878431829316648  0.87076514809690853
  0.88355083630301268  0.89611735762871236  0.90769526468620221  0.91829315285615465
  0.92747296841413895  0.93711373521096841  0.94717063621328146  0.95723262907863471
  0.96729806869701429  0.97719691926735630  0.98845959897014646  1.00000000000000000
  0.00858150489698303  0.28509211055885547  0.40883604242997335  0.48070618980057767
  0.52375850791861489  0.54464826484927475  0.55650113153022751  0.56454243420711159
  0.57086695456854342  0.57660302599345858  0.58220518134461874  0.58756004091463054
  0.59238726401933872  0.59710154760537637  0.60159231923227552  0.60585756606994379
  0.60997270978748563  0.61403161479043356  0.61811759085652807  0.62219943825096813
  0.62607891321603149  0.62977042459301658  0.63342874217635536  0.63710468007101229
  0.64083028252279683  0.64458121775745758  0.64817468669772893  0.65158415978076656
  0.65501599636357477  0.65859312585827845  0.66233675871577602  0.66607592059168375
  0.66964410567113475  0.67303655649153449  0.67640031479298157  0.67976861591835602
  0.68324473249343431  0.68672369061755456  0.69031104178668845  0.69400086289047669
  0.69772826739898486  0.70140774808683404  0.70520490633596888  0.70911826295758318
  0.71312882367721253  0.71720702776009082  0.72122591836731975  0.72514899877767613
  0.72910663824355693  0.73310953937557788  0.73699363049457423  0.74087075885646136
  0.74481889220176456  0.74877766198177753  0.75282673365066555  0.75699141036853068
  0.76114852243138820  0.76526978117503741  0.76939180426984122  0.77345587724766041
  0.77757285097925544  0.78152851930403355  0.78566455355773013  0.78981761677348228
  0.79397163625663403  0.79822923642515675  0.80257409344260611  0.80698576664588129
  0.81149096656285447  0.81607501821533901  0.82071583366582535  0.82537324294504677
  0.83006149339262791  0.83463327495921236  0.83914614672863508  0.84382826395506572
  0.84872339739651981  0.85399921042028215  0.85941397403241981  0.86503279926511523
  0.87046314669817104  0.87620583630538273  0.88212109266268912  0.88822662703898514
  0.89455797980464791  0.90109361867879045  0.90780674772009706  0.91467877732323932
  0.92172000618212180  0.92890415436397311  0.93633295889436341  0.94454009222056101
  0.95364206763555814  0.96428327712941853  0.97854916656130320  1.00000000000000000
 -0.02202914665150275  0.13027728841009933  0.17956637088632407  0.20812379891456140
  0.23067390781900093  0.24898831107900146  0.26450516482568698  0.27881656669935923
  0.29263570631848140  0.30620093332909182  0.31962743106325336  0.33220887096288809
  0.34363269571914795  0.35418175146824549  0.36423526740005885  0.37401569418336483
  0.38340648896866919  0.39260620689575687  0.40135281067651452  0.40984224253734414
  0.41810820911603669  0.42623226558476524  0.43491137946209152  0.44332991729455301
  0.45159337929085186  0.45932775546387816  0.46705221964430205  0.47445529980111623
  0.48197648805412385  0.48935682973238548  0.49691072689921412  0.50419705782178681
  0.51153412157019740  0.51877213270251143  0.52625909242787927  0.53366945943469735
  0.54083079870789463  0.54759727426378446  0.55410772370265871  0.56049804355586474
  0.56656955570818257  0.57256196076329180  0.57863927359218903  0.58445328277693298
  0.58988897819300157  0.59519902042875827  0.60055543833465241  0.60585829487964060
  0.61107549866833910  0.61621786719209914  0.62137455959545695  0.62641083704614209
  0.63124467557594521  0.63620150117791863  0.64129820212527922  0.64644034770410397
  0.65153265048294684  0.65654448062699433  0.66154652682752590  0.66654789312683838
  0.67150075804545095  0.67631310629940500  0.68103507429019039  0.68575225204197154
  0.69076233127570652  0.69595217229122108  0.70100081675084103  0.70609084652306187
  0.71146348742892440  0.71716967312910673  0.72314836521083814  0.72927021180398177
  0.73540346805069745  0.74148804123624246  0.74712048605425885  0.75314562830456278
  0.75942281431408620  0.76565456861895886  0.77203608259752532  0.77874545344122748
  0.78570776375773099  0.79292201908501836  0.80060062110715979  0.80842870835890646
  0.81509145896507773  0.82151429320394886  0.82854118107918218  0.83599868714332126
  0.84412210031368573  0.85241140023478146  0.86066117622400806  0.86981488072920343
  0.88269513879277217  0.90272628086073270  0.93076616336939855  1.00000000000000000
   2.0403626938892520E-012  -1.0000000000000000     
 F F F F F F F F F F F F F F F F F F F F F F F F F F F F F F F F F F F F F F F F F F F F F F F F F F F F F F F F F F F F F F F F F F F F F F F F F F F F F F F F F F F F F F F F F F F F F F F F F F F F F F F F F F F F F F F F F F F F F F F F F F F F F F F F
  <DiscreteSampler_grid>
  grouped_processes
  1 # 1 for a reference and 2 for a running grid.
  10 # Attribute 'min_bin_probing_points' of the grid.
  1 # Attribute 'grid_mode' of the grid. 1=='default',2=='initialization'
  0.0000000000000000 # Attribute 'small_contrib_threshold' of the grid.
  0.5000000000000000 # Attribute 'damping_power' of the grid.
 # binID   n_entries weight   weight_sqr   abs_weight
    13   10   1.529325100670216E+000   2.327874223507472E+001   1.529325100670216E+000
    14   10   1.529325100670218E+000   2.327874223507478E+001   1.529325100670218E+000
    16   10   2.055272333841362E+000   4.205548771111594E+001   2.055272333841362E+000
    17   10   2.055272333841365E+000   4.205548771111606E+001   2.055272333841365E+000
  </DiscreteSampler_grid>
