  0.02390781696186139  0.03290942323239056  0.04251516793238811  0.05271747672799782
  0.06268144761967753  0.07285683058886515  0.08297912508888672  0.09328004646155032
  0.10351566661527056  0.11388897480903429  0.12420931859648190  0.13426585100613619
  0.14409599778181398  0.15389062394805555  0.16399889499392570  0.17440405117875177
  0.18487403567801292  0.19513137347254614  0.20545355105409127  0.21585055289672106
  0.22633132688206070  0.23660872663177174  0.24687559941912607  0.25715569101940067
  0.26739504404769093  0.27761756322192044  0.28782374654685788  0.29825659588934500
  0.30854458395617668  0.31906452408160935  0.32952255398732427  0.33995218376161457
  0.35005530994573797  0.35994893760547447  0.36990635416378725  0.37971040407591522
  0.38948396119987727  0.39919914059003081  0.40901509380173451  0.41896086526806670
  0.42908828934542542  0.43927436740291992  0.44952640072758465  0.45956149056932699
  0.46973512531330774  0.47989495771999491  0.49037074576462503  0.50083929288092743
  0.51157767675087873  0.52232104424937620  0.53287275872641704  0.54343950003015906
  0.55417633515386999  0.56478093466043011  0.57496501391928545  0.58497668138047332
  0.59491818064008195  0.60485599916033328  0.61472601652063474  0.62462392242988340
  0.63468149879169322  0.64483874806055108  0.65500802777045120  0.66523639060364426
  0.67564092054004432  0.68608740481373265  0.69642084914451741  0.70670557676041024
  0.71694426153548341  0.72739197167002445  0.73750900298823896  0.74739263029745695
  0.75728450539735503  0.76731707074394750  0.77736753631874145  0.78735684538833106
  0.79735122400118341  0.80743819724744859  0.81747100659891025  0.82749992097031455
  0.83751918792543922  0.84770039720065227  0.85785045766567258  0.86826894677193001
  0.87854255394305725  0.88879771745501635  0.89873610436368090  0.90852011565910706
  0.91813464557263880  0.92771257871390123  0.93725680098369102  0.94702155904044916
  0.95710259903208150  0.96618239868667277  0.97095007155156854  1.00000000000000000
  0.03101872083664886  0.03660736908242468  0.04563559052023944  0.05632468652287433
  0.06647573338995290  0.07667015172730730  0.08667471045206630  0.09673999431338187
  0.10690855182560959  0.11726580452257210  0.12747976710420622  0.13763541893213294
  0.14785139108662551  0.15830175477868311  0.16866455313646148  0.17876485832787103
  0.18877759672723124  0.19879606827690560  0.20868633149032481  0.21881731215579261
  0.22881383764371357  0.23897874378957720  0.24907558374976235  0.25909641300605157
  0.26893264361943792  0.27903028272067543  0.28912404639796868  0.29939882815551777
  0.30995202311477354  0.32050148598686767  0.33124067437654292  0.34152370534922810
  0.35175821945587871  0.36179809368793636  0.37185188877499542  0.38201723390256576
  0.39181286667085835  0.40159113057474255  0.41134342016862513  0.42127509391786688
  0.43118276614578682  0.44127986039520040  0.45146283631118655  0.46145851843887803
  0.47131903005172954  0.48123110349701625  0.49129540014765627  0.50135303908420115
  0.51111108913461234  0.52090210396914605  0.53091927132355754  0.54092185977774498
  0.55093985022612346  0.56090949932600254  0.57092299218416676  0.58104461139726127
  0.59093069177307544  0.60098680781204061  0.61115006738834909  0.62138510711862383
  0.63153484692877848  0.64162435701779497  0.65179702438912301  0.66222727295443107
  0.67230044817161561  0.68209115950811094  0.69186592626944088  0.70190170534590490
  0.71196142236896798  0.72187440216194665  0.73185292440918059  0.74203255232282272
  0.75211658597393982  0.76207129391469108  0.77225263845055758  0.78253241107788818
  0.79273271110214716  0.80262277536183035  0.81266425801373210  0.82263440000382193
  0.83287378170977922  0.84294870674695155  0.85312105038890762  0.86296029179977995
  0.87296601891094094  0.88326996089032839  0.89387399097059772  0.90425316871462025
  0.91445745446991344  0.92473354821434439  0.93497079403489369  0.94505503135387214
  0.95519714713823412  0.96335222329549530  0.96929546829434532  1.00000000000000000
 -0.00187959533183298  0.00808826545099818  0.01677282059989353  0.02601041654246701
  0.03538514901214548  0.04475663753071337  0.05425371324034222  0.06376279074584458
  0.07345178689068474  0.08325046108814664  0.09318745951545519  0.10315296191841813
  0.11343018835409695  0.12396218497629938  0.13475249419974678  0.14561436323992843
  0.15656606559743738  0.16777288379218039  0.17908181407423202  0.19061028297270935
  0.20238170732584274  0.21420872255401691  0.22633721934266329  0.23855910700529992
  0.25103172175603256  0.26312831108942725  0.27502167257136911  0.28670944969817685
  0.29875873345091736  0.31108358583401791  0.32352935301005731  0.33621796860969300
  0.34922062714717905  0.36190073572609133  0.37417890272325649  0.38646397240982716
  0.39864202040640379  0.41089527472313253  0.42358175159809675  0.43649119819637072
  0.44917577473586395  0.46169582133516346  0.47423798424518199  0.48696962589537657
  0.49961306607579226  0.51214568445358122  0.52435822510933261  0.53628376050439885
  0.54833494257473436  0.56067406252614060  0.57325883270588174  0.58534572178580357
  0.59716465396006124  0.60887217691413853  0.62065904525835547  0.63228460456131186
  0.64360997722618307  0.65452552479791082  0.66545156048279874  0.67607230135799368
  0.68653983280127406  0.69687129151638472  0.70720957607137991  0.71759562975540581
  0.72781095079289082  0.73784277500677686  0.74784374219866456  0.75794561375957603
  0.76806500633643893  0.77786809264992429  0.78739877350577625  0.79701592573589974
  0.80664650900936941  0.81610708225374518  0.82522895228861026  0.83433564744119060
  0.84322735760196310  0.85194383566001863  0.86081416952428980  0.86972934963915560
  0.87858175500225144  0.88749311194058433  0.89623404515735638  0.90481082912927691
  0.91319967152277493  0.92142802495011267  0.92960427321320849  0.93774379348505277
  0.94573041565637417  0.95356224813128676  0.96131672481907504  0.96904190655415623
  0.97683223760647253  0.98460814787286755  0.99230586851771574  1.00000000000000000
 -0.00228159703265522  0.00945309884210609  0.01919716478182144  0.02971487546575331
  0.04002603422834023  0.05080288037378910  0.06148039381785330  0.07220259302310530
  0.08304786841371992  0.09373466076487935  0.10452369525905217  0.11520822707098140
  0.12601612711563226  0.13661478723289558  0.14697411613766473  0.15721119391770930
  0.16759447922488241  0.17786870209067565  0.18837807115887598  0.19855817872473716
  0.20894138359982481  0.21914847802542523  0.22958177837158497  0.24001644333220440
  0.25049017205536445  0.26108054081488913  0.27185803862064084  0.28257856533627163
  0.29328345662576977  0.30403926432114958  0.31479827036309088  0.32535724942182542
  0.33596476868487823  0.34655657448157451  0.35705331606637092  0.36731365103908875
  0.37751280442411023  0.38793100139845266  0.39836207046142108  0.40883433728912877
  0.41925267842478398  0.42984982027618701  0.44068949850693190  0.45131362723611124
  0.46177562804088584  0.47156595317925099  0.48170250653995461  0.49185502990416419
  0.50240678620367452  0.51296213826743042  0.52363682471648187  0.53441324403881418
  0.54520705532073377  0.55558283044980816  0.56602002046839228  0.57644470161571304
  0.58671217703838863  0.59703662034683047  0.60747335579433726  0.61826209539058929
  0.62900239649696044  0.63936979833523611  0.64985955145067864  0.66026527913063904
  0.67085608375438910  0.68127402211819532  0.69173851755988092  0.70258020644724339
  0.71341170731768100  0.72445859082929887  0.73538137803394699  0.74639675965313701
  0.75727347752367946  0.76825343752518116  0.77910408721137325  0.78983441939301646
  0.80020846775744514  0.81070269266102390  0.82126633667765392  0.83186620618924079
  0.84230455135406679  0.85279733324404328  0.86331974464130068  0.87399597225212267
  0.88460439812663494  0.89514918413528577  0.90561766450439962  0.91614893412776355
  0.92662966969174987  0.93690841918933088  0.94731286225470412  0.95767959482181597
  0.96809871639277301  0.97851686549240535  0.98926487554531994  1.00000000000000000
 -0.00226808878799664  0.01038215021325561  0.02056935471234169  0.03114918181734051
  0.04169106611604151  0.05230771143006642  0.06323663224808321  0.07419853466997241
  0.08483388927140600  0.09506003103320722  0.10529237924079006  0.11579663915711946
  0.12638832664054189  0.13698767970371017  0.14760765102814016  0.15791896023870769
  0.16818611736595951  0.17832058502628623  0.18875151430766962  0.19943489677119544
  0.21005536806411837  0.22088107403020196  0.23171195665697514  0.24239060259673917
  0.25321731582889911  0.26379404622774527  0.27446083518342945  0.28483162191806682
  0.29539340180394591  0.30609673604742260  0.31685158567704086  0.32742941408491416
  0.33802026940126068  0.34855901819952334  0.35916270034176240  0.36973189487893815
  0.38018568314767087  0.39060414510364816  0.40078614705962079  0.41073398466093863
  0.42072612903244155  0.43074377807831343  0.44091434026998000  0.45130338599169612
  0.46196352708863875  0.47297383728534803  0.48342544577574625  0.49365024858413231
  0.50408627131711614  0.51478724244678353  0.52534138006091369  0.53576463141719022
  0.54612686189299475  0.55665623588661595  0.56730924093814417  0.57793994620093736
  0.58864227127585589  0.59910015822862994  0.60961272852198867  0.61978972556469436
  0.63000463435954301  0.64056005020044848  0.65121365074236359  0.66182905400512027
  0.67236805931135435  0.68311470355387904  0.69374232893427989  0.70434355076246791
  0.71509203890360729  0.72591464968712871  0.73702217563487671  0.74838447627446425
  0.75932993228203838  0.77004327794628358  0.78043128508322512  0.79082492806624538
  0.80109949161575777  0.81145357498547732  0.82178357403969915  0.83212239006955491
  0.84223065510322870  0.85235833968245567  0.86272111301605714  0.87310218032024123
  0.88351085933152729  0.89405487909005998  0.90486519057804504  0.91564713913775542
  0.92615675748609039  0.93664029070900878  0.94730736421842010  0.95805198067987118
  0.96828685135470072  0.97874869988585445  0.98913445748048612  1.00000000000000000
 -0.00221443751191472  0.00962045119089446  0.01965801581981566  0.03046440775537327
  0.04090741188122125  0.05147401759734614  0.06188286777186553  0.07257496205951756
  0.08347444191712856  0.09453440429354087  0.10558243765967094  0.11645408232885887
  0.12689578130262927  0.13699854855516611  0.14703850182655001  0.15718040313926157
  0.16726246654859020  0.17730046625252316  0.18737087389839005  0.19803035248306855
  0.20871101433261094  0.21937823174671789  0.22968319842062451  0.24030458666574686
  0.25111558301628700  0.26247209832554219  0.27373017577579317  0.28499171351434405
  0.29607140101881368  0.30719058017749767  0.31775119205953739  0.32815386492660514
  0.33877636721389137  0.34956078906148180  0.36061797615025332  0.37155212940895177
  0.38257682827297601  0.39330207918851534  0.40408013723138830  0.41486605074578287
  0.42565470468149252  0.43649727070292449  0.44707249390465592  0.45740178029306844
  0.46769561933716780  0.47816505434043460  0.48878541454934693  0.49939548121679628
  0.50992178485971873  0.52043429769446092  0.53089699584464412  0.54136401711842652
  0.55167011725175175  0.56192717242148060  0.57213193346632618  0.58253328934718196
  0.59285433685129707  0.60303742833924712  0.61314720884030516  0.62338541536860403
  0.63373890505263519  0.64413229189212384  0.65448630703966360  0.66477149092219379
  0.67503332762771773  0.68528972289324763  0.69567119907184471  0.70605826775538560
  0.71640498345573744  0.72681333302235973  0.73699272046157793  0.74728190340419598
  0.75763901929529631  0.76795501799067434  0.77844204729374755  0.78902444854391840
  0.79987510151432639  0.81072637893665411  0.82144221705609555  0.83212635415914205
  0.84249262030491145  0.85281603207540035  0.86334647531206243  0.87394274909593783
  0.88442485176150776  0.89478023654616079  0.90532985186470871  0.91585762622977829
  0.92615083247124863  0.93649226950457742  0.94709631322521448  0.95784515572238316
  0.96828418132960858  0.97877218747209738  0.98937120917382393  1.00000000000000000
 -0.00257197347573632  0.01208821785809155  0.02387910265514287  0.03535567665699552
  0.04680661580841692  0.05844285630290859  0.07015592246529836  0.08173471272608790
  0.09328739130019283  0.10482459778085126  0.11613383571775097  0.12706654576146814
  0.13769969843574789  0.14826452190426084  0.15867555661308186  0.16889599173729311
  0.17895008482532762  0.18892265562175722  0.19877174814082149  0.20851610569395140
  0.21840737697658397  0.22844869447763191  0.23849397617898110  0.24847667502415435
  0.25838319339019611  0.26818958173128077  0.27773162887011565  0.28709106337982376
  0.29650781692811684  0.30597614907583182  0.31551680135757382  0.32513521207364521
  0.33474730289350413  0.34425835303584790  0.35356177688180651  0.36281152386749382
  0.37210608824086527  0.38137195119207135  0.39047134063354288  0.39951066763588305
  0.40864380642059822  0.41793015428511721  0.42739405678751680  0.43690356135188324
  0.44657205783437015  0.45636924152133501  0.46603266687080208  0.47542597968199118
  0.48459463961729116  0.49377238615829694  0.50297188469119025  0.51204102807323282
  0.52114876419427647  0.53040789940954569  0.53992457489240886  0.54939580638299146
  0.55886247136269607  0.56823940221410896  0.57786240025881908  0.58753439737772617
  0.59723937041523911  0.60706497745064480  0.61714329933774159  0.62712076579955356
  0.63690988345915556  0.64662503445971287  0.65659624978185605  0.66665059021793660
  0.67659225038087789  0.68653895525454722  0.69654193068989867  0.70659488789572666
  0.71680712350560916  0.72710142404774525  0.73752280065653486  0.74809867206927194
  0.75891045302374061  0.76999365333851388  0.78128613663495750  0.79257754074050124
  0.80386131890267709  0.81499753477819692  0.82621279110657098  0.83791195398707119
  0.85032059922448677  0.86316336331177024  0.87640282227867283  0.89001319699298431
  0.90319076288260103  0.91617905808709732  0.92940087197284693  0.94257609407267873
  0.95591000011230154  0.97017849956154223  0.98503415207669676  1.00000000000000000
 -0.00219038837105525  0.00906466499335457  0.01878473413858887  0.02915026050683704
  0.03957610324175430  0.05014134239331091  0.06069642364873507  0.07126823045779149
  0.08174884433473387  0.09257483027172207  0.10351067481574114  0.11427607101527951
  0.12474366745747527  0.13527744003954043  0.14590254883260967  0.15635352781921144
  0.16677627164845102  0.17715848681409854  0.18762349092641384  0.19784252849143619
  0.20807273046240138  0.21853715763688786  0.22914446299573502  0.23977672449137866
  0.25027921908518697  0.26120552371944200  0.27206048563062324  0.28285587263924927
  0.29342557594130292  0.30385014901696622  0.31451646429904301  0.32520427843690308
  0.33597369507201952  0.34664856891915052  0.35749807942691142  0.36858592302053084
  0.37949388389182886  0.39031665573037255  0.40079077445168082  0.41135172073596826
  0.42152876519600058  0.43150768206399659  0.44149882133411067  0.45163514685453404
  0.46193818729893282  0.47203887987685211  0.48243944152347551  0.49318373513752789
  0.50421578624704488  0.51524339175931322  0.52625115629462338  0.53718323827691938
  0.54817383486275484  0.55931483171731999  0.57040931220169633  0.58111070737062276
  0.59152241982686782  0.60169263862315947  0.61200295981304276  0.62235216453110387
  0.63281984524086377  0.64323830497933721  0.65379941025839150  0.66437138743522584
  0.67487741155885561  0.68538325197224104  0.69591263651017277  0.70632828952991877
  0.71668930060932001  0.72701085444657587  0.73744951950762605  0.74796462846705980
  0.75836184436620702  0.76884708169395111  0.77921737026350701  0.78960498343973784
  0.79989050395379124  0.81028253185906174  0.82085124211306049  0.83138164053225228
  0.84179374245522764  0.85218846056514297  0.86276503655936509  0.87353751023671533
  0.88431378219551970  0.89515508877289862  0.90590611032715040  0.91640865918563075
  0.92648656723376022  0.93654348211881877  0.94677446140958377  0.95706744575246538
  0.96752087703878631  0.97790657110793155  0.98891704591478047  1.00000000000000000
  0.03019301701537978  0.08528095919504788  0.10077390653460981  0.11489091673922130
  0.12867335123548274  0.14083001031004413  0.15187395640637577  0.16209986950559532
  0.17181060962828973  0.18113979717975123  0.19020349249905064  0.19910660475687783
  0.20784072871332998  0.21635042460171525  0.22471926115398411  0.23285266406941657
  0.24070500033048406  0.24841702993625794  0.25609826890515675  0.26372027420539534
  0.27133642013688014  0.27874471760518138  0.28618258860216561  0.29357269075404219
  0.30099252645605634  0.30833558331910749  0.31571167527469446  0.32309110410086067
  0.33045600614107706  0.33775573895799954  0.34506102463194882  0.35239762542775488
  0.35978091151067271  0.36716994197835984  0.37444869642658901  0.38165865217641071
  0.38881533878239277  0.39608029839172798  0.40335360359710593  0.41065951601811607
  0.41796512753345072  0.42520476259652040  0.43238671509580984  0.43951272032251582
  0.44663027077127765  0.45369973276729092  0.46086660010602393  0.46808902118348500
  0.47534838958745679  0.48260068867099970  0.48980701719989905  0.49708277596634548
  0.50449882957287384  0.51206411562297116  0.51979738427108380  0.52763255581171586
  0.53547206153894578  0.54333440396257060  0.55125652470282904  0.55922486033231589
  0.56723341443887687  0.57534971536138024  0.58353156062930156  0.59173556829991947
  0.60000638611510537  0.60855528721141194  0.61745558038642145  0.62640776409629750
  0.63526590523275528  0.64421950967631536  0.65329297249494167  0.66235824423012002
  0.67137562983472887  0.68032151950899689  0.68978213897484464  0.69938940717490605
  0.70917744783067471  0.71894339225792325  0.72876144431354473  0.73887247770441578
  0.74928649844168238  0.75980583330291362  0.77040488389505801  0.78149857532623435
  0.79308581498769848  0.80539006175793815  0.81857234312947369  0.83238098600310839
  0.84571766505635848  0.85953596043125879  0.87456758614514862  0.89084998151260286
  0.90915642457605417  0.92972254212170813  0.95650955487605993  1.00000000000000000
 -0.01086022676856024  0.13894587158555527  0.18315977644028300  0.20966765136347251
  0.23082358607793363  0.24948591134461498  0.26648073510460973  0.28194505062795405
  0.29612042406473305  0.30929228905449146  0.32176007560818121  0.33365291835208816
  0.34519307985657721  0.35629149647203018  0.36687650704529212  0.37691181196148932
  0.38658671534245853  0.39604665687941626  0.40522216770472602  0.41411658336688961
  0.42270495601111902  0.43106854455001031  0.43928003632192925  0.44728691994845032
  0.45528529844914944  0.46308213587588859  0.47069409017902819  0.47816245841161037
  0.48545299522826985  0.49266550559064504  0.49982225244918488  0.50690595434069319
  0.51390894941460341  0.52081625174768831  0.52765554091610656  0.53441334304482224
  0.54108967567700150  0.54765484354106797  0.55411757782942805  0.56049716065673016
  0.56677731613031501  0.57299429119223233  0.57918479248433330  0.58532486106943349
  0.59141449444607408  0.59743169594561407  0.60352631443566795  0.60936598868857417
  0.61525206013621059  0.62103330611169416  0.62670437652786692  0.63225610704102952
  0.63779107023891213  0.64334292177724195  0.64885583509181199  0.65429408212991258
  0.65967207749453294  0.66500744496508180  0.67029351996256359  0.67552673519204798
  0.68078914102244015  0.68599779445655062  0.69124046154783481  0.69636845718924834
  0.70153615205726461  0.70672007814907845  0.71194326231580585  0.71722523823863227
  0.72249174227812740  0.72774934418972903  0.73310339856614770  0.73851756441128313
  0.74389061071980289  0.74925203305878252  0.75467497481937051  0.76012848296015401
  0.76568913717872800  0.77129949018103494  0.77698653784333027  0.78272496671209368
  0.78850867949859837  0.79447216385775066  0.80061428679983260  0.80686658837850944
  0.81338958865538602  0.82030612086799148  0.82756955148946043  0.83516855047491700
  0.84317585893939873  0.85172718849734586  0.86136758342035247  0.87251381340909873
  0.88562165829135764  0.90146799817555423  0.92411068012504538  1.00000000000000000
   1.7900326741184805E-011  -1.0000000000000000     
 F F F F F F F F F F F F F F F F F F F F F F F F F F F F F F F F F F F F F F F F F F F F F F F F F F F F F F F F F F F F F F F F F F F F F F F F F F F F F F F F F F F F F F F F F F F F F F F F F F F F F F F F F F F F F F F F F F F F F F F F F F F F F F F F
  <DiscreteSampler_grid>
  grouped_processes
  1 # 1 for a reference and 2 for a running grid.
  10 # Attribute 'min_bin_probing_points' of the grid.
  1 # Attribute 'grid_mode' of the grid. 1=='default',2=='initialization'
  0.0000000000000000 # Attribute 'small_contrib_threshold' of the grid.
  0.5000000000000000 # Attribute 'damping_power' of the grid.
 # binID   n_entries weight   weight_sqr   abs_weight
    13   10   5.085568068429574E+000   7.041990861984917E+001   5.085568068429574E+000
    14   10   5.085568068429573E+000   7.041990861984918E+001   5.085568068429573E+000
    16   10   6.418375022149393E+000   1.094282416720293E+002   6.418375022149393E+000
    17   10   6.418375022149391E+000   1.094282416720293E+002   6.418375022149391E+000
  </DiscreteSampler_grid>
