 -0.00198327146145509  0.00830050619180002  0.01765565955504275  0.02739517561929973
  0.03746756439541577  0.04691035767621243  0.05584121955168150  0.06463740035604251
  0.07279532104219996  0.08056850032239336  0.08907709706254777  0.09775021178381604
  0.10690112957980522  0.11696483571552792  0.12709783846465247  0.13766186807058239
  0.14874346967571050  0.15977133499434298  0.17089938948151373  0.18190164850684429
  0.19288924343472610  0.20396859597622755  0.21523349051366589  0.22672559781962370
  0.23800655921530664  0.24899520192764699  0.25985272205252169  0.27007651657005133
  0.28019713101603294  0.29053789805447444  0.30117881611608366  0.31177057903603256
  0.32215363505007322  0.33271636244861541  0.34345182850387701  0.35424744972130651
  0.36441822889684700  0.37429298879329781  0.38428350830508107  0.39433104260419599
  0.40466757138955994  0.41531622268665219  0.42637592173005084  0.43759183461749895
  0.44866815112663572  0.45965731757263228  0.47058507354479817  0.48232397134872818
  0.49469839091748813  0.50575194794766742  0.51518094186577634  0.52426085680893852
  0.53329533289281594  0.54276010445601797  0.55245740699933432  0.56238741651320612
  0.57288960635886244  0.58350586312142516  0.59395111640287945  0.60376850250291425
  0.61357105409650226  0.62354969363790347  0.63405547229723891  0.64448403504470875
  0.65499288863845406  0.66561613707627221  0.67620421857824942  0.68707075160381759
  0.69787693698523667  0.70841663457541992  0.71883997391013210  0.73064510338091659
  0.74393215283962788  0.75755636520416103  0.77077149955233715  0.78352562269755444
  0.79598430125412312  0.80837239438412400  0.82109298308764578  0.83436551271174075
  0.84489478826306330  0.85535640439485583  0.86520420280564714  0.87546735187787073
  0.88487743700764676  0.89441773916614442  0.90445674838044587  0.91503306418436636
  0.92539510138996128  0.93566105366311481  0.94594786254072638  0.95610062754939651
  0.96591456784138252  0.97613723058752844  0.98745535881844348  1.00000000000000000
  0.00000009292280527  0.00000131218162534  0.00000395408623855  0.00000789920671124
  0.00001256419399178  0.00001739337599060  0.00002198229589453  0.00002615402760930
  0.00002965540219352  0.00003258562689839  0.00003458692840651  0.00003587975061006
  0.00003710294198678  0.00003822339716701  0.00003924405454597  0.00004018647262917
  0.00004103681362570  0.00004177929105198  0.00004244839653364  0.00004306239140617
  0.00004362797768129  0.00004414808430598  0.00004461734506621  0.00004503750914218
  0.00004542722993728  0.00004576364842643  0.00004608067417802  0.00004637333695321
  0.00004662232858776  0.00004685776503342  0.00004707387349975  0.00004727082489151
  0.00004744064536254  0.00004760497802762  0.00004776440566062  0.00004791332931411
  0.00004804475603435  0.00004816658443158  0.00004828460156272  0.00004840080881704
  0.00004851299564062  0.00004862209813511  0.00004872844162173  0.00004882902280086
  0.00004892704704235  0.00004902534735474  0.00004912370753912  0.00004922234997940
  0.00004932070810650  0.00004941634564664  0.00004951642057804  0.00004963659624650
  0.00004975693323793  0.00004987778251483  0.00005000060913807  0.00005012829519542
  0.00005025850790424  0.00005039189260722  0.00005054859740135  0.00005071645918961
  0.00005089704359040  0.00005108136468743  0.00005127135132624  0.00005150013261141
  0.00005175158380083  0.00005202626264523  0.00005231398031937  0.00005266195804342
  0.00005303764755045  0.00005344141675103  0.00005391722061269  0.00005442556769300
  0.00005500912084259  0.00005566071299874  0.00005638161456210  0.00005717563640563
  0.00005805745435869  0.00005902397587181  0.00006022173123923  0.00006189948358723
  0.00006386838818702  0.00006609432861143  0.00006862927066681  0.00007163366035443
  0.00007712999187068  0.00008541047466563  0.00009746007471015  0.00011663968495926
  0.00014722152855365  0.00019971856196127  0.00029796796213374  0.00053343073779182
  0.00127550166246197  0.00433601771608158  0.24010607237254095  1.00000000000000000
 -0.00230126241025754  0.00873708124965693  0.01843863848578742  0.02834074885875173
  0.03804007388370709  0.04799319943318452  0.05809592953020570  0.06823446514462227
  0.07837198610583292  0.08971441455745921  0.10196558456754788  0.11329453621720939
  0.12412033836794201  0.13498569267367277  0.14579056205975002  0.15635033597904308
  0.16690251698888378  0.17784366408253960  0.18849760303842153  0.19853047772359850
  0.20832720550388281  0.21786114484918295  0.22742147210077046  0.23717360599604248
  0.24713928106843042  0.25784382890092250  0.26982848080086214  0.28234112724843519
  0.29512364083294301  0.30611884146137519  0.31697828066661493  0.32739841579667395
  0.33726488859769249  0.34693028065186166  0.35708668659376075  0.36816902111838612
  0.37881078886139136  0.38847014775552013  0.39804161225220785  0.40818574058266888
  0.41867398535931039  0.42901987074840653  0.43935948955451620  0.45163314876653099
  0.46433084526530316  0.47636301306173956  0.48837529159753512  0.49968722400810534
  0.50916302757059928  0.51861788476473691  0.52846612715124597  0.53854227173780556
  0.54895654716970388  0.55983999996076150  0.57132258156467430  0.58282584480629351
  0.59369715368683373  0.60420601251008377  0.61437284718134122  0.62442563243032256
  0.63437873608623307  0.64434401020502929  0.65360189407629121  0.66253730460331572
  0.67146483642552446  0.68037710737022294  0.68962262962917453  0.69993975713320411
  0.71025603976188845  0.72028284876187698  0.73074797374865719  0.74227950229250306
  0.75371669303172684  0.76472531207252925  0.77529910641669109  0.78569221069473671
  0.79546752593179149  0.80427865852535330  0.81371130528502922  0.82334857818394480
  0.83302692520614852  0.84272086974148896  0.85257562288710209  0.86332925416763506
  0.87465220368691321  0.88578815084573581  0.89660908139229989  0.90742952073812244
  0.91835230591489114  0.92941519268222639  0.94099334067109452  0.95293852820439851
  0.96477123860582514  0.97654481640969859  0.98813615195978377  1.00000000000000000
 -0.00285321271005252  0.01007743901456780  0.02114863373272956  0.03339431043181343
  0.04496990714425748  0.05582886617658710  0.06609220017611836  0.07638487768197538
  0.08640793684841615  0.09615637970370491  0.10639495472354217  0.11719312147619573
  0.12830212004362601  0.13977741403861052  0.15133923526975351  0.16225396551104132
  0.17232609112211422  0.18205945262352305  0.19195460602320549  0.20208413379020129
  0.21253714581937988  0.22367944619177993  0.23530886497740050  0.24739567256996253
  0.26019035369688598  0.27316772489093932  0.28604444829556086  0.29929963120120973
  0.31230798410841887  0.32399445862028226  0.33489371372848087  0.34596254746671423
  0.35644375773944009  0.36621619171558273  0.37594288908006740  0.38617538098599691
  0.39655121158433260  0.40724215952656745  0.41808770078673813  0.42904263852098784
  0.43997088430872949  0.45103366773199483  0.46219921939449177  0.47316210311525120
  0.48362004681661497  0.49339245612823390  0.50305091619185249  0.51298000391860066
  0.52290703698303775  0.53248836827968316  0.54212173830937893  0.55207637225235684
  0.56196526850841300  0.57161434464122129  0.58138142984094876  0.59141752833342598
  0.60179907172701697  0.61193931446846617  0.62206533835606737  0.63204411150110795
  0.64174391991803104  0.65140873434117919  0.66111643979343793  0.67111753401240515
  0.68150769964548330  0.69169609950435729  0.70165034162885476  0.71179390811839127
  0.72202851107089783  0.73230901865790288  0.74223610255522787  0.75334822785987643
  0.76526339368213292  0.77602361223447647  0.78571621591992780  0.79546509609814764
  0.80554313757027796  0.81565415854305878  0.82583862575743627  0.83685119753218851
  0.84824336782500953  0.85876491322061865  0.86876602874614117  0.87856892850307156
  0.88865270653052619  0.89841441161989255  0.90782449031051271  0.91698927765144256
  0.92615102038000530  0.93553757022152040  0.94521453824718804  0.95462944614268808
  0.96471695302063498  0.97611791448691498  0.98760322130783718  1.00000000000000000
 -0.00348559826022866  0.01177471555148023  0.02300790607531130  0.03305068928756576
  0.04295920358049609  0.05330693802612144  0.06417836387723860  0.07505095567210451
  0.08646310116221602  0.09837429342951252  0.11003246063182646  0.12144352818806468
  0.13305344236482561  0.14483845417780083  0.15660114773036760  0.16830353016464292
  0.18031388179652608  0.19241156516287400  0.20429754670697900  0.21674019416656434
  0.22940319165927689  0.24140442721046607  0.25211207790117751  0.26178249574975748
  0.27149428408283371  0.28144504359425571  0.29148382754316882  0.30205125275560907
  0.31274836509554793  0.32502688463240620  0.33757147443095642  0.35118942257124958
  0.36325109995598404  0.37467475850392906  0.38609093521525439  0.39790321861442646
  0.40977056024616565  0.42223761825491984  0.43495748163374259  0.44733877112928627
  0.45940514513786812  0.47117767749800626  0.48258307515613241  0.49400930124959924
  0.50629647332701122  0.51861544918188818  0.53045966931648958  0.54217763302596134
  0.55369955657247927  0.56509209210486355  0.57582084485024210  0.58629922397902057
  0.59725747606945023  0.60864016529079767  0.62038074832539325  0.63267790132859836
  0.64565312953786647  0.65823441965253593  0.66994967884989920  0.68086544152327644
  0.69145889217036705  0.70143796000488046  0.71105548599213564  0.72021295648879557
  0.72948649502316643  0.73870546527024938  0.74777531798501462  0.75701027019170997
  0.76640317126406499  0.77602764328310436  0.78578782053769269  0.79541173517818453
  0.80524454907288812  0.81464061331479964  0.82348681310731442  0.83231997603415608
  0.84202872965087516  0.85121187298700296  0.86110143421093543  0.87089256490442812
  0.88026706431744106  0.88914236962453230  0.89745379532746405  0.90572321173419645
  0.91412244314491820  0.92272434861292252  0.93142966868957566  0.93960965519294193
  0.94720836333575009  0.95447576451385163  0.96181533863680313  0.96956335480685962
  0.97714078216537725  0.98465405280120433  0.99208075982824651  1.00000000000000000
 -0.00288225257462606  0.01117643225608201  0.02232183253943206  0.03352625285218678
  0.04420289208549350  0.05332945886573027  0.06291402905452881  0.07259331963357189
  0.08255862470164393  0.09172679407148675  0.10069912238274163  0.11048848277879408
  0.12051198442990417  0.13031564336520360  0.14002839877299456  0.15032500451250960
  0.16110870013547685  0.17187875431849914  0.18285914925605026  0.19370258154984477
  0.20468065222949466  0.21619407197677720  0.22847357518554520  0.24082292789310686
  0.25199309698631267  0.26207181070364954  0.27179335337977467  0.28107685247345110
  0.29026075634027598  0.29958080377919882  0.30899037851642058  0.31886851801337718
  0.32876162002327308  0.33953940433565860  0.35077830357448808  0.36169744198019854
  0.37249134965766773  0.38344595238046519  0.39430186608735690  0.40498935037596523
  0.41576667821151414  0.42610080594589139  0.43634254412394913  0.44629577562158940
  0.45679412482130144  0.46777470151792072  0.47843635495744175  0.48891554801968173
  0.49914138152926152  0.50812587893520511  0.51711315311145234  0.52626927668499435
  0.53553733335983944  0.54467842940707456  0.55367484880325024  0.56303238322770000
  0.57437757494117792  0.58554572696339868  0.59561507659051982  0.60583748484188382
  0.61633041641087349  0.62679032746044361  0.63691604500284993  0.64714508156078177
  0.65809698180060139  0.66938198485404543  0.68055853873299377  0.69178064472986389
  0.70301879152373781  0.71363574381684758  0.72464472487498455  0.73541672703984018
  0.74720614669945795  0.75779420846800738  0.76833127064299167  0.77921888475326506
  0.79108645885024487  0.80188873432622432  0.81245694598526208  0.82326937630628982
  0.83433593346305601  0.84565999833272754  0.85746359866951483  0.86909860693190721
  0.88040865693926340  0.89170452511437759  0.90291358188428505  0.91397034720462300
  0.92443340415985342  0.93467516338061252  0.94479811004463077  0.95516858884004985
  0.96703246026748380  0.97849233486515586  0.98953690635552438  1.00000000000000000
 -0.00276047787459373  0.01120762942831297  0.02329788794979925  0.03693700096727934
  0.05065679090858977  0.06369240558083490  0.07489533917550353  0.08594308261763392
  0.09698230598716970  0.10774576370407615  0.11792040697028291  0.12874550093878367
  0.14051474230396330  0.15133611053104842  0.16111135735605331  0.17106485299410285
  0.18118590165852705  0.19112894447016193  0.20096075207655426  0.21097324664387515
  0.22116832332072928  0.23104276090361939  0.24053306506738667  0.25002471885421718
  0.26002748449399254  0.27018458137677687  0.28003369584063725  0.28965482943134763
  0.29929504982156757  0.30891371564664161  0.31823897754835212  0.32714472388189247
  0.33627495751138953  0.34614999189095164  0.35618638654086315  0.36610029318598442
  0.37585931028437214  0.38534591865369361  0.39466080064085318  0.40370048477124953
  0.41264076274233463  0.42177542360036896  0.43036377075310495  0.43879036097630769
  0.44757251966890083  0.45679135350311656  0.46678565356940416  0.47731259712301111
  0.48797854514314060  0.49911722529116814  0.51071046006962650  0.52241060831266239
  0.53422291566655722  0.54502874113367339  0.55498545734611604  0.56447055363985887
  0.57388133364428395  0.58345712417979645  0.59326940602618916  0.60327590142587817
  0.61338829305317388  0.62365980891687800  0.63381209883619527  0.64349457058929838
  0.65279016018056624  0.66185650190924150  0.67097385953984634  0.67995727240203652
  0.68898051716668940  0.69817365660460606  0.70741752107566525  0.71660703496203959
  0.72562996588868978  0.73522445922760926  0.74520061393937442  0.75584779371897415
  0.76716564262888387  0.77825825976501550  0.78879174630240922  0.79985972869075872
  0.81135753400676103  0.82342992348236954  0.83566327148255326  0.84726136889890569
  0.85914220547294140  0.87119721036241138  0.88335025551367174  0.89529387774843061
  0.90718846723848656  0.91871540119879114  0.93019775942693861  0.94279007965346284
  0.95625143594077189  0.97093591992471051  0.98550817930082379  1.00000000000000000
 -0.00293628139328523  0.01088980926880159  0.02205099636211790  0.03221464631320384
  0.04239180362225353  0.05302213804817271  0.06327053390415786  0.07283353706888848
  0.08232331218341671  0.09222792010000931  0.10234969565660132  0.11215176688310279
  0.12164908113541606  0.13149945844770103  0.14146003495801451  0.15158406697225621
  0.16198683406573167  0.17198852560106553  0.18120572695846410  0.19016274833887861
  0.19910436004494839  0.20890423604949210  0.21914328601890362  0.22933772757449142
  0.23883615364369479  0.24813762180499524  0.25820525877641454  0.26884454700753541
  0.27917064509172268  0.28884244574062867  0.29909721658920002  0.30995087242130298
  0.32070999386395405  0.33136335889374507  0.34211565359516227  0.35333162093530024
  0.36493118558702614  0.37643018803045336  0.38781801782099856  0.39914994134432197
  0.41068008302169240  0.42278620626084940  0.43542012349912074  0.44797886044455415
  0.45971788520626222  0.47071726076065357  0.48079024753330085  0.49076186539230587
  0.50077726193787131  0.51126417242150191  0.52202279607417368  0.53385567817560220
  0.54560685369547746  0.55672464247913611  0.56789635131982130  0.57918091760458312
  0.59013035622512811  0.60084813043830032  0.61194242836237078  0.62357148030762577
  0.63513478469948126  0.64626103418170810  0.65722673923639074  0.66811880414611435
  0.67940712983510831  0.69011305075291707  0.69979717088091020  0.70925190808724514
  0.71900399616971511  0.72861766448130849  0.73844086762348415  0.74852768215769994
  0.75983465790335725  0.77070709896035638  0.78022142524779159  0.78950989106538894
  0.79911292693301161  0.80871214494651222  0.81874049443500940  0.82922538568998794
  0.83968985476234770  0.84999122844475705  0.86038621258143511  0.87141565885049288
  0.88211243949872931  0.89219789056279641  0.90280874351999474  0.91371596444571168
  0.92442740224352726  0.93483318043780383  0.94508267543245517  0.95536694905516184
  0.96580812362487634  0.97669859758406263  0.98824188952791459  1.00000000000000000
  0.19397858795173592  0.43123164197438230  0.53064542398295789  0.58794581655152922
  0.62023884555328956  0.63581223704407686  0.64453648569326916  0.65066507421504560
  0.65553165538999858  0.66039071896787327  0.66528773293894239  0.66928860663210143
  0.67313901265959797  0.67694781839030083  0.68069506815375236  0.68426878869534535
  0.68758174308470410  0.69062063691271380  0.69356036021018896  0.69656152658897375
  0.69964048894348452  0.70279553081141466  0.70597702581683675  0.70912443579416107
  0.71226348723736355  0.71533440829452988  0.71830216188096752  0.72127926400212261
  0.72428645938038916  0.72728346506873198  0.73033762907647382  0.73323010058842564
  0.73608690753647243  0.73897971499734594  0.74187071373954971  0.74483568343577700
  0.74780934192015835  0.75075927745719595  0.75365614879239595  0.75649191875244104
  0.75931418150657159  0.76218328902555887  0.76509145434660064  0.76788566212306675
  0.77071047454891006  0.77357850234152203  0.77653786735058228  0.77957807633497045
  0.78250149128243418  0.78549002412482760  0.78847101144820142  0.79156478320634616
  0.79490133695669640  0.79833930386986540  0.80170582477147512  0.80505635409263365
  0.80838019422164198  0.81179335706031142  0.81533621650000532  0.81887329428018252
  0.82229590879024761  0.82562201846656524  0.82897595685812642  0.83239363991555992
  0.83586744535105451  0.83946869727957785  0.84321904338622977  0.84689115756787514
  0.85048499896348961  0.85425004084581746  0.85810170735897495  0.86207728773751802
  0.86592388893036676  0.86973767362741450  0.87364564832703229  0.87758848290614044
  0.88173066177130988  0.88622068930900511  0.89069077275192621  0.89502149449691171
  0.89929581881101650  0.90347762088618155  0.90771870387466036  0.91213542030810602
  0.91678594991978890  0.92185418706134781  0.92687180397997526  0.93199534835174636
  0.93719185545134964  0.94308787786256798  0.94941251238551716  0.95631516233546188
  0.96425518475897876  0.97321175970081930  0.98397119953813661  1.00000000000000000
 -0.02659387662115358  0.14984278819725474  0.19551006457889827  0.21930015732202587
  0.23774863522445708  0.25416825454611641  0.27049974573963403  0.28725417814842236
  0.30363391671882156  0.31807899467363532  0.33073284130237729  0.34225741636566548
  0.35307283945427503  0.36356019122119393  0.37389259810999476  0.38405741813523209
  0.39383130851702625  0.40336717852913090  0.41276045093795499  0.42166814342679765
  0.43060152419891978  0.43945394595325404  0.44804976513514977  0.45624633514339125
  0.46400575878605010  0.47159971320149385  0.47922068848924021  0.48662809681427804
  0.49389558612119239  0.50126926771782665  0.50866996351346994  0.51642234471673687
  0.52347636290307764  0.53041259689671882  0.53706911264489610  0.54358663096615267
  0.54994969716856734  0.55619799767926059  0.56242499812672675  0.56875320641530469
  0.57512212899022985  0.58154198183339245  0.58804943952790933  0.59458542348978993
  0.60100529731039565  0.60709984699145214  0.61300174534003860  0.61893203401900321
  0.62496067602133842  0.63068691967429413  0.63636280597796269  0.64196143889300605
  0.64746094059215653  0.65281193308573826  0.65808093515476851  0.66336382733957078
  0.66871552536265810  0.67424677945694034  0.67991149507624871  0.68547335198545623
  0.69101416464354959  0.69673224956106083  0.70259011455237752  0.70844170588791311
  0.71404693818330978  0.71954793303039011  0.72503825985846171  0.73054581100012828
  0.73605352163297944  0.74151748332714562  0.74682724155930147  0.75166774964381544
  0.75630859928575200  0.76089201009998864  0.76575486084177102  0.77087040647892824
  0.77609522609256842  0.78119302316280426  0.78611827081939156  0.79093213057493672
  0.79606012056411868  0.80149631322832560  0.80752456482143009  0.81396633177038991
  0.82039181154467544  0.82688592423931384  0.83370469625507360  0.84119568834499092
  0.84897031893801511  0.85708011857624899  0.86632768500412172  0.87754242594792042
  0.88958917051102604  0.90346847566014676  0.92389405889475273  1.00000000000000000
   2.2502699975200296E-012  -1.0000000000000000     
 F F F F F F F F F F F F F F F F F F F F F F F F F F F F F F F F F F F F F F F F F F F F F F F F F F F F F F F F F F F F F F F F F F F F F F F F F F F F F F F F F F F F F F F F F F F F F F F F F F F F F F F F F F F F F F F F F F F F F F F F F F F F F F F F
  <DiscreteSampler_grid>
  grouped_processes
  1 # 1 for a reference and 2 for a running grid.
  10 # Attribute 'min_bin_probing_points' of the grid.
  1 # Attribute 'grid_mode' of the grid. 1=='default',2=='initialization'
  0.0000000000000000 # Attribute 'small_contrib_threshold' of the grid.
  0.5000000000000000 # Attribute 'damping_power' of the grid.
 # binID   n_entries weight   weight_sqr   abs_weight
    13   10   3.301523531965211E-001   6.672382927047866E-001   3.301523531965211E-001
    14   10   3.301523531965210E-001   6.672382927047865E-001   3.301523531965210E-001
    16   10   4.367595387811901E-001   1.176657048031427E+000   4.367595387811901E-001
    17   10   4.367595387811901E-001   1.176657048031428E+000   4.367595387811901E-001
  </DiscreteSampler_grid>
