 -0.00207515507122623  0.00698279248745029  0.01667754282616596  0.02726542227944950
  0.03897209034383463  0.05111830461898721  0.06298975182417196  0.07439045122352743
  0.08547934575037176  0.09495906823629247  0.10253565317891015  0.11088540283299689
  0.11908025538213650  0.12787575222282155  0.13745780325896906  0.14803235858416591
  0.16049586317373143  0.17364751191460104  0.18571494852304071  0.19768235192525008
  0.20951650128437840  0.22009667522825585  0.22951517004373412  0.23837403289479628
  0.24785464740933108  0.25712106825356273  0.26665485842770248  0.27654800918152117
  0.28604396698347800  0.29755014093329141  0.31016155127722961  0.32478855749788327
  0.33765222868594280  0.34902104224864072  0.36027595596137185  0.37112295282602714
  0.38208355426653512  0.39359527032178709  0.40609185994646918  0.41969553217333999
  0.43252365816924410  0.44509406597422296  0.45643444283226564  0.46490297704127392
  0.47414139254273630  0.48235893165270993  0.48705997747620372  0.49299273834551605
  0.50096256594631672  0.50881165238569326  0.51659848674290521  0.52363368736382565
  0.53304412832683379  0.54661359581140812  0.55847241791930680  0.57017405120613052
  0.58155207421971522  0.59187464483295316  0.60134495205920702  0.61111546261862615
  0.62177566647030591  0.63414629443621906  0.64731945548501046  0.66014553401005205
  0.67264892614172744  0.68549474913824049  0.69889016236858570  0.71231554851542822
  0.72430798975935773  0.73509599459861363  0.74555008240621656  0.75519655512033190
  0.76471471240570710  0.77506510599462997  0.78558196461310714  0.79623491999116336
  0.80764545926403220  0.81930145298114410  0.83061287090108293  0.84186756536059715
  0.85316241928944814  0.86396838894610739  0.87405511582746220  0.88390753516391696
  0.89356216767542485  0.90317132659646504  0.91276923844480373  0.92303662246699281
  0.93440369476485430  0.94677384206874127  0.95901685984045382  0.96899975191827092
  0.97598083434228056  0.98350078427012655  0.99184856977041902  1.00000000000000000
  0.00007096558669864  0.00007432595874447  0.00007781252312025  0.00008176995855380
  0.00008596945254306  0.00008906381504756  0.00009160194696010  0.00009223986190953
  0.00009245010488723  0.00009250486081798  0.00009253527423825  0.00009255261567066
  0.00009256085396475  0.00009256630406066  0.00009257067482690  0.00009257425176558
  0.00009257685490304  0.00009257896094817  0.00009258083195164  0.00009258193245572
  0.00009258294542983  0.00009258388670735  0.00009258473784560  0.00009258548183378
  0.00009258617202497  0.00009258677822019  0.00009258733571370  0.00009258788282436
  0.00009258840320608  0.00009258892358780  0.00009258945245985  0.00009258998403168
  0.00009259053840340  0.00009259114838835  0.00009259176869175  0.00009259251265428
  0.00009259328059016  0.00009259415510179  0.00009259509567175  0.00009259616812438
  0.00009259770956720  0.00009259953838148  0.00009260181399967  0.00009260481278083
  0.00009260877333327  0.00009261378412076  0.00009261984039990  0.00009262804710744
  0.00009264675962548  0.00009268245114004  0.00009275555699445  0.00009312538361240
  0.00009516418413971  0.00009991987042282  0.00010708805054382  0.00011582686481402
  0.00012690112121213  0.00014027650485734  0.00015593736029069  0.00017403127143728
  0.00019394480394115  0.00021522568871674  0.00023846702999707  0.00026409892361797
  0.00029126964530511  0.00032358051148212  0.00036010480598496  0.00039778840215753
  0.00043899712845149  0.00048605262142231  0.00053838873272227  0.00059451424074209
  0.00065803573266526  0.00073235510614120  0.00081331929753944  0.00090390083637852
  0.00102125469488098  0.00116474574288923  0.00132226453242645  0.00150512684513869
  0.00170788738242438  0.00192924129425342  0.00217323057662592  0.00246754752097205
  0.00279121913101500  0.00316303333426255  0.00352663237730639  0.00387303798481842
  0.00422975570512300  0.00456674209325373  0.00494446826197094  0.00537669720558647
  0.00595201985781883  0.00674257646864252  0.67816230733458738  1.00000000000000000
  0.00000023704644588  0.00000372948570039  0.00000576234636713  0.00000792830254750
  0.00001013894058948  0.00001258579089993  0.00001507686412733  0.00001777534731322
  0.00002086088781936  0.00002399150545769  0.00002684558745602  0.00002907456621341
  0.00003114142468341  0.00003306532019123  0.00003530327254449  0.00003802985684536
  0.00004075700075306  0.00004277862914031  0.00004466732155053  0.00004663624943145
  0.00004861782351846  0.00005045504461149  0.00005226161577610  0.00005418644155263
  0.00005614886732617  0.00005840826885897  0.00006098309301766  0.00006392263564027
  0.00006717745159278  0.00007019833211336  0.00007307376827828  0.00007617198819839
  0.00007929586866013  0.00008236180646784  0.00008508108301317  0.00008805583682103
  0.00009158099712739  0.00009502406273502  0.00009824610850998  0.00010152598799792
  0.00010616251841227  0.00011169019496939  0.00011745130040936  0.00012326813511518
  0.00012904158918893  0.00013478026426413  0.00014074140131284  0.00014740926084673
  0.00015351337533209  0.00015946119567403  0.00016666812802579  0.00017589725808028
  0.00018583302644316  0.00019602900172758  0.00020663060181444  0.00021789185263787
  0.00023170407968627  0.00024821730066971  0.00026589502514086  0.00028381223923157
  0.00030156344815289  0.00031852363309907  0.00033460451402828  0.00035269870145866
  0.00037194666245051  0.00039278456307524  0.00041543388410127  0.00043913927737196
  0.00046505391337414  0.00049631876036575  0.00052735974267309  0.00055896340400584
  0.00059129213229496  0.00062535839665132  0.00066288804219082  0.00070452922932109
  0.00074906348365761  0.00080031757120167  0.00086473739038961  0.00093722358948619
  0.00103206153396429  0.00112744307960542  0.00121553770637588  0.00128282603183707
  0.00134043069810653  0.00140351871866276  0.00148986946517967  0.00156680706880133
  0.00165387347308029  0.00176614226688950  0.00186789900987160  0.00196238837016651
  0.00205685471188110  0.00388773823276252  0.15452266566002829  1.00000000000000000
 -0.00184226459963282  0.00654430956615783  0.01527113387673834  0.02404427411712533
  0.03549153737429840  0.04943954006464013  0.06308494619884070  0.07533684417177912
  0.08602186743831926  0.09439684003660416  0.10220287906108337  0.11216748485445126
  0.12337842415390547  0.13526638162905014  0.14695703853074632  0.15830353918154699
  0.16895757040839662  0.17951377655822842  0.19163129040468860  0.20404176934377666
  0.21640492168121847  0.22984533065809135  0.24427513542859200  0.25917663759540271
  0.27429741372862654  0.28921012174630145  0.30369759919506895  0.31594857373297069
  0.32640947776477419  0.33631577104177135  0.34378054272219055  0.35098089461814180
  0.35899346030857343  0.36700530954448374  0.37474589135414488  0.38575045259933310
  0.39784442758272015  0.41012424958678756  0.42159420175454232  0.43448153434205228
  0.44857138303654548  0.46243839171016049  0.47736447728457504  0.49214438353996670
  0.50618387614235083  0.51960201195132216  0.53246762996279284  0.54475162383449771
  0.55738765718635064  0.57082227575705546  0.58450686739745628  0.59865392777735171
  0.61083043618153576  0.62234562867147014  0.63355099469591203  0.64450119458855593
  0.65586083020590702  0.66745909754377286  0.67906052346857992  0.69074986918828185
  0.70243792810880279  0.71451670668209655  0.72490598094222303  0.73538983675953118
  0.74643169536748777  0.75825044352076398  0.76819531319164824  0.77598329833135438
  0.78397963168673890  0.79195595881723968  0.79910320643524313  0.80509791348364357
  0.81048524396103649  0.81645162308215935  0.82333844923546673  0.83041101675420170
  0.83741980583746178  0.84492519855886861  0.85252774854204583  0.85987863007149601
  0.86697238241329644  0.87473184860549680  0.88281692851423321  0.89026482749513625
  0.89840546331106985  0.90759501943781962  0.91740985194113644  0.92767755465130342
  0.93797705041139179  0.94695560536021561  0.95575030662132787  0.96468593025437155
  0.97372853738980281  0.98269053593765332  0.99142768044015872  1.00000000000000000
 -0.00322893313259992  0.01033292539526762  0.02330376694192318  0.03541766590052071
  0.04708747757190635  0.05846581385849260  0.06874838873489400  0.07830845255486629
  0.08802956198999827  0.09962742853037494  0.11291716299289793  0.12644468467806783
  0.13943612005428860  0.15175480334166211  0.16382586331677462  0.17538188847623193
  0.18619398690294836  0.19574551292001005  0.20713088029558394  0.21699056527466642
  0.22731919087720939  0.23415158118371179  0.23925841316085414  0.24595326624761943
  0.25282151563841443  0.25912433460141304  0.26467708933214695  0.27063723777747284
  0.27832903702831846  0.29027035346459645  0.30340825265110682  0.31516859035176326
  0.32538643201365919  0.33475573200867065  0.34468516437595548  0.35597164497195161
  0.36716126227767593  0.37722108753058570  0.38685414190107409  0.39612577646776997
  0.40510122506392438  0.41403638801231940  0.42267767347810925  0.43226792206535991
  0.44291817991663091  0.45418332046308607  0.46511741818321262  0.47600033020064303
  0.48934237644514833  0.50356309351571971  0.51860219476058345  0.53299258279199790
  0.54381493850975693  0.55188915696562402  0.56028059930306429  0.56976724967122216
  0.58086530250241197  0.59309871580897511  0.60493905756590527  0.61612744671925590
  0.62728332221048444  0.63830103240216218  0.64919865325014880  0.66053808682346793
  0.67219937296477894  0.68425173562521224  0.69645261722251717  0.70820731882403976
  0.72116976140596367  0.73390395335353731  0.74597217862417620  0.75795057501033125
  0.76996468719754052  0.78148873710512523  0.79133409908123742  0.79884117241777552
  0.80539809276049512  0.81205773472685017  0.82124004543024232  0.83287955137965797
  0.84645517715908347  0.86130288932234322  0.87342511895138297  0.88245748832783188
  0.89053692739159462  0.89877185111856694  0.90719651742281171  0.91470023033143033
  0.92532561761927645  0.93698181906806555  0.94876423762039297  0.96003710094360584
  0.97158078571193385  0.98214614860381433  0.99175352427201768  1.00000000000000000
 -0.00224276867207408  0.00841967741669680  0.01725799968294306  0.02732559461289422
  0.03757994792763911  0.04766439439383996  0.05771077685289042  0.06771290212471925
  0.07815474383676763  0.08896767217645854  0.09904703211497363  0.10804773127203803
  0.11718284085767691  0.12602658089299784  0.13290549061000290  0.13893203365652737
  0.14496669051119132  0.15077104711217093  0.15673425239199731  0.16241207916382541
  0.16855093475052185  0.17851946084419348  0.18979313996220282  0.20034732929199736
  0.21112483121560144  0.22093918193230278  0.23039759787841993  0.24000149350178698
  0.24994259700734778  0.26056578947458314  0.27175837362521549  0.28364875554003754
  0.29441948782672428  0.30226717921636592  0.30915230779648356  0.31648597074333024
  0.32414692099479242  0.33149873100319355  0.34055885425398441  0.35097290591168601
  0.35974837257583581  0.36707724470412351  0.37493783114653967  0.38382245854108149
  0.39248848708862127  0.40198395023086991  0.41226740387339894  0.42354574101215331
  0.43593840246484428  0.44831557922383042  0.45984111125559701  0.47074029212236168
  0.48154990219170596  0.49261143173267541  0.50424711233001551  0.51641713925946231
  0.52896975133405166  0.54183279434103182  0.55425794617269830  0.56670318644133788
  0.57850375812682897  0.59018667633035282  0.60310530710806265  0.61701377362362697
  0.63127684833949405  0.64514200689307966  0.65810256433785064  0.67048190955726727
  0.68323547765916193  0.69630280415575496  0.70585766574826714  0.71367113934839832
  0.72128723236462811  0.72985166291205439  0.74035567670246605  0.75151747471389208
  0.76162879333003597  0.77030377339449119  0.77746928069462573  0.78375170472263522
  0.79580971761395747  0.80981740994711515  0.82133381435992336  0.83128042368278154
  0.83903412872353900  0.84730174376849010  0.85809089699169938  0.87160219409010420
  0.88945219923895302  0.90193782131815570  0.91638040549863531  0.93168885771014043
  0.94789618230106820  0.96496885620904482  0.98255783144546827  1.00000000000000000
 -0.00164755469414143  0.00716512633842851  0.01777748176237642  0.02726645215808389
  0.03753095975969205  0.04928513370506134  0.06210690754984770  0.07207348369690260
  0.08229569151730121  0.09295527743386671  0.10336178737629013  0.11362138232173905
  0.12433383945289779  0.13431034399439185  0.14355215564926957  0.15318762242737038
  0.16368145489848998  0.17577279957593611  0.18823811345957270  0.20015346441323109
  0.21154147203514914  0.22312358454932479  0.23515366291240974  0.24649294687175674
  0.25616680571032219  0.26618661058128112  0.27662777281055728  0.28735549300817176
  0.29905982168882744  0.31166774256408147  0.32304704321988353  0.33106833242722022
  0.33724535192531330  0.34373232733035464  0.35239240018796503  0.36260382147035375
  0.37341343019653339  0.38362725187349256  0.39418731353106967  0.40576716189734530
  0.41789470574060794  0.43021480890908664  0.44290789286532167  0.45458262964908325
  0.46235253722136582  0.47056380562601924  0.47952216907666390  0.48982464996927727
  0.50167652404083118  0.51317396514291835  0.52450358937304398  0.53593550630591302
  0.54735899466639715  0.55893707092063594  0.56887727882291150  0.57725095570684914
  0.58634172403569917  0.59441707980869418  0.60235306147920675  0.61244395768866600
  0.62550434055893223  0.63860798786897677  0.65041196035670334  0.66172564793681721
  0.67180990079879921  0.68267363101752598  0.69343292041176019  0.70120334002821250
  0.71221192310187387  0.72240872279888668  0.73012547234760028  0.73925287984913468
  0.74892934515556620  0.76092441644281883  0.77320691803661290  0.78637527110612959
  0.80011267208421566  0.81373583437668195  0.82724480006964651  0.84041493748585394
  0.85282025632489367  0.86461700413434694  0.87620657927492274  0.88782254448530296
  0.89967986141051492  0.91041178299174508  0.91787518248335620  0.92479541109098828
  0.93228270791008216  0.94020445972326916  0.94821920145675931  0.95605032888695685
  0.96368235317741036  0.97556587748854828  0.98785055951618250  1.00000000000000000
 -0.00310069162530104  0.01019647072683926  0.02352191159784756  0.03646654189321950
  0.04707532585988119  0.05343473858624734  0.05918983574098077  0.06549599583618101
  0.07151173642952906  0.07775295221980845  0.08365913051581089  0.09300908624291976
  0.10437983273669939  0.11541694587801937  0.12646379942517758  0.13816153726086672
  0.15027379974956992  0.16361767863664722  0.17778937064171282  0.19211883148676448
  0.20524894778198993  0.21592418637579361  0.22506794030503977  0.23399565951786297
  0.24147388693131508  0.24812530085929799  0.25510486366524165  0.26280260354887020
  0.27575144034507382  0.28673393632685662  0.29487821436325262  0.30445372982340657
  0.31408503302181140  0.32209133787350336  0.33112187856173869  0.33995105766986700
  0.34899361778669347  0.35820578896257854  0.36736833893342702  0.37768026238652669
  0.38992406879197722  0.40347351637929102  0.41743628252174675  0.43128927177469317
  0.44474272243459928  0.45794413222083541  0.47111459222296603  0.48390298505866713
  0.49563498960285463  0.50698239011610069  0.51731714789032868  0.52743193925693599
  0.53701875612495953  0.54704229922702075  0.55818587616170146  0.56932229062199524
  0.58003185493234755  0.58962461025822044  0.59815968510509476  0.60698714712544577
  0.61710590326190728  0.62671908037895052  0.63578793915138609  0.64418219813346211
  0.65338159764940074  0.66595925940445477  0.67993451629788793  0.69335304255136454
  0.70608401196313342  0.71852706065694161  0.73075415161750956  0.74160220486192507
  0.75079077639863667  0.75957453834984523  0.76776513375476307  0.77515957669892210
  0.78257561457553215  0.79264208835414796  0.80350634051907022  0.81493311676472391
  0.82560273489363922  0.83606227040039383  0.84570637758823486  0.85617676145998667
  0.86730139947017759  0.87857311067133415  0.88974707742950765  0.90101212673501374
  0.91281994001791000  0.92509649516042791  0.93754930501279821  0.95003728653338504
  0.96257254154880956  0.97532213651622834  0.98814014204880241  1.00000000000000000
  0.32224279885813956  0.47356774816547947  0.48687866747526637  0.48956601842510844
  0.49368132459067116  0.50082877079758059  0.51067789728046997  0.52694568780608741
  0.55075935391625630  0.58681616619413302  0.62790255273961415  0.64288606095495537
  0.65085511273282415  0.65685177586424803  0.66153348985562088  0.66552609968280907
  0.66945425219047983  0.67348731272808793  0.67778879492682464  0.68212556106216571
  0.68593444431972816  0.68994110012816645  0.69435064854817896  0.69872189082731417
  0.70268838466758587  0.70629275349430432  0.70984382896614417  0.71342725788606753
  0.71711787733664367  0.72102423111499891  0.72511553263433848  0.72914619620708820
  0.73334001588640241  0.73731744653012454  0.74082160432635635  0.74356159181019599
  0.74587305625956979  0.74853555432787888  0.75113061216920640  0.75393426720490242
  0.75636706582643354  0.75863609716268821  0.76104522211962411  0.76342962787039337
  0.76640444829698029  0.76944517752775843  0.77231603188524311  0.77517743110224091
  0.77839087354246150  0.78210247316219506  0.78619176801468449  0.79026600505846634
  0.79346355941578051  0.79603694380674417  0.79830626329324961  0.80038936842472919
  0.80224138642103637  0.80429667900301738  0.80661545505852184  0.81022083622726004
  0.81447423392160345  0.81857704646477936  0.82240026671216238  0.82611594542142175
  0.82989891527314619  0.83395115076902504  0.83838583090341479  0.84284151245201999
  0.84685759601537058  0.85081163807557381  0.85485384479499804  0.85905212212021465
  0.86352173977254176  0.86831950530227764  0.87314630987439268  0.87768276316921079
  0.88188962699645657  0.88605894309477884  0.89063510327147877  0.89550433139242469
  0.90072829569768675  0.90646622876188687  0.91250745045884907  0.91842914291037736
  0.92404580200474629  0.92959231180779744  0.93555669994629209  0.94218625988248650
  0.94934650366989282  0.95517064445574840  0.95953763671381154  0.96400225568274878
  0.96916366492267092  0.97467291095682507  0.98077966696352925  1.00000000000000000
 -0.04133321087799510  0.15955450562867590  0.22348884763908736  0.24944332871363220
  0.26650055126336425  0.28029706714246522  0.29274887640913577  0.30503506417194981
  0.31677173806112613  0.32975675790399356  0.34342616160231726  0.35598956833630785
  0.36780042872577756  0.37936951655742124  0.39092402349182698  0.40181205913691659
  0.40984889046179934  0.41573188728361543  0.42232875782048784  0.42959547609830939
  0.43777590244966069  0.44669069612714407  0.45602467254407508  0.46547326244780640
  0.47471328670268059  0.48318516574335185  0.49049899869466795  0.49667975782245016
  0.50274716519828833  0.50860813032447483  0.51283390654875283  0.51648089814292408
  0.52093241696705872  0.52562612378490003  0.53076130479289030  0.53663983267722581
  0.54273230198670031  0.54915772196611234  0.55535128497663011  0.55946678056115018
  0.56236331445970433  0.56529883761868893  0.56813660758660223  0.57077642493248082
  0.57478949073248831  0.57992981789562803  0.58482128695933633  0.58946722284546005
  0.59481840274727593  0.60049048234655900  0.60614450063379033  0.61190180009506800
  0.61683464757127782  0.62151504124714718  0.62625852121928627  0.63057977295867063
  0.63486060679709733  0.63875706831829959  0.64275304547393886  0.64720376092744647
  0.65086479274735287  0.65372116759069088  0.65748751646992709  0.66240334416614199
  0.66792915082852466  0.67333157536474653  0.67758553241730268  0.68198323917019066
  0.68622250519591110  0.69075644383768076  0.69513746376628183  0.69950569669270324
  0.70412507033792016  0.70875910962943756  0.71326422426889080  0.71812293060906607
  0.72338316249045398  0.72869629757643217  0.73372478621387294  0.73895013944623211
  0.74373486270903388  0.74845805587036884  0.75320388458148058  0.75785183446173598
  0.76278248055948739  0.76816858029347290  0.77365986421670618  0.77968822753082145
  0.78656290264002060  0.79529382785152802  0.80465011080718185  0.81473049915750928
  0.82705030217161546  0.84327672651022800  0.87112184672295678  1.00000000000000000
   2.7584544085524653E-010  -1.0000000000000000     
 F F F F F F F F F F F F F F F F F F F F F F F F F F F F F F F F F F F F F F F F F F F F F F F F F F F F F F F F F F F F F F F F F F F F F F F F F F F F F F F F F F F F F F F F F F F F F F F F F F F F F F F F F F F F F F F F F F F F F F F F F F F F F F F F
  <DiscreteSampler_grid>
  grouped_processes
  1 # 1 for a reference and 2 for a running grid.
  10 # Attribute 'min_bin_probing_points' of the grid.
  1 # Attribute 'grid_mode' of the grid. 1=='default',2=='initialization'
  0.0000000000000000 # Attribute 'small_contrib_threshold' of the grid.
  0.5000000000000000 # Attribute 'damping_power' of the grid.
 # binID   n_entries weight   weight_sqr   abs_weight
    13   10   2.117793691151830E-001   1.572664437665553E-001   2.117793691151830E-001
    14   10   2.117793691151827E-001   1.572664437665552E-001   2.117793691151827E-001
    16   10   2.323208970485366E-001   2.727008787105873E-001   2.323208970485366E-001
    17   10   2.323208970485364E-001   2.727008787105876E-001   2.323208970485364E-001
  </DiscreteSampler_grid>
