 -0.00161437586385479  0.00800928544893895  0.01881763015735954  0.03089336734344173
  0.04270760127838085  0.05690813947220471  0.07041270274481284  0.08385457329124159
  0.09794977747899328  0.10706627264858846  0.11633132515905573  0.12585632101397293
  0.13519718404603667  0.14444054126667363  0.15901203552560483  0.16786216542730067
  0.17548011094196425  0.18244796712221595  0.18900604167462839  0.19577260396752874
  0.20249076274365718  0.21325330202822751  0.22349674922917087  0.23170384175623074
  0.24010102918624063  0.24736891678287043  0.25265120006382913  0.25757446135792783
  0.26261333909159124  0.27064010737139077  0.27972473876083015  0.28866230910004226
  0.29758907816999364  0.30649892800432710  0.31540762291835006  0.32589843335866464
  0.33635238565978959  0.34697715715952687  0.35842800494383431  0.36902797308025748
  0.37975650293408447  0.38987623961425216  0.40099310861579229  0.41808045590275100
  0.42277063109075647  0.42798617529153393  0.43389530441896984  0.43980071952924338
  0.44764122082791508  0.45309779079312090  0.45975929046797592  0.47134706821289563
  0.48466064353019933  0.50000172182622538  0.51744390710828458  0.53876897158468007
  0.55611017683116581  0.56928680465806103  0.58243510724274394  0.59515318131386541
  0.61364241590550606  0.62774560364209586  0.63291202360303311  0.63851832607488146
  0.64459445651056779  0.65335634843484058  0.65816418185249748  0.66079978179073395
  0.66520121917340991  0.67188720821110814  0.68565316801057374  0.70376552781076851
  0.72645046100645605  0.74719026011378875  0.76464220824580587  0.77924076126331188
  0.79559431018494808  0.81136003321731154  0.82568304389809422  0.83928575454873933
  0.85469329463426691  0.86864241575749235  0.88410570815085110  0.89347587320325805
  0.90086535658133493  0.90834146058652965  0.91588616138208845  0.92339235841991285
  0.93085632916991534  0.94116962719755348  0.95146520104461929  0.95966103606967956
  0.96744358886133852  0.97615039290772831  0.98780549882231239  1.00000000000000000
  0.00007123565342150  0.00007321598289590  0.00007552338704100  0.00007774642330689
  0.00007991489921234  0.00008180864961692  0.00008364438518914  0.00008561039927365
  0.00008771232370684  0.00008983283161437  0.00009128670546866  0.00009197086542344
  0.00009224754596808  0.00009238858236655  0.00009246405025670  0.00009249582217697
  0.00009252400074484  0.00009254066037065  0.00009254626537357  0.00009255187037649
  0.00009255747537941  0.00009256308038233  0.00009256815816053  0.00009257303144789
  0.00009257790473525  0.00009258277802262  0.00009258765130998  0.00009259252835193
  0.00009259741391682  0.00009260229948172  0.00009260718504662  0.00009261207061151
  0.00009261695617641  0.00009262668483030  0.00009263695607933  0.00009265222386081
  0.00009267921452781  0.00009271160143872  0.00009275074195915  0.00009279732977425
  0.00009285941330538  0.00009311331596885  0.00009341760298645  0.00009387126459747
  0.00009532611567113  0.00009786303196011  0.00010097174104284  0.00010438989693223
  0.00010773153522613  0.00011121623316872  0.00011611234683208  0.00012199609511802
  0.00012820016501059  0.00013495215047165  0.00014207339254483  0.00014942255574039
  0.00015728530370048  0.00016611715360722  0.00017581021928424  0.00018715074106288
  0.00019960818073160  0.00021236675405357  0.00022530066385451  0.00023971223536004
  0.00025674887605995  0.00027504215599998  0.00029327931049735  0.00031036584093078
  0.00032908087702531  0.00034953393726076  0.00037309631899235  0.00039908702554075
  0.00042734430915160  0.00046135413176100  0.00049904426595523  0.00053521210312556
  0.00057233116546808  0.00061588462066705  0.00067230386561304  0.00073232603982758
  0.00079548267021339  0.00086803580486125  0.00095874851633904  0.00108989434861516
  0.00123691859804972  0.00136882636085890  0.00151222289684966  0.00160897631331946
  0.00167486483949000  0.00174253119847605  0.00183519827705923  0.00216593751704936
  0.00273309619880805  0.00333942142033066  0.15074320382826978  1.00000000000000000
  0.00000190321798874  0.00000422823805493  0.00000583371010070  0.00000708421065495
  0.00000832109698516  0.00000996920217559  0.00001193838473441  0.00001422052423798
  0.00001668191128953  0.00001895260921104  0.00002077682208365  0.00002259345048156
  0.00002457679829545  0.00002750858938877  0.00003054883676068  0.00003353464215063
  0.00003571969458566  0.00003764336505800  0.00003935638104064  0.00004089381349130
  0.00004245859231731  0.00004380283907830  0.00004499477704071  0.00004614657523760
  0.00004723813214733  0.00004856508976579  0.00004995679027851  0.00005149909641484
  0.00005298510442019  0.00005468210518368  0.00005657389415990  0.00005828331908041
  0.00006022212747457  0.00006276688355080  0.00006573754968789  0.00006826263704488
  0.00007016338708328  0.00007210814539178  0.00007407384507485  0.00007583434970212
  0.00007771871694965  0.00007964071804597  0.00008252651818878  0.00008512659243083
  0.00008809253281252  0.00009082521225182  0.00009353534936585  0.00009663569802693
  0.00009940605901212  0.00010219248228166  0.00010607146503137  0.00011011944167866
  0.00011514950722190  0.00012032832062466  0.00012506980446075  0.00013087083651564
  0.00013710535264347  0.00014413363742683  0.00015317141647025  0.00016276486275758
  0.00016898157262312  0.00017519013541436  0.00018046868306938  0.00018574723072440
  0.00019005502543249  0.00019393842816932  0.00019955803361246  0.00020747520680675
  0.00021316534341213  0.00021888606936274  0.00022464925659152  0.00023034357117772
  0.00023603598965367  0.00024292611815033  0.00025039009278553  0.00025852262040815
  0.00026824900093010  0.00028130426451835  0.00030033620707053  0.00033802911942683
  0.00037673970442650  0.00040856234899030  0.00043554583147445  0.00046672776775243
  0.00050080908444371  0.00053932403132597  0.00059758836770404  0.00067531125254721
  0.00080905045255553  0.00101526182642881  0.00133194873034165  0.00159547165249153
  0.00172080492270861  0.00189472035098891  0.01456958743490341  1.00000000000000000
 -0.00782311060843820  0.03159531469891065  0.04465934281616917  0.05428625723941217
  0.06270987433803898  0.07189337858347911  0.08342078624836362  0.09513782076225812
  0.10751071733095918  0.12282274872683213  0.14075628999462500  0.16061497944854683
  0.17985699251481152  0.19682544098932545  0.21101294815716909  0.22308069248717571
  0.23388436286780151  0.24597482199575652  0.26288405324291725  0.27480772010188520
  0.28730905330736189  0.29820213334446616  0.30776325669823790  0.31953381191923941
  0.33394828960834294  0.35012205210557945  0.36142220807035658  0.37155286544509020
  0.38089863364674587  0.39241162268376750  0.40808370997571436  0.42355764980656757
  0.43651686636105957  0.44949222090119723  0.45932315422841091  0.46817676480208725
  0.47983842506631197  0.49267489501859585  0.50217725035867056  0.51036033067888931
  0.51871743792797864  0.52636384163504413  0.53096901436992694  0.53469452220544578
  0.53930781411043660  0.54782054942907676  0.55710692133479434  0.56490140853408666
  0.57406553355299439  0.58139590116933570  0.58719812118300885  0.59356634869901082
  0.60071261292808920  0.60994575425927577  0.62060381642107421  0.62989666619345119
  0.63824515673456905  0.64551274860685981  0.65522733408766376  0.66732181950158487
  0.68142137766549216  0.69161656913641212  0.69756153630916973  0.70245059195718107
  0.70413499488368947  0.70586041525306042  0.70777413141405887  0.70961784113163184
  0.71123162631913206  0.71412473686612776  0.71811663278173565  0.72133682563351220
  0.72374705470492895  0.72595751203923375  0.72777794129756435  0.73236598438554634
  0.74098149611782926  0.75449566949225177  0.76708934150237695  0.77918976304793763
  0.79143043573543392  0.80653460776202834  0.82475363427000181  0.84341819757748027
  0.86190625627603235  0.88019934361482044  0.89789278149192542  0.91407814633364115
  0.92871393450698481  0.94317833884579172  0.95682310715118302  0.96808374204152536
  0.97654313798828407  0.98314510760591467  0.98963222056756972  1.00000000000000000
 -0.00156013220252182  0.00767437814323364  0.01632284233290677  0.02290397816445102
  0.02824933251400571  0.03448970074819255  0.04369770575860159  0.05517969603336902
  0.06555425108330913  0.07329089237455547  0.08054289759656739  0.08892048810870221
  0.09731650714128010  0.10579348238743130  0.11706053015761467  0.13332186248013231
  0.15164626793199398  0.16838157769742890  0.18291687687907979  0.19736604882248709
  0.21437096424187571  0.22723034891265548  0.23518469770326886  0.24276359996148011
  0.25005468583469315  0.25786440067693145  0.26610002568728053  0.28058400956306345
  0.29943033312942891  0.32049347432001779  0.33731986248020085  0.34891716447073023
  0.35952702859420577  0.37102455261002715  0.38466312921446572  0.39992958911747589
  0.41233131620050162  0.42234839168372085  0.43293033746933007  0.44602111908290581
  0.46382779564192989  0.47681780070778873  0.48693008579473834  0.49474388626898547
  0.49975737051244651  0.50363132301536273  0.50936489896073789  0.51500068503332375
  0.52106687629966397  0.52624960849738556  0.53682915860397518  0.54327052655564489
  0.54968568507880067  0.56496501086970607  0.57762270820036066  0.58945737084656824
  0.60361634762971750  0.61413809354471938  0.62152478716343440  0.63101305421042797
  0.64186420568349878  0.65296326710952779  0.66301511525892387  0.66950338431292467
  0.68086949840737887  0.68852389428829786  0.69781291680309676  0.71166956469945242
  0.72454445617876218  0.73493224073313157  0.74331059084849338  0.75208202026593207
  0.76158094863500692  0.77487871609281322  0.78924058822185306  0.80245788656317907
  0.81310998531097911  0.82151741670549039  0.83173921559184305  0.84196072807274092
  0.85113251185460803  0.85974909155787671  0.87280712456219178  0.87878101138727982
  0.88541359900472927  0.89230138140100923  0.90038957714135348  0.90820656445717840
  0.91270981115193228  0.91697540616782036  0.92483797008310309  0.93859518985854118
  0.95420740315251940  0.96888812345924824  0.98245563353594845  1.00000000000000000
 -0.00201764265666853  0.01013726164487637  0.02056322971873993  0.02895438144712678
  0.03659355239353343  0.04507845252905043  0.05644974390483692  0.06919932402001741
  0.08106416792292639  0.09210963295019986  0.10393912058421029  0.11705275327628875
  0.13331665181010310  0.14773776840579683  0.16062055093518901  0.17549449587527993
  0.18973794970099270  0.20031729522066671  0.20813779497486479  0.21213289072415259
  0.21641710226790786  0.21978074816950219  0.22482346318936614  0.22963330425626796
  0.23465887695428964  0.23996586974464876  0.24607123735178152  0.25339953600937637
  0.25973532286672812  0.26570109171323153  0.27276464949063972  0.28365389566914839
  0.29488865275727494  0.30684939183745041  0.31759442941639771  0.32901434238072003
  0.34220181750839529  0.35973297976323454  0.37785398104183288  0.39236820085771007
  0.40703139228948959  0.41869958886851794  0.42947632167907102  0.43948141454360207
  0.44980089227115133  0.46067554462347465  0.47233874905295026  0.48404364503815717
  0.49084561699259599  0.49764758894703487  0.50368846325894745  0.50936548565956141
  0.51504250806017549  0.52205476186084698  0.52936677656263043  0.53700947482830552
  0.54729994610671562  0.55793824235026834  0.56922607214323073  0.57950255759036751
  0.58956722606026757  0.60167473625867751  0.61210272268742172  0.62544639711874039
  0.63325247521084360  0.63914952473705910  0.64549617686191285  0.65127405623419687
  0.65634244617888526  0.65994014776499021  0.66339681382459426  0.66769187814984288
  0.67425113632187750  0.68275171175969585  0.69244142317302937  0.70213651216342587
  0.71705789821394883  0.73851906882475693  0.75873244296324593  0.76957572822538078
  0.77853471353556958  0.78643989286162541  0.79294617168004922  0.80245807904991540
  0.81553567853613218  0.84614364441568368  0.88054847336028552  0.91687441798636615
  0.94353542544379654  0.95823179940573533  0.96415794194640103  0.96967508998629237
  0.97474170486902079  0.97936615783779024  0.98792585213601758  1.00000000000000000
 -0.00498053472300471  0.00655817859542039  0.01777279219649970  0.02804574309812030
  0.03801897334557167  0.05584319132452569  0.06922870058698592  0.07978542511530286
  0.08744899769806269  0.09473309369042045  0.10139345906882063  0.10984313370548142
  0.12122721021790971  0.13191986669815459  0.14649853839896029  0.16178203335358343
  0.17609705014495827  0.18941520089625644  0.19905622811157672  0.20689320647910184
  0.21463705160307434  0.22274786449539649  0.23196835649792735  0.24469208389952254
  0.25772722035753098  0.27322281596475251  0.27906781711161732  0.28390581822786370
  0.28904348160197696  0.29589387982166448  0.30198301702324726  0.30780893754388000
  0.31341536697230266  0.31995822769320353  0.33046349735722169  0.34363781423313933
  0.35482775402456007  0.36474561410515532  0.37378726513280897  0.38311635851144732
  0.39301055660345846  0.40440784760767151  0.41965941834369092  0.43391063870497459
  0.44216653887438206  0.45001738842124944  0.45935595200260154  0.46893010685330139
  0.47776508796585004  0.48801894838712218  0.50012789445064876  0.51330871739938189
  0.52406948749917204  0.53180705720364985  0.54079774620797427  0.55240946762309895
  0.55959467489735548  0.56410446414898274  0.56896132469996585  0.57829404883974056
  0.59249504000365838  0.60746279608171605  0.62061365413098468  0.63166344689833231
  0.64429644510171102  0.65773635379285589  0.67543803699378435  0.69456130560958884
  0.71158001249549307  0.73159697437408100  0.75049167280963314  0.75728138088134012
  0.76304549546924472  0.76927552789715270  0.77615907245563642  0.78341141433259565
  0.78945955479647434  0.79500213578149881  0.80093414030708376  0.80578222609230177
  0.81271971094512885  0.82185806401152905  0.83131779206094170  0.84126602271498863
  0.85486062810984276  0.87703183440646681  0.89755023621893748  0.91017482750148848
  0.92102965674411641  0.93274390216266401  0.94434422265997631  0.95609852386391159
  0.96837031328248746  0.97942034976518733  0.98990288764930112  1.00000000000000000
 -0.00391527680692418  0.01875540768128643  0.03855659565715374  0.05576891478082577
  0.06324408862635232  0.06493758145890415  0.06649675418807913  0.06806848433032414
  0.06963578997627763  0.07318208866201378  0.08175493248091786  0.09044821199891166
  0.09743373452468951  0.10602540141772875  0.11802022428128872  0.12953641725689852
  0.14197006226422715  0.15616757901957151  0.17132060671067906  0.18466083476117384
  0.19844026089685854  0.21271659662160602  0.22724525563706738  0.24097910590361343
  0.25173051052776074  0.26146974959258829  0.27128567231886347  0.27938932146564577
  0.29382303589706010  0.30976899838709526  0.32346439750011108  0.33843515844428418
  0.35557808311228162  0.37247913887476169  0.38800781415202251  0.40250928888054244
  0.41680289354412853  0.43176166286429296  0.44663567223080786  0.45944173669302885
  0.47076272638150518  0.48285642081387825  0.49616694341268031  0.51470833594037080
  0.53730796303584538  0.54869009786465484  0.55938644657526992  0.56766084353819590
  0.57553027613220609  0.58219037770759108  0.58850887796637341  0.59994781331383085
  0.61417920388921043  0.62562934413723281  0.63647923860512778  0.64316383132200361
  0.64808735183914035  0.65269249830776643  0.65696324849436538  0.66100275056472413
  0.66590080200919788  0.67189147052798071  0.68468242175432370  0.69570240420118667
  0.70261681023687528  0.70858819780675486  0.71457581982589802  0.72042374817281152
  0.72651926252145405  0.73819141261149634  0.75323857746609102  0.76136553881564406
  0.76804322299341810  0.77300022490733600  0.77751715386534359  0.78125174242421003
  0.78994851141711608  0.80250020832875335  0.81050339790377357  0.81635990503058287
  0.82246474441150974  0.82857577053426745  0.84014185542318320  0.85622805739782137
  0.87072555988779488  0.88444775946409937  0.89374811186109315  0.90136687304458396
  0.91317464994834940  0.92676010265366326  0.94045440279644599  0.95330123540455536
  0.96462817083888341  0.97709938707012356  0.98931520257362071  1.00000000000000000
  0.33024191255506813  0.52043577907268190  0.54286617698934614  0.57693348311563208
  0.60170998731865166  0.63370923392512934  0.64585575439582699  0.64950813219083003
  0.65164458011832715  0.65393012826992802  0.65649367621550492  0.65892354588725377
  0.66159137922290379  0.66450863287480899  0.66889593661965241  0.67422749670458659
  0.67718040107002697  0.67957229839121147  0.68181340895002662  0.68474382055677163
  0.68786115443211204  0.69258113728257764  0.69458895305187240  0.69644616374043111
  0.69880409642071084  0.70108714478101097  0.70298077398161352  0.70497371637426876
  0.70704881788571849  0.70872718103824417  0.71291580139647182  0.71727617162338730
  0.72188977154076328  0.72618221017033080  0.72929880272551528  0.73214834345560753
  0.73470140502856873  0.73697110266901755  0.73947905345337572  0.74193223889381399
  0.74441095730888895  0.74660884690542306  0.74829783758533053  0.75016694254437633
  0.75223600064918494  0.75450357043298633  0.75818574590461385  0.76325404102615302
  0.76881587172999688  0.77486255427095463  0.77922517337791808  0.78282136433977512
  0.78632726154503685  0.78833269226387614  0.79033812298271544  0.79237991020878962
  0.79442945743185334  0.79661103296234947  0.79915024321296158  0.80554442799112891
  0.81295632274942820  0.81926447602625807  0.82349105976259174  0.82719797668690442
  0.83098333868601593  0.83537340677200744  0.84044533488087425  0.84507432971098284
  0.84960657574869247  0.85396203607303911  0.85913769334491974  0.86443427743442403
  0.86750397008431412  0.87060945037488235  0.87394500450320700  0.87728055863153176
  0.88038526142664819  0.88346456708556531  0.88969303835861535  0.89711977320865588
  0.90357229771415137  0.90920740810382217  0.91351514975606551  0.91718918462835597
  0.92118017538090147  0.92601098085230316  0.93028517588964732  0.93488498635333162
  0.94061469330905911  0.94796518341223257  0.95543664353477253  0.96165009869466322
  0.96815098419834711  0.97496535567538911  0.98154264436419270  1.00000000000000000
 -0.03673075943096582  0.16940550275252825  0.19608744482840823  0.20814376856701608
  0.21870905950787947  0.23288758474383145  0.25136036619426133  0.27900319213482472
  0.29232170176723793  0.29826249580975361  0.30194737593236420  0.30833103017941693
  0.31650004837304352  0.32581986655539635  0.33715087710559988  0.34521987642732010
  0.35320728716549127  0.36219144197367820  0.37204612288625755  0.38168032345844910
  0.39014177815481937  0.40013152722940742  0.41164250428769378  0.42186951708823417
  0.42882431105631497  0.43466514984551868  0.43920011240674101  0.44383984354992712
  0.44733711038039797  0.45072640494577143  0.45434042575643652  0.45853076033960671
  0.46736551165189466  0.47408014168992524  0.48083427772765774  0.48769171067591366
  0.49958068040466830  0.50643776235033555  0.51158681328090228  0.51475447311652067
  0.51694342139375171  0.51904080304286060  0.52108520218097398  0.52302476102122863
  0.52602328604298332  0.53125669147816179  0.53871924419871142  0.54518508642737451
  0.55257930061990912  0.56150239415248693  0.56995060243446849  0.57738831242240241
  0.58470545606217927  0.59232977785353391  0.59978641903471619  0.60724537115011257
  0.61423947200988804  0.62207006505313733  0.62917935899747746  0.63600712525393588
  0.64286754123981604  0.64948946997638368  0.65574429465839368  0.66084229669189021
  0.66586144339723619  0.67046401208468742  0.67468958897538245  0.67998881123863153
  0.68534477998035304  0.69087175155996006  0.69584524440364914  0.69950455082944818
  0.70322830238683798  0.70727192860504795  0.71131555482325792  0.71519640666264661
  0.71907487063536391  0.72614871317857610  0.73199170796609259  0.73551402095413554
  0.73842756732672377  0.74085189962125342  0.74310512419441310  0.74549595695204707
  0.74837061401500149  0.75126853661382442  0.75599438564823973  0.76062424912691784
  0.76479824538737073  0.77011469361853713  0.77596944615108454  0.78219415104559931
  0.79176633709911803  0.80787140173136118  0.83610140717702386  1.00000000000000000
   1.3355700329741806E-008  -1.0000000000000000     
 F F F F F F F F F F F F F F F F F F F F F F F F F F F F F F F F F F F F F F F F F F F F F F F F F F F F F F F F F F F F F F F F F F F F F F F F F F F F F F F F F F F F F F F F F F F F F F F F F F F F F F F F F F F F F F F F F F F F F F F F F F F F F F F F
  <DiscreteSampler_grid>
  grouped_processes
  1 # 1 for a reference and 2 for a running grid.
  10 # Attribute 'min_bin_probing_points' of the grid.
  1 # Attribute 'grid_mode' of the grid. 1=='default',2=='initialization'
  0.0000000000000000 # Attribute 'small_contrib_threshold' of the grid.
  0.5000000000000000 # Attribute 'damping_power' of the grid.
 # binID   n_entries weight   weight_sqr   abs_weight
    13   10   1.923748807536181E-001   1.556547782173660E-001   1.923748807536181E-001
    14   10   1.923748807536182E-001   1.556547782173662E-001   1.923748807536182E-001
    16   10   4.971799217892451E-001   1.034534381840663E+000   4.971799217892451E-001
    17   10   4.971799217892459E-001   1.034534381840666E+000   4.971799217892459E-001
  </DiscreteSampler_grid>
