 -0.00115587197057846  0.00464580379527960  0.01206574873723211  0.02129142583783010
  0.03046736308540388  0.04003798082414049  0.05068039610411177  0.06178364749432801
  0.07290270840825235  0.08434416450856737  0.09580468173975412  0.10700022239517547
  0.11779139406182562  0.12846516304514968  0.13919578292450469  0.15067261067489485
  0.16307289352917939  0.17523454415223816  0.18645660178635537  0.19706998384735347
  0.20699044529223684  0.21679737061435042  0.22702026279556040  0.23666373476993088
  0.24574519946842630  0.25544857512437141  0.26642570104227026  0.27747873020697744
  0.28833736135871402  0.29939707490367129  0.31028940111174419  0.31883480992706004
  0.32752635067571684  0.33658368212182699  0.34460142757361645  0.35305393389889489
  0.36157563915543811  0.36764699782438348  0.37523499739335897  0.38733912760070033
  0.40064968456094247  0.41268959493852464  0.42350117135809734  0.43440959312998662
  0.44628810488536858  0.45915840231082888  0.47219878584756475  0.48466694414260353
  0.49599050789589699  0.50708329092415083  0.51913427883675323  0.53088141975560821
  0.53962699767640943  0.54621318925120177  0.55355694527643429  0.56284932305497593
  0.57248066707990708  0.58158171612705623  0.59148448402390164  0.60139121701796872
  0.61108135206915659  0.62115487547096648  0.63189907907354437  0.64281530269920195
  0.65377539548006691  0.66556887758719363  0.67787724936735161  0.68887412657200964
  0.69720435995551555  0.70508183291676707  0.71285707728860637  0.72261549087660470
  0.73527074618779975  0.74778755393927387  0.75938793201531618  0.77098779014387764
  0.78269239167400639  0.79434166472920442  0.80590505716926164  0.81682899539534581
  0.82685057162474374  0.83638218773572548  0.84640201052035291  0.85728587752284335
  0.86916493099132353  0.88221554107156652  0.89612273414760690  0.91016951182324612
  0.92342209708317147  0.93536493140215515  0.94728298364398278  0.95810557800832230
  0.96953385630526701  0.98033182176825873  0.99034373828999012  1.00000000000000000
  0.00007096232706787  0.00007442649899826  0.00007814754735985  0.00008189199023821
  0.00008584633694465  0.00008996667479073  0.00009205550550111  0.00009241247278925
  0.00009250602127362  0.00009253880454682  0.00009255577905263  0.00009256379107159
  0.00009256898676530  0.00009257317322811  0.00009257620118492  0.00009257869157249
  0.00009258029753249  0.00009258163831162  0.00009258288522503  0.00009258396203772
  0.00009258487071732  0.00009258564463477  0.00009258634307444  0.00009258700339301
  0.00009258763362729  0.00009258822686792  0.00009258882010854  0.00009258941500105
  0.00009259000992382  0.00009259063993444  0.00009259130407972  0.00009259200332417
  0.00009259279509817  0.00009259364408352  0.00009259457785696  0.00009259591443994
  0.00009259743687202  0.00009259915688559  0.00009260127492446  0.00009260456706073
  0.00009260876873822  0.00009261416637835  0.00009262066257655  0.00009263590693315
  0.00009266498826724  0.00009271703199462  0.00009286529722538  0.00009434548292895
  0.00009849249960086  0.00010490607247456  0.00011336550997756  0.00012605455817342
  0.00014116364595103  0.00015807235859484  0.00017749275686747  0.00019935480732992
  0.00022393489068389  0.00025087252934342  0.00028213608015794  0.00031832450000662
  0.00035780165639133  0.00039922899017661  0.00044629604210566  0.00050054702741061
  0.00055951070352116  0.00062357056723152  0.00069274643261135  0.00076804265528369
  0.00084808874816999  0.00092563070216101  0.00101287553535511  0.00111229039476684
  0.00122380912762654  0.00133239268814374  0.00145792154242293  0.00162143079457615
  0.00181384824204418  0.00199166736706769  0.00216659297859787  0.00235742583762495
  0.00258132381204058  0.00283420420898224  0.00312592279142743  0.00346150855150618
  0.00383734714723655  0.00422996506221884  0.00464711666647623  0.00513272967230508
  0.00580792354681713  0.00653921062290078  0.00752716759939362  0.00860035429660884
  0.00926756834946347  0.01045313830453640  0.50878110957957323  1.00000000000000000
 -0.00000035831182815  0.00000387193521647  0.00000607184183845  0.00000818589723326
  0.00001098751769269  0.00001307345577482  0.00001448032927149  0.00001622488811526
  0.00001894203216027  0.00002168632078403  0.00002398850765426  0.00002632692688311
  0.00002870260267059  0.00003105310683485  0.00003349299858991  0.00003608998094833
  0.00003885575166256  0.00004148878443107  0.00004408731661115  0.00004675776229076
  0.00004918781008816  0.00005161943173327  0.00005437999128732  0.00005773849771646
  0.00006128296232509  0.00006454295796163  0.00006739667001044  0.00007014068984946
  0.00007300752358575  0.00007592243716228  0.00007906329673351  0.00008247226901981
  0.00008603079966620  0.00008963396679296  0.00009335104024255  0.00009705144207301
  0.00010063054856502  0.00010503007804648  0.00011026423790259  0.00011640059060093
  0.00012342884319231  0.00013168272895658  0.00014072622129636  0.00014950988165648
  0.00015744300769910  0.00016516193822444  0.00017328777603428  0.00018152574667958
  0.00019054614947965  0.00020220364087794  0.00021449311066523  0.00022505117096002
  0.00023529066485168  0.00024496398170912  0.00025442215441305  0.00026534347190350
  0.00028044485139780  0.00029599193970974  0.00030855392405109  0.00032089334472001
  0.00033563322928266  0.00035290015704168  0.00037119502622803  0.00039239727647540
  0.00041643690453575  0.00043806646768063  0.00045893596208328  0.00047975979996268
  0.00050081960793603  0.00052919633448280  0.00055678418088053  0.00059487358256620
  0.00063128692431862  0.00066188037344208  0.00069097887312857  0.00072309613861336
  0.00075838638654455  0.00079566175842826  0.00083590579248534  0.00087793847346924
  0.00092601503705031  0.00099420051563289  0.00105832244075165  0.00113062928195064
  0.00121297643747178  0.00130137379015370  0.00140284450676416  0.00152339027508145
  0.00165903650955486  0.00182856228581102  0.00204696762058847  0.00234639374592201
  0.00303769910079059  0.00819268586832427  0.03030004348854904  1.00000000000000000
 -0.00073608689080932  0.00416417590493350  0.01079137405244493  0.01890027461472988
  0.02837060082680133  0.03853175404314194  0.04970769988928763  0.06157058528003372
  0.07235751596168551  0.08174881115732499  0.09223814202847801  0.10294200928741634
  0.11512780730608964  0.12756147858158345  0.13951418530350723  0.15100148298960814
  0.16255533318376292  0.17458381806887910  0.18719005321254911  0.20029070784470643
  0.21315174680173829  0.22600261669955743  0.23888759595821560  0.25159319105869465
  0.26619016828713110  0.28127707943190322  0.29487271074834664  0.30785738100336391
  0.32113811121591973  0.33518285623529237  0.35092136257709428  0.36721996835676501
  0.38168103511946566  0.39525328292967449  0.40803567979793054  0.42096719592465703
  0.43449948470026306  0.44586894809553895  0.45572953185299125  0.46402505811216616
  0.47345374478268104  0.48324842290953329  0.49338068020514925  0.50119567267165854
  0.51106473734158331  0.52135187504211566  0.53185149402558818  0.54411191458692276
  0.55843236646019523  0.57252055619181808  0.58497248747459651  0.59640780282710459
  0.60786913477897231  0.62018022767683512  0.63335513194930559  0.64665463845702098
  0.65952902737204078  0.67178409783431225  0.68395684802333323  0.69595194147704065
  0.70816112431838441  0.72010462121056873  0.73131013491152841  0.74151871083863374
  0.75077977402187646  0.76018964913451992  0.76952196650645044  0.77841948873970823
  0.78846417720991002  0.79486243873877782  0.80043016544256584  0.80651216441784312
  0.81331092281240380  0.82209013115057283  0.83200509971480152  0.84267697122431506
  0.85366256630734716  0.86442365008500421  0.87467733929039504  0.88447345463947757
  0.89416180321643446  0.90336155729760770  0.91038011746033265  0.91873556400058909
  0.92667715775916737  0.93375961211866620  0.94033872004300789  0.94692676444415591
  0.95326465923195425  0.95944028996893360  0.96463134416132001  0.96950940719573842
  0.97558765066009556  0.98220860047920999  0.98987580970460920  1.00000000000000000
 -0.00166484987316913  0.00774781178839271  0.01498678103129624  0.02293004315674346
  0.03230518627526983  0.04064225483959533  0.04986901200489991  0.06023071622719760
  0.07043932339005811  0.08085907490159649  0.09171296110014063  0.10292924227500212
  0.11487752010365675  0.12742816257670231  0.14067431159301058  0.15484249910415560
  0.16928850321665601  0.18129898122516327  0.19316817967217406  0.20382705196057535
  0.21577575329030219  0.22793178775877845  0.24033540826871069  0.25217387576575645
  0.26347657468823255  0.27474482748916557  0.28590982259407260  0.29704683638919449
  0.30828891779473067  0.31966740903917046  0.33073284827795008  0.34084210100278117
  0.35058539739336503  0.36092023741851609  0.37209798049650822  0.38392624438547651
  0.39595332383682946  0.40864019325916701  0.42087175950966371  0.42999849739427620
  0.43740982616653440  0.44657412479083930  0.45745351657930278  0.46815268928991344
  0.47904617926845577  0.48950668462278135  0.49944929049507636  0.51001769624540727
  0.52079791212746118  0.53185139875937260  0.54394588452411397  0.55735911840149899
  0.57085167687019955  0.58171043205177719  0.59218310234775962  0.60182234643952970
  0.61137412470748220  0.62242924991892723  0.63514259351638547  0.64749475885628927
  0.65945217955073521  0.67133269743173785  0.68307495176469801  0.69468647323095767
  0.70586196209741969  0.71630715704426751  0.72632548828298793  0.73645797927487333
  0.74675929823934084  0.75765235062647385  0.76840072928954861  0.77771573110352388
  0.78677319043231631  0.79637933480438128  0.80660925794890992  0.81664964484753022
  0.82702733293257691  0.83526517047435112  0.84167192151991399  0.84848828647764207
  0.85605311937170714  0.86266129403343306  0.87017198642990889  0.87923366310578899
  0.88962635322091499  0.90072407196716420  0.91204623633015058  0.92328336304254788
  0.93399206482622954  0.94453096910628376  0.95550319214437696  0.96608283966165798
  0.97534538863403331  0.98445966715112765  0.99295915821302183  1.00000000000000000
 -0.00224954969484584  0.00799223464102523  0.01890973014735711  0.02703436125884490
  0.03410341267557469  0.04160489569356625  0.04959737677603482  0.05725488096426296
  0.06579102571987695  0.07237282908488096  0.07938392186198880  0.08770103577728038
  0.09579801206662458  0.10395318139746433  0.11313902752971344  0.12197712762402035
  0.13010877788700931  0.13740891608604086  0.14742085342603967  0.15648804988968748
  0.16553551597621774  0.17447177089919685  0.18438535462524211  0.19505364202219844
  0.20674002774582445  0.21694848109254133  0.22759270299762471  0.23780962702550118
  0.24853267933584339  0.25957087955765334  0.27080360291642719  0.28189049137646904
  0.29325417634600254  0.30488414719756657  0.31605221956762053  0.32642805547778397
  0.33712892515195741  0.34847097505912994  0.35891570847435661  0.36877015142430686
  0.37901251892800547  0.38985637948806806  0.40040172249346057  0.40753017575274397
  0.41430968106972110  0.42196983235154922  0.42967431756574059  0.43659050421550433
  0.44414740423453913  0.45206517851099198  0.46024831115910225  0.46990740280890542
  0.48013559168024356  0.49032800648327290  0.50056819610375658  0.51089539404829964
  0.52111410409214376  0.53116864612478354  0.54103379272789487  0.55118735203872915
  0.56243710467361885  0.57403662166051905  0.58480867964547401  0.59469904708905075
  0.60435778645524563  0.61452829900189687  0.62480866503973509  0.63496273865654029
  0.64646602696384714  0.65855849533169109  0.67064567047596535  0.68355087736632736
  0.69689349567834735  0.70899857627288032  0.71984198206590844  0.73171218447376551
  0.74439005720227147  0.75630317229109623  0.76765308230994189  0.77958292444776822
  0.79352446647205932  0.80839636656443759  0.82237610857856891  0.83691229816079826
  0.85223321248393080  0.86778294036835335  0.88299325180964827  0.89743693637375566
  0.91074796171680550  0.92292370114819922  0.93316822346875283  0.94517689093518142
  0.95763778703842284  0.97008322418145443  0.98332461738332511  1.00000000000000000
 -0.00217377736278512  0.00812049225846089  0.01989417115484348  0.03135572005229555
  0.04308412866784563  0.05560819166206322  0.06759845365362285  0.07867560046122633
  0.08947725186505671  0.09991214750249977  0.11009145140411532  0.12131472010723492
  0.13400562097782773  0.14725557140375001  0.16040325805077726  0.17343717627300162
  0.18643655939141218  0.19919318289794383  0.21084129051354039  0.22066459645192230
  0.22973891588595233  0.23904085937925931  0.24936735847089417  0.26038770175728909
  0.27143971838748576  0.28204197275812143  0.29201193044979312  0.30197546916393625
  0.31307927439920225  0.32471074012791656  0.33505778359364558  0.34316749338086866
  0.35018849393879498  0.35762007062037038  0.36606456825207728  0.37567379347182112
  0.38430013832313603  0.39284405113028270  0.40179722136704760  0.41061050673085714
  0.42105351659734025  0.43200970913857573  0.44304642396879867  0.45379246957234615
  0.46436246481800653  0.47617108254199481  0.48930984210833545  0.50267645766149305
  0.51532076601523302  0.52697539529991322  0.53799270388229781  0.54903859621952900
  0.56033657996305042  0.57127186497025706  0.58133110184863379  0.59107435754879456
  0.60102203947561339  0.61073906944520040  0.62003794500556852  0.62896607308514429
  0.63754604036491114  0.64579179582819202  0.65426803316525028  0.66390127791097875
  0.67459818964079588  0.68537804869641983  0.69620214181360496  0.70671921370669799
  0.71776502201794989  0.72944370987205931  0.74191185670633075  0.75437529593428376
  0.76563142467159506  0.77629918449477597  0.78658484948829666  0.79597716797608942
  0.80553834240035826  0.81678284088562991  0.82883958156685267  0.84055731636246223
  0.85185499759005556  0.86306071519686889  0.87475633091962557  0.88715147967410102
  0.90028519890458081  0.91332843557228682  0.92317215836321664  0.93125771605412977
  0.93865935684857693  0.94561320807173710  0.95308016497504844  0.95964770147253164
  0.96720072013052094  0.97474622664510280  0.98214727716128503  1.00000000000000000
 -0.00221786879978453  0.00878365923554770  0.01793238147398567  0.02656606088695036
  0.03601196765245471  0.04693376253883175  0.05780150022460919  0.06868540684263834
  0.07845261472782435  0.08749001185384445  0.09732711722246933  0.10767645605710470
  0.11862627944217088  0.13036866737714178  0.14180268979628283  0.15277067253148896
  0.16255009222293154  0.17324582124419546  0.18479303371629457  0.19729206377777128
  0.21115224780796116  0.22554799111927137  0.23986321393343576  0.25416047272061221
  0.26813958166187074  0.28118648989746631  0.29179422982194919  0.29987935070090110
  0.30824820613278264  0.31712653685646214  0.32574393600303586  0.33353931405518011
  0.34123514433153268  0.34906709931675661  0.36009200775828193  0.37124929681729424
  0.38131456312871326  0.39069568528135667  0.39872346686244786  0.40546510237517297
  0.41361808964598734  0.42443175507725833  0.43674587485079036  0.44908286040037476
  0.46122246530476724  0.47276031571958504  0.48227987710315684  0.49227105450667968
  0.50285432730096746  0.51475171531996256  0.52610652437898386  0.53717265354337140
  0.54662312348544773  0.55439026862103269  0.56410039264542167  0.57395570440195920
  0.58406560278356334  0.59449196497132561  0.60541603716943360  0.61615635870541174
  0.62658834727540513  0.63691051233051277  0.64666687543204993  0.65602631901988839
  0.66542608437003603  0.67515932982708327  0.68557638350192684  0.69557217795143433
  0.70580563011997355  0.71512684006409188  0.72423511049705547  0.73459081031887086
  0.74564447614499418  0.75626324068432060  0.76564736537248657  0.77563728671315901
  0.78665568628758986  0.79656529816136623  0.80664293020113242  0.81681184911749471
  0.82785552714511879  0.83935733463910800  0.85061976757599245  0.86028139582811580
  0.86899831729179888  0.87823945922041680  0.88804872235610799  0.89892725389760797
  0.91095090163550618  0.92319285784393967  0.93546429151896759  0.94770678654588314
  0.95977970159532477  0.97182561626961761  0.98467825640226447  1.00000000000000000
  0.26067646273224182  0.32692619386182686  0.34885554880600800  0.37987973079663545
  0.40937030615769221  0.43349647491449966  0.45114436766432403  0.46178952080426594
  0.48006414628900868  0.50015285038860269  0.51878901551606094  0.54786204097143809
  0.58034197707385649  0.61822423058290532  0.64109100686681919  0.65136174102240962
  0.65839663956070604  0.66464275728953837  0.67055257445475414  0.67619620769565347
  0.68145348635813163  0.68602439654303926  0.68961666587519788  0.69274716004051717
  0.69604090900831039  0.69910200241487264  0.70198830909514043  0.70510123126361834
  0.70885670907663612  0.71205561762388525  0.71490776873665141  0.71792995402333848
  0.72128173964082010  0.72442032758939934  0.72739402465030800  0.73016800801766546
  0.73279062114924731  0.73542205267175098  0.73841240599597213  0.74185191282254903
  0.74473875020195313  0.74697128603648633  0.74959071953103362  0.75278535174419547
  0.75623766067532194  0.75973008944433784  0.76302830440258373  0.76602278227261977
  0.76902186314770848  0.77183796448283282  0.77495674452047192  0.77855956108513757
  0.78246859867585050  0.78655915045612634  0.79059580338646551  0.79453339236204590
  0.79837552613449003  0.80213454578639043  0.80593752770128602  0.80988466182341878
  0.81380267519183735  0.81752387906492441  0.82078820181390966  0.82335882933674764
  0.82584853787489265  0.82845564485199774  0.83177999484301235  0.83581109382124696
  0.83981600720119209  0.84347566486782466  0.84702933841657291  0.85079833365322510
  0.85475386135935327  0.85869092116912149  0.86256317703842011  0.86654298164789689
  0.87100848620648086  0.87628074511959553  0.88191447814409374  0.88675210353764422
  0.89148912751817289  0.89659658430380584  0.90178306753734438  0.90659040301518956
  0.91179331613510195  0.91729971379542508  0.92335276157396762  0.93016601116209141
  0.93709407274542877  0.94386753839112536  0.95044556096897870  0.95676998031899518
  0.96316190564127857  0.97043050132615249  0.98050146445735775  1.00000000000000000
 -0.03832583021189034  0.16183937605537943  0.20941716174268496  0.23905363195171225
  0.26079498006158142  0.27826207742264114  0.29438306732343267  0.31036690492886171
  0.32629392864217166  0.34142881284919024  0.35468731989908714  0.36598955226531860
  0.37579450183383745  0.38507405133644662  0.39301206153836465  0.40198393372300328
  0.41141198902412129  0.42041784940248994  0.42892101109512948  0.43703056499402954
  0.44517447455449638  0.45344846079391221  0.46162238730128335  0.46900332295002839
  0.47575483528103929  0.48193269275414219  0.48758479680327971  0.49400291928650358
  0.50017493578668604  0.50619274295700090  0.51256983712162518  0.51875945002529411
  0.52469305763348306  0.53083297346938441  0.53688236757201557  0.54277152836913201
  0.54827621573884999  0.55332927208551652  0.55810721251659889  0.56311721430144945
  0.56798225040408024  0.57295204789055187  0.57874718886720999  0.58418469497599845
  0.58975252197022465  0.59572481527821186  0.60168702050744205  0.60635914186575757
  0.60997402291030201  0.61323031170366649  0.61690005298473594  0.62139762928174913
  0.62592579708766249  0.63008925161362950  0.63388118490636214  0.63715345179636673
  0.64025628053170724  0.64388796115145974  0.64812870674109935  0.65233795755246526
  0.65616541309693699  0.65962364628921610  0.66307513445965383  0.66672602410773241
  0.67070340440757092  0.67481690407161421  0.67886347705501826  0.68307281102170603
  0.68747838764093394  0.69187631735549249  0.69664400582311659  0.70140270132214222
  0.70560290386605895  0.70936470604837554  0.71327360861873756  0.71756924921876386
  0.72209327726381778  0.72667230059022758  0.73136324811386699  0.73625919085894653
  0.74130163637163815  0.74640991667459811  0.75145568297453402  0.75644906651698629
  0.76159442324627646  0.76649727372130838  0.77080761575632561  0.77566037407943389
  0.78184260694197738  0.78879261585054095  0.79614872851577345  0.80489185791863915
  0.81722885058349626  0.83381918187118631  0.86578021885370926  1.00000000000000000
   2.7340174009700492E-010  -1.0000000000000000     
 F F F F F F F F F F F F F F F F F F F F F F F F F F F F F F F F F F F F F F F F F F F F F F F F F F F F F F F F F F F F F F F F F F F F F F F F F F F F F F F F F F F F F F F F F F F F F F F F F F F F F F F F F F F F F F F F F F F F F F F F F F F F F F F F
  <DiscreteSampler_grid>
  grouped_processes
  1 # 1 for a reference and 2 for a running grid.
  10 # Attribute 'min_bin_probing_points' of the grid.
  1 # Attribute 'grid_mode' of the grid. 1=='default',2=='initialization'
  0.0000000000000000 # Attribute 'small_contrib_threshold' of the grid.
  0.5000000000000000 # Attribute 'damping_power' of the grid.
 # binID   n_entries weight   weight_sqr   abs_weight
    13   10   3.371070549237324E-001   7.494802559520973E-001   3.371070549237324E-001
    14   10   3.371070549237322E-001   7.494802559520968E-001   3.371070549237322E-001
    16   10   6.618187288798419E-001   2.541326872011465E+000   6.618187288798419E-001
    17   10   6.618187288798418E-001   2.541326872011462E+000   6.618187288798418E-001
  </DiscreteSampler_grid>
