  0.00007135067707115  0.00007280864780560  0.00007498521296032  0.00007720757667419
  0.00007980020188773  0.00008283114462055  0.00008635127488479  0.00008975260254499
  0.00009187718841878  0.00009222932743642  0.00009234616422111  0.00009238448783091
  0.00009240786043417  0.00009242028254529  0.00009242804401650  0.00009243396041758
  0.00009243811040226  0.00009244118634593  0.00009244349434208  0.00009244558518439
  0.00009244731941049  0.00009244861001693  0.00009244977771367  0.00009245087005263
  0.00009245186341215  0.00009245273109802  0.00009245353943955  0.00009245431070948
  0.00009245507018845  0.00009245582346333  0.00009245657426002  0.00009245736256816
  0.00009245817246300  0.00009245903495423  0.00009245992638992  0.00009246093070706
  0.00009246204265377  0.00009246347485609  0.00009246499359849  0.00009246683079545
  0.00009246919405685  0.00009247197611557  0.00009247585007319  0.00009248082919679
  0.00009248675962812  0.00009249515985789  0.00009251293838671  0.00009254256627561
  0.00009260246460885  0.00009281243779293  0.00009369448641269  0.00009683176031141
  0.00010273673887486  0.00011023088829251  0.00011913368413451  0.00013062441242481
  0.00014526759997844  0.00016349283903905  0.00018557011414320  0.00021252194098344
  0.00024479920687108  0.00028480646825558  0.00033103756061726  0.00038319899128394
  0.00044126992839350  0.00050665385867799  0.00058370805379426  0.00066771858035458
  0.00075745337039742  0.00085567937281148  0.00096166385119189  0.00107217318918064
  0.00118203836811536  0.00129902456823242  0.00143227538100926  0.00158503140109659
  0.00175374437197361  0.00192573603616442  0.00210945129010086  0.00230145871074123
  0.00251545582485736  0.00274829431914280  0.00299444539453280  0.00325650142380604
  0.00352070686784400  0.00382242496669812  0.00417688435939956  0.00457115117950161
  0.00502533538962757  0.00558371767171654  0.00630202318944698  0.00761752851535367
  0.00938097139099116  0.03270358857625797  0.09313895139002493  1.00000000000000000
 -0.00000003301376562  0.00000542654600085  0.00002305675968088  0.00003431081530211
  0.00003862583100773  0.00004119989527797  0.00004287140766080  0.00004387354500004
  0.00004462046405224  0.00004521398920534  0.00004569083379775  0.00004606271332173
  0.00004631571539646  0.00004653383954387  0.00004674452561913  0.00004692778321275
  0.00004708717129524  0.00004726312006769  0.00004742792130716  0.00004757460887157
  0.00004770787521003  0.00004782849393367  0.00004793386314275  0.00004802949422827
  0.00004812318509236  0.00004820975491417  0.00004829157495882  0.00004836713525547
  0.00004843703388586  0.00004850156427359  0.00004855960457097  0.00004860791022842
  0.00004865167806329  0.00004869591509430  0.00004874256376940  0.00004879405547375
  0.00004884823709023  0.00004890248567421  0.00004895714642480  0.00004901191504548
  0.00004906313246978  0.00004911172904137  0.00004916188748042  0.00004921225866368
  0.00004925773324732  0.00004929909358344  0.00004934253435650  0.00004938635900335
  0.00004942904827029  0.00004947591178056  0.00004952591814555  0.00004958099657961
  0.00004964946226333  0.00004971258167392  0.00004977284202714  0.00004983020704506
  0.00004988938906421  0.00004995010080730  0.00005001400288676  0.00005007986600706
  0.00005014524886485  0.00005021322042109  0.00005028441903303  0.00005035511903268
  0.00005042297966624  0.00005049527202164  0.00005057299638864  0.00005065289826091
  0.00005073827423561  0.00005082938841510  0.00005092808131245  0.00005106587109540
  0.00005123691489825  0.00005139501699366  0.00005156263405606  0.00005175140579240
  0.00005196769697347  0.00005221713380618  0.00005250332776557  0.00005286367045140
  0.00005331510652869  0.00005381615670507  0.00005440211905056  0.00005507735074366
  0.00005600568685987  0.00005729029647122  0.00005896890704559  0.00006164498810311
  0.00006703352879411  0.00007981425199491  0.00010680761092122  0.00020327833499422
  0.00057101526304955  0.00253178104399235  0.19131426546776376  1.00000000000000000
  0.00000016522255472  0.00000172096925115  0.00000275450487715  0.00000423967717277
  0.00000639052020263  0.00000911423067423  0.00001231391163060  0.00001579704422679
  0.00001903925924581  0.00002159860510034  0.00002386992026334  0.00002636137298777
  0.00002926980018249  0.00003225750407927  0.00003489078046740  0.00003739187999435
  0.00004000685767896  0.00004273815994300  0.00004509851904754  0.00004731716434972
  0.00004967457457056  0.00005233435833806  0.00005508271843522  0.00005792232400524
  0.00006085696870108  0.00006384682330459  0.00006714502008291  0.00007033768107904
  0.00007307893412210  0.00007595117331858  0.00007916287560388  0.00008227633251358
  0.00008536266752956  0.00008894157358172  0.00009254333775281  0.00009636719303003
  0.00010027137777166  0.00010496348743706  0.00011034587401320  0.00011618454670352
  0.00012264502552943  0.00012962410848223  0.00013708070505438  0.00014502314845171
  0.00015328664426713  0.00016139070350632  0.00016960321762626  0.00017877250098812
  0.00018795359872721  0.00019628875406214  0.00020482387745807  0.00021349129891500
  0.00022355054905637  0.00023448304356746  0.00024707706613492  0.00026192004221474
  0.00027820406840511  0.00029588657577716  0.00031423559342854  0.00033289202530557
  0.00035137628858885  0.00037063177779248  0.00039141638490654  0.00041347975108889
  0.00043732792160308  0.00046279195561424  0.00048504682673682  0.00050239046659924
  0.00052059887380228  0.00053866483507594  0.00055884413426874  0.00058601855961538
  0.00063009243947037  0.00067862114251821  0.00072681223407420  0.00077510254884986
  0.00082351152323198  0.00087203101869254  0.00092084878598399  0.00097248993370590
  0.00102041055440996  0.00106413384187242  0.00110988345093750  0.00117530450083828
  0.00125689922910160  0.00134394828466073  0.00142270173603269  0.00152069616723463
  0.00162024551180018  0.00171877691660572  0.00182279015923470  0.00191882607845516
  0.01091866469708668  0.03281160200653345  0.10164200483896903  1.00000000000000000
 -0.00143042687355917  0.00636019020723013  0.01417517577621797  0.02309379521312810
  0.03264462313770572  0.04140801228620380  0.04883164176537971  0.05509745561956753
  0.06141651040810903  0.06939622845106619  0.07880636842212695  0.08798745714076142
  0.09675492301718956  0.10546909699503886  0.11454810848428086  0.12413903605966797
  0.13363382154073197  0.14282302886506626  0.15207242713474822  0.16194742297411785
  0.17197846614566645  0.18122451663584782  0.18963343667569763  0.19754097265773077
  0.20584338367476970  0.21440480852959293  0.22296192986513036  0.23113042974821651
  0.24003479946838327  0.24996402393343387  0.26072598224473931  0.27154173536182957
  0.28234291064570893  0.29320760415005048  0.30416292134884998  0.31567665901453701
  0.32764348664199017  0.33922444580246608  0.35017745091942559  0.36074764641091883
  0.37128352696401057  0.38171526935773720  0.39239017998745362  0.40320838865041103
  0.41387466359939684  0.42448354353307344  0.43473085676395629  0.44503973601379354
  0.45571794713992281  0.46697689196762399  0.47814681269074222  0.48804709258188544
  0.49767729960434709  0.50795034473957568  0.51821050788146628  0.52905440763232925
  0.54184642596098653  0.55600250354109604  0.56695287482588319  0.57842652504112391
  0.59077024099372433  0.60209534009569599  0.61324151794619342  0.62620739173826623
  0.63843311606911168  0.64997819600392492  0.66106302904142000  0.67230615915214542
  0.68378279372325301  0.69391467369333337  0.70394286458205169  0.71479083746546912
  0.72669500908413398  0.73803161875447909  0.74845640918807188  0.75908016279301505
  0.77114054421382316  0.78465172827250118  0.79370225558479646  0.80142904324609465
  0.80962057647537622  0.81859344783702948  0.82770408740349211  0.83720181936657545
  0.84702511462263308  0.85752261626032589  0.86929049947273351  0.88230219305077118
  0.89612414658868567  0.91019149024497170  0.92529844660413996  0.94108445296688881
  0.95664477593659680  0.97159484304320665  0.98602965314215196  1.00000000000000000
 -0.00234002592040941  0.00863099186715125  0.02000347371483726  0.03199149167448576
  0.04413363136837459  0.05618039075911778  0.06827451782995640  0.08027168853901322
  0.09205070752157733  0.10369299152352041  0.11497581743959914  0.12560940380890670
  0.13576265814754496  0.14623076756555875  0.15759245350738849  0.16960944598226979
  0.18182665954761507  0.19387097189001479  0.20447755358473860  0.21310277818857776
  0.22240879807902242  0.23152625762665388  0.24035302855442353  0.24946439651728566
  0.25890809188094993  0.26797792088502354  0.27853780367185638  0.29038630087777628
  0.30264268462266913  0.31479439701856654  0.32665878064697579  0.33828251831311340
  0.34975156634137017  0.36099209572264945  0.37155665884306849  0.38083615965462403
  0.38908986435284865  0.39699369281731861  0.40628737974724377  0.41780888297957774
  0.43019358312779610  0.44198257042496636  0.45183433005632068  0.45985374430463977
  0.46780953155433080  0.47567340027691563  0.48311733059765172  0.49284930510269398
  0.50382219346298818  0.51433580182435812  0.52595411116925828  0.53744718260661251
  0.54930711832308632  0.56122466601372378  0.57332497562406415  0.58527822247918393
  0.59687657279397432  0.60836089361532664  0.61974664218309439  0.62948259607317525
  0.63771277269402404  0.64640791344738602  0.65574908534612630  0.66558864874909573
  0.67542757925891617  0.68565020493847140  0.69648993757768685  0.70712216493705893
  0.71718737154090306  0.72631381151526586  0.73600728069095278  0.74512717253149330
  0.75338118761193074  0.76298691315756684  0.77357783818508696  0.78397208864483425
  0.79412195726080614  0.80430279562145046  0.81720622436086998  0.83044387649262397
  0.84286955794995244  0.85436259774906131  0.86542159675879771  0.87604377956125912
  0.88684920108989751  0.89821357528666890  0.90993237224802437  0.92166209924093367
  0.93324639470964754  0.94459815607828435  0.95586596279743874  0.96641818784083622
  0.97545552170595928  0.98355044568120387  0.99212071471144747  1.00000000000000000
 -0.00255152337732732  0.00804683820622608  0.01945727751488809  0.03117481697522905
  0.04297239735504364  0.05449951404699941  0.06563159244353643  0.07662838399231875
  0.08768048418997114  0.09933524813954964  0.11185762305370713  0.12262698099592655
  0.13335956193004725  0.14389114073287085  0.15502648325398891  0.16708302703761724
  0.17643098164676846  0.18643882366692055  0.19633981056489314  0.20682014860307679
  0.21950924009445585  0.23342422568676932  0.24700111940055922  0.26021799961147352
  0.27337386866449820  0.28627288175809312  0.29927424089057131  0.31291616700810487
  0.32641264036299555  0.33977317847103489  0.35321040718908098  0.36527231202493865
  0.37602045106180915  0.38676534932239637  0.39879115764564893  0.40985232270840144
  0.41799837434203246  0.42648590622410376  0.43680690377508657  0.44808264634440476
  0.46089157214907894  0.47453611382380073  0.48811032731486720  0.50193074189709663
  0.51537352228616118  0.52724459170154214  0.53798466020517510  0.54856359515858377
  0.56006737007516261  0.57240529719391608  0.58479018079166845  0.59677840168423146
  0.60834923000579011  0.62003402653509920  0.63225375759818725  0.64468433374292033
  0.65743909972231029  0.67083132244637378  0.68485016397217324  0.69889335938279495
  0.71175699284111626  0.72400658977836152  0.73582124624531275  0.74716068168289118
  0.75781850169323539  0.76792749812270023  0.77781835130562371  0.78741137896743907
  0.79641368259543510  0.80522488791959701  0.81397666903555821  0.82269103667573840
  0.83202083015397410  0.84182627889146278  0.85170150635390596  0.86064729773272652
  0.86846544415055771  0.87624267217795826  0.88386843020836126  0.89198753929506591
  0.90051590207195209  0.90905604530543516  0.91798226904762725  0.92685596785886448
  0.93425582121632456  0.93989311246051566  0.94555087736148502  0.95203367465614619
  0.95861933729078597  0.96439064702360267  0.96939382263637786  0.97498206218991268
  0.98035698840089858  0.98663406244495633  0.99327490491955461  1.00000000000000000
 -0.00322574904900444  0.01105487203582023  0.02227118413747246  0.03240428617967989
  0.04337919913975067  0.05540138936536488  0.06783605722383927  0.07983032935941693
  0.09165400004779332  0.10362023816307621  0.11497849803036367  0.12427585398940470
  0.13214469586430244  0.13928966396482029  0.14635643501085624  0.15682922256560755
  0.16795116210780187  0.17746884386140660  0.18654254406240395  0.19599203114269170
  0.20615880533338579  0.21804446422717033  0.22839025905137095  0.23576422594979171
  0.24324408460458649  0.25135565049820818  0.25977069048594331  0.26990445797049278
  0.28102876156505119  0.29198270591364162  0.30246406196805020  0.31265271027605479
  0.32258570939806580  0.33262537626612582  0.34281871521138929  0.35225955842398737
  0.36252086321205468  0.37321314079726930  0.38334610367740823  0.39411092789047297
  0.40505709596312306  0.41665024770038794  0.42897748843157602  0.44153214502015226
  0.45371885065242246  0.46513943914564537  0.47615512191599213  0.48728939118086612
  0.49887657606323205  0.51057497070461455  0.52133471750112170  0.53275370352012308
  0.54532078111681315  0.55666095107315017  0.56702157301184775  0.57748553998656604
  0.58757179395743186  0.59727507875592667  0.60746644352034140  0.61821041892422801
  0.62929425474253253  0.64045654679986341  0.65095329748555131  0.66031655798504518
  0.66861646116979956  0.67807738321865030  0.68761752085598604  0.69721977109529421
  0.70754768650386290  0.71857449656487249  0.72941878251011316  0.74093185580321419
  0.75258628514712822  0.76306958429203864  0.77276475115075738  0.78129117627447120
  0.79066539095252930  0.80117213584195157  0.81275000528113861  0.82581213556150379
  0.83701915393809290  0.84802709920107666  0.85833042764005518  0.86816693766454556
  0.87893274041166403  0.88969291990105615  0.90149683383458457  0.91431980793209289
  0.92549154483193530  0.93488083594452431  0.94416082554366532  0.95349600583355709
  0.96323306761303373  0.97353224815259909  0.98454486315327616  1.00000000000000000
 -0.00144681984100944  0.00669603216459115  0.01623400599905640  0.02642875509526700
  0.03707873223429430  0.04918219887882945  0.06144797666392321  0.07294486355575405
  0.08376762724750118  0.09402249158936990  0.10399871272668788  0.11360302502687213
  0.12482991987005200  0.13722076027474212  0.14721039965302232  0.15676248414109129
  0.16722700560533135  0.17835441790718562  0.19075768129592674  0.20373161811508389
  0.21487944773200851  0.22427850792975201  0.23387382177514623  0.24329503612455763
  0.25315411562948914  0.26257400159514954  0.27435699212125636  0.28598640950780496
  0.29711675671752985  0.30808651978659185  0.31891884600987436  0.32972391065481882
  0.34021069259207121  0.35162914514392057  0.36281939226443993  0.37291722686185386
  0.38197274240653395  0.39058338540914683  0.39996323210059487  0.41096312433044446
  0.42404154454480841  0.43737884306850877  0.45041036054179184  0.46206550020542603
  0.47259135440159933  0.48232912214327833  0.49276307799652774  0.50356246379182046
  0.51388763385099878  0.52386395517918738  0.53401749797959763  0.54500821203376593
  0.55689087610405230  0.56926414461700203  0.58062641941004278  0.59045790726886593
  0.59955389612781251  0.60859493091314332  0.61832955511017762  0.62853651205272232
  0.63861744244082574  0.64883242007401243  0.65974369842293501  0.67112259575444300
  0.68236195623882789  0.69336534052728116  0.70464015152532322  0.71488537814256081
  0.72255748442313095  0.73022512994834898  0.73833081581074422  0.74572121472906994
  0.75383642355665903  0.76232826685556498  0.77108245202523218  0.78044874860665547
  0.79046610965705433  0.80058784012526940  0.81129569900812726  0.82305733219739741
  0.83512395245943405  0.84668023076431231  0.85709071931982306  0.86581033408743668
  0.87382742254602830  0.88336347644070401  0.89475680275303060  0.90647241445856008
  0.91778751142413828  0.92932534223433161  0.94179104006285486  0.95479092622199879
  0.96735012478915972  0.97873104030379821  0.99108824445668353  1.00000000000000000
  0.05173898412939228  0.18275169003679090  0.32895466288156339  0.49473590975570464
  0.59510610268364650  0.62976320939765096  0.64308148920225139  0.65084220582135177
  0.65648634725779764  0.66153967252653978  0.66593778389151259  0.67012417237825517
  0.67429723432228084  0.67833908786317021  0.68208335274098419  0.68561234437614649
  0.68909576059586042  0.69254049462662381  0.69593334489783576  0.69942414443544854
  0.70298798187301004  0.70632230359940928  0.70931511146142301  0.71216064862043371
  0.71498941892336942  0.71788399883191789  0.72079494919146281  0.72363454340149913
  0.72648306239859262  0.72942906518040540  0.73242606281298583  0.73540838613590964
  0.73840105607230977  0.74149336096609764  0.74474924941173604  0.74802046624226204
  0.75109946002578898  0.75412063253281914  0.75728630837338440  0.76044257321408082
  0.76340827219284013  0.76615675609025169  0.76864523268105311  0.77105469975577556
  0.77358051363483993  0.77614042554313079  0.77869075822963163  0.78110301100258173
  0.78358676521601156  0.78658495608156609  0.79001714339330698  0.79309045644131504
  0.79579706447939180  0.79854577629139922  0.80114857035124765  0.80321833728094816
  0.80541393792987737  0.80778944247513318  0.81023265094137020  0.81298480600809342
  0.81565690248515865  0.81818533614674749  0.82133095033653514  0.82487793343717564
  0.82866952497701563  0.83241847701602101  0.83655270463171449  0.84080159757933048
  0.84484373393466239  0.84857825170575640  0.85221521881957174  0.85595463781894621
  0.85979148357752089  0.86369641385900675  0.86772587762518416  0.87186720056679645
  0.87599505650696208  0.88023108882337942  0.88483460922219248  0.88921490967320904
  0.89322884987500339  0.89706846309445631  0.90032216820894784  0.90376389219859032
  0.90804418745939985  0.91291366051088907  0.91779414533831272  0.92287759367537492
  0.92830116910306482  0.93405497999356368  0.94061351786507008  0.94845307589512462
  0.95742083818867940  0.96651571911950973  0.97838647702265469  1.00000000000000000
 -0.02068051508794698  0.15883334055158971  0.25151477926923210  0.28028546831884971
  0.29908879136227440  0.31932946046797483  0.33635307068102577  0.35115664657173146
  0.36416186221677588  0.37618773299337560  0.38806105821270093  0.39922609583131191
  0.40863790889063872  0.41664473719523187  0.42496185370496309  0.43304771007115356
  0.44069677889863834  0.45008757736185123  0.45958191848321711  0.46936571929877274
  0.47854669614773582  0.48703992882546343  0.49514859008891132  0.50326061673155575
  0.51133573895363116  0.51817993520420036  0.52434030775084728  0.52978389109073198
  0.53495116948424293  0.54155688683548675  0.54837794252575101  0.55551260468643815
  0.56140045890265011  0.56577907039578879  0.57099076522725201  0.57593806936750080
  0.58137652602555623  0.58738234086501651  0.59223973038162403  0.59609858139379690
  0.59992423019101138  0.60430114688003056  0.60862588219671387  0.61304933639729609
  0.61811982103972352  0.62314423002587727  0.62852702162738550  0.63414508353220056
  0.63981626429214311  0.64539613864097123  0.65068988086266732  0.65579383650756984
  0.66076596477595928  0.66567897279543886  0.67055503403660233  0.67526645637431226
  0.68001677367039648  0.68479649866193082  0.68941078758099739  0.69374545673209409
  0.69796317882703496  0.70229156195700626  0.70698839282512971  0.71159833679913231
  0.71593583269534833  0.72015988713226087  0.72429020027246116  0.72855837026332715
  0.73318645467335908  0.73790424773471297  0.74245481423390247  0.74715004266289653
  0.75210695165824770  0.75723837710839559  0.76243754115820073  0.76715195546043313
  0.77139902138778982  0.77558343943994534  0.77999602641448496  0.78437001241094062
  0.78890911739769620  0.79383686597276903  0.79886406403942045  0.80379473397510171
  0.80869138621465897  0.81351316504787308  0.81899808007302999  0.82516653013885766
  0.83202236880685132  0.84007141334354507  0.84931297938988382  0.85966060498177632
  0.87212086079411377  0.88886961091268701  0.92300294610279920  1.00000000000000000
   1.4739497226539410E-010  -1.0000000000000000     
 F F F F F F F F F F F F F F F F F F F F F F F F F F F F F F F F F F F F F F F F F F F F F F F F F F F F F F F F F F F F F F F F F F F F F F F F F F F F F F F F F F F F F F F F F F F F F F F F F F F F F F F F F F F F F F F F F F F F F F F F F F F F F F F F
  <DiscreteSampler_grid>
  grouped_processes
  1 # 1 for a reference and 2 for a running grid.
  10 # Attribute 'min_bin_probing_points' of the grid.
  1 # Attribute 'grid_mode' of the grid. 1=='default',2=='initialization'
  0.0000000000000000 # Attribute 'small_contrib_threshold' of the grid.
  0.5000000000000000 # Attribute 'damping_power' of the grid.
 # binID   n_entries weight   weight_sqr   abs_weight
    13   10   9.455514958228566E-003   2.729556711172788E-004   9.455514958228566E-003
    14   10   9.455514958228550E-003   2.729556711172774E-004   9.455514958228550E-003
    16   10   2.176502346540314E-003   1.274167204930338E-005   2.176502346540314E-003
    17   10   2.176502346540316E-003   1.274167204930341E-005   2.176502346540316E-003
  </DiscreteSampler_grid>
