 -0.00101861821188495  0.00444896166187175  0.00972348881517403  0.01687866563859308
  0.02433704902239231  0.03352138887864765  0.04403938122588011  0.05527403310503324
  0.06750173279963492  0.07882778186932762  0.08607003758452857  0.09323430252470143
  0.10027081794696130  0.10730552474541961  0.11620340000324603  0.12435839882130643
  0.13244824162265614  0.14186105119779099  0.15346518589937938  0.16742053552773004
  0.18086937067800640  0.19257151294526648  0.20374749964778041  0.21511837381821405
  0.22704670328323751  0.23880804165021424  0.25011491852550927  0.26230163584736299
  0.27534670344303791  0.28849012266533736  0.30088397755012131  0.31191751381162103
  0.32185234009940483  0.33187947512864785  0.34289212044714817  0.35495531491241505
  0.36764187697527034  0.38023401829030579  0.39319041166937613  0.40593972440669884
  0.41854545644877100  0.42978756612982000  0.44079661365204148  0.45135332181461674
  0.46142096111860459  0.47318551875762288  0.48533600882717337  0.49755022722005793
  0.50979377058697684  0.52166494438431754  0.53302588592279776  0.54412634917740943
  0.55526178177984742  0.56667108454297177  0.57860631373716087  0.59111514295084833
  0.60339984917478462  0.61362265495887913  0.62157786004667270  0.62949004827189770
  0.63762133001622179  0.64887754503304629  0.66151415301071759  0.67203479000743283
  0.68052316975669003  0.68917363773953799  0.69874733960235791  0.70922753799191041
  0.71792231677830520  0.72442846686624573  0.73178296021941935  0.74209976334438599
  0.75375168345280219  0.76411028130055192  0.77341524418618934  0.78268943980423589
  0.79259025986596798  0.80299346354599632  0.81312214585885845  0.82310924659726992
  0.83397309594329294  0.84613977246596594  0.85921176347714645  0.87207780880185448
  0.88320355421552932  0.89370652500009085  0.90346732502292715  0.91327677032902432
  0.92386161278614387  0.93687695868130239  0.94914262399139104  0.96051141466154666
  0.97180889161227324  0.98121438132515715  0.99035164469660764  1.00000000000000000
  0.00007111321362460  0.00007397294784376  0.00007738337596523  0.00008051582198095
  0.00008353488147539  0.00008684891406625  0.00009007439661505  0.00009194799064243
  0.00009239566307935  0.00009249231359763  0.00009252121464552  0.00009254187711134
  0.00009255491761098  0.00009256360365976  0.00009256843261001  0.00009257197490861
  0.00009257503015279  0.00009257727001087  0.00009257899847615  0.00009258044068733
  0.00009258158196027  0.00009258259483049  0.00009258352059671  0.00009258419971573
  0.00009258484641214  0.00009258545921715  0.00009258598090010  0.00009258645680026
  0.00009258689270926  0.00009258730664563  0.00009258771337615  0.00009258809982657
  0.00009258848254495  0.00009258885368503  0.00009258922264595  0.00009258959815320
  0.00009258997509563  0.00009259036531613  0.00009259075803622  0.00009259123340947
  0.00009259172186084  0.00009259224948695  0.00009259280848037  0.00009259340834893
  0.00009259424342869  0.00009259510501123  0.00009259609429056  0.00009259731966705
  0.00009259871907654  0.00009260050471518  0.00009260282292584  0.00009260558320372
  0.00009260870121524  0.00009261380206340  0.00009262209198992  0.00009263474602942
  0.00009265438894003  0.00009269707148644  0.00009283818550935  0.00009347343275254
  0.00009589441749576  0.00010004029052269  0.00010475853994502  0.00011015110507697
  0.00011814507274572  0.00012796387858748  0.00013930401089919  0.00015239153733326
  0.00016723817835070  0.00018386390421581  0.00020331225385724  0.00022646528587912
  0.00025230354651453  0.00028153963673518  0.00031735395682295  0.00036182157741501
  0.00041151882972166  0.00046846929686082  0.00053503678281507  0.00062151187030357
  0.00072994119629514  0.00085765329144085  0.00100846926647594  0.00119405439698417
  0.00146264026655317  0.00179111009377258  0.00219545011146812  0.00275741952073642
  0.00350425805026049  0.00454694277992858  0.00588068054598082  0.00763062145493879
  0.01021490826961317  0.01562358949396722  0.16794750325603158  1.00000000000000000
 -0.00000016643052932  0.00000473112460957  0.00000736506744113  0.00001020726273889
  0.00001281998510603  0.00001546240264658  0.00001817110471092  0.00002072863833066
  0.00002305671381738  0.00002539507749898  0.00002791624291036  0.00003056649889943
  0.00003318398015002  0.00003559876253581  0.00003776626058808  0.00004005056043124
  0.00004239672537469  0.00004474380356287  0.00004706957256214  0.00004955346259425
  0.00005234424683823  0.00005527072718345  0.00005821456737658  0.00006117755773272
  0.00006408688356865  0.00006685696260410  0.00006954320382118  0.00007236310958141
  0.00007544057001115  0.00007881664429583  0.00008235590996292  0.00008590388418623
  0.00008966332029740  0.00009402104573748  0.00009891224308365  0.00010434707765885
  0.00010974005952169  0.00011517932797068  0.00012094031968775  0.00012701238698065
  0.00013324052081317  0.00013949261429953  0.00014600890532736  0.00015295451481403
  0.00015947898862925  0.00016624407129375  0.00017315144375401  0.00018043157945047
  0.00018850033833537  0.00019729156481275  0.00020588014278501  0.00021359489508759
  0.00022179486752018  0.00023171641085551  0.00024147244412616  0.00025310734968883
  0.00026539364143289  0.00028182775427319  0.00030027801043314  0.00031970208268966
  0.00033659873257373  0.00035103213397205  0.00036525218419873  0.00038147217768049
  0.00039896058422983  0.00041723114782923  0.00043648064670605  0.00045567292390504
  0.00047751869824423  0.00050349077249519  0.00053297787228758  0.00056545954223926
  0.00060179516534886  0.00064547756944953  0.00069851627124316  0.00076044695897191
  0.00083488159972909  0.00092208845699397  0.00099647873251747  0.00104895858505132
  0.00111010525934460  0.00120568236689909  0.00130366998293717  0.00139759756785899
  0.00151543285415722  0.00167780085004768  0.00186569973296909  0.00209773765650385
  0.00234162388897268  0.00263500986508850  0.00294794449907989  0.00332070784099885
  0.00404923951235707  0.01181056423570565  0.03753622351867144  1.00000000000000000
 -0.00242800251818842  0.00771289653736109  0.01837911599810314  0.02896629370858887
  0.03951806054443693  0.05027162464141112  0.06158461550063773  0.07323698912083790
  0.08456635197872306  0.09580047574166342  0.10776302298012967  0.12026721778676108
  0.13337530862098751  0.14680495687322717  0.15987056046833531  0.17277065211213644
  0.18497078418965884  0.19619956013547660  0.20809557380427232  0.21964977905187608
  0.23083591438893941  0.24208704322273081  0.25319212204250147  0.26342681185068889
  0.27471069247715557  0.28791569486068780  0.30182532117295452  0.31577052556546314
  0.33000192926544958  0.34444441676727533  0.35861140362308380  0.37190844820490498
  0.38336386917105836  0.39358373981939931  0.40343603584533416  0.41203864274678864
  0.42254139050959783  0.43187096531829350  0.44257845965384124  0.45398561423796346
  0.46575343009191261  0.47807317789684800  0.49018283954274461  0.50228760403546002
  0.51433783657164256  0.52691117873536930  0.53956266929179453  0.55198533069717304
  0.56314984219298592  0.57482120346728272  0.58721617632405576  0.59893549962452297
  0.60920426940365313  0.61955719554263311  0.63225322284444385  0.64564967703095399
  0.65849287885957875  0.66941382221159318  0.67889753987540680  0.68874530527708289
  0.69865136379708337  0.70710007090164040  0.71428544882775657  0.72247228812833042
  0.73256427755936471  0.74262626440336144  0.75361960498988523  0.76555258577147989
  0.77715154409943266  0.78772270933331123  0.79772446013225329  0.80649043325767655
  0.81342746166675450  0.82013949948970821  0.82769002752194709  0.83507751535543917
  0.84249292673191178  0.84942670852922175  0.85798612535625418  0.86836840596111409
  0.87870115913452174  0.88794596116524371  0.89635147057059761  0.90417148766510691
  0.91172093626892159  0.91901308989067643  0.92643242655903502  0.93390473454720246
  0.94128153547175764  0.94942151886974879  0.95825286773431217  0.96705637115864984
  0.97537692215947080  0.98326341414017193  0.99122324553420549  1.00000000000000000
 -0.00303433861729560  0.00999068000650531  0.02273626999709445  0.03452792771612351
  0.04488151406319726  0.05310708780136759  0.06060771238698083  0.06779352209933322
  0.07322414094914612  0.07816944718748656  0.08567399921097330  0.09502931604389565
  0.10373331475693816  0.11288219525335780  0.12274847270650130  0.13137129879688550
  0.14113389237529422  0.15144894864738837  0.16341934312305731  0.17361505645863204
  0.18274801353154133  0.19142626844586022  0.20100945976795551  0.21138906660563139
  0.22238498677740248  0.23409234459142686  0.24607094000269658  0.25811962054255450
  0.27047099860967672  0.28284698045425594  0.29507781445548142  0.30646318774559800
  0.31832164205197250  0.32902965989100652  0.33945786807204420  0.35169768411676661
  0.36096601012957397  0.36920266335631552  0.37841428902381152  0.38845382325587319
  0.39763462001950961  0.41020760464949868  0.42300837900890598  0.43520067821071318
  0.44669075563344507  0.45821290627857736  0.47033631750631344  0.48294062082622047
  0.49639122059796220  0.50975140953213993  0.52180804504266487  0.53297421872369777
  0.54377248538642176  0.55458908563182330  0.56502907861899443  0.57596252276419235
  0.58760871144945603  0.59956618084069546  0.61136632275744240  0.62269361040576598
  0.63406718101513659  0.64533282489289001  0.65646194343344566  0.66867859631650906
  0.68046677713097559  0.69159584438190258  0.70182598229602289  0.71270996547998544
  0.72376059000500903  0.73445003817961485  0.74551601540840107  0.75687989654734555
  0.76814445943739018  0.77884279910377752  0.78933078784648025  0.79902010278433488
  0.80764372126964923  0.81667948227352338  0.82723153477017120  0.83836004768737382
  0.84946209974977294  0.85998398277864552  0.86984995726415337  0.88002142397729333
  0.89118819904959767  0.90094463898043675  0.90928959456798597  0.91711966360921449
  0.92608621456518891  0.93617873701776355  0.94701899264139455  0.95904816498211154
  0.97104934770550799  0.98071022529056151  0.99069816043778891  1.00000000000000000
 -0.00125775168101373  0.00598545552629480  0.01448831919124810  0.02316073486923000
  0.03242384546949469  0.04321752875268123  0.05189538676747833  0.06069955878123907
  0.06948300179952124  0.07853007628087685  0.08803415249470652  0.09812696156218438
  0.10694470598729827  0.11617034991343374  0.12609179899509504  0.13478000045432012
  0.14364053171447508  0.15286767839876503  0.16277969149010324  0.17255031594382261
  0.18097769557044305  0.18955887297548418  0.19826553394214239  0.20684262176126478
  0.21641742389883201  0.22715204436402683  0.23864178181439835  0.25020983759635024
  0.26114452767705260  0.27119453347474554  0.28038046484548901  0.28872055744353181
  0.29709095167379534  0.30582659403075224  0.31448464900946033  0.32339308620046825
  0.33304311322323843  0.34133826526069838  0.34894602754551646  0.35681005801115151
  0.36282593376159045  0.36799599465645039  0.37380894890502897  0.38160425858887043
  0.38874416289369867  0.39696972051218971  0.40726700695231477  0.41781981438954019
  0.42855415703345201  0.43933884713769322  0.44986322964047809  0.45946251015553241
  0.46909858526055020  0.47883511088308078  0.49236621490978688  0.50418638700399199
  0.51530022386149277  0.52589082484636185  0.53617018440829523  0.54654801032123557
  0.55694948240442088  0.56791374671662331  0.57932812121514810  0.59011853224955158
  0.59968122169451232  0.60884541844495443  0.61855061462705097  0.62879405907030983
  0.63923538368410637  0.64958737390868215  0.66066802237536748  0.67261264762684658
  0.68368302709818407  0.69382139636166273  0.70384607850373349  0.71460955718855490
  0.72729170363426054  0.74018254805708528  0.75257404132659411  0.76507580460679370
  0.77783179097565602  0.79078544541321827  0.80404861845113917  0.81793202683962962
  0.83272187179877555  0.84837666324608318  0.86443104715826424  0.88065935202338608
  0.89657096940546932  0.91166921211468366  0.92600920161311262  0.94029205285310613
  0.95523889563576314  0.97065233594266320  0.98576598377460645  1.00000000000000000
 -0.00238223177186986  0.00889050339610671  0.02042480112789040  0.03068622669830254
  0.03979456432348060  0.04977689774116958  0.06133294975059197  0.07375887446727870
  0.08734508634517466  0.10060798758672544  0.11287176350966471  0.12376172924146629
  0.13332458229892372  0.14283687996209615  0.15272803126400980  0.16321425184518965
  0.17438264564436121  0.18539094365129299  0.19606734109833071  0.20635184232231923
  0.21554324741006001  0.22423470406950702  0.23404224262490883  0.24420428657107607
  0.25330498599665952  0.26209152378720807  0.27097689003510378  0.27987857448932363
  0.28851088131066566  0.29796273249052102  0.30982386097705422  0.32321564686584636
  0.33563591526487335  0.34395973546437381  0.35127478295356690  0.36008005907592255
  0.36958520480296819  0.37905866658965193  0.38862712337791544  0.39854957344392072
  0.40915938989023903  0.41957942430114020  0.42921484334087628  0.43863274682717496
  0.44782472821114877  0.45713587976325348  0.46792111394060565  0.48025771314815890
  0.49220405370565828  0.50324529003378771  0.51380326004539001  0.52414148938884075
  0.53521504281596477  0.54635047421728067  0.55690304364227528  0.56690146933474028
  0.57515826217874633  0.58291238838484238  0.59350867022315190  0.60559553517929110
  0.61762841769320065  0.62934798026148353  0.64079117052096468  0.65213361736634579
  0.66314355916608270  0.67340548270783829  0.68383280638530886  0.69497974944252716
  0.70585612163883926  0.71631844539467793  0.72694216224054520  0.73763318395187349
  0.74852320391402272  0.75961380580938065  0.77065704922863054  0.78197734378412731
  0.79410771562162563  0.80667364535328812  0.81889611520325578  0.83099676467389649
  0.84397984526738545  0.85482303174892549  0.86551560518189763  0.87687402635783196
  0.88709255512782448  0.89709561183452502  0.90575653200794937  0.91381861250259244
  0.92283557931728688  0.93216401604514265  0.94135358716802053  0.94998866859705189
  0.95909887527455262  0.97031229191333201  0.98377656561729154  1.00000000000000000
 -0.00172336269870034  0.00777818376042891  0.01541531948249687  0.02350469300477354
  0.03088167085299794  0.03870746960787069  0.04821093531043994  0.05817599638108708
  0.06807016513065302  0.07767363819777150  0.08627611347291331  0.09436269374222511
  0.10272739300619288  0.11164426348330730  0.12194144098418035  0.13390623095646281
  0.14650497987005445  0.15975807891447510  0.17074590768742087  0.18121660191251485
  0.19191477096998832  0.20389457436055344  0.21630524608680043  0.22849385107831927
  0.24034448995459204  0.25187203305677247  0.26312364289650780  0.27396240181832071
  0.28440328586585972  0.29460709743373614  0.30450655023460543  0.31459355134568578
  0.32490663082403720  0.33483002876663676  0.34530861063673068  0.35558679082882816
  0.36515392669761199  0.37515937482017964  0.38412656649860533  0.39168456742052588
  0.39980005887356584  0.40960220881701875  0.41676388354479138  0.42470306835536015
  0.43344447566203043  0.44249413926098358  0.45222834970598419  0.46348619304190797
  0.47579729022775558  0.48789838340862601  0.49964382089154663  0.51140481282482975
  0.52430193077563847  0.53656526217406086  0.54865388349682576  0.56083917509215175
  0.57309864357745821  0.58553042829673541  0.59810941532776996  0.61071891110071597
  0.62331039449585901  0.63615771629168971  0.64975315171216763  0.66408214054339476
  0.67781576382849951  0.69027544346943537  0.70163163063497247  0.71208755925616563
  0.72232070937500481  0.73301255229025974  0.74427265167990520  0.75531534875348139
  0.76549821784507610  0.77520407286121296  0.78398652073258179  0.79166828494098551
  0.80031991557068705  0.81257771029107995  0.82575811706146018  0.83729119535499996
  0.84709194457862402  0.85633520848468447  0.86469903961544214  0.87161836649430258
  0.87707126226976229  0.88499225923703895  0.89534577875968047  0.90654240478684711
  0.91722957938393213  0.92782723540542633  0.93869357540214382  0.95002799108271041
  0.96230439710071913  0.97535951710307511  0.98854044328906421  1.00000000000000000
  0.12362639837759229  0.22054372679613246  0.29618901290106886  0.34592919332412758
  0.38330761375028000  0.40377750035768956  0.42082624319116457  0.43697169444659578
  0.45343586445279677  0.47841075431377705  0.49854861170752895  0.51551834466448065
  0.53363733849466732  0.55466526553323581  0.59232912404304761  0.62911949272869361
  0.64314403881647286  0.65027889732684407  0.65592187926369128  0.66255313564794938
  0.66924138683593359  0.67504246217661557  0.68024100108153418  0.68487704084808509
  0.68854851517923732  0.69199048997435575  0.69536982937478220  0.69811887046665155
  0.70124681902764341  0.70409270317795036  0.70719619610892415  0.71091618060285033
  0.71474263509480329  0.71853045056291820  0.72221335044795687  0.72578678642906358
  0.72941239884950515  0.73317215717421114  0.73698890511860005  0.74079897323025223
  0.74433653684589685  0.74770319108135530  0.75090205359711881  0.75435113709049595
  0.75806086869004019  0.76174675556056892  0.76519963755338138  0.76843292070656577
  0.77178617308010022  0.77554384047061475  0.77956598687226430  0.78362555856683103
  0.78744304737679294  0.79127406141293910  0.79516742802423446  0.79888280481728502
  0.80265896220292632  0.80658209996450125  0.81049024687973792  0.81438554738355495
  0.81865505608429601  0.82219753726641320  0.82602401592002506  0.83034057451726229
  0.83477889234378100  0.83912805434935023  0.84343862149339888  0.84780556445957989
  0.85227208051003367  0.85685607013274923  0.86151868977810531  0.86607529768117097
  0.87032845115063751  0.87453178627906514  0.87884886120174710  0.88324830143303745
  0.88782070622586529  0.89272579390604478  0.89790442016421124  0.90256723220092006
  0.90743921745396117  0.91189021674987059  0.91592434700424830  0.92041745250629015
  0.92508757638575834  0.92995105578077042  0.93479068560381129  0.94018494313011469
  0.94596755867391269  0.95229729476483549  0.95902669238831884  0.96527719168141013
  0.97132703589035174  0.97784774025563637  0.98496664799929090  1.00000000000000000
 -0.04094477892530178  0.17144040115481968  0.20548259816768355  0.23398728807434505
  0.26115696007716110  0.28446418865367196  0.30101931287403810  0.31357516440775729
  0.32475220703315022  0.33545975252646815  0.34694623422050380  0.35781799250201168
  0.36873295846779103  0.37863390882305259  0.38748880838639788  0.39650578037587714
  0.40619256041929602  0.41638624118229356  0.42560748624153638  0.43394352407930975
  0.44242308697201255  0.45088774635668455  0.45923682828557993  0.46730990815783857
  0.47495751429907934  0.48254305129877256  0.48993268153594421  0.49678828030383348
  0.50240455145643736  0.50751565868998860  0.51278082556853444  0.51782953546693844
  0.52292120386969276  0.52778417590618332  0.53373104518310899  0.54099210960181121
  0.54853697719471950  0.55589167836522413  0.56288710091426231  0.56939744228453848
  0.57539265300123799  0.58101605576975357  0.58635641367476488  0.59128820301381779
  0.59591351647406043  0.60074927509423992  0.60590719577740793  0.61124498495540958
  0.61669007093771233  0.62231930146399284  0.62802776543767191  0.63328491999969772
  0.63742539274281973  0.64178203678318346  0.64622154920800001  0.65075767102529991
  0.65521878471710793  0.65956803135069497  0.66385434004001065  0.66837402162183079
  0.67299577673173983  0.67750025933930569  0.68183081839455650  0.68591286132899154
  0.68996652104148970  0.69403111537561324  0.69786885073342919  0.70159003553804800
  0.70529935155060008  0.70906789906404366  0.71304033858813887  0.71713600920066167
  0.72122850664491045  0.72556817471908375  0.73009846467901141  0.73449664055570985
  0.73888106023563771  0.74336076532455198  0.74769662225744027  0.75182082421007912
  0.75587409153956253  0.75992243721656905  0.76424866781111067  0.76877290584107028
  0.77331939374372582  0.77761478531297346  0.78146586839963550  0.78523713722234312
  0.79106200144169980  0.79905108536673219  0.80782010116935998  0.81604082625242924
  0.82612810574212969  0.84618859894119880  0.87787717526783227  1.00000000000000000
   2.7440998232458887E-010  -1.0000000000000000     
 F F F F F F F F F F F F F F F F F F F F F F F F F F F F F F F F F F F F F F F F F F F F F F F F F F F F F F F F F F F F F F F F F F F F F F F F F F F F F F F F F F F F F F F F F F F F F F F F F F F F F F F F F F F F F F F F F F F F F F F F F F F F F F F F
  <DiscreteSampler_grid>
  grouped_processes
  1 # 1 for a reference and 2 for a running grid.
  10 # Attribute 'min_bin_probing_points' of the grid.
  1 # Attribute 'grid_mode' of the grid. 1=='default',2=='initialization'
  0.0000000000000000 # Attribute 'small_contrib_threshold' of the grid.
  0.5000000000000000 # Attribute 'damping_power' of the grid.
 # binID   n_entries weight   weight_sqr   abs_weight
    13   10   1.653879578153293E-001   7.771822374282902E-002   1.653879578153293E-001
    14   10   1.653879578153293E-001   7.771822374282900E-002   1.653879578153293E-001
    16   10   3.483657937223660E-001   3.552394945583365E-001   3.483657937223660E-001
    17   10   3.483657937223662E-001   3.552394945583369E-001   3.483657937223662E-001
  </DiscreteSampler_grid>
