  0.00007137758905407  0.00007272109534833  0.00007478292459354  0.00007688060939276
  0.00007922752992336  0.00008183593038202  0.00008468014925931  0.00008778267817993
  0.00009058464438266  0.00009196076534605  0.00009223593754481  0.00009232970688557
  0.00009237713764460  0.00009240311625636  0.00009241595147936  0.00009242476374793
  0.00009243145076706  0.00009243642612303  0.00009244020382872  0.00009244328594139
  0.00009244525034872  0.00009244702250512  0.00009244866939353  0.00009245004146764
  0.00009245138542731  0.00009245248477975  0.00009245355029085  0.00009245458362773
  0.00009245558117483  0.00009245657872192  0.00009245762123365  0.00009245866819928
  0.00009245981219256  0.00009246106677093  0.00009246245890751  0.00009246408318013
  0.00009246591994219  0.00009246792456317  0.00009247012204190  0.00009247426868640
  0.00009247892949344  0.00009248551466647  0.00009249435552222  0.00009250520713088
  0.00009253020215899  0.00009257589595692  0.00009271659911388  0.00009322082039158
  0.00009475736318940  0.00009883522100298  0.00010419204965050  0.00011049048006494
  0.00011890397681148  0.00012937557247155  0.00014194997551173  0.00015698052764219
  0.00017578021773647  0.00019960880269635  0.00022841312335192  0.00026263087410954
  0.00030448436917871  0.00035521041228109  0.00041400296684632  0.00047882470575987
  0.00054823306234119  0.00061951710046474  0.00069237567658768  0.00077003091979315
  0.00085363414809608  0.00094671433093044  0.00105014156547529  0.00116114237498862
  0.00128368863779823  0.00141402842203297  0.00154256473333810  0.00166757260792849
  0.00179416803172447  0.00191411729505551  0.00204072515060744  0.00218675523572642
  0.00233512729979707  0.00247746791755440  0.00262634342126850  0.00280120088677230
  0.00302854913841089  0.00330069983877700  0.00359480179380808  0.00403664371618636
  0.00458880822222134  0.00509355479262035  0.00565614765022667  0.00634221927286211
  0.00727594371827117  0.00895957248503531  0.13583213516409648  1.00000000000000000
  0.00000004635405364  0.00000145147620505  0.00001154113274634  0.00002620761993471
  0.00003404115949306  0.00003780402478488  0.00004032717090333  0.00004161103999990
  0.00004272396330228  0.00004368106790545  0.00004445002813791  0.00004512036832036
  0.00004564149358420  0.00004606432724769  0.00004637791489352  0.00004663054194132
  0.00004684122694575  0.00004702598525243  0.00004720144618966  0.00004736338524240
  0.00004750322597378  0.00004762163583812  0.00004772745284955  0.00004782729123107
  0.00004791797939206  0.00004799363475467  0.00004805906948723  0.00004812268797408
  0.00004818779782501  0.00004825382886399  0.00004831959462345  0.00004838637154557
  0.00004845594899400  0.00004853038531928  0.00004860911731249  0.00004868366037532
  0.00004875137791193  0.00004881295163930  0.00004886830047872  0.00004891920091333
  0.00004896879245761  0.00004901631694193  0.00004905894743406  0.00004909649976748
  0.00004913356675959  0.00004917125288773  0.00004920638095710  0.00004923981404947
  0.00004927788434947  0.00004932438232056  0.00004937366333859  0.00004942394570812
  0.00004947577406797  0.00004953055940207  0.00004958652686592  0.00004964209624129
  0.00004969920675554  0.00004976127263487  0.00004983347069383  0.00004990416712266
  0.00004997337490703  0.00005004461838966  0.00005011822767912  0.00005019428100615
  0.00005027360055848  0.00005036392287292  0.00005047223251262  0.00005059675222903
  0.00005073875131979  0.00005088748334287  0.00005104553973592  0.00005121151469985
  0.00005138223010445  0.00005156187583209  0.00005175628557360  0.00005196286180926
  0.00005220893693166  0.00005251441905906  0.00005288347585773  0.00005336267238347
  0.00005399831551086  0.00005477494787853  0.00005574080124836  0.00005660425747885
  0.00005763347591026  0.00005916974390948  0.00006123473095151  0.00006432401801391
  0.00007045510977975  0.00008124851521656  0.00010432486257289  0.00016058810002492
  0.00037821418347346  0.00160916394532906  0.47878769080512129  1.00000000000000000
  0.00000025930740799  0.00000206623749816  0.00000332816809082  0.00000507166340501
  0.00000723417563512  0.00000983544294162  0.00001264976472713  0.00001557660562320
  0.00001868938070343  0.00002124673178806  0.00002367448255398  0.00002553867918827
  0.00002752419101046  0.00002963006142351  0.00003199257449613  0.00003478142388937
  0.00003749357213605  0.00003988139774735  0.00004205573512997  0.00004431607343904
  0.00004676565249458  0.00004926945870477  0.00005182423598051  0.00005445033978037
  0.00005713496488304  0.00005970835238982  0.00006228932259483  0.00006506465978594
  0.00006757211868888  0.00007031673719136  0.00007349391962066  0.00007651543013663
  0.00007997543716578  0.00008378628348322  0.00008749365722617  0.00009140614248518
  0.00009585544139826  0.00010070278387484  0.00010564923575034  0.00011058206469841
  0.00011557271965708  0.00012044875184455  0.00012516922627843  0.00012990098639816
  0.00013464166010197  0.00014034350306687  0.00014719447282463  0.00015443697437587
  0.00016127782795750  0.00016698826844978  0.00017205404402117  0.00017789617661431
  0.00018362556237907  0.00018996062786553  0.00019684016748040  0.00020587707005248
  0.00021684325887291  0.00022884196430238  0.00024224522056881  0.00025701484904602
  0.00027183001674792  0.00028646381530070  0.00030358436219195  0.00032148655160870
  0.00033895298113399  0.00035562992931916  0.00037474672948573  0.00039554103610339
  0.00041809610324717  0.00044287256561351  0.00047016799131956  0.00050017277488416
  0.00053266842977019  0.00056640284943591  0.00060028354444386  0.00063374093324272
  0.00067139513173986  0.00071127768992447  0.00075121151580904  0.00079305623448209
  0.00083563029067623  0.00088504001980872  0.00094440780015406  0.00101527477974408
  0.00109425065696722  0.00117674549879060  0.00126317252313942  0.00135691756683580
  0.00148121613492888  0.00163144824766811  0.00180623629353239  0.00202101505775825
  0.00231690628420734  0.04096961201512776  0.34986138970639602  1.00000000000000000
 -0.00171066741766234  0.00738305281316616  0.01275333033586048  0.01885543770642432
  0.02577890239454865  0.03423609028382039  0.04350409299691715  0.05267443465328536
  0.06195081020904072  0.07165945822556624  0.08175743199763844  0.09151196673703085
  0.10032655517633217  0.10826235114560230  0.11588670196970670  0.12396857981569874
  0.13232117906578975  0.14107688533334614  0.15064970781211609  0.16070029983226586
  0.17012366149666605  0.17826239294555610  0.18595217429703884  0.19369937028386700
  0.20210864142324225  0.21149277398812297  0.22152446430111800  0.23197375929552794
  0.24264430837043557  0.25395992290347863  0.26561153956969968  0.27706817057092481
  0.28831799210031833  0.29914666691236985  0.30981803473584951  0.32066217662287150
  0.33108630033239139  0.34193197826030325  0.35363641682736702  0.36379257820785271
  0.37247864113752610  0.38067249697065891  0.38858858427631032  0.39746251698319751
  0.40778748398040099  0.41873952568438816  0.42953741006994894  0.44053405121222150
  0.45180403490822041  0.46329057462910672  0.47451125270439648  0.48482386120396032
  0.49495645986896947  0.50399986940394770  0.51310604039660923  0.52244063711678068
  0.53118576392513728  0.54004307834359289  0.54974561600206084  0.56023566187959761
  0.57137346090837582  0.58301159101092570  0.59509265651554688  0.60685268341817034
  0.61799212546293558  0.62896655605853014  0.64045277700405989  0.65323211877252130
  0.66589552107173089  0.67911978473810219  0.69139241535820517  0.70230564197937906
  0.71468758159319190  0.72618286617697880  0.73723582359944451  0.74990846580653225
  0.76140979591482438  0.77012918950973863  0.77784975718717264  0.78514322045038853
  0.79481904750171883  0.80707512729050845  0.81665748800740090  0.82795158672243496
  0.83808629410262303  0.84962086192323105  0.86301340127757786  0.87601025909583163
  0.88960581234756897  0.90318471504188846  0.91724020261778583  0.93257810752621673
  0.94885526103003226  0.96557174791039191  0.98252592722671284  1.00000000000000000
 -0.00295903161485510  0.00996317465676963  0.02199306634525085  0.03342458722964602
  0.04470341371138072  0.05601970584348762  0.06725427884802072  0.07792730049363668
  0.08726865294358797  0.09569018119503971  0.10517046424760333  0.11525901198665886
  0.12801027089130720  0.14161053436444682  0.15485073535310168  0.16747368524283676
  0.18011119350456994  0.19288746026578463  0.20549081663551802  0.21758801245017728
  0.22545379806463031  0.23291813004219472  0.23926831038262111  0.24498892262007732
  0.25513776214396017  0.26166107744535955  0.26893116344372076  0.27755272331295561
  0.28918685826365470  0.30191851471267295  0.31234274195351197  0.32201975755993373
  0.33206092818030947  0.34177450806081083  0.35130535569360116  0.36081122407472349
  0.37050951888669031  0.38095219613645109  0.39213586310867321  0.40412533802509698
  0.41719750162274782  0.43057020755306180  0.44228351435703972  0.45186817952356934
  0.46040791759746519  0.46884207177749981  0.47823234095864464  0.48854586228055830
  0.49889828119224150  0.50860987009826775  0.51729619355255263  0.52602675843765356
  0.53585756235851212  0.54598176561707290  0.55583359808001709  0.56549942299240497
  0.57531560214106059  0.58598130271733562  0.59724814789244196  0.60824088856871450
  0.61925778787632257  0.63055578570784954  0.64170606976785027  0.65262598700183994
  0.66367285666269105  0.67588730792738527  0.68836748761292887  0.69897481059177546
  0.70877309759010632  0.71933573316973942  0.73065779095998462  0.74277614662176095
  0.75418114813689108  0.76393878244436397  0.77326193308646518  0.78276228051180385
  0.79207670201695768  0.80160754328313855  0.81229658590910936  0.82483786068858267
  0.83810982531533273  0.85069238743359887  0.86295979251631094  0.87379932458849918
  0.88473142563899410  0.89471920034326968  0.90370830666190771  0.91274531614185272
  0.92170104250760110  0.93095477116345626  0.94197576169530195  0.95323332479627643
  0.96437230105578653  0.97578784736780944  0.98791750956281821  1.00000000000000000
 -0.00245285797935052  0.00798177013920063  0.01884604405148244  0.02940037407272307
  0.03958099674505293  0.04877804844739666  0.05707546233094760  0.06585881057350057
  0.07577728577732308  0.08576555238924245  0.09620851915609260  0.10848309574791669
  0.12147805195939737  0.13429137785601081  0.14782611725045283  0.16187967656930968
  0.17521373058223874  0.18849084788839693  0.20138711907455589  0.21287965460157851
  0.22353932402829704  0.23478485288891138  0.24706531608099735  0.26088958646642890
  0.27570032730392402  0.29042302582895807  0.30424658133655308  0.31754767969560621
  0.33137321189688490  0.34589709124872570  0.35973373016946864  0.37237848618983799
  0.38479244400998036  0.39720606337507464  0.40787761235614861  0.41698444541552143
  0.42515064582948309  0.43453620282757988  0.44207587264965209  0.45076221196345689
  0.46207018016101747  0.47258409177675448  0.48515201947558440  0.50007799157596866
  0.51441543195704320  0.52686198265255035  0.53871937743445530  0.55125899937424683
  0.56483348437139436  0.57868081927015835  0.59168186170151171  0.60335109123293751
  0.61481490511297443  0.62441970382210010  0.63265070933077683  0.64194261122055774
  0.65273218193809379  0.66390199656749505  0.67378232564758511  0.68289208119159228
  0.69195522660719655  0.69989961938877010  0.70865487002460925  0.72096092713611426
  0.73235874035788973  0.74450583260674597  0.75600178119711847  0.76639747861732488
  0.77584859243726489  0.78450889097952325  0.79353067798333454  0.80304710969111126
  0.81245390457032363  0.82165807805981905  0.83094374300635399  0.84043808746815130
  0.85020037559599737  0.86027200450692742  0.87039539942788335  0.87993780159022206
  0.88855950202112066  0.89705815427646074  0.90579922538406443  0.91363210162078567
  0.92093428763041341  0.92852647893913332  0.93707430030239713  0.94590239669175047
  0.95472544976385398  0.96340547089893291  0.97038916347539772  0.97621667776330534
  0.98210862488921846  0.98778717140690664  0.99320434038251992  1.00000000000000000
 -0.00339989233199064  0.01096082171722571  0.02426958519705633  0.03612579920027042
  0.04739782113999993  0.05911384392679878  0.07151584706358513  0.08384209136217699
  0.09468115191776257  0.10389286016872572  0.11331020554197653  0.12230499466368441
  0.13280425342829688  0.14437951229161425  0.15668102107210413  0.16950129014474272
  0.18204738166017073  0.19377853668627304  0.20479818386571280  0.21552824661101852
  0.22606997463824943  0.23602818742696965  0.24503674821230803  0.25351992745891405
  0.26280979750242484  0.27343175014931409  0.28448880666322657  0.29549848455729832
  0.30534802946054546  0.31479203739322825  0.32426759247590792  0.33394259231214568
  0.34461905393486997  0.35586052880024538  0.36718441619187109  0.37825801946257170
  0.38950375193013881  0.40065677545706657  0.41163892488626014  0.42161541374194839
  0.43030244858074368  0.43872229031865495  0.44813880207993245  0.45890474403268217
  0.46864781887543422  0.47827410179351904  0.48811089629555154  0.49693493210839518
  0.50667150427907170  0.51725601605436944  0.52864490533040964  0.53956097749066012
  0.54942517720898965  0.55965697625377808  0.57062087432163744  0.58202238704909282
  0.59420696267057194  0.60650447056273149  0.61845012190481530  0.63006776938321052
  0.64124008349947803  0.65088199286624360  0.65849440378142410  0.66618331481003146
  0.67483455089410349  0.68357327472546325  0.69224334036601509  0.70373146929326424
  0.71452384551774850  0.72465058752272449  0.73446232114582000  0.74272274160978824
  0.75129103744848380  0.76189447972923097  0.77465495891558334  0.78660004970372599
  0.79626303389336450  0.80489626305698858  0.81429185540651983  0.82430553812005281
  0.83555922203946831  0.84607356561465319  0.85505359240682233  0.86443135521816272
  0.87338975357601334  0.88263848575121917  0.89383098981674658  0.90666828029836954
  0.91891554967645317  0.93162466046368431  0.94446475794875018  0.95644405217542006
  0.96686276659485015  0.97707633369083502  0.98770169770653971  1.00000000000000000
 -0.00156760258409614  0.00715615939485330  0.01684404365579133  0.02811173406788608
  0.04062652652441297  0.05129057986027577  0.06116732739564547  0.07102750892482229
  0.08148390240388341  0.09327015262823508  0.10489748460610557  0.11353795675556388
  0.12113957574507483  0.12899629118704509  0.13900239197081163  0.15034521038874474
  0.16168548211690020  0.17251373196122813  0.18300319124718450  0.19375030033392096
  0.20468454581282935  0.21558985407138265  0.22661522502249462  0.23798876467972488
  0.25003308457117557  0.26088986621459587  0.27170105014745216  0.28292693584583017
  0.29193606762573926  0.29967947075316359  0.30935961960200775  0.31916059625042309
  0.32974052717724811  0.34073502910526549  0.35152090705566352  0.36209745308422253
  0.37305492894560272  0.38577051392309797  0.39953283394393935  0.41255905512790142
  0.42382949537560238  0.43393408346291745  0.44384540695449154  0.45416955282223093
  0.46530077963470645  0.47629406266975166  0.48650909411405724  0.49553127441347866
  0.50405809803111523  0.51274217802281463  0.52208604859408725  0.53235052446198250
  0.54350262738902411  0.55505567169280501  0.56609512888050673  0.57794860941840243
  0.59003419833756410  0.60362502061459389  0.61741695989028555  0.63098950638449014
  0.64446081655297383  0.65677013734239742  0.66696497867438342  0.67708526011709214
  0.68722485853149051  0.69740347316880746  0.70727345232979166  0.71680268089545840
  0.72735186360784798  0.73919709474691053  0.75122342458701907  0.76195336420790538
  0.77010187547578624  0.77711296122681550  0.78507791046698383  0.79276064306368010
  0.80059839196701599  0.81150997801698910  0.82280719270264369  0.83368384253512928
  0.84344687183819411  0.85335859947586479  0.86321612951987559  0.87366395571306221
  0.88554422243347497  0.89735961840573952  0.90860031601497404  0.92006848976303446
  0.93121304484726142  0.94066730643689789  0.94836998755159996  0.95599099419806910
  0.96392095635881159  0.97664906531298279  0.98774017254913438  1.00000000000000000
  0.03650062289928500  0.18886592340630692  0.28541122885730175  0.43137511769311604
  0.54947342235642105  0.60640892956748316  0.63012133870858289  0.64041469171830001
  0.64678836867436929  0.65219631661577604  0.65730621258408639  0.66183937594039544
  0.66575426447313424  0.66926740169124188  0.67271279027645015  0.67621703356421470
  0.67969521354940321  0.68315576344645157  0.68661794286742894  0.69010947825095825
  0.69355541132106235  0.69700572789984694  0.70035935318425258  0.70358973661953905
  0.70674519562421945  0.70996000407844950  0.71331971210462874  0.71674176503238507
  0.72020889869060400  0.72373991414241601  0.72725109501497853  0.73076563902164982
  0.73435002080557921  0.73800886385973796  0.74175399988691493  0.74556391118000276
  0.74936937465571640  0.75303471055076487  0.75607687970465620  0.75883242584635913
  0.76155245197880539  0.76416029752377412  0.76674839432974273  0.76934808600227300
  0.77236916609783146  0.77560734661320252  0.77875969857363225  0.78193199434688676
  0.78523401772685508  0.78874795326941827  0.79227567271847466  0.79572371373134543
  0.79896345818847347  0.80222961413326566  0.80554327756598298  0.80834471008298026
  0.81094490850539502  0.81379410650221318  0.81658610517536778  0.81927058771182326
  0.82195036707586155  0.82472950298597603  0.82701471530960735  0.82915590223570901
  0.83130833575067820  0.83345917223524735  0.83615428848842432  0.83941675338299238
  0.84267654652932056  0.84577867581988642  0.84879720302290462  0.85182777835655155
  0.85514006233525197  0.85912296439268820  0.86352788260585056  0.86805516913616931
  0.87252061681260318  0.87678724318883017  0.88076831226836927  0.88437969335320021
  0.88786398141281997  0.89167968298160227  0.89604994051876263  0.90098021231346304
  0.90628448409888329  0.91179694508312670  0.91757368357166857  0.92370520012958801
  0.92953207487368283  0.93507314539271735  0.94085073409655229  0.94676100369817584
  0.95567725990086294  0.96503579227714698  0.97907121823569387  1.00000000000000000
 -0.03241508588181929  0.19284561686418608  0.24785636195655944  0.27302173360014692
  0.29533766348096896  0.31470125987969511  0.32895584538703115  0.34148250542266906
  0.35336820409019243  0.36515480686433255  0.37744114458333577  0.38968856036710775
  0.40161431817347482  0.41213963417767124  0.42203176567546435  0.43210759825061185
  0.44156571023017305  0.45148511395919388  0.46079948451356650  0.46828201598688629
  0.47570676624708763  0.48343902355539359  0.49124128337652423  0.49986514421395506
  0.50796312687481771  0.51501349368641380  0.52202681141907370  0.52837275463930300
  0.53451609987051651  0.54035801035344377  0.54604698092116155  0.55168585917575330
  0.55745017428573784  0.56322458571947320  0.56916019782842719  0.57578927815146497
  0.58311695642796024  0.59035203745900255  0.59738582603523049  0.60371088974021181
  0.60799303183530706  0.61196114416165892  0.61598761571403571  0.61980557187625074
  0.62363593762194036  0.62852425347101026  0.63444120866371390  0.64055201281488128
  0.64632836399886440  0.65165837458478126  0.65683531306666720  0.66210488210600926
  0.66758500137189070  0.67283477004217551  0.67757541914809127  0.68194051324594873
  0.68630056013767005  0.69042793330273666  0.69405073740291723  0.69767280565585366
  0.70100295292913994  0.70426090520367468  0.70814408576664123  0.71261767806827170
  0.71758245427292688  0.72256841664805416  0.72714902560351691  0.73183193164894267
  0.73667729298037643  0.74146711263249732  0.74607606287002970  0.75048906815719385
  0.75480826934606948  0.75898137336774341  0.76321873140022956  0.76784226164047376
  0.77283615962484764  0.77760842058479929  0.78167904934709187  0.78549949268862573
  0.78961639171267051  0.79384501669732022  0.79861862911366321  0.80408123871687820
  0.80960142744655683  0.81468309839512243  0.81983287982020348  0.82486544295325048
  0.83031933624484178  0.83697238728001144  0.84612220064715282  0.85625063385822198
  0.86801782029662400  0.88329994422960145  0.90971527451916245  1.00000000000000000
   2.9326626326222161E-010  -1.0000000000000000     
 F F F F F F F F F F F F F F F F F F F F F F F F F F F F F F F F F F F F F F F F F F F F F F F F F F F F F F F F F F F F F F F F F F F F F F F F F F F F F F F F F F F F F F F F F F F F F F F F F F F F F F F F F F F F F F F F F F F F F F F F F F F F F F F F
  <DiscreteSampler_grid>
  grouped_processes
  1 # 1 for a reference and 2 for a running grid.
  10 # Attribute 'min_bin_probing_points' of the grid.
  1 # Attribute 'grid_mode' of the grid. 1=='default',2=='initialization'
  0.0000000000000000 # Attribute 'small_contrib_threshold' of the grid.
  0.5000000000000000 # Attribute 'damping_power' of the grid.
 # binID   n_entries weight   weight_sqr   abs_weight
    13   10   5.156481648358148E-002   2.052648703330116E-002   5.156481648358148E-002
    14   10   5.156481648358148E-002   2.052648703330115E-002   5.156481648358148E-002
    16   10   1.988396568292670E-002   3.232178778626328E-003   1.988396568292670E-002
    17   10   1.988396568292669E-002   3.232178778626326E-003   1.988396568292669E-002
  </DiscreteSampler_grid>
