  0.00000009294620971  0.00000018632034816  0.00000026055886384  0.00000052145484129
  0.00000252487768812  0.00000857544550447  0.00001907032990135  0.00002968288185557
  0.00003598370887804  0.00003833529364008  0.00004010785579217  0.00004134264259503
  0.00004235930702369  0.00004314256155010  0.00004395519047261  0.00004453313780766
  0.00004502129757786  0.00004543616637113  0.00004578529357288  0.00004609304542261
  0.00004634586131243  0.00004657397299724  0.00004676347161739  0.00004693519491055
  0.00004709680181395  0.00004725210324031  0.00004737621214733  0.00004748865615660
  0.00004758543850744  0.00004768196762113  0.00004777581179440  0.00004787205752997
  0.00004797472980394  0.00004808464911625  0.00004818633643825  0.00004828109068246
  0.00004837098068998  0.00004845725472864  0.00004853994201663  0.00004861658345579
  0.00004869231708807  0.00004876803569866  0.00004883878293139  0.00004890310649839
  0.00004896455251861  0.00004902240489533  0.00004907659030378  0.00004913322006526
  0.00004919011083800  0.00004924543982387  0.00004929850760672  0.00004935194399642
  0.00004940709678700  0.00004946395491273  0.00004952391790973  0.00004958581154020
  0.00004964937307759  0.00004971463092624  0.00004978981371501  0.00004986729349789
  0.00004994468174671  0.00005002267287385  0.00005010499683507  0.00005019456486647
  0.00005028762835637  0.00005038224957706  0.00005047619897444  0.00005056650846022
  0.00005066264748895  0.00005077529337387  0.00005089315070835  0.00005103827779574
  0.00005116951914624  0.00005132651725849  0.00005151101442337  0.00005171960687295
  0.00005195076062397  0.00005226047594986  0.00005257523476160  0.00005299065791302
  0.00005346221907716  0.00005396880585733  0.00005456790243428  0.00005530991665890
  0.00005633139232021  0.00005775425914982  0.00005946998027416  0.00006215148508365
  0.00006686034676400  0.00007327677970870  0.00008701896868166  0.00012737500522608
  0.00031911672719323  0.00180225925363424  0.25822210944782698  1.00000000000000000
  0.00007115550195619  0.00007365267830640  0.00007650229954829  0.00007956293988897
  0.00008304984153166  0.00008694199169703  0.00009046494981456  0.00009188229967485
  0.00009220441261159  0.00009232892926343  0.00009237532515440  0.00009240070393991
  0.00009241657507619  0.00009242411065737  0.00009243088058682  0.00009243643411243
  0.00009244051661851  0.00009244424957128  0.00009244682342995  0.00009244916565645
  0.00009245150788295  0.00009245371923180  0.00009245588493754  0.00009245805064328
  0.00009246029837594  0.00009246267049503  0.00009246504261412  0.00009246791332635
  0.00009247173341256  0.00009247633416964  0.00009248213713908  0.00009248913934282
  0.00009249741790739  0.00009251493525017  0.00009254448656432  0.00009259147052196
  0.00009266066843253  0.00009297178616490  0.00009435650142875  0.00009801487265973
  0.00010400908508194  0.00011116230520701  0.00011964206569577  0.00012940603612410
  0.00014032649773013  0.00015260066458651  0.00016713376193488  0.00018388051198304
  0.00020320921965726  0.00022606142724326  0.00025053985156128  0.00027670880737461
  0.00030664041918463  0.00033919856406543  0.00037546926717673  0.00041756431188734
  0.00046380404459784  0.00051019657675059  0.00055856404565912  0.00061098500493913
  0.00066647884468905  0.00072557910189217  0.00078973036925172  0.00085768983823432
  0.00093104005316079  0.00101273569874701  0.00109667938771198  0.00119052597300010
  0.00129857005080547  0.00141621184567961  0.00154236119227157  0.00167137720558887
  0.00180420290795245  0.00194474076403020  0.00210074084051124  0.00227600881788410
  0.00246808107778742  0.00267206254681821  0.00287906206772877  0.00307679432261274
  0.00326849503437079  0.00346961982707844  0.00369887428880124  0.00397732104975559
  0.00428499774107886  0.00460828608854274  0.00503802777932275  0.00560188687406944
  0.00618979744001366  0.00704556331610573  0.00856984743600902  0.01052805321843839
  0.01302919205182717  0.03029353927942954  0.49769732662629468  1.00000000000000000
 -0.00000008340752061  0.00000269195425662  0.00000446830447463  0.00000653857599573
  0.00000865572558758  0.00001100996057095  0.00001359014119031  0.00001600764635075
  0.00001790963267003  0.00001991104686050  0.00002201235297217  0.00002421180526361
  0.00002646835307017  0.00002872167079215  0.00003076970518307  0.00003266687775504
  0.00003457749353488  0.00003668137759244  0.00003869992298597  0.00004041373481491
  0.00004215077973583  0.00004384079672969  0.00004554289150195  0.00004739461069917
  0.00004948389926757  0.00005149462315903  0.00005362415717288  0.00005608651679244
  0.00005876511744183  0.00006137381554159  0.00006393014930305  0.00006669529342550
  0.00006987546706676  0.00007292848899197  0.00007615910638320  0.00007985307687330
  0.00008389269292720  0.00008824221441052  0.00009284172794992  0.00009752180796080
  0.00010226177036988  0.00010747960216664  0.00011271294160943  0.00011824150860268
  0.00012389133816970  0.00012941391086820  0.00013484747639033  0.00014048060106540
  0.00014674264393158  0.00015281188516243  0.00015958708416588  0.00016635293496425
  0.00017313219892025  0.00018076431982741  0.00018862666220906  0.00019649367972318
  0.00020573599939175  0.00021678583988822  0.00022884252823922  0.00024268776602625
  0.00025500462075982  0.00026832966492558  0.00028172013233372  0.00029683541825120
  0.00031422118770328  0.00033644356740701  0.00036244496273327  0.00038904323421739
  0.00041687877319746  0.00044625621601361  0.00047993717009154  0.00052017319365712
  0.00056578949320618  0.00061295771225510  0.00066370365140433  0.00071821156157887
  0.00077612772149346  0.00083578444560366  0.00089434222354012  0.00093362818214620
  0.00096377295839520  0.00100173244568655  0.00104305958137395  0.00108326316733087
  0.00114688942236130  0.00121741808380087  0.00129293320360924  0.00140129040278766
  0.00152963928179789  0.00169271421820159  0.00189562649646750  0.00221682661644912
  0.00284407037677288  0.00569779258553027  0.07709330428644982  1.00000000000000000
 -0.00228633003360502  0.00791495812048445  0.01871486832257002  0.02948306805061346
  0.03959499010922565  0.04886123525785932  0.05763881157560920  0.06621673639560431
  0.07450495662915291  0.08279414596657639  0.09116923496881929  0.10102745552064103
  0.11047502901666233  0.12517970091156955  0.13572253193611925  0.14631895469109799
  0.15691772409280028  0.17063622065727982  0.18401316337618323  0.19513873308407950
  0.20585164613630905  0.21682010508430130  0.22783242784087979  0.23800439057091199
  0.24901480899003889  0.26059738138175204  0.27385798672148920  0.28907871564050169
  0.30362886151080032  0.31637473303443975  0.32769471480080509  0.33984351797677248
  0.35398397522453545  0.36791770549836600  0.38100771569081282  0.39309277468343440
  0.40384028653218562  0.41450443041733054  0.42517594092088706  0.43920516713310087
  0.45365191458488496  0.46770815129205418  0.48033264625020644  0.49224793261110561
  0.50341965071390016  0.51397130461540574  0.52471422000440437  0.53728118385939805
  0.55062758025237302  0.56411793188135140  0.57801229137359511  0.59064889890582928
  0.60096309553949867  0.61202785164865836  0.62455120872884018  0.63761805219009093
  0.65062050221442580  0.66261914379236742  0.67414231054390916  0.68523253158408748
  0.69524177076445193  0.70406004424627189  0.71250879631754527  0.72260736196800412
  0.73371619586433490  0.74416732290611920  0.75363573220822455  0.76225138379454882
  0.77102798151007712  0.78115227066774084  0.79316263242733442  0.80563459990773600
  0.81720788283352586  0.82719235954763137  0.83525202861090897  0.84217730340715924
  0.84964185470645748  0.85726819544171928  0.86582505699220613  0.87609448029265791
  0.88642623298155065  0.89485265136585612  0.90288095080816066  0.91095310017922804
  0.92032206537447891  0.92925749101584620  0.93702344313480912  0.94437772301179146
  0.95194988706286365  0.95922945953356142  0.96583412166439808  0.97214597109902201
  0.97868170137007227  0.98574401527356359  0.99304830728001514  1.00000000000000000
 -0.00193574442685744  0.00764290667668269  0.01886453449571093  0.02863979170217467
  0.03817867986236825  0.04845686920054380  0.05950052399080432  0.06875185892137835
  0.07638256423251014  0.08400986611917495  0.09356057828856579  0.10460550930680693
  0.11442709150260438  0.12393956368635578  0.13399864795225108  0.14460808478903342
  0.15553499430545509  0.16647066216061729  0.17856990989323193  0.19122404221013065
  0.20311305095754437  0.21423105776957480  0.22475833675806969  0.23567396446033287
  0.24774824780949667  0.26040139442655613  0.27312112506621328  0.28523437362344362
  0.29855767877597567  0.31037974558872372  0.32116845805342548  0.33160739245575344
  0.34173029847421660  0.35224536883712881  0.36422729222824585  0.37515317081968330
  0.38637210627265961  0.39712150864466617  0.40710299162528746  0.41826081447442187
  0.43092089663006006  0.44374995759298552  0.45605706003256685  0.46602620841195580
  0.47373178160757889  0.48156179613046934  0.49135280091238659  0.50181995955703940
  0.51121847000506770  0.52075122003347729  0.53053959569180298  0.54191978350027703
  0.55377060169552128  0.56709367920906284  0.57946091304555425  0.59039057872563061
  0.60142816842965352  0.61296457699582441  0.62383524240028010  0.63350880527904463
  0.64284659162589175  0.65359698940275246  0.66516451556144818  0.67709307745973857
  0.68904883650121873  0.70058389846607350  0.71105327284936415  0.71978512858146837
  0.72719683573625171  0.73424056196396970  0.74134051578874793  0.74965323319534061
  0.75777810955577529  0.76560206103770889  0.77372847983420767  0.78262389930840270
  0.79225241514683475  0.80215498673308905  0.81317006488582233  0.82510035088914857
  0.83649128093490466  0.84721012243814364  0.85783647630626225  0.86921136985648595
  0.88139136826624453  0.89241096540920439  0.90187981635822789  0.91084904634376140
  0.92071352850220900  0.93138124990991167  0.94257609474501614  0.95418974980744864
  0.96591384566681793  0.97711795917731814  0.98860233549866461  1.00000000000000000
 -0.00103605469996363  0.00514969851529145  0.01302224361508733  0.02050724054308205
  0.02718802440623246  0.03454883607054588  0.04361743392051547  0.05382628716987675
  0.06377507803425431  0.07295285201770926  0.08183202805232716  0.09101076897281249
  0.10009878566596843  0.10842073118183561  0.11592129033430981  0.12312333900065542
  0.13088678430240366  0.13897245388367138  0.14772670643287661  0.15688056356152238
  0.16572895819281538  0.17352548184612354  0.18024009533816307  0.18741973195865330
  0.19573252506387037  0.20524299141931110  0.21556598752107370  0.22582884847606102
  0.23697241444442838  0.24822918346861403  0.25911661181843054  0.27003747331936861
  0.28060704672375752  0.29098597720883368  0.30101072176492172  0.31105635291511519
  0.32100334415426440  0.32962134311241909  0.33896925101355768  0.34865131798214533
  0.35915116129373498  0.37023141889637834  0.38074041313501999  0.38910314210667779
  0.39725535853571775  0.40539868707211579  0.41487297739756990  0.42430805898136131
  0.43281215274296680  0.44099263977539011  0.44982634846030756  0.46010012425847974
  0.47126427605951382  0.48302580651210841  0.49556025083406358  0.50879214144181784
  0.52235979547351630  0.53542214665301968  0.54681058869283716  0.55812270228502503
  0.57021616935314701  0.58047641253334403  0.59115414860500493  0.60150863550043421
  0.61192661378656998  0.62231163940967849  0.63280555766540370  0.64314872251215760
  0.65273530419826464  0.66220845536065753  0.67265417393150972  0.68339835493665879
  0.69429426273268224  0.70585327593005731  0.71774939575521546  0.73042430489851207
  0.74404064545528470  0.75759545929867789  0.77141160309171397  0.78542141385342690
  0.79995710159333144  0.81457560533425544  0.82902620558590689  0.84403432656010235
  0.85896851591996537  0.87366793458841785  0.88785785810357243  0.90103199728762662
  0.91321800249421581  0.92530263038632898  0.93675942553804792  0.94766710186638325
  0.96036762904585060  0.97350285427378480  0.98640933032437661  1.00000000000000000
 -0.00267584713969599  0.01043436752055806  0.02055761160652594  0.03078095573615014
  0.04133042762298387  0.05355370710381919  0.06599110623192943  0.07815069987339188
  0.09015328999435397  0.10098326615899950  0.11091631630923918  0.12127806204805826
  0.13066993984940042  0.13991955479782997  0.15026328975525621  0.16118516241139785
  0.17330626863195625  0.18493721576459418  0.19514342647186400  0.20477697000325057
  0.21427175707075752  0.22351149298939699  0.23308250189487681  0.24375638222925999
  0.25559331886613240  0.26868209791575626  0.28197603214489214  0.29507032147485307
  0.30799372300974615  0.32095029922168811  0.33380455829948252  0.34625372344583299
  0.35816595168791143  0.36986774255778782  0.38249143924608303  0.39618977483711226
  0.40927695145755721  0.42017628082033104  0.42982541028422644  0.43931360065940311
  0.44887177122721200  0.46001505638047197  0.47294222224561439  0.48462718417433354
  0.49633021321232218  0.50829049863846298  0.52021081275129666  0.53119394254829755
  0.54063996419062121  0.54974445031004182  0.55899658924345963  0.56879988938722947
  0.57969794062950464  0.59164498333230431  0.60374683573051280  0.61481232176862810
  0.62420338655835317  0.63228560085107866  0.64002294752859679  0.64726697055410276
  0.65431992321716970  0.66135787215470587  0.66906201638687568  0.67803666689212871
  0.68845278296826784  0.69972032093892123  0.71096745298317487  0.72133297473945435
  0.73033075712528039  0.73931065704009813  0.74887861069930406  0.75915730414702220
  0.76956146295598227  0.78010491440612995  0.79085376008951891  0.80056851339146784
  0.80850754056133689  0.81617448358964662  0.82442434751366445  0.83570130669957421
  0.84753410259851092  0.85921434357695670  0.86856528393444377  0.87769860887351503
  0.88742026971689814  0.89735903480144941  0.90830408948493868  0.91895698748827415
  0.92856039786715872  0.93632784339736930  0.94515515959082130  0.95439058300477764
  0.96449761275597568  0.97606414506633232  0.98808299738422045  1.00000000000000000
 -0.00192817004307168  0.00842072611581159  0.01752880674991526  0.02666467922274124
  0.03731168955441712  0.04844029121508829  0.06015484245342569  0.07260086511355981
  0.08456700050544577  0.09376404046074270  0.10272308793701009  0.11140621203764504
  0.11922818297518281  0.12746380092810733  0.13630311174824891  0.14583772571717243
  0.15639453021560781  0.16678684099986266  0.17552693763659671  0.18389654237604464
  0.19249194399422101  0.20135470607578662  0.21101020847763352  0.22133813832746047
  0.23202944783916998  0.24221602768835362  0.25266123741185692  0.26342417546848207
  0.27394342234597724  0.28358345259708145  0.29297062984431005  0.30217808578391731
  0.31221649766579102  0.32348522005818131  0.33549676440852882  0.34807031136051270
  0.36097120594352750  0.37303114372096213  0.38422568701294296  0.39463199843381874
  0.40411644094727134  0.41397112324916713  0.42361965227203185  0.43449625006455905
  0.44696849919913689  0.45970974429903366  0.47257108185873681  0.48578927786746190
  0.49867551026409590  0.51053857801321678  0.52186589273678441  0.53333936294083517
  0.54464134768857086  0.55443411541649912  0.56170167615523181  0.56815725482141011
  0.57709682320412792  0.58908038311058730  0.60148057003875011  0.61184727015084284
  0.62139968349728958  0.63133139794630100  0.64230193438194194  0.65375659085426818
  0.66510017917099218  0.67646830896279131  0.68738042768930530  0.69779953368042613
  0.70961952840164688  0.72140267698986671  0.73222759497082790  0.74212782802873833
  0.75118594203909972  0.76041944491905333  0.77025221507801656  0.78121640832115247
  0.79210944446861564  0.80372055840657308  0.81573910468096267  0.82739396341826121
  0.83963748830100504  0.85113779077325924  0.86291000540059271  0.87449580276821171
  0.88424300869949402  0.89359241832139569  0.90365269469243958  0.91433930971558530
  0.92470556985354080  0.93492179470123105  0.94568452418193449  0.95567231826996257
  0.96501771874592901  0.97536437850196522  0.98649660052867438  1.00000000000000000
  0.04306120286818636  0.14457481764867949  0.20328859635973454  0.24535742001132579
  0.28879403052842056  0.33699114105803651  0.38314246249030726  0.42627236203139396
  0.46701842202935018  0.50712383952437179  0.55075271439531681  0.59487154499164430
  0.62932019183184373  0.64197341063141200  0.64749248112973623  0.65272849041570113
  0.65700427978654963  0.66130747265526102  0.66535111334502406  0.66944879569589788
  0.67328246123974556  0.67708745990547281  0.68059621124965564  0.68377324185545230
  0.68699703000515189  0.69054439396659950  0.69382608490773123  0.69749145465677842
  0.70105717110206633  0.70413720238207522  0.70776619204636571  0.71154228199450831
  0.71514667250686936  0.71951659393644507  0.72344251930331505  0.72692795196394289
  0.72992339419886521  0.73280840856630458  0.73576479065753608  0.73905540925456026
  0.74246577980187001  0.74590512457685187  0.74974106391979678  0.75355196886951148
  0.75736629530891231  0.76140331682652485  0.76532725118040479  0.76914255894403394
  0.77290176188685489  0.77646835826548777  0.77988440467751119  0.78310820723683650
  0.78612615063478930  0.78928721321255946  0.79278177808889960  0.79684820479988960
  0.80090082047491451  0.80423171536729321  0.80728818890415810  0.81021645045168977
  0.81335411568255500  0.81698718518119584  0.82083480581145329  0.82458363670614931
  0.82807939485919979  0.83129629780540226  0.83445315637186124  0.83782550531311972
  0.84160903611348692  0.84581588116956197  0.85012630644132015  0.85438639362633007
  0.85868451981055571  0.86297589542719710  0.86740111861909530  0.87197481816884248
  0.87628484359113290  0.88091989744589116  0.88577095785117188  0.89077174255030345
  0.89513808276562656  0.89922006151034450  0.90327945789651831  0.90721284117626066
  0.91261089831497466  0.91876470006995747  0.92484058798485791  0.93072335707691700
  0.93645026585466384  0.94219760635417793  0.94817441895003307  0.95434137352271775
  0.96088725243322848  0.96869245658431147  0.98037309675822149  1.00000000000000000
 -0.03817756728211580  0.15950199176008117  0.21063260512897969  0.23683259881266264
  0.25986337438256091  0.27946555713905913  0.29562913818517988  0.30794290528834478
  0.31945378239288946  0.33006999455245989  0.34163935271869578  0.35599564788555643
  0.36752357325499280  0.37765854741596233  0.38795684736565211  0.39719441914068032
  0.40596021351623501  0.41488752593173289  0.42396271229008597  0.43336967900532958
  0.44200252642319032  0.45000578413670161  0.45723153620581930  0.46541330715269813
  0.47449031282389548  0.48297870594954195  0.49061629822224451  0.49781372842371641
  0.50511699542373689  0.51256818392277403  0.51992062084350588  0.52674003201301645
  0.53299040714206969  0.53882704199226494  0.54423781391203285  0.54958092496788480
  0.55522876465353665  0.56102159307263899  0.56700213417035383  0.57295924147234345
  0.57814282049337218  0.58279443158553845  0.58747390545124323  0.59239692342523664
  0.59771443042535699  0.60306510341002373  0.60822212909262729  0.61325619846943979
  0.61828323420002729  0.62332977468227690  0.62819944370932246  0.63300442203075646
  0.63789987222047972  0.64267223779059501  0.64719641000941286  0.65156974018312563
  0.65547401350283319  0.65944722176021164  0.66317366103666364  0.66673136083508866
  0.67042397342793625  0.67444579136870586  0.67857938353618252  0.68261513533307494
  0.68656693281215786  0.69085523690127637  0.69516922679992121  0.69934408941973281
  0.70347213869976544  0.70712015401635497  0.71035877286465032  0.71362036619683189
  0.71708484255591609  0.72099590839508410  0.72547341451629399  0.73060232829698335
  0.73658975407403982  0.74267665890362455  0.74899181419953220  0.75519886909171896
  0.76093466149720435  0.76591668487507492  0.77070686715680237  0.77629276126071578
  0.78233339881447839  0.78827532921022980  0.79552333656226859  0.80396772139374850
  0.81292646371534261  0.82261565227958577  0.83168050036154129  0.83827588675038678
  0.84714384077246074  0.85834572754748717  0.87096793404259298  1.00000000000000000
   2.3873592425988541E-010  -1.0000000000000000     
 F F F F F F F F F F F F F F F F F F F F F F F F F F F F F F F F F F F F F F F F F F F F F F F F F F F F F F F F F F F F F F F F F F F F F F F F F F F F F F F F F F F F F F F F F F F F F F F F F F F F F F F F F F F F F F F F F F F F F F F F F F F F F F F F
  <DiscreteSampler_grid>
  grouped_processes
  1 # 1 for a reference and 2 for a running grid.
  10 # Attribute 'min_bin_probing_points' of the grid.
  1 # Attribute 'grid_mode' of the grid. 1=='default',2=='initialization'
  0.0000000000000000 # Attribute 'small_contrib_threshold' of the grid.
  0.5000000000000000 # Attribute 'damping_power' of the grid.
 # binID   n_entries weight   weight_sqr   abs_weight
    13   10   2.987030570123436E-002   2.562471139999303E-003   2.987030570123436E-002
    14   10   2.987030570123427E-002   2.562471139999284E-003   2.987030570123427E-002
    16   10   1.874555965832463E-002   1.718883393703778E-003   1.874555965832463E-002
    17   10   1.874555965832460E-002   1.718883393703779E-003   1.874555965832460E-002
  </DiscreteSampler_grid>
