 -0.00229891385862322  0.00774981988103685  0.01605198704177700  0.02505645456547236
  0.03550331402159472  0.04510669121437796  0.05334070263429659  0.06230364822055588
  0.07223300883582794  0.08234262128950517  0.09267326388686524  0.10313403398344695
  0.11396971961433379  0.12518513207356163  0.13645412236575916  0.14955967492547179
  0.16151690524597204  0.17205996207377683  0.18261404553540389  0.19333723733329555
  0.20353370559548056  0.21395641649899871  0.22458014522504288  0.23463228701406000
  0.24512544355484753  0.25606586323882646  0.26686800846602865  0.27759217823845400
  0.28785054816136246  0.29752237663860776  0.30740024983921671  0.31769021291511812
  0.32768429670997101  0.33790785636829396  0.34753212901450481  0.35819454763913172
  0.36977338327766668  0.38004850852744804  0.38966850855524071  0.39941383305608874
  0.40930004337495124  0.41865247510000492  0.42802701940245730  0.43823298278351708
  0.44867947857228829  0.45896066356032433  0.46901392683144461  0.47918017674024760
  0.48993634331309099  0.50138233758724804  0.51406757416664672  0.52604324602646035
  0.53899843151056581  0.55100956878535867  0.56268985554696771  0.57438327548788903
  0.58584934302315861  0.59613542664792507  0.60517948571616398  0.61283929594664888
  0.62130702123908621  0.62981493246310805  0.63928001037112236  0.64864766223355719
  0.65914990920933880  0.67059584967897912  0.68256332273022391  0.69489866435716696
  0.70743648870177955  0.71909281407645720  0.73090567973582554  0.74329434236570868
  0.75568701268363037  0.76776898614751643  0.77921285776745375  0.79024873322610223
  0.80175705841494616  0.81423801027642739  0.82687430154410990  0.83810324779179168
  0.84756885470655641  0.85507504461967221  0.86177857848341954  0.87190576481077975
  0.88259999296749447  0.89064903676373963  0.89859076577994235  0.90776628319068353
  0.91817327240490321  0.92958566529969677  0.94141471781221053  0.95337637794673269
  0.96542172797212189  0.97743216038739877  0.98873346278654528  1.00000000000000000
  0.00007109200296945  0.00007385872991823  0.00007730869014132  0.00008065336292628
  0.00008387303201164  0.00008754403390507  0.00009108604708712  0.00009211676060216
  0.00009231015585757  0.00009236973168413  0.00009240094765548  0.00009241346000566
  0.00009242254560016  0.00009242962099397  0.00009243518159097  0.00009243910315246
  0.00009244216113811  0.00009244449153093  0.00009244635992283  0.00009244803407648
  0.00009244947541863  0.00009245077279373  0.00009245185666672  0.00009245287988976
  0.00009245384475410  0.00009245477180380  0.00009245569766285  0.00009245661902979
  0.00009245754039674  0.00009245855902692  0.00009245960373313  0.00009246076019118
  0.00009246199188345  0.00009246337808162  0.00009246493926219  0.00009246718028594
  0.00009246973220481  0.00009247291298128  0.00009247710518733  0.00009248267886769
  0.00009248995267993  0.00009250114873118  0.00009252325902194  0.00009256328929000
  0.00009264699891943  0.00009304630030857  0.00009492924789631  0.00009941092129468
  0.00010521056084364  0.00011182667301717  0.00012089082896992  0.00013171734908060
  0.00014347319966001  0.00015680836359425  0.00017169989104630  0.00018801108538252
  0.00020666083074328  0.00022751653262650  0.00025118157786711  0.00027770907431954
  0.00030581608997311  0.00033607173695023  0.00037078327358065  0.00040717572778383
  0.00044571555826210  0.00048723164420228  0.00053301117977240  0.00057648811925115
  0.00062328531870579  0.00067670146983619  0.00073925777898485  0.00080726797748614
  0.00088134876810250  0.00095966717055850  0.00104571779090206  0.00113789309811568
  0.00124028817898430  0.00136461560499587  0.00151050952759939  0.00167563831492702
  0.00186606533862071  0.00208444994039937  0.00231439533424409  0.00257504438991226
  0.00289367377924648  0.00324257216526640  0.00358264356839279  0.00391443267187878
  0.00428199019270645  0.00472656183026331  0.00529960952785664  0.00601014217415286
  0.00670159505032851  0.00753858848994283  0.43296838671504390  1.00000000000000000
 -0.00000035195078116  0.00000344115897217  0.00000487171783965  0.00000633703039351
  0.00000819290159728  0.00001011759107957  0.00001229525980044  0.00001481175689290
  0.00001746734414085  0.00002002743365113  0.00002237729358247  0.00002479560071232
  0.00002711311764276  0.00002946533931982  0.00003213449047681  0.00003505419635774
  0.00003801196226743  0.00004095027246105  0.00004387617657500  0.00004675277565986
  0.00004965369664821  0.00005249695172807  0.00005528849106943  0.00005805493359879
  0.00006076527279040  0.00006367089113114  0.00006682257530114  0.00007027235346136
  0.00007383290173203  0.00007741723743961  0.00008096807960167  0.00008429827567861
  0.00008755809689420  0.00009180523237790  0.00009699745294669  0.00010276023142120
  0.00010891815268786  0.00011559676343894  0.00012270215324526  0.00012992136333302
  0.00013707280607214  0.00014433079752705  0.00015230956807238  0.00016086662829467
  0.00016956179803036  0.00017869594079002  0.00018811981875698  0.00019726268773644
  0.00020728962950493  0.00021855904517585  0.00023085772321254  0.00024194305509232
  0.00025333824926636  0.00026550377380736  0.00027865752569677  0.00028997237692859
  0.00030379845584951  0.00031760138047002  0.00033170074587650  0.00034864056581645
  0.00036866449034152  0.00038994451069211  0.00041179858345743  0.00043465846043782
  0.00045802909775847  0.00048142696917637  0.00050681424508657  0.00053302586789769
  0.00056195042702590  0.00059368049007130  0.00062760984878368  0.00066456578305475
  0.00070619691985360  0.00075150568753224  0.00080075885627251  0.00085690562814102
  0.00092094037801468  0.00099060469362225  0.00106699904435018  0.00114374098385947
  0.00120027734782815  0.00124237145367382  0.00127586433525119  0.00131589501617676
  0.00139246789298047  0.00148006571880760  0.00156728125131433  0.00167558760325895
  0.00174719039584682  0.00197849125356083  0.00226211632109098  0.00432476404188471
  0.01937005107502214  0.03154624646296589  0.04160489458943897  1.00000000000000000
 -0.00186258974911980  0.00636694934470652  0.01651095219279533  0.02637452035276597
  0.03709202442733883  0.04834443492074242  0.05926090707988842  0.06983292357172038
  0.08104388729299972  0.09353015534417604  0.10710219517545097  0.12111431164742748
  0.13451254129648924  0.14646963451907163  0.15828081872769464  0.16931036808199079
  0.18072471112871605  0.19251796265299881  0.20344922562337886  0.21398325376828600
  0.22503746763115168  0.23722417065384269  0.25095908740320333  0.26521904461865159
  0.27864124941654617  0.29138713965343799  0.30422207368945398  0.31732298548754118
  0.33075508036660256  0.34447371165214313  0.35837158878258202  0.37243700505423033
  0.38602566919068110  0.39828359691453413  0.40914896180956767  0.41906754913374344
  0.43057668019224277  0.44376964219317228  0.45705355664158065  0.47035938048775339
  0.48317412942565963  0.49482469204352492  0.50662021512640465  0.51907503238426800
  0.53242651007832142  0.54565675190864316  0.55811857112878183  0.56958821618015021
  0.58073774227714436  0.59170843602360013  0.60301428882289243  0.61590524788550494
  0.62942014664600665  0.64144212155733038  0.65133812994769424  0.66025769665167422
  0.66923218004743623  0.67862245265035559  0.68832134649180243  0.69941679487539965
  0.71076002206207467  0.72191669464204955  0.73236191758323821  0.74174012742060424
  0.75115309885525472  0.76071321278534099  0.77052601300568246  0.78062471304041758
  0.79031035031973595  0.79923763527228453  0.80806589007881269  0.81594421056795829
  0.82396397554172307  0.83301187237130603  0.84210731676790029  0.85090740766463380
  0.86000393514170892  0.86939757876030987  0.87836337879820003  0.88657887209835617
  0.89445146442589163  0.90361725186363062  0.91346775323042939  0.92186462645085698
  0.92928998857840817  0.93554578436399516  0.94073948631807780  0.94662247041991099
  0.95308133299253739  0.96032295398898559  0.96786218559610226  0.97535388544060686
  0.98248675638594152  0.98902934040452772  0.99469303286593902  1.00000000000000000
 -0.00134514965893960  0.00679787654701119  0.01550336775985344  0.02393616101466009
  0.03296949535427961  0.04356317487661916  0.05574314141134594  0.06823743063124268
  0.08038322796990541  0.09187140333487728  0.10213907385684430  0.11208272993891179
  0.12146219790856626  0.13164125090886908  0.14289093036773562  0.15382966083883490
  0.16440979709601641  0.17484311445031642  0.18520963060710538  0.19591332181283189
  0.20721351355786008  0.21709074788968824  0.22666100137097300  0.23619803260134409
  0.24584036649594129  0.25612691347619443  0.26683204053318199  0.27774688514908691
  0.28847622314165178  0.29862323623622827  0.30874921429055624  0.31983713292728699
  0.33178451832096384  0.34320056269359411  0.35342742188241444  0.36313525625962184
  0.37229417876781135  0.38221640573400267  0.39359372905414070  0.40554154784684548
  0.41825763212702699  0.43126570514018137  0.44374863676617693  0.45493779307898169
  0.46536162319368723  0.47652278804733883  0.48671038248878645  0.50037793334464398
  0.51232919612512451  0.52164811884646123  0.53081502739165964  0.53916101467493360
  0.54779324476016422  0.55788488376830259  0.56893035664627289  0.58013955004284090
  0.59177946675646920  0.60370588438162254  0.61600353421544518  0.62850090555222971
  0.64084418272137234  0.65282029721864920  0.66434652915186665  0.67551172110122348
  0.68601607699877620  0.69532179992303333  0.70373519722490219  0.71192876550139905
  0.72074480374631655  0.73106000087948542  0.74137690227792341  0.75137579660181231
  0.76140709763023895  0.77142237416143922  0.78119573727960401  0.79125979394510138
  0.80274658051751901  0.81481697015887622  0.82676527949171086  0.83845381752580228
  0.84960377822953759  0.86023303963749065  0.87081540564468463  0.88167467345056816
  0.89184696373156513  0.90188327903672472  0.91184313398208905  0.92244849611596069
  0.93398193562199527  0.94667955125228620  0.95947381180814661  0.97077778560911909
  0.97862482509879589  0.98430884523695994  0.99008806755551892  1.00000000000000000
 -0.00188380261697677  0.00763461789501811  0.01605549530016494  0.02453813059044692
  0.03210086888697276  0.03946691754998878  0.04769175172743652  0.05561883953863499
  0.06410395997695258  0.07286849703644847  0.08213420974662042  0.09189481017958358
  0.10167153770398615  0.11166653862231658  0.12143923816084032  0.13042988445018019
  0.13902462275653965  0.14757405433679419  0.15620494310938168  0.16498383900076832
  0.17308084628402243  0.18071338451966457  0.18858628393784280  0.19844393014750625
  0.20909328260090826  0.22008203152105968  0.23119142043300511  0.24228976046759151
  0.25324128207559982  0.26387756893855824  0.27419634629386574  0.28425345543714636
  0.29417159117514852  0.30448457114893268  0.31582879240373041  0.32806045649007576
  0.34013495841367264  0.35052848215285015  0.35981383401884304  0.36956733095113004
  0.37967629151806515  0.39069213923488882  0.40268180450342389  0.41377503898237705
  0.42423130167037959  0.43482618591231015  0.44585558212946852  0.45782124294211884
  0.47075136442968607  0.48324732707570217  0.49488477785749213  0.50609527535577947
  0.51759123504352178  0.52998979890556130  0.54306274410044686  0.55541323137609211
  0.56651544588677782  0.57743619361759846  0.58851014721000905  0.60032203909610304
  0.61276368429898787  0.62482651446957460  0.63493028713297373  0.64385669745947738
  0.65444917541308345  0.66512159978975927  0.67559201350374409  0.68561753587979990
  0.69405282576330862  0.70087353010217324  0.70783493257138008  0.71813401398522092
  0.72551873908390663  0.73443521875874351  0.74512457074997462  0.75763390567977074
  0.77092646654789754  0.78418718314445957  0.79684068628015303  0.80855991820537298
  0.82114031169939605  0.83273757354283384  0.84265016043898566  0.85388976151774498
  0.86617885437946007  0.87909759085101857  0.89125191790387570  0.90213879533115171
  0.91278783155665477  0.92454833790043978  0.93748659265343348  0.95053594291955956
  0.96426647645242691  0.97791123926196022  0.98916103118868470  1.00000000000000000
 -0.00257321145237684  0.01045648103492139  0.01892219838696642  0.02635697426329759
  0.03418139923675361  0.04336847849196621  0.05282570930520557  0.06152820234400464
  0.07109629493063552  0.08161211784777209  0.09221308269056114  0.10338484637010793
  0.11581621311527535  0.12828435345959960  0.13909718186618228  0.14892669703899655
  0.15876170135474443  0.16860201868977900  0.17952665176215790  0.19194997703232589
  0.20312677358393566  0.21179124907218635  0.22119896524900701  0.23111045028270785
  0.24072772448421556  0.25027556836404408  0.26090221053667667  0.27127629505295892
  0.28073153641981430  0.29015708857889350  0.29961243127600540  0.30911272212713803
  0.31918702831565249  0.33047715207452666  0.34118897599436077  0.35174875710968229
  0.36295393965648770  0.37480561237023891  0.38682291182810941  0.39877620144209242
  0.41042623520231836  0.42104671910195662  0.43080034936481149  0.44094706931849709
  0.45152049272709260  0.46168855668623426  0.47131189366330095  0.48093731947079665
  0.49021733975843873  0.50022987539530628  0.51071751723833514  0.52140568417348954
  0.53283678315006788  0.54499267685418185  0.55740917254964717  0.56968200659232326
  0.58159878702962731  0.59283738734326874  0.60320368855412310  0.61326094636897144
  0.62357200083965125  0.63446371342761643  0.64639863209366943  0.65853940159021640
  0.66939505865361071  0.67980633221087827  0.69068616060246113  0.70105395203926879
  0.71323836043699906  0.72552991381730148  0.73814587299918200  0.75093645082596117
  0.76364633035302187  0.77597985323416796  0.78758060269226415  0.79815135054523634
  0.80780843428092053  0.81714712124219335  0.82678383709419789  0.83746551363280120
  0.84921177267094794  0.86112315403149198  0.87255966421825026  0.88338210169888642
  0.89348961639034741  0.90357515066999028  0.91350700432821619  0.92229319690447431
  0.93054998314411186  0.93944481509476341  0.94969539122488511  0.96047964206643999
  0.97092213137450301  0.98028232913843549  0.98992633640862548  1.00000000000000000
 -0.00178390831884638  0.00698087203717711  0.01711905279791593  0.02814054636131160
  0.03880455964640814  0.05032705230684154  0.05956684682467997  0.06938995196259157
  0.07927500245615056  0.09016532664113328  0.09959087866634181  0.10859594600603095
  0.11644415376135840  0.12324164567303687  0.13218674642955905  0.14232494584878108
  0.15198477779251790  0.16206516892894071  0.17378702672706342  0.18623447904415066
  0.19819004396245837  0.20988862796983906  0.22120920621336093  0.23191880837715273
  0.24217597729096016  0.25286467206290408  0.26372230719683637  0.27379106288533034
  0.28311282266683202  0.29315934533342519  0.30403959748280873  0.31541796256996185
  0.32747133076327645  0.34058834918235414  0.35435034425575196  0.36728766752908493
  0.37892712585462518  0.38892095730060455  0.39817201207874486  0.40860403751220503
  0.41988165113604969  0.42998026011781953  0.43982625120600805  0.45291052988543734
  0.46413339766585293  0.47311452189912573  0.48121993416194109  0.48908768467551789
  0.49802892249488623  0.50902524865659227  0.52177568650855088  0.53449829203211530
  0.54567152911833472  0.55604257336973639  0.56642418189003341  0.57622812882405783
  0.58781156627697406  0.59813489944335285  0.60716401869593906  0.61679211869159645
  0.62745762849197972  0.63843142725880586  0.64976453016949542  0.66286896477238189
  0.67668051516530003  0.68815102661914962  0.69534528369190074  0.70209882865371753
  0.71153024012436727  0.72158423745949563  0.72993418657074116  0.73791036465376225
  0.74539046030440348  0.75370790268247667  0.76499828543454806  0.77729765236498671
  0.78911189691678063  0.80010818338522938  0.81013397611985805  0.81979723252232484
  0.82936030653067383  0.83884335368711860  0.84871102339377713  0.85930565876332432
  0.87062357753583808  0.88194223716384390  0.89302067611556180  0.90392873581756750
  0.91481608094239864  0.92649669401889168  0.93912549029881287  0.95191953057319023
  0.96440518106326456  0.97643767590308139  0.98814028921678843  1.00000000000000000
  0.25995341710428088  0.34608058906817418  0.38782224876864235  0.41642071275425813
  0.44322433902229441  0.46910800617584703  0.48880132857284786  0.49176596965495584
  0.49610162112415040  0.50183779271996776  0.51181368640192648  0.52430358467749572
  0.54314534775840762  0.56363914351397593  0.59257654383019787  0.62694394872272419
  0.64603257778569068  0.65329179140895910  0.65864687185202242  0.66381660431287026
  0.66829414267117671  0.67233906028414336  0.67626101051745136  0.68024968406183983
  0.68402132963982998  0.68779234587281646  0.69133049537354474  0.69452577827896456
  0.69787393875975601  0.70118951149349129  0.70441963379122741  0.70712451563435119
  0.71003668604765269  0.71339041816031223  0.71694884705446205  0.72076483897468069
  0.72440215793702345  0.72752489870650527  0.73038380772048328  0.73318965170515449
  0.73625717281239100  0.73912646301625717  0.74186945506068602  0.74481714567702872
  0.74789369565989361  0.75116235409064780  0.75457945823296080  0.75816292286523179
  0.76181224245907730  0.76556506455620399  0.76945281194599524  0.77339779068037251
  0.77727575529491810  0.78103357204652502  0.78456317355371896  0.78772143627755076
  0.79117312057732547  0.79489452586682008  0.79892959738609803  0.80310415494917042
  0.80738771471110926  0.81165602689282834  0.81509646193322050  0.81825082608255162
  0.82157951649210992  0.82495069774222229  0.82866682162851890  0.83271111262406827
  0.83678982104718347  0.84091277662819530  0.84506095189499630  0.84909811524850098
  0.85308650115404094  0.85713785717232760  0.86144218713404197  0.86616677302539069
  0.87102007294770345  0.87566520903254974  0.88022308903661561  0.88478503273506970
  0.88954847298875450  0.89446665940680592  0.89936452476453521  0.90437896916949656
  0.90961104992388675  0.91501342253641238  0.92110735699863833  0.92765315302985318
  0.93401896084925373  0.94059759244062402  0.94754251401916456  0.95468225622056579
  0.96232424227435642  0.97066532902883351  0.98189618103203202  1.00000000000000000
 -0.03922523322751578  0.15975743994389277  0.21118349244005841  0.24057283883687625
  0.26350495015313713  0.28346831548038948  0.30009978980750113  0.31460746030773251
  0.32741499907296739  0.34008783278483290  0.35216564688226892  0.36423838391319774
  0.37572760214061468  0.38607523016604361  0.39556345851138930  0.40463510310572498
  0.41311803812393655  0.42140644589005977  0.42968524193534979  0.43809082024343327
  0.44615652164916081  0.45363959766673939  0.46073861355945317  0.46770373283577438
  0.47393288657561405  0.48002184660457586  0.48624595176979035  0.49228953021019911
  0.49751775739525989  0.50252176272770055  0.50816153155276600  0.51393450579573452
  0.51869820725976767  0.52313693546930895  0.52823042765337447  0.53350141607533896
  0.53923384167672495  0.54486797370914775  0.54991371506565101  0.55495609793182177
  0.56046503597886599  0.56641978463073483  0.57245071696801275  0.57844945035557727
  0.58446213079932252  0.58990161644287264  0.59468056217470988  0.59981777765509414
  0.60511325412803629  0.61059149299115323  0.61604456639722238  0.62186401952043013
  0.62733032836152403  0.63220318708209688  0.63668323945878669  0.64117456657178618
  0.64613329656404261  0.65162959674497900  0.65697001012714906  0.66171023054996780
  0.66662581693131917  0.67156795726604290  0.67629343669490494  0.68086454309872768
  0.68548786832443487  0.69029816416175682  0.69493485924039033  0.69913010225304162
  0.70277783035028674  0.70574964462747547  0.70882959281637059  0.71192824130467713
  0.71540800014585204  0.71947693320662243  0.72378851158183799  0.72810822264926844
  0.73310724805007910  0.73823725441301713  0.74261511307361761  0.74672874698824176
  0.75128422005133066  0.75631695626708195  0.76163567298241586  0.76690971065877267
  0.77213095463639747  0.77738600677193648  0.78315706106626348  0.78906241556833545
  0.79470101527937309  0.80272651631403658  0.81289635679136463  0.82505626315678826
  0.84119978494542735  0.85400864457373504  0.90898455932939570  1.00000000000000000
   2.4233172862622985E-010  -1.0000000000000000     
 F F F F F F F F F F F F F F F F F F F F F F F F F F F F F F F F F F F F F F F F F F F F F F F F F F F F F F F F F F F F F F F F F F F F F F F F F F F F F F F F F F F F F F F F F F F F F F F F F F F F F F F F F F F F F F F F F F F F F F F F F F F F F F F F
  <DiscreteSampler_grid>
  grouped_processes
  1 # 1 for a reference and 2 for a running grid.
  10 # Attribute 'min_bin_probing_points' of the grid.
  1 # Attribute 'grid_mode' of the grid. 1=='default',2=='initialization'
  0.0000000000000000 # Attribute 'small_contrib_threshold' of the grid.
  0.5000000000000000 # Attribute 'damping_power' of the grid.
 # binID   n_entries weight   weight_sqr   abs_weight
    13   10   1.300154232145774E+000   6.383509139459902E+000   1.300154232145774E+000
    14   10   1.300154232145776E+000   6.383509139459919E+000   1.300154232145776E+000
    16   10   2.595942570284938E+000   3.128124741287776E+001   2.595942570284938E+000
    17   10   2.595942570284941E+000   3.128124741287789E+001   2.595942570284941E+000
  </DiscreteSampler_grid>
