  0.00007136996468161  0.00007264258613185  0.00007451508248967  0.00007638802527698
  0.00007847685511793  0.00008081778844554  0.00008346856749501  0.00008642360078079
  0.00008930745806733  0.00009138295281159  0.00009211001676555  0.00009226764452497
  0.00009234924622458  0.00009238438896937  0.00009240418089055  0.00009241700213917
  0.00009242500290757  0.00009243132230032  0.00009243601405703  0.00009243961860841
  0.00009244206441436  0.00009244430146782  0.00009244627238670  0.00009244799729018
  0.00009244932237747  0.00009245059832694  0.00009245167516208  0.00009245275199723
  0.00009245372688931  0.00009245467678762  0.00009245562464490  0.00009245656714700
  0.00009245750964909  0.00009245852402140  0.00009245956711474  0.00009246069254186
  0.00009246194462304  0.00009246330364000  0.00009246478780003  0.00009246692554059
  0.00009246932222113  0.00009247197206403  0.00009247514159070  0.00009248039623300
  0.00009248689461357  0.00009249556848605  0.00009250718955918  0.00009252188151863
  0.00009254706062626  0.00009261247982574  0.00009273720192074  0.00009319217568423
  0.00009437540622952  0.00009755762489064  0.00010248039836945  0.00010852998504518
  0.00011583008642681  0.00012481422645488  0.00013567790438350  0.00014927683993688
  0.00016570903176115  0.00018515713651409  0.00020984342238112  0.00024054778424940
  0.00027637004992804  0.00031735086571100  0.00036499190081024  0.00041846841411254
  0.00047633835413639  0.00054033566912627  0.00061069295648562  0.00068679551810557
  0.00077132225454708  0.00086577662731392  0.00096359553213222  0.00106424429235713
  0.00117448652061007  0.00130584762587194  0.00145207047969467  0.00161449599888560
  0.00179323975171584  0.00197864376594509  0.00217213469673495  0.00238029498306704
  0.00260467671158582  0.00284803954477062  0.00312404308107430  0.00343392180565692
  0.00374461057441047  0.00418437476519047  0.00473245511255144  0.00545002832751087
  0.00632705407676855  0.00744649731286662  0.00932369826593024  1.00000000000000000
 -0.00797573254963388  0.03414744948236050  0.04954274957959907  0.06242765345839504
  0.07436166962288389  0.08613471988467687  0.09841822869292374  0.10862754491096609
  0.11811887178227642  0.12812546758928522  0.13886809001361083  0.14854059279928644
  0.15807208180816135  0.16757461851050107  0.17715329728534226  0.18721206716819488
  0.19796375180097275  0.20952222444709642  0.22233664157953598  0.23608636494144650
  0.24959317833905056  0.26107181807027913  0.27254269226933875  0.28349233032087767
  0.29362931617183813  0.30491191344287466  0.31466759096354613  0.32472251451940731
  0.33457256612988406  0.34450675265527231  0.35439986457675865  0.36448627707849507
  0.37475335906459378  0.38721661593675738  0.39913466274514625  0.40916122780283692
  0.41803872095252459  0.42689043586985514  0.43598066956166270  0.44482257562557670
  0.45410761052922310  0.46312540317782014  0.47261832144232696  0.48245943377300804
  0.49180038868433484  0.50155714332404411  0.51164974858753498  0.52203128375166430
  0.53266515692006733  0.54395520959423960  0.55615893981778441  0.56890005238892116
  0.58155052968009291  0.59348931881517741  0.60408286803968836  0.61390527294658581
  0.62411437649214929  0.63451913391807502  0.64558481732437034  0.65653076944177824
  0.66641713426411797  0.67564541526156241  0.68527076796745667  0.69513659251645366
  0.70563476300437633  0.71696488527857283  0.72858019276635078  0.74018778451594724
  0.75150287921837666  0.76251000550285042  0.77343654122488525  0.78397222022077351
  0.79339950489083566  0.80196318569019598  0.81089090510107309  0.82093961487892442
  0.83189196900243800  0.84288403644010701  0.85362665270630489  0.86454572438212263
  0.87584510552863037  0.88672537013327746  0.89598066971473556  0.90524497141243332
  0.91474298309736923  0.92349244637932215  0.93151284630948550  0.93918601872683960
  0.94711991284517327  0.95608577669597916  0.96512067691937320  0.97253321170676488
  0.97946344482311942  0.98586644607999252  0.99135226897011397  1.00000000000000000
  0.00000010492826018  0.00000198657956073  0.00000275077354996  0.00000402412528237
  0.00000565525415460  0.00000739842900054  0.00000942009881475  0.00001182608996827
  0.00001433771601684  0.00001677689377214  0.00001949099884384  0.00002219974646886
  0.00002467413338589  0.00002664300278556  0.00002879129400846  0.00003100043644329
  0.00003373077027433  0.00003658468526883  0.00003907823722656  0.00004168852078626
  0.00004445679019744  0.00004734513893213  0.00005028378921651  0.00005341916774536
  0.00005674530638319  0.00006032295507426  0.00006398125688641  0.00006746620594327
  0.00007084954947255  0.00007448530848072  0.00007834564369015  0.00008251008145645
  0.00008683047262094  0.00009119266189323  0.00009565585850138  0.00009954871820532
  0.00010347737797129  0.00010778472957135  0.00011219743854275  0.00011666149146354
  0.00012131227260995  0.00012747078276001  0.00013335176222963  0.00013913531219361
  0.00014500453515357  0.00015121889249976  0.00015742442488518  0.00016428397842519
  0.00017262800253709  0.00018234379198268  0.00019299606039181  0.00020449132275663
  0.00021697318554663  0.00022956756142680  0.00023942900805889  0.00024975383012893
  0.00026093535885752  0.00027263303890922  0.00028451363086196  0.00029617082455693
  0.00030595407498727  0.00031514376207558  0.00032405018216213  0.00033490130837128
  0.00034938569451238  0.00037044110962507  0.00039563816665146  0.00042341343301501
  0.00045294835720213  0.00048353961569641  0.00051391188029398  0.00054251466614125
  0.00057082571041369  0.00059853653529737  0.00062538619541859  0.00065251501523667
  0.00068279426222658  0.00072215828497170  0.00076576420760899  0.00081455256828209
  0.00087263679131653  0.00094164018197016  0.00100560461502797  0.00107225806264494
  0.00114818233114094  0.00123300935122799  0.00132947345956145  0.00144928730273329
  0.00158894546690491  0.00176478621855800  0.00196891118590604  0.00219823681854500
  0.00380666585719811  0.01357801409875029  0.03364521395870637  1.00000000000000000
 -0.00118377085852632  0.00572298417690673  0.01216063922789228  0.01836152895654550
  0.02621531532447737  0.03550643106912073  0.04482903268163389  0.05453496795641663
  0.06433032911553627  0.07328341405706977  0.08164769528614947  0.08980649997417256
  0.09860202657630798  0.10849807659473139  0.11834268377473900  0.12797650085058845
  0.13762231126804025  0.14720767131466828  0.15688879101050612  0.16659454469767337
  0.17636763462437471  0.18623623992833965  0.19567342532009363  0.20472638848105049
  0.21408708655343917  0.22333955608321912  0.23209434143649177  0.23981264627646448
  0.24739393518385547  0.25482411135647776  0.26158817524905298  0.26882614990916692
  0.27652442921191478  0.28487480277587440  0.29431121828522910  0.30401679695858658
  0.31329545641363393  0.32199439546882197  0.33071707504586367  0.33940866441351841
  0.34810062156947591  0.35701172472109843  0.36626946427557194  0.37671516382289683
  0.38855649759314809  0.40051541672088165  0.41169532021574806  0.42193073440516315
  0.43200590675707828  0.44280800678329985  0.45433106951226898  0.46618890235703764
  0.47749125187125918  0.48938683529734128  0.50123482495664440  0.51066932120271469
  0.51903607202965474  0.52917740186748319  0.53859788550791576  0.55099544772441256
  0.56200964729397684  0.57353149797853176  0.58437112246814693  0.59531515960676451
  0.60686412628304720  0.61841849720442177  0.62977400660072913  0.64183721230028912
  0.65487242954127278  0.66815785308152542  0.68181839030486113  0.69548828655874084
  0.70819923408597718  0.72108450636667809  0.73395212642161001  0.74690016266144044
  0.76032271786008510  0.77438257967688218  0.78896066821482702  0.80306376668769830
  0.81564833935078218  0.82890236638512427  0.84344912560621210  0.85226475668891000
  0.86266795424837450  0.87290318760583685  0.88260040497190018  0.89494128569311981
  0.90826693518246859  0.92240401818015672  0.93566360800495618  0.94643274247233156
  0.95822788395617664  0.97022277624671327  0.98346707885207119  1.00000000000000000
 -0.00266016654759030  0.01045345230358723  0.02105719708610218  0.02976751837198749
  0.03642323472821736  0.04336942881650666  0.05191247027112741  0.06245641576102595
  0.07360261209252013  0.08513838982573925  0.09712881508511492  0.10966760910991238
  0.12296031809835133  0.13644833078556490  0.14892050975400611  0.15978904473630326
  0.16987662053257779  0.17979370524622990  0.19011652088081915  0.20080356273215591
  0.20868154203789896  0.21515857862215532  0.22389782846432876  0.23238087898182461
  0.24145991133539643  0.25181149277574738  0.26173804452953892  0.27146249351087298
  0.28168417587791172  0.29235752305590290  0.30448799270908394  0.31771566672274842
  0.33065387028750520  0.34249670652453784  0.35329235434820605  0.36322188517696580
  0.37232095552692313  0.38116574162677341  0.39024758796244885  0.39834308955472386
  0.40548699216728684  0.41323445361879624  0.42158489937927501  0.43085601265670254
  0.44091970483955256  0.45185757993069936  0.46361565175741842  0.47498136755532977
  0.48583086885230131  0.49620045191801954  0.50611945006114967  0.51710816237916934
  0.52681239593628715  0.53594398611969418  0.54549526423328765  0.55587736053289871
  0.56683470893936305  0.57703782209917098  0.58695360121266515  0.59735855126143755
  0.60757888310861363  0.61735253739008866  0.62786126306343737  0.63801573563257941
  0.64785851692475227  0.65837753869951399  0.66974915093445286  0.68163320587477338
  0.69327852154341629  0.70434083737249720  0.71539157400288156  0.72601361936005393
  0.73594313616423568  0.74626919164175487  0.75751629894380601  0.76850670680742528
  0.77945220754001199  0.79065513492441886  0.80236927321406837  0.81416175640838850
  0.82579360279843206  0.83796920703057332  0.85022541135941332  0.86118994575213170
  0.87070891945767703  0.88018891629780438  0.89024182057578805  0.90143378951461872
  0.91345031103550933  0.92530506678707469  0.93722498772855234  0.94977382564976898
  0.96250940922799433  0.97512107197456277  0.98712554720816303  1.00000000000000000
 -0.00294931446893876  0.00954745224484774  0.01848996404195513  0.02599201525348526
  0.03387978894144187  0.04173354339884464  0.05017216404782094  0.05981150378349352
  0.07013688807546327  0.08088965764931180  0.09276977090768029  0.10464695757611922
  0.11522353675735489  0.12512150841893702  0.13452886981648385  0.14542273554399104
  0.15727924100050025  0.16889519972700745  0.18114212692535567  0.19401146110737169
  0.20709793877761901  0.22041913784489786  0.23295067536815298  0.24544550235748894
  0.25921608978648081  0.27419429041305221  0.28935087473614268  0.30316534264279210
  0.31581515348946287  0.32856582730519429  0.34212202080577780  0.35627947527417259
  0.37049912622762549  0.38434709244541415  0.39744571501672693  0.40964229608326214
  0.42230752993476872  0.43599603149653260  0.44948535848833127  0.46000337410390807
  0.47042441205574198  0.48294713528783606  0.49723768373738031  0.51228413769063252
  0.52712318169702188  0.54053431341793556  0.55205118100562967  0.56259255417477061
  0.57339658248922165  0.58529087307300098  0.59865240640547035  0.61280769570247828
  0.62587151385063877  0.63669384059985845  0.64597003463900027  0.65656054727137014
  0.66848451854184499  0.68025926279588800  0.69174064022161486  0.70378090148814787
  0.71514711733038738  0.72422813015161303  0.73232040158178680  0.74114114962370536
  0.75021165400310263  0.75947935695956026  0.76789050899630151  0.77676736872965813
  0.78605086711944572  0.79497762075728395  0.80459017127918753  0.81496742843430281
  0.82360647307112533  0.83133245692517255  0.83895998429114005  0.84610395365115132
  0.85301409378751236  0.85952933001767540  0.86688249685345020  0.87470293028076929
  0.88372371055007981  0.89255884012595976  0.90100671748433081  0.90941159396384164
  0.91784346030675834  0.92676896957690225  0.93633827073707732  0.94600980544879931
  0.95522615414963585  0.96407562623120269  0.97201186081299917  0.97889409532441329
  0.98493789467886250  0.99046608345997644  0.99548600635655005  1.00000000000000000
 -0.00134473081517589  0.00641531211181204  0.01594597438583470  0.02638984215363256
  0.03852823203081848  0.05094930910299082  0.06099827905079463  0.07121699483794632
  0.08180143795583664  0.09382547502174618  0.10730740068559928  0.12052111707358351
  0.13287675061703580  0.14425919904351350  0.15549958987311158  0.16719785638534687
  0.17869400883842701  0.18939182370186763  0.19974179952444188  0.20989733698181789
  0.22016428473082605  0.23147324406945202  0.24336107392862422  0.25531448780038085
  0.26794609106195855  0.28097619213561137  0.29382831062278641  0.30623928102472997
  0.31844333457048252  0.33038753158703094  0.34188650557597716  0.35138193275758084
  0.36089398881173013  0.37216045176786100  0.38224476426355486  0.39281682957201364
  0.40499516896417509  0.41649116160806832  0.42612454373823627  0.43512712996189407
  0.44318063748621656  0.44997063999785969  0.45789549292843723  0.46686059829819571
  0.47614065872581540  0.48565987384025838  0.49535815325033133  0.50591283918604657
  0.51759640249282679  0.52922169693879872  0.54012219360019653  0.55064780177892358
  0.56119269184106757  0.57161616847044172  0.58214137570457336  0.59297308478325417
  0.60374392097368235  0.61410394970828863  0.62393745445414139  0.63323220866968921
  0.64289583688892393  0.65346978358247765  0.66500903125822508  0.67704712714687465
  0.68881592544171433  0.70070520940679748  0.71239045958930791  0.72295025122618506
  0.73308109843487335  0.74214224153839425  0.75033328624184359  0.75990062317074403
  0.76974094662893588  0.78047554289360210  0.79179281109619415  0.80252298151592938
  0.81308904931839965  0.82417493099079864  0.83530900796855068  0.84678335882378242
  0.85796311735272479  0.86933498273409004  0.87903124002133981  0.88695828887237260
  0.89511203404777973  0.90363388396506117  0.91162371942563214  0.92043322669061500
  0.93033022796378073  0.93959679411878705  0.94861708243235210  0.95651226006392021
  0.96562957859998899  0.97520168027776444  0.98561526816589184  1.00000000000000000
 -0.00273019605019148  0.00983199329832201  0.02154936477963235  0.03427586727573857
  0.04730299049649059  0.06003994425670704  0.07216385547563904  0.08360696747705468
  0.09475243218915316  0.10595902562536384  0.11701270976924211  0.12735251877219517
  0.13684540090322783  0.14608825338795342  0.15539897006344286  0.16518729673503424
  0.17491744508331514  0.18416640011369864  0.19379884269010506  0.20327435211190123
  0.21283284489639823  0.22176369853939032  0.23140431792303306  0.23953246026253847
  0.24771855387666109  0.25659967076650214  0.26688430891839748  0.27781212379230646
  0.28892587031611122  0.30131011802651136  0.31396074696952031  0.32549910847850461
  0.33661415710992038  0.34713263924057552  0.35690655048627978  0.36705471645529347
  0.37759250741156092  0.38819059503526915  0.39859924825596682  0.40915654299179782
  0.41977438548439772  0.43054941458202800  0.44063606430308561  0.44972918249453270
  0.45870489230600836  0.46756794094143883  0.47679895801602645  0.48639056398344316
  0.49529514076896886  0.50373038909577361  0.51265487034276569  0.52233653171422323
  0.53450701283716873  0.54776470685390644  0.56056927831010051  0.57288292392360718
  0.58494965529471898  0.59690737660951343  0.60857184901542738  0.61982779832454116
  0.63221370037565716  0.64435603080094728  0.65488062799960078  0.66424874129823808
  0.67253258661614634  0.68121986436780557  0.69083561325471210  0.69883774241024355
  0.70765899808033816  0.71772703712461972  0.72805026308997767  0.73871215282941793
  0.75033392874221416  0.76269101644176829  0.77465528573657916  0.78668361875077153
  0.79815536069282056  0.80902343335503724  0.81981583018118231  0.82900345626650962
  0.83923651014395051  0.84780082144996083  0.85828021148462064  0.87011292858408018
  0.88207316504528055  0.89314859927472889  0.90322918030868948  0.91285601801142180
  0.92262825779908531  0.93288335773622855  0.94408122225960589  0.95611306569013654
  0.96774428197330853  0.97845511640839722  0.98961400919353115  1.00000000000000000
 -0.00437091718614954  0.23790389305278584  0.40467173936762019  0.56027170494268308
  0.61771140996091256  0.63587294221333612  0.64471411284807545  0.65055612385385742
  0.65552208225444808  0.66031617648577878  0.66480639238563288  0.66921919873232105
  0.67353865755229447  0.67766048044089722  0.68155738470324312  0.68515364286805547
  0.68832612090495804  0.69108116202464631  0.69363420808243670  0.69612455785355076
  0.69866667340387534  0.70126449257362411  0.70369875569436069  0.70685463881895894
  0.71037213005204392  0.71371008394982183  0.71686751905466572  0.71988681075105587
  0.72273254527134811  0.72533783859075374  0.72790257141122683  0.73074224505135343
  0.73362958909414988  0.73624908326957195  0.73898411845153211  0.74185519347690043
  0.74469620139696158  0.74749073605643890  0.75036581867997176  0.75339281230125088
  0.75656444803803335  0.75995502647100976  0.76335560808105907  0.76689866101328563
  0.77006382963264086  0.77260132800486492  0.77496361266244906  0.77754492334350189
  0.78019723251887585  0.78269555775389288  0.78537307465400386  0.78844684774653795
  0.79160726766836187  0.79452317331596489  0.79745757821775987  0.80038565119342620
  0.80326724301719643  0.80647933073962186  0.80965719990767349  0.81267474076405932
  0.81585193173403192  0.81922358513943849  0.82254221242638637  0.82606087743104895
  0.83010926248725225  0.83457740612557596  0.83897211126481663  0.84252164676041352
  0.84594063680679310  0.84936658427647793  0.85245185024962433  0.85551192012448773
  0.85865660083037743  0.86213474708306148  0.86600128830395218  0.86989107773158802
  0.87345265077768985  0.87693232980497071  0.88051686268947482  0.88447787741603712
  0.88889331144090367  0.89363556527909505  0.89863154121511768  0.90400113330357978
  0.90946399546274337  0.91507874027379565  0.92099910304402710  0.92716809055601812
  0.93358219213975813  0.93996608886188859  0.94616705992909966  0.95215542080771598
  0.95881457619158506  0.96648846534607957  0.97960309187728378  1.00000000000000000
 -0.03543362814617761  0.17261405144791592  0.23874833170582682  0.25903370068382220
  0.27546334849014348  0.29459211752482833  0.31417432732364797  0.33187523770217259
  0.34786720396863319  0.36230278463070253  0.37417045614293098  0.38373391936527768
  0.39240869284453428  0.40047464135940203  0.40936295813368118  0.41847220985900097
  0.42777211119924469  0.43798861107358861  0.44915179047617088  0.46035134440847653
  0.47082103976573253  0.48053369879579455  0.48967153868650354  0.49826932839135751
  0.50618091117313091  0.51336009238338598  0.52002135235286728  0.52681801794847427
  0.53423448569374477  0.54158481523579693  0.54800291146057289  0.55368873915368721
  0.55937403524253204  0.56485578949130522  0.57055943566922307  0.57625058740052171
  0.58191661573711950  0.58799817491619122  0.59344570407451824  0.59907180133752436
  0.60423028245685273  0.60882248008016049  0.61380970860231876  0.61868026197882453
  0.62345692312345802  0.62832549655096104  0.63347359628137279  0.63879646042639127
  0.64419856451275714  0.64980139180415153  0.65563622607362981  0.66154025972266117
  0.66665514082350574  0.67183258049896266  0.67685848598318177  0.68211211119253690
  0.68767659399318637  0.69339439155347515  0.69900786042025631  0.70443383897356782
  0.70963886576296098  0.71456111032598835  0.71924872948650376  0.72375387683178050
  0.72798232667886698  0.73205856917933598  0.73620693167870210  0.74048890591384253
  0.74450692054129175  0.74810894223322755  0.75206362991952869  0.75640088071378142
  0.76063485121431618  0.76497702353045827  0.76969959416257416  0.77461157104200684
  0.77945179505763307  0.78422354495313484  0.78877220917375235  0.79312921266260605
  0.79769548586080130  0.80238798403103140  0.80768094355302378  0.81284388792021356
  0.81729789173912437  0.82188186238730598  0.82741318945046283  0.83247975965150800
  0.83844623822530262  0.84593959311447764  0.85371834621594789  0.86345007865853407
  0.87580252724499197  0.89342324627318492  0.92245795378961815  1.00000000000000000
   2.8934694788032217E-010  -1.0000000000000000     
 F F F F F F F F F F F F F F F F F F F F F F F F F F F F F F F F F F F F F F F F F F F F F F F F F F F F F F F F F F F F F F F F F F F F F F F F F F F F F F F F F F F F F F F F F F F F F F F F F F F F F F F F F F F F F F F F F F F F F F F F F F F F F F F F
  <DiscreteSampler_grid>
  grouped_processes
  1 # 1 for a reference and 2 for a running grid.
  10 # Attribute 'min_bin_probing_points' of the grid.
  1 # Attribute 'grid_mode' of the grid. 1=='default',2=='initialization'
  0.0000000000000000 # Attribute 'small_contrib_threshold' of the grid.
  0.5000000000000000 # Attribute 'damping_power' of the grid.
 # binID   n_entries weight   weight_sqr   abs_weight
    13   10   7.712167358808958E+000   5.789615501767832E+002   7.712167358808958E+000
    14   10   7.712167358808858E+000   5.789615501767684E+002   7.712167358808858E+000
    16   10   1.447816455161021E+001   2.053493377026587E+003   1.447816455161021E+001
    17   10   1.447816455161002E+001   2.053493377026534E+003   1.447816455161002E+001
  </DiscreteSampler_grid>
