  0.00007132743744101  0.00007301922154426  0.00007522687469610  0.00007767829546397
  0.00008051974377218  0.00008391018311190  0.00008746249455582  0.00009064836126655
  0.00009214283917722  0.00009246426172176  0.00009251756133245  0.00009253980124874
  0.00009255432935331  0.00009256378001126  0.00009256985559193  0.00009257348896710
  0.00009257598363271  0.00009257806735991  0.00009257981384723  0.00009258120891419
  0.00009258237378569  0.00009258341183797  0.00009258415316338  0.00009258485744603
  0.00009258552291840  0.00009258608492243  0.00009258659574392  0.00009258706151868
  0.00009258750353181  0.00009258793908662  0.00009258834821002  0.00009258875502203
  0.00009258915617482  0.00009258955708056  0.00009258997201786  0.00009259039356294
  0.00009259087389274  0.00009259138044363  0.00009259194006452  0.00009259253059698
  0.00009259317943223  0.00009259402408327  0.00009259494764829  0.00009259604653105
  0.00009259737097182  0.00009259888447543  0.00009260063594346  0.00009260358927855
  0.00009260759978911  0.00009261319045535  0.00009262197208135  0.00009263604318823
  0.00009266787993781  0.00009277952598069  0.00009331603241687  0.00009660582274512
  0.00010226638031891  0.00011018867807389  0.00012047281322799  0.00013375155542700
  0.00015117425742126  0.00017372685870119  0.00020217556049488  0.00023724311542033
  0.00028036653297597  0.00033122700099766  0.00038876332511696  0.00045203317658481
  0.00052541848704136  0.00060677034873563  0.00069354382896795  0.00078966672250847
  0.00089534634512219  0.00101052001295551  0.00114498855864997  0.00127638012473866
  0.00140119154960061  0.00153788470932180  0.00169157554293919  0.00183308225896793
  0.00198607007989198  0.00215747775937019  0.00235664837596740  0.00257280474901442
  0.00281142832328298  0.00309665780886209  0.00344445323775580  0.00380267562796169
  0.00414681752862330  0.00451027995095371  0.00511779513869242  0.00632551732428593
  0.01515281733000187  0.06804829975351155  0.17283297160089489  1.00000000000000000
 -0.00000007272282458  0.00000631227700769  0.00002243257822880  0.00003384105589375
  0.00003862622468215  0.00004052619356822  0.00004208131538651  0.00004319448395132
  0.00004399773949514  0.00004463224290900  0.00004512994488927  0.00004552924059172
  0.00004578832114308  0.00004600082872155  0.00004621975180853  0.00004642492210231
  0.00004665232694235  0.00004687064900206  0.00004705862572816  0.00004722294858885
  0.00004736793818633  0.00004749633487614  0.00004761645445709  0.00004772930639951
  0.00004783377892581  0.00004793080119411  0.00004802315745607  0.00004811154934999
  0.00004819853345608  0.00004828187364457  0.00004836138445296  0.00004843292847708
  0.00004850135921531  0.00004856536267683  0.00004862496949703  0.00004868223246215
  0.00004873812156475  0.00004879268026817  0.00004884791519167  0.00004890336550535
  0.00004895584010692  0.00004900677611286  0.00004905779555476  0.00004910852559459
  0.00004915355528097  0.00004920699843892  0.00004925581401749  0.00004930499435926
  0.00004935589379408  0.00004940554275048  0.00004945821420314  0.00004951214173121
  0.00004956716587741  0.00004962439377390  0.00004968416736944  0.00004974399372761
  0.00004980486210682  0.00004986906673818  0.00004993834175180  0.00005001269055557
  0.00005008774986062  0.00005016886260497  0.00005025703263919  0.00005034979890233
  0.00005044559768836  0.00005054290608330  0.00005063833946415  0.00005073877228647
  0.00005084773182225  0.00005096376292347  0.00005108528919705  0.00005123018712198
  0.00005141860710187  0.00005163400145498  0.00005187202815392  0.00005213857431799
  0.00005245373335939  0.00005280845290009  0.00005325557109686  0.00005378259702651
  0.00005439183087631  0.00005520732580208  0.00005635053911168  0.00005794237875775
  0.00006022384723717  0.00006370538582173  0.00007052848241065  0.00009070442522231
  0.00012905772154336  0.00016887334958276  0.00400249572480692  0.04302747827848544
  0.08205246083216398  0.24199442709439650  0.43016440409138423  1.00000000000000000
  0.00000009211728571  0.00000188253165517  0.00000323461277180  0.00000514408651203
  0.00000784294944755  0.00001097800438056  0.00001430095012119  0.00001770936183906
  0.00002134440742179  0.00002475678502333  0.00002808806667313  0.00003131849370251
  0.00003397693140969  0.00003628532546965  0.00003880210684580  0.00004164481989116
  0.00004444932997001  0.00004711807899229  0.00004985126968713  0.00005236698771566
  0.00005496070868539  0.00005790611705350  0.00006108126161609  0.00006434058734398
  0.00006770588098445  0.00007139048278810  0.00007536945635323  0.00007948623607246
  0.00008357422656598  0.00008771788898659  0.00009201889787122  0.00009660139957734
  0.00010128035429582  0.00010680450616215  0.00011248401395100  0.00011806743652555
  0.00012412976156717  0.00013011901607506  0.00013554859758425  0.00014118904458310
  0.00014772101143407  0.00015443622711282  0.00016100675339913  0.00016600912826338
  0.00017237661827516  0.00017897503331794  0.00018632366074315  0.00019417323323485
  0.00020251971691197  0.00021189447843995  0.00022201400492288  0.00023349619395370
  0.00024741973688004  0.00026356037558008  0.00027904536758395  0.00029272863545542
  0.00030645895702536  0.00032143678808252  0.00033724421880061  0.00035161655055664
  0.00036427435864552  0.00037598767375671  0.00038829234844238  0.00040454984678419
  0.00042216050939586  0.00044353458928237  0.00046754377774516  0.00049337390559369
  0.00052101546664274  0.00055064424980059  0.00058273981335438  0.00061803639786975
  0.00065723335658169  0.00070005522160888  0.00074498433299554  0.00079162247485085
  0.00083932563815865  0.00088710290267387  0.00093725253789159  0.00098826703681818
  0.00104299868561775  0.00111787479485088  0.00121097708781405  0.00130754173981032
  0.00143231323716766  0.00152387801419034  0.00160026064821780  0.00167664328224526
  0.00410605771993800  0.00778776569776276  0.01146947367558752  0.04211945821508931
  0.08602428779838044  0.12992911738167157  0.17123581438356369  1.00000000000000000
 -0.00186679335830495  0.00759651621137515  0.01551034976688559  0.02341494351963887
  0.03158754081592826  0.04037265861172425  0.04841312644056015  0.05647378628474418
  0.06529077363759539  0.07434520537703275  0.08322896084931254  0.09193663828300079
  0.10048490688925001  0.10952158419732649  0.11983485506397010  0.13054279735963983
  0.13975467606201475  0.14754967731775803  0.15489265679438116  0.16273314913624592
  0.17270588460300970  0.18294750588463990  0.19214652230390442  0.20073998852701283
  0.20972793973002896  0.21788134061767947  0.22760286835425542  0.23806051179814311
  0.24687189204426541  0.25533429694743531  0.26388738731450634  0.27381837132543957
  0.28422051719704333  0.29374493109597877  0.30320314998597581  0.31201472962463761
  0.32185716083271115  0.33132146373893751  0.34125934937218633  0.35136288694503914
  0.36186191755904579  0.37151478019458584  0.38026854425170076  0.39010844457448579
  0.40140979292399831  0.41306923747432639  0.42477110352116548  0.43605396573080646
  0.44617540712772963  0.45645149635658533  0.46762867825973303  0.47893971013523917
  0.49054569135018755  0.50165414858538115  0.51129917247065848  0.52114619650891980
  0.53062613524830027  0.53993482700334960  0.54826591907789124  0.55700744843839745
  0.56772084336614936  0.57951551680084157  0.59271436365475971  0.60541505370456827
  0.61759798848967218  0.62943940772467888  0.64139352329349208  0.65263185009315761
  0.66446716618324497  0.67315899944556379  0.68236614077834057  0.69162240602037173
  0.70179106922465895  0.71310038939764753  0.72452430709558402  0.73642337883438647
  0.74958378370473533  0.76392817696854420  0.77966828973880153  0.79478093788127591
  0.80914016747462780  0.82255176309948663  0.83479326219779459  0.84629342470556190
  0.85721535150387840  0.86783632787350640  0.87942773339357161  0.89171400563908931
  0.90402987056473261  0.91692934401039050  0.93049977984906029  0.94425897654144786
  0.95799220139736585  0.97181560055292149  0.98591166411313613  1.00000000000000000
 -0.00276397222342249  0.01024430245479600  0.02150308302341570  0.03278868961468138
  0.04382563336185811  0.05548362124613308  0.06717349235882282  0.07866210197692182
  0.09002155095910587  0.10157672997018011  0.11329041731689023  0.12497293437721213
  0.13649068469454984  0.14786317676297911  0.15911729482720144  0.17018832245471310
  0.18120418402709859  0.19227889289430886  0.20323261691097169  0.21442138273936973
  0.22601703686259494  0.23707652592122816  0.24754631605546157  0.25786023377044326
  0.26797928352681383  0.27776147830927600  0.28736670588600444  0.29722844220519218
  0.30726604286214737  0.31702167600257697  0.32701855283399167  0.33723654409037218
  0.34749105370550271  0.35795715945009404  0.36793249303700087  0.37723308382226400
  0.38637357467610378  0.39595144956078748  0.40681303795541834  0.41912901057755980
  0.43223891569806716  0.44512885896033511  0.45657664757560185  0.46581714170801553
  0.47461075436850048  0.48338456412066733  0.49194834867951881  0.50136979985127905
  0.51192200837661350  0.52314626139937992  0.53477782989879441  0.54670022370541393
  0.55869878684635477  0.57019720117045170  0.58097189003001581  0.59108219978630039
  0.60114183457126835  0.61111504302412600  0.62135277250694054  0.63218500212681183
  0.64369231975698449  0.65540809112478016  0.66417934339696905  0.67154272602560261
  0.67937004152865677  0.68898780670930238  0.69956550117583816  0.71007678624048287
  0.72084983568204175  0.73210236875286883  0.74369763283267198  0.75579467376001219
  0.76817414902935344  0.78043225489884860  0.79285987817818460  0.80478684165575054
  0.81363748018597992  0.82338977615440878  0.83350998807862531  0.84369222779124664
  0.85357662867864537  0.86319773743249006  0.87228252213410640  0.88094543021283933
  0.88966871471926001  0.89894735163937112  0.90741493314504096  0.91860324996750853
  0.93008251443036638  0.93897785563746961  0.94686970391522152  0.95579027889329571
  0.96674756734917067  0.97756244182082619  0.98844085847089236  1.00000000000000000
 -0.00224751423948544  0.00702664024545758  0.01857679108392871  0.03001010415980713
  0.04130360961184984  0.05297656208053749  0.06537726079313629  0.07751642275144004
  0.08822438844178163  0.09906133827201555  0.11017518243456459  0.12129352480258553
  0.13331989344737613  0.14482354349875121  0.15587193910593222  0.16731591981529276
  0.17936482583976723  0.19121116795551413  0.20172698734644368  0.21341016387555417
  0.22583735465174709  0.23874794670588040  0.25221169308247399  0.26617196857848141
  0.28035859655435541  0.29503054279666013  0.30895730667818472  0.32124549125524593
  0.33242904095806025  0.34357853754858431  0.35580892817941256  0.36970320484432040
  0.38277596946136327  0.39471217324837043  0.40681091885795723  0.41973086579422547
  0.43360953479301789  0.44772031148012054  0.45997277395535086  0.47175274285597552
  0.48320970275143893  0.49370946730870779  0.50422281827324877  0.51517499060666272
  0.52786191611808886  0.54006261122645316  0.54905446225931520  0.55701215513016289
  0.56710086808922189  0.57700037903754997  0.58794160570836917  0.59897841212351077
  0.61137814820787562  0.62418788304545325  0.63639040837275740  0.64871458257515446
  0.66065833354571657  0.67134481594400619  0.68085009475582370  0.69024044744978930
  0.69931060059392658  0.70838972291248936  0.71763511292038762  0.72679083340967765
  0.73650343218484182  0.74684087114439179  0.75670694939738303  0.76575564487106251
  0.77505127462232581  0.78483100233572756  0.79506144466983408  0.80529017279340398
  0.81537069023705011  0.82549470974849692  0.83560793986005966  0.84541739123907056
  0.85452477485022194  0.86272709747286813  0.87012233478610423  0.87691272537128884
  0.88413580594312713  0.89129104437326367  0.89882715576269523  0.90745527360340084
  0.91598908225520637  0.92475030018295012  0.93374185508731111  0.94230912654531396
  0.94992082010952417  0.95661244624248709  0.96290427045993854  0.96919248213022047
  0.97588937208903970  0.98344568907811369  0.99177626030654709  1.00000000000000000
 -0.00176816940392255  0.00755369929141508  0.01797324830366033  0.02882106088724092
  0.04038792341102354  0.05200018659796606  0.06331275733549124  0.07462585005503447
  0.08544715066939004  0.09612837459005516  0.10777133018504176  0.11967629796959253
  0.13102045918425495  0.14217643649887335  0.15268483686432494  0.16110342953546822
  0.16792030879208472  0.17699590247775712  0.18905080614638731  0.20212445123081105
  0.21347180412224459  0.22337188755947615  0.23312265006963112  0.24329897247242568
  0.25397374081114249  0.26549932918986591  0.27775513237056332  0.28994841134125610
  0.30197082939223840  0.31378919279070661  0.32518588613164573  0.33624907530248199
  0.34746339897919160  0.35909941043493621  0.37095923363940964  0.38224815610194518
  0.39201321823096358  0.40054657226927426  0.40871136631391808  0.41692412275081359
  0.42674345055059559  0.43733222458596976  0.44731938728067777  0.45719811983466252
  0.46778010983583851  0.47874924509099887  0.48970738431982630  0.50035270111001917
  0.51095375002312171  0.52175800608341560  0.53245450703676345  0.54295837054047202
  0.55321917688887634  0.56352910127585842  0.57435283947166971  0.58537867043380176
  0.59603362837580964  0.60628867335464887  0.61640920924243192  0.62704659781467642
  0.63904477829732886  0.65173989923025710  0.66282883709453499  0.67220928863071983
  0.68121285922744901  0.68929886161280829  0.69663164470222083  0.70421301717185258
  0.71323787566760344  0.72266759022872107  0.73221222756818227  0.74048661318532982
  0.74957810385182366  0.75830337780925805  0.76732540975591224  0.77626978171050831
  0.78585403266835052  0.79605633412458743  0.80539003390338915  0.81455615801148806
  0.82434288072792594  0.83462141260530887  0.84547921697189587  0.85733147014009459
  0.86953206278719108  0.88148098805007435  0.89339146704783501  0.90481553238836376
  0.91597325298908261  0.92763447077443739  0.93945069880818655  0.95119324039986786
  0.96305058390735587  0.97511196100744202  0.98751421541733664  1.00000000000000000
 -0.00169088265017889  0.00736811380781408  0.01693726061466969  0.02606085653400479
  0.03467502829897140  0.04436491977747818  0.05420096693414152  0.06435250791333010
  0.07477230924228827  0.08513942615297920  0.09596949603340772  0.10752958901471699
  0.11956052947342910  0.13151006746248847  0.14318946306850938  0.15535466811810361
  0.16641745874847133  0.17655238840536486  0.18674697116986574  0.19666021382829058
  0.20618512399422825  0.21644820179040672  0.22608927315491989  0.23613341008911504
  0.24608925216981917  0.25650440412676367  0.26653621747013212  0.27674047437199684
  0.28797673525321371  0.29945084727619581  0.31100603181751668  0.32266422868641859
  0.33406733096436469  0.34574432359396279  0.35793083927138147  0.37011408591853884
  0.38204701317663586  0.39345084369778971  0.40420422616022006  0.41477080883357448
  0.42544875749310790  0.43629411351966013  0.44707270999265403  0.45752597048670512
  0.46763330139589770  0.47780507936502731  0.48906102222936676  0.50191594468047052
  0.51534240688254007  0.52771411524106315  0.53913809426677006  0.55062593811639948
  0.56197538461958396  0.57272393599727345  0.58260341745896727  0.59202266081806620
  0.60123715179427273  0.61141194469825955  0.62235314525600693  0.63321734412987507
  0.64349825015434248  0.65274186850052807  0.66193691010062261  0.67150183400057417
  0.68119407592827486  0.69108523352916706  0.70120256265755443  0.71047015212276288
  0.71895062720359293  0.72821280143207201  0.73637923374269365  0.74530692904823870
  0.75658100006287288  0.76728234531002293  0.77652264046529496  0.78542998158971877
  0.79428896249160486  0.80441635388357735  0.81600829324950341  0.82496709946470859
  0.83330141614003395  0.84244226345853856  0.85218723967085985  0.86291263692602793
  0.87411958079860508  0.88477152600079156  0.89444301726331199  0.90367688842298577
  0.91336984481902617  0.92422134201820560  0.93593174947090352  0.94806062846787142
  0.96052311847464489  0.97324181976514623  0.98616434249015883  1.00000000000000000
  0.02400883403518250  0.24052063380125849  0.45213040008113087  0.58228165297122769
  0.62585087459580557  0.64221542789913033  0.65015249687635435  0.65583618257266019
  0.66056259205880907  0.66476390559005849  0.66873853413760154  0.67226705009023491
  0.67553733402139970  0.67863972835681208  0.68159215985994770  0.68469999205141108
  0.68832374167050292  0.69222840923739559  0.69607858293956737  0.69976746781030286
  0.70324747567013612  0.70649268701219625  0.70962027474992218  0.71269702231494569
  0.71576424895960533  0.71897023747266386  0.72232508696632147  0.72563903308409849
  0.72901252187898091  0.73240998986549410  0.73566436024577142  0.73887509719731259
  0.74210914395144023  0.74523982537536959  0.74820374025239478  0.75113010383161449
  0.75408879838323584  0.75695725016210480  0.75966469975363715  0.76236622710244750
  0.76516221054463229  0.76753175148934105  0.76923885482929300  0.77097474898143281
  0.77308449080768893  0.77581296555402501  0.77875947428229286  0.78145588581084535
  0.78421565654335357  0.78700562716372990  0.78990632291499685  0.79294671784423598
  0.79599776674148204  0.79940060163221283  0.80279663918053057  0.80587000475535353
  0.80849142075918423  0.81092854325794694  0.81354886476648824  0.81631832937529603
  0.81892510061648038  0.82159772327068226  0.82471349193509547  0.82790571136285485
  0.83112184069490080  0.83439648662652033  0.83779089061082412  0.84138426537442368
  0.84513075358643708  0.84901594227308264  0.85279131375536055  0.85680090561715883
  0.86101188264494954  0.86518831697202569  0.86927186164006254  0.87332610529318411
  0.87751420186783591  0.88185651948632704  0.88610583336828075  0.89048113739404910
  0.89590041854105251  0.89940795706027210  0.90297423222124673  0.90703147826332275
  0.91108886060861016  0.91549507393097662  0.92007131184555146  0.92532076920439521
  0.93093777377104470  0.93674012491975500  0.94271400950476614  0.94907828854400678
  0.95636650410026813  0.96516223368496823  0.97821812549749210  1.00000000000000000
 -0.03806519246740046  0.17124217788001594  0.24400999018405237  0.26901119369209603
  0.29065352611151540  0.30775897412068354  0.32130944044825671  0.33421498277524803
  0.34616105869370617  0.35834596097470300  0.36983762801039133  0.38051002082307761
  0.39191143280134760  0.40360239146327648  0.41494129446892108  0.42572288681263037
  0.43598899267646574  0.44555437193082614  0.45438210969309673  0.46307522906638643
  0.47167619595967941  0.47994820837884028  0.48807043183819010  0.49580494045279105
  0.50272007284571063  0.50988355917249772  0.51758549817666244  0.52539913246484893
  0.53264661584803930  0.53853231324794815  0.54382921445478205  0.54951981243891679
  0.55468942194528259  0.55971388654115828  0.56598626615046288  0.57273418553924671
  0.57944755102753809  0.58595138667717184  0.59210506507873994  0.59805435025039921
  0.60403715809884684  0.61012898718957409  0.61620776286200574  0.62217398987507200
  0.62795755321378444  0.63350915017812737  0.63894146574959887  0.64425455076208771
  0.64944103029086175  0.65420392808912475  0.65864909707498798  0.66277151080133823
  0.66636887757411789  0.66970974202947331  0.67297072357677301  0.67717963316772078
  0.68117015004258419  0.68488255155697619  0.68967761847261999  0.69571108861371178
  0.70082185984688417  0.70546840424264301  0.70968188651626196  0.71362028853149739
  0.71743936769527183  0.72173010597608012  0.72595968428287894  0.73009212688799152
  0.73409275598245749  0.73800367711943471  0.74189133327221513  0.74601262335734975
  0.75023179220736669  0.75453368698889700  0.75909686757755501  0.76378438274586824
  0.76825085632651535  0.77270376679054442  0.77704155734570790  0.78147517279108902
  0.78602055152111883  0.79067094838105489  0.79525508796811351  0.80018898893630674
  0.80535476559434127  0.81185884458402646  0.81858433359093341  0.82541364394835248
  0.83274011383144686  0.84077551171569920  0.84970093259669388  0.85998849871776217
  0.87249908529298925  0.88674343744028383  0.91478879004686753  1.00000000000000000
   1.6832889953277901E-010  -1.0000000000000000     
 F F F F F F F F F F F F F F F F F F F F F F F F F F F F F F F F F F F F F F F F F F F F F F F F F F F F F F F F F F F F F F F F F F F F F F F F F F F F F F F F F F F F F F F F F F F F F F F F F F F F F F F F F F F F F F F F F F F F F F F F F F F F F F F F
  <DiscreteSampler_grid>
  grouped_processes
  1 # 1 for a reference and 2 for a running grid.
  10 # Attribute 'min_bin_probing_points' of the grid.
  1 # Attribute 'grid_mode' of the grid. 1=='default',2=='initialization'
  0.0000000000000000 # Attribute 'small_contrib_threshold' of the grid.
  0.5000000000000000 # Attribute 'damping_power' of the grid.
 # binID   n_entries weight   weight_sqr   abs_weight
    13   10   2.391973948349844E-002   2.221503733563566E-003   2.391973948349844E-002
    14   10   2.391973948349852E-002   2.221503733563591E-003   2.391973948349852E-002
    16   10   2.440430225488862E-002   3.906036517986466E-003   2.440430225488862E-002
    17   10   2.440430225488872E-002   3.906036517986504E-003   2.440430225488872E-002
  </DiscreteSampler_grid>
