  0.00007135241482256  0.00007272836466790  0.00007455442130969  0.00007655268883715
  0.00007874382750503  0.00008118956334781  0.00008396201243572  0.00008707307159961
  0.00008990638456668  0.00009170155629612  0.00009218828339420  0.00009230304686840
  0.00009236369867958  0.00009239481628973  0.00009241255760402  0.00009242108534494
  0.00009242824284759  0.00009243380845619  0.00009243801224205  0.00009244119461202
  0.00009244353648784  0.00009244567897675  0.00009244753325590  0.00009244887048723
  0.00009245008512268  0.00009245123350380  0.00009245225960492  0.00009245323836134
  0.00009245417430153  0.00009245505965784  0.00009245594501414  0.00009245683534472
  0.00009245772577598  0.00009245867253998  0.00009245966863180  0.00009246072518577
  0.00009246189617410  0.00009246331673703  0.00009246500361940  0.00009246690164619
  0.00009246899021988  0.00009247167472718  0.00009247568094524  0.00009248053665105
  0.00009248712755908  0.00009249557682505  0.00009250620335852  0.00009252798001284
  0.00009257144625655  0.00009266447416836  0.00009303382458986  0.00009440269022621
  0.00009703925221189  0.00010193406584890  0.00010790353489425  0.00011546476208365
  0.00012501707298726  0.00013625130289206  0.00015017455898473  0.00016842158543918
  0.00019167007416244  0.00021973736041769  0.00025397952112981  0.00029708213495276
  0.00034766434225302  0.00040584852743738  0.00047251288323757  0.00053847705345236
  0.00061012645558890  0.00069668857128079  0.00079327367669702  0.00089653178486401
  0.00100953832132805  0.00110902716674439  0.00121772229797161  0.00135087290391572
  0.00151640997622990  0.00170297753285617  0.00190611851903115  0.00211377688098301
  0.00234525374313880  0.00262079313266468  0.00289519441957823  0.00317994478865772
  0.00350516539715810  0.00381536887479078  0.00417219069625984  0.00465712632184351
  0.00526980642735975  0.00593691323205827  0.00671136017438432  0.00785309900164356
  0.01036284224062126  0.05364739448160474  0.50257534638838475  1.00000000000000000
 -0.01022168129944712  0.04073315197852223  0.06061422299456311  0.07325486333027006
  0.08378105689065592  0.09469634215724723  0.10478492363086668  0.11597470080459296
  0.12852357969981310  0.14095428158641121  0.15203838075317069  0.16293577200089562
  0.17399453481400265  0.18528941852535835  0.19716599088252534  0.20936113422730673
  0.22080459825940940  0.23033169079648438  0.23851836226854758  0.24698629081517087
  0.25487939739377985  0.26261714344461290  0.27463173346874736  0.28637530398316413
  0.29672510206493652  0.30658880615606005  0.31571372438628770  0.32494710797160731
  0.33617660342440470  0.34872636488734282  0.36152810461371326  0.37365478360884563
  0.38414717159605000  0.39415657962496020  0.40336730843752339  0.41224167127286904
  0.42185694860008111  0.43077046155619364  0.43951579524407081  0.44864643188418102
  0.45767755228861190  0.46635724919519111  0.47548527348890468  0.48462435186329350
  0.49426603999013863  0.50510239714189420  0.51594559045361910  0.52506557790007247
  0.53081263838624437  0.53683633436240941  0.54421167923841063  0.55320042880501974
  0.56251162999364757  0.57141315175852814  0.58043381430973484  0.58966649520356840
  0.59964951050344517  0.61059154668104298  0.62204223097036448  0.63332101953117392
  0.64397572738789877  0.65451426630666398  0.66501354000659985  0.67534659356857751
  0.68590595547943689  0.69683981828779407  0.70801945030832236  0.71892450040056244
  0.72878100668514134  0.73796078208707372  0.74650808578954919  0.75482300459196428
  0.76399919345115208  0.77493202566164054  0.78583503075607286  0.79568154097368704
  0.80552948501657706  0.81529149876920581  0.82555134815370534  0.83660279655227365
  0.84780700250430630  0.85874535444325151  0.86992206779057824  0.88139793360369012
  0.89250911488710316  0.90214619477009494  0.91119337247421617  0.91982371430568810
  0.92913817714849556  0.94013078574891928  0.95169826306960426  0.96295104398612397
  0.97342833330540413  0.98274163347885846  0.99136264838138333  1.00000000000000000
  0.00000029645001716  0.00000189804071711  0.00000300440228402  0.00000438681768082
  0.00000557297266184  0.00000693834962362  0.00000878999593735  0.00001132788678767
  0.00001437069058113  0.00001772300311966  0.00002093189577504  0.00002402305651576
  0.00002712289673841  0.00003021250991225  0.00003331566281994  0.00003649865229900
  0.00003992421393459  0.00004320797210711  0.00004603940700342  0.00004859338514150
  0.00005119094765260  0.00005415844152097  0.00005736139140838  0.00006051737947405
  0.00006440399635891  0.00006853367735612  0.00007258088084797  0.00007698916401450
  0.00008145844192160  0.00008606238975433  0.00009094386200728  0.00009597328714805
  0.00010103868128687  0.00010629023460207  0.00011173778547349  0.00011709699352460
  0.00012297007361449  0.00012943667626026  0.00013627185271500  0.00014373454734017
  0.00015175624952461  0.00016015874837074  0.00016892850222106  0.00017790794096440
  0.00018561404121136  0.00019213618639120  0.00019960512201282  0.00020668915230173
  0.00021430925917968  0.00022421320738411  0.00023316257108000  0.00024258154027532
  0.00025211603860093  0.00026438125252075  0.00027986866990776  0.00029878492505819
  0.00032020338887818  0.00034311496686148  0.00036577800717830  0.00039033996756298
  0.00041638125866635  0.00044414488278387  0.00047316305299479  0.00050330609967322
  0.00053442189021272  0.00056845735488769  0.00060730719066149  0.00065010387305914
  0.00069409255406583  0.00073717238804853  0.00077748293286047  0.00081129521404787
  0.00084223760909591  0.00089316593945847  0.00094014746217223  0.00097874426233743
  0.00100946500806806  0.00104735363528079  0.00110089999619778  0.00116297808917314
  0.00123611539013386  0.00131105471035420  0.00139659362480051  0.00149103087471830
  0.00159128703354159  0.00170682858339670  0.00184083759786519  0.00199690235592415
  0.00220520249609487  0.00241445352961325  0.00379020812191260  0.01020976938743402
  0.01749306344888492  0.02727073468463762  0.03650700832766960  1.00000000000000000
 -0.00221165110196937  0.00833391443623183  0.01739998744394165  0.02681790182107301
  0.03616658942453881  0.04547127583239963  0.05473505620703070  0.06069204785937005
  0.06649419067669338  0.07370027553457359  0.08063426455376559  0.08923308580716940
  0.09859405578476468  0.10760086916739535  0.11614687073223806  0.12456531578583066
  0.13352538346791068  0.14255800115943387  0.15120649924285948  0.15982841841419920
  0.16904844577757269  0.17905429996462047  0.18887423492276242  0.19840508951831179
  0.20864434683495031  0.21860825779263976  0.22783580604430231  0.23690097666303950
  0.24556347978493348  0.25454944021882075  0.26353946601512085  0.27375561741177440
  0.28485164348069769  0.29536919263199474  0.30564899206848206  0.31526081005427486
  0.32426862100355541  0.33350244155808639  0.34280312230115478  0.35236227170790740
  0.36190322971403943  0.37139316887379381  0.38065101705514098  0.39066030969997351
  0.40204682945865677  0.41368466948530180  0.42480537947395192  0.43526248437358572
  0.44512172334803884  0.45508489022763349  0.46535359698156753  0.47566358999068376
  0.48538344782388632  0.49434087078576883  0.50348946658273774  0.51343024189975683
  0.52407513249808579  0.53552075812553623  0.54747884454387219  0.55948122674155065
  0.57211583771404118  0.58462723517696114  0.59620887455453564  0.60680961308084558
  0.61781272354846117  0.62971427687761805  0.64182832084555186  0.65419810909694098
  0.66729124454585897  0.68089122045648620  0.69429051396487429  0.70701443926179774
  0.71901069787615135  0.73124605451786995  0.74403431151155452  0.75797112712423498
  0.77132584332543885  0.78431361624564322  0.79786701892477596  0.81157666486095648
  0.82453390469319598  0.83752647370832156  0.85048670298431917  0.86224073115021738
  0.87427473684367496  0.88776372555270744  0.90189593213518515  0.91507292004449925
  0.92767726289910346  0.93903507461109681  0.94801811647621603  0.95777532409061084
  0.96944887348700270  0.98005345361401996  0.98929831823710335  1.00000000000000000
 -0.00284862796423406  0.00978324898118580  0.02198846899414031  0.03477924673516007
  0.04730896289509826  0.05869193776574734  0.06915155232339357  0.07912145777521504
  0.08873736068457755  0.09924611021116289  0.11013983355549815  0.12194973892677841
  0.13412075866423742  0.14509206577880307  0.15531104753562550  0.16552019800596357
  0.17579402943972636  0.18653399400473475  0.19729606347155706  0.20741457585432352
  0.21673547875812085  0.22572963402535529  0.23516995417524109  0.24493226595003187
  0.25507578014398730  0.26560141806101079  0.27621249529124237  0.28646058626160803
  0.29675928104051474  0.30783404200752651  0.31989205459116532  0.33227309867106486
  0.34491524676503393  0.35716553630733744  0.36839676820935341  0.37907474507128380
  0.38964079553380959  0.40011860525226856  0.41043658251454129  0.42077284353607086
  0.43126379395957909  0.44187217830895448  0.45278430018712701  0.46390171124748214
  0.47524379841315406  0.48708539246694948  0.49907655832895176  0.51061665295622138
  0.52246642878100691  0.53426940726621241  0.54588328583768653  0.55723115438902693
  0.56815670756376280  0.57902398287898715  0.59125827841503498  0.60385583733396930
  0.61675175274945437  0.62935996297495578  0.64190957269103222  0.65410929980927945
  0.66498404792836963  0.67434590704349129  0.68335187629069682  0.69251628489238048
  0.70233309899388452  0.71226658298842582  0.72181349441320353  0.73161952941544739
  0.74236992678233693  0.75200299579547636  0.75962685726274581  0.76782454476491691
  0.77698337852559574  0.78627118720932299  0.79707841312544836  0.80688325305482422
  0.81490836061035865  0.82353243598133730  0.83109777292328801  0.83904454198519463
  0.84813301600895208  0.85755724977511205  0.86750237350744075  0.87803822855990199
  0.88860148003657635  0.89888932036223734  0.90927205379967291  0.91907844268157779
  0.92863728462961503  0.93727905948227341  0.94516838223958644  0.95579294441330398
  0.96681959019142383  0.97633390952575871  0.98825885243349809  1.00000000000000000
 -0.00212089910058403  0.00727128664313031  0.01702307365329409  0.02649692825997246
  0.03602067429960885  0.04599156142815922  0.05605469508077226  0.06655940139091548
  0.07822726449909771  0.09069550951372747  0.10312902281707098  0.11484341622336813
  0.12554605812009759  0.13569604023257315  0.14657400083344566  0.15927814892786932
  0.17307721497627288  0.18693418267706854  0.20016640546172826  0.21077693082005358
  0.21964200912740089  0.22899289735523429  0.23848009564625616  0.25021004362012117
  0.26431764374818889  0.27856669251539573  0.29198937014591281  0.30493332930479949
  0.31783958627792214  0.33090861913567238  0.34447526228408154  0.35866288881873243
  0.37339246676295251  0.38633644829572950  0.39720147993909455  0.40755350453107475
  0.41744144069755273  0.42866943863185053  0.44138523574566985  0.45468979267249032
  0.46858636886879790  0.48096467527974385  0.49347446998745381  0.50574606799198374
  0.51823138611383113  0.53190502100512593  0.54692514597732300  0.55908706322353996
  0.56787267873468217  0.57651217974106661  0.58483028754391186  0.59396463815032785
  0.60422588019421897  0.61412821255396632  0.62395184800133763  0.63371228638178290
  0.64326117966274765  0.65426700829285389  0.66592845996844430  0.67763113886207904
  0.68865373586908263  0.69898307948322458  0.70923080447131548  0.71985043583488451
  0.73002423001378192  0.73944321355869014  0.74808542777254350  0.75705234540697819
  0.76605426041879954  0.77438582155135616  0.78280238062144170  0.79168237850716849
  0.80152703980344753  0.81088010075097516  0.81962387905142131  0.82879580763600813
  0.83903283176467769  0.84957349628837242  0.85995700995166202  0.87000376296732052
  0.87983010818451812  0.88966161044307157  0.89964181050926872  0.90973841672996369
  0.91944440251846193  0.92765254978428058  0.93407815671221495  0.94019979572486978
  0.94605255114651410  0.95205023605570105  0.95940689627901765  0.96764644057257099
  0.97559982203838469  0.98338260004652644  0.99155928281536410  1.00000000000000000
 -0.00163625339085619  0.00733151535604670  0.01710804950366666  0.02639799241853828
  0.03583400756661421  0.04618760385190938  0.05675660931555597  0.06686265447649892
  0.07737115588806190  0.08953298724464653  0.10279936581055769  0.11559240574735487
  0.12725546912608096  0.13702585807504331  0.14666220083558129  0.15649020562743945
  0.16900053410687141  0.18257056618875525  0.19552606534186392  0.20760396337121528
  0.21911859642555925  0.23084548029361091  0.24336354708226846  0.25604985883636655
  0.26751124861831777  0.27712165471663447  0.28571119648653320  0.29446517910083747
  0.30440260120654888  0.31636672416604350  0.32941868754177972  0.34181366197646668
  0.35278981719275182  0.36358665958566455  0.37412768948061520  0.38370612541587051
  0.39283055687477447  0.40203718958259616  0.41314345986062984  0.42439386347524188
  0.43503098821234498  0.44559336812559941  0.45683350938101430  0.46848387194602054
  0.47960030795736097  0.49031583362276887  0.50079419989412088  0.51117931946102968
  0.52162180090869537  0.53134951627589100  0.54174493937184554  0.55028355981887478
  0.55818409520417356  0.56737842210040412  0.57576205946460546  0.58317098572927173
  0.59264564314270773  0.60269436813304633  0.61350521703548155  0.62389703190131496
  0.63362066448298215  0.64420584992644325  0.65478698189927675  0.66595749561611772
  0.67810604017894294  0.68989740130355692  0.70158572085483595  0.71319019742400436
  0.72429418437472415  0.73517160001559601  0.74606226380610940  0.75757783910162968
  0.77003531542220283  0.78254227968820056  0.79260711458397692  0.80025634592999884
  0.80818925091384131  0.81682208116496779  0.82463031024862221  0.83316837802576382
  0.84293976747857802  0.85220090016993022  0.86458569353327575  0.87688598241532589
  0.88729276730607154  0.89776296493128971  0.90696969931452387  0.91701699240028467
  0.92735705228537268  0.93945470688309540  0.95017890622662227  0.95987055152482359
  0.96992155082206000  0.97994285405938519  0.98965328624635751  1.00000000000000000
 -0.00393745298770837  0.01320657839502279  0.02468126365689580  0.03425872741089724
  0.04399375674654021  0.05455095081755552  0.06630341784644155  0.07851346625475292
  0.09006189215387043  0.10100190610801552  0.11193890807390411  0.12266971806295832
  0.13268134759269914  0.14192972187822761  0.15104895125527432  0.16057559791444156
  0.17144277096784014  0.18330163502217642  0.19521397631177687  0.20680505108012087
  0.21813011109058711  0.22898679545457773  0.23860504599022328  0.24789046979405752
  0.25785261169951207  0.26854758794907102  0.27994939814322656  0.29148846910613962
  0.30252869513991026  0.31312682284907400  0.32367587789812763  0.33445514730204956
  0.34576596467610121  0.35757533113234519  0.36977574085984538  0.38215274437385932
  0.39437644906895203  0.40651969711033947  0.41848323434301682  0.42996916506599037
  0.44180350514255362  0.45346738314710305  0.46534957991695658  0.47658579662627737
  0.48690352270375509  0.49561667138787752  0.50475698523557533  0.51256608259084657
  0.52038307500637881  0.52824590411590988  0.53545954156767273  0.54385888693884987
  0.55334308195128967  0.56278147264914224  0.57089664618355440  0.57897944760167719
  0.58805484464899505  0.59834807267795198  0.60943780339050313  0.62107187166850730
  0.63302871452441611  0.64528359199090757  0.65780688783394647  0.66716199637125906
  0.67532035639446863  0.68271991555520473  0.68959248398726858  0.69758424876886327
  0.70641700276060571  0.71602093603367312  0.72640744175467242  0.73747514155304694
  0.74977162087407878  0.76262290497418517  0.77523178587477115  0.78737540587524479
  0.79903075200146390  0.81095169367873443  0.82426773868878933  0.83621728161143016
  0.84626894528921981  0.85688227661471628  0.86658440526438030  0.87621464583145869
  0.88795199121164159  0.90113194294126875  0.91254330696552288  0.92289750109887370
  0.93314324054845577  0.94329879960343055  0.95342260573379589  0.96434297328128482
  0.97488806167893494  0.98364565301359419  0.99185778703441174  1.00000000000000000
  0.00304391011446841  0.20479414154375894  0.37963165933862059  0.54774965743997361
  0.61780943112809628  0.63937251839811138  0.64935633170417906  0.65601241243896169
  0.66144030711011592  0.66630195069296894  0.67066740446225348  0.67473187851491134
  0.67902873432057176  0.68347740851433914  0.68750788955403563  0.69102216126193150
  0.69424198246318403  0.69729819073560884  0.70025635965574995  0.70336681983346339
  0.70661151862639693  0.71006512345556771  0.71365793906226394  0.71713248228950288
  0.72029662185929089  0.72328472539685540  0.72614748778832450  0.72872089929258732
  0.73107343983380901  0.73353042863186013  0.73595098197448994  0.73819438120437897
  0.74043771519441692  0.74287327395090141  0.74525994242217453  0.74747638759016477
  0.74994157288598162  0.75315934979546306  0.75650792906521136  0.76000513021644234
  0.76340708019373049  0.76659173557357208  0.76965863325576400  0.77284553502117892
  0.77618268173772687  0.77957439221948477  0.78304427410276056  0.78653431874011448
  0.78981206711012308  0.79284256119730989  0.79564139364149589  0.79865717694194227
  0.80192939105234151  0.80498710340810697  0.80801555305511541  0.81115929249991647
  0.81443762653932961  0.81784110625178641  0.82123943771287811  0.82457117448707962
  0.82793317548957834  0.83101243779528677  0.83375742023836730  0.83627692477813165
  0.83916093267007397  0.84217560145428605  0.84458839188270940  0.84713132745396991
  0.85030860684182574  0.85371527327130881  0.85710851130339005  0.86027733549963792
  0.86387969021829047  0.86783748964790519  0.87195189260004879  0.87609175999653299
  0.88028780474792634  0.88425886242408391  0.88777958851438488  0.89107227242247067
  0.89449596805847587  0.89888961225219954  0.90372532564092234  0.90845152122383810
  0.91315402330780859  0.91804306131943014  0.92351719683801270  0.92911207165288001
  0.93455341997254848  0.94017528451387511  0.94610179920973014  0.95271362592476849
  0.96008296373848323  0.96871179382666317  0.98112750548735406  1.00000000000000000
 -0.05365423337278011  0.18678367485085282  0.25979543376655867  0.28820505403396596
  0.30945728293399422  0.32648305418676310  0.34132394215505751  0.35468408428666576
  0.36638852659059568  0.37786588826039708  0.38875996074956681  0.39883032934442814
  0.40856648570391846  0.41798942357069852  0.42610144984862186  0.43458045797809997
  0.44280315735845682  0.45209554043346994  0.46180332892150849  0.47111492125882343
  0.48038613496696858  0.48977107306273843  0.49879889776062630  0.50679244108824750
  0.51370720470846021  0.51974860230263720  0.52541552717389639  0.53157752178931184
  0.53794372986172678  0.54473160825610623  0.55200297045570890  0.55904920889340914
  0.56534991504363163  0.57116622340239476  0.57687167632286140  0.58162377211159855
  0.58619629628855907  0.59088887873741680  0.59491681286165710  0.59873681321928796
  0.60228030223625262  0.60676844501090565  0.61213384647783475  0.61687667317019290
  0.62135808882018151  0.62648593781827400  0.63173328708123710  0.63684203856469113
  0.64208543926914685  0.64744922245192660  0.65292788133474289  0.65856034826496201
  0.66477682449466302  0.67030006155662580  0.67534944217578852  0.68030820508895706
  0.68511652525889444  0.68984241893044951  0.69455307312365422  0.69917394309967873
  0.70401037911510345  0.70919246736927777  0.71443085413195695  0.71958942097170442
  0.72470909477563383  0.72958161596803406  0.73433960865766224  0.73905614070028414
  0.74368543331348047  0.74826563739839380  0.75292579556791905  0.75771596700875132
  0.76247912368029580  0.76710065647390635  0.77170729792759196  0.77654488159258794
  0.78108911758954691  0.78441948676763018  0.78742663012253267  0.79029739753612427
  0.79368974824013416  0.79738752846605143  0.80144366629511465  0.80562954207869941
  0.81004785495855969  0.81502825445582106  0.82112871612365157  0.82798875771533276
  0.83495912072831724  0.84224972921143626  0.85022654982621504  0.85921284265747644
  0.87007397921098739  0.88425343720557248  0.91446188880135371  1.00000000000000000
   2.9205878934844380E-010  -1.0000000000000000     
 F F F F F F F F F F F F F F F F F F F F F F F F F F F F F F F F F F F F F F F F F F F F F F F F F F F F F F F F F F F F F F F F F F F F F F F F F F F F F F F F F F F F F F F F F F F F F F F F F F F F F F F F F F F F F F F F F F F F F F F F F F F F F F F F
  <DiscreteSampler_grid>
  grouped_processes
  1 # 1 for a reference and 2 for a running grid.
  10 # Attribute 'min_bin_probing_points' of the grid.
  1 # Attribute 'grid_mode' of the grid. 1=='default',2=='initialization'
  0.0000000000000000 # Attribute 'small_contrib_threshold' of the grid.
  0.5000000000000000 # Attribute 'damping_power' of the grid.
 # binID   n_entries weight   weight_sqr   abs_weight
    13   10   1.318988704643734E+000   1.057267851073312E+001   1.318988704643734E+000
    14   10   1.318988704643733E+000   1.057267851073312E+001   1.318988704643733E+000
    16   10   1.663348821897805E+000   1.625678226284531E+001   1.663348821897805E+000
    17   10   1.663348821897805E+000   1.625678226284530E+001   1.663348821897805E+000
  </DiscreteSampler_grid>
