  0.00007136372940237  0.00007266420412614  0.00007446992722575  0.00007626565446664
  0.00007824522259326  0.00008052226440890  0.00008311887056337  0.00008599635053528
  0.00008865181274734  0.00009083788970186  0.00009184908856834  0.00009221842645246
  0.00009232218404767  0.00009237238573683  0.00009239493688583  0.00009240983292796
  0.00009242019127607  0.00009242759802730  0.00009243334389332  0.00009243725063687
  0.00009244043067453  0.00009244321572687  0.00009244518841386  0.00009244678908386
  0.00009244825786577  0.00009244956191323  0.00009245075254968  0.00009245184123142
  0.00009245288057838  0.00009245380246538  0.00009245472435238  0.00009245563166149
  0.00009245653419583  0.00009245745006944  0.00009245843343310  0.00009245941679675
  0.00009246054035654  0.00009246170128947  0.00009246319074030  0.00009246479854775
  0.00009246666827358  0.00009246869854654  0.00009247114327444  0.00009247444585220
  0.00009247908427224  0.00009248516737234  0.00009249329271092  0.00009250517883655
  0.00009252293505156  0.00009255456619507  0.00009262734702770  0.00009280604369918
  0.00009364423738222  0.00009630135750715  0.00010063706902440  0.00010627481516808
  0.00011286226741254  0.00012149915365184  0.00013233371818927  0.00014525415068819
  0.00016015065523065  0.00017738145733470  0.00019772717031318  0.00022148265624478
  0.00024700236396218  0.00027701307987916  0.00031111464563362  0.00035198584899239
  0.00039924175554482  0.00045718922548417  0.00052477645045539  0.00059524401637472
  0.00067740739666893  0.00076243689837662  0.00084969247221310  0.00095408003123748
  0.00106954598814945  0.00120546091176832  0.00141261621400698  0.00165756533223693
  0.00192490862733126  0.00223896600374171  0.00255879816058987  0.00287070969604732
  0.00330492265436384  0.00381217994285870  0.00426773699010097  0.00469529980231976
  0.00528486540324900  0.00576064477312031  0.00666403371493793  0.00839992415431376
  0.01076397226389112  0.01393185313852604  0.10375331376823019  1.00000000000000000
  0.00000008967735635  0.00000039439043009  0.00000367315137627  0.00001617288095913
  0.00002806104066790  0.00003472812435990  0.00003680566101217  0.00003824740652802
  0.00003972064457330  0.00004134928491813  0.00004262803457984  0.00004342210260080
  0.00004406947254606  0.00004460976847750  0.00004502719147914  0.00004541330368453
  0.00004577395659286  0.00004605517985101  0.00004625299913844  0.00004644130305811
  0.00004661940027714  0.00004678761142683  0.00004694231780209  0.00004708404703534
  0.00004722607017650  0.00004737946340063  0.00004751618165477  0.00004763959889288
  0.00004775246062617  0.00004785710803620  0.00004795691413349  0.00004805527391478
  0.00004815250901120  0.00004824574104166  0.00004833269173180  0.00004841470520463
  0.00004849282918924  0.00004856703555529  0.00004863434543510  0.00004869495337127
  0.00004875193433841  0.00004880897988121  0.00004886639105922  0.00004892209142760
  0.00004897711665217  0.00004903297742317  0.00004908506525596  0.00004913682683679
  0.00004918891579191  0.00004924125359366  0.00004929421898082  0.00004934876529904
  0.00004940524744376  0.00004946226429641  0.00004952029714527  0.00004957949523267
  0.00004964055553801  0.00004970337032323  0.00004976742555993  0.00004983328382747
  0.00004990097987574  0.00004996944743859  0.00005004382164439  0.00005012372479028
  0.00005020866714254  0.00005030424674686  0.00005041806647903  0.00005053267022089
  0.00005065509792065  0.00005079006138282  0.00005093916378117  0.00005109850181301
  0.00005126199510827  0.00005143303945650  0.00005161528349932  0.00005181489089542
  0.00005203842354174  0.00005229042883137  0.00005257399183256  0.00005287970248709
  0.00005322794063319  0.00005359989138437  0.00005397964121822  0.00005439459467959
  0.00005489773343168  0.00005558056299496  0.00005664026565218  0.00005812212156885
  0.00006031488450768  0.00006369856094392  0.00006876924558804  0.00007757895108383
  0.00009837683065704  0.00017157488347627  0.00048065442538931  1.00000000000000000
  0.00000038974859773  0.00000235827104835  0.00000402994437804  0.00000571214364710
  0.00000762178391563  0.00001009914456729  0.00001259128649646  0.00001514060886811
  0.00001773208087513  0.00002045740527777  0.00002334153773048  0.00002614461006890
  0.00002881287582840  0.00003142851207588  0.00003378819432150  0.00003568469001417
  0.00003758081964000  0.00003976209303319  0.00004189789326454  0.00004401858910527
  0.00004632709583430  0.00004849073148367  0.00005038288058107  0.00005269233666401
  0.00005507590390704  0.00005761279599933  0.00006018538203190  0.00006268631758213
  0.00006585839774818  0.00006916136740753  0.00007266222150654  0.00007644842509922
  0.00008048086109397  0.00008466269775097  0.00008859445617208  0.00009187226446812
  0.00009497090133166  0.00009799825336000  0.00010130728977482  0.00010431864294130
  0.00010792643253123  0.00011236244702912  0.00011708612349787  0.00012212366317824
  0.00012740443814463  0.00013291904822895  0.00013862862232634  0.00014484008939451
  0.00015141597069225  0.00015848041922411  0.00016624090835331  0.00017423004759335
  0.00018252946372173  0.00019122358725258  0.00020062066885076  0.00021103846439368
  0.00022228785292579  0.00023367621373756  0.00024523156937927  0.00025812374532428
  0.00027229566303250  0.00028774010931094  0.00030419872662742  0.00031862386565971
  0.00033124299751245  0.00034322110058854  0.00035658257436280  0.00037243841048732
  0.00039313364624065  0.00041933179573388  0.00044940405573213  0.00048013774559867
  0.00052001165812263  0.00056099044416635  0.00060335694107213  0.00064722255400560
  0.00069310250820057  0.00074231843418100  0.00078216028595808  0.00082213378030461
  0.00085873705174541  0.00090295130713258  0.00094960581409067  0.00099255078999410
  0.00105237558822360  0.00112662506324438  0.00118851030253482  0.00124768816339034
  0.00133824800764396  0.00142782079540007  0.00155823348440536  0.00172728045006352
  0.00191734044018502  0.00500599289672923  0.19718774137635178  1.00000000000000000
 -0.00203677110790702  0.00835562490866129  0.01466682360166575  0.02217838406765598
  0.02998011800816724  0.03845926218928095  0.04741507275011610  0.05641201162765001
  0.06552024261143148  0.07482666313181052  0.08386998042781424  0.09267990436199812
  0.10013124135255726  0.10764588129784161  0.11556628051898354  0.12519481845218941
  0.13559038991975281  0.14561270991168407  0.15559558924326733  0.16601700791957361
  0.17616653158233747  0.18601052586370395  0.19554212505172341  0.20511639181787827
  0.21318957042301068  0.21920866863421856  0.22629023612550031  0.23414518048906688
  0.24329754008895449  0.25446412035152105  0.26530842024399776  0.27440406299879860
  0.28154972523985178  0.28942482240717682  0.29732569072046711  0.30454000153915312
  0.31268470678121113  0.32266500879832549  0.33302625409761966  0.34355370379844141
  0.35433476913262196  0.36528176314203703  0.37581305437631751  0.38635748539005377
  0.39637335713278077  0.40599887081294672  0.41568290440174044  0.42584403318458569
  0.43626958242007841  0.44750369030625758  0.45884600653981594  0.46804708177734899
  0.47594614583107042  0.48302606411827720  0.48887825757166059  0.49503817164163660
  0.50408291315117826  0.51567669594176890  0.52826379503721499  0.54016510154672293
  0.55060030994081588  0.56040539510844989  0.56835506758434484  0.57707693003775107
  0.58756024210228097  0.59791815566398843  0.60842202737779794  0.62077633957666334
  0.63430075277024023  0.64886064929169518  0.66401122543578017  0.67912600923334232
  0.69416143659670204  0.70813971464229608  0.72045218553718349  0.73287075491386677
  0.74544962972224493  0.75769201151697474  0.77191571720517849  0.78646721367757377
  0.80071542008003416  0.81431014162888660  0.82678223664881911  0.83887907403075246
  0.85141906051386940  0.86394118001727760  0.87633436223870498  0.88851270943837213
  0.90048214244222513  0.91292646446261339  0.92507007817181852  0.93701334705312367
  0.95047884015802464  0.96538887594701039  0.98199584776157411  1.00000000000000000
 -0.00237320235937130  0.00910019199853136  0.01924594814212212  0.02949550819381519
  0.03951905530776653  0.04862642858237100  0.05836013978252169  0.06930532193009199
  0.08157000536504248  0.09529505772687287  0.11079158133911646  0.12564893612444214
  0.13874268301428483  0.15074353545705504  0.16258177946259184  0.17379751207578081
  0.18458464518697759  0.19509436886120993  0.20594750681625998  0.21706186115934178
  0.22876676771398408  0.24112452075556309  0.25357425295856711  0.26543358461947308
  0.27662634551791715  0.28743009042024842  0.29826734253377546  0.30922044907873353
  0.32012547553038273  0.33110644439894527  0.34205093453022434  0.35311116883242971
  0.36459845388360979  0.37656985167116591  0.38991891519232469  0.40323178388081587
  0.41400760060355440  0.42218901751921284  0.42962645953040507  0.43657095689359560
  0.44359181968854194  0.45179711843284809  0.46133919763657932  0.47149832772162936
  0.48166951353933085  0.49176416851838151  0.50256141809834676  0.51445219699628186
  0.52716481798482340  0.54044546304980123  0.55313501781983276  0.56636221739266013
  0.57893319395497378  0.58984779494599249  0.59917017828846597  0.60866546461030202
  0.61894602467348681  0.62958945498472552  0.64082321454438462  0.65218994672518504
  0.66297229538546509  0.67278624997458680  0.68120107314056022  0.69059394308398747
  0.69889954753823325  0.70715582624738316  0.71535682613934171  0.72302217919580825
  0.73126030711201895  0.73918007212363657  0.74655453133445793  0.75527831778139876
  0.76491756345435868  0.77451285674633463  0.78406833190293335  0.79356371041332596
  0.80337135529176851  0.81456982250683663  0.82659333827983361  0.83854358525320072
  0.85047559337691914  0.86180554402773368  0.87209021201392389  0.88191500625868091
  0.89161532635086838  0.90035399659466864  0.90799473922998641  0.91642627083758887
  0.92692107055787387  0.93826039049283938  0.94907595025672453  0.96039583915440774
  0.97202839987798728  0.98140667496504208  0.99009361150945474  1.00000000000000000
 -0.00331578161890791  0.00937022563415077  0.02215102600818541  0.03472910762072363
  0.04704495794300008  0.05899934033944166  0.07064746145637837  0.08241991864941380
  0.09335816156769809  0.10408710240845546  0.11466499730122470  0.12489998936888597
  0.13579252045658297  0.14766513140460044  0.16097066233992552  0.17417211200974808
  0.18703650137562175  0.20010810238830898  0.21303381595463927  0.22292508833965022
  0.23248542356682431  0.24220447409462742  0.25321515935596017  0.26563770073962140
  0.27950469100587566  0.29460370449257800  0.30845099395609188  0.32265870920667050
  0.33700885893945920  0.35167447629195375  0.36678900691514760  0.38108706413882298
  0.39495847437798393  0.40811711035719184  0.42064705537559827  0.43308577933264486
  0.44384376758834593  0.45504178157972169  0.46792393024022699  0.48110997490576657
  0.49447165785701280  0.50616934012653914  0.51651146184079566  0.52829336457257980
  0.54056506651235359  0.55380489154999213  0.56513809290938910  0.57559424217458655
  0.58506572404689028  0.59438844777257216  0.60354988761566808  0.61368814927245896
  0.62378332742345044  0.63281550128380570  0.64141659746945445  0.65066211230813831
  0.66107172595413266  0.66985124922357142  0.67757157215567987  0.68588399077134743
  0.69466138425143586  0.70181028362593234  0.70971639277815490  0.72128980359245620
  0.73348695788486551  0.74467659004156928  0.75559299908798772  0.76657990389891151
  0.77765265241251813  0.78868789529653627  0.79901611513791670  0.80737794378157013
  0.81446670594871717  0.82249170337168842  0.82981964920453466  0.83628696480270326
  0.84214526212309915  0.84920530321261145  0.85697457954358558  0.86358076068868128
  0.87036585544587042  0.87698238547034635  0.88344837315899183  0.89054351779925822
  0.89919466778129964  0.90912735808380052  0.91873930688113792  0.92754107848117484
  0.93658177350294702  0.94555248163044414  0.95420751271035897  0.96336749131351385
  0.97253771341272544  0.98160889688390751  0.99078921563017774  1.00000000000000000
 -0.00241440445455428  0.00961470271847921  0.02108237631422794  0.03308468202347155
  0.04640282461124832  0.05727612375545568  0.06789112250451666  0.07775287907860030
  0.08810331818517961  0.09862809663920451  0.10902141564129703  0.11926081888480514
  0.13003190306397780  0.14147341411641565  0.15310903115753283  0.16562784913190839
  0.17822139870683759  0.19030005307165221  0.20198603242149124  0.21361823974510499
  0.22539821818402311  0.23718376492770391  0.24830487545347021  0.25945691702625517
  0.27080546615820927  0.28089606592775285  0.28988141723329713  0.29850506026217977
  0.30831115938428805  0.31938288869584380  0.33000802233165433  0.34112383798376406
  0.35230679642733015  0.36327501290873548  0.37362002916439041  0.38357057096156666
  0.39459832172133391  0.40590626241974609  0.41712579324177007  0.42791057892456597
  0.43785081001179882  0.44803272584926684  0.45746482241784531  0.46762127814920534
  0.47791903912648687  0.48681064521872691  0.49581383304434368  0.50609763118682527
  0.51882828209871823  0.53163627752325637  0.54318695675240170  0.55396400325103090
  0.56513554570423963  0.57667169164733423  0.58785046889711767  0.59864759856041827
  0.60940610370558668  0.61956420086578845  0.62851730055827459  0.63618190261861929
  0.64490641707405127  0.65410720570000991  0.66270674762771964  0.67297204220185702
  0.68586228080633338  0.69988192117579284  0.71292188271031443  0.72378032123769509
  0.73354574971118958  0.74324738350177866  0.75283876190985366  0.76235823276811332
  0.77176166818995995  0.78067641843636637  0.78960975832405045  0.79821478875914798
  0.80650228636050247  0.81258121469986455  0.81690561851387877  0.82305030004560953
  0.83043027730767727  0.83912907867268516  0.84925454785837828  0.86026758850120888
  0.87161402014850764  0.88363528950712489  0.89593574960338807  0.90793595978812314
  0.91960489984393734  0.93022137230387336  0.94075307516403928  0.95174681847729048
  0.96296985797095935  0.97469768815098468  0.98724709949931466  1.00000000000000000
 -0.00286682108105680  0.01068350761094737  0.02180678739352571  0.03249930554231899
  0.04381690274580388  0.05302391340134811  0.06234314895003722  0.07205737755627965
  0.08246889658394063  0.09432151429890974  0.10749251388840207  0.12118372621765787
  0.13521708535560867  0.14945797452336201  0.16338221731870503  0.17629739626449117
  0.18839359850809695  0.20048795023569654  0.21239873996408465  0.22343843608984656
  0.23503837172942948  0.24641317709178423  0.25957787130506793  0.27239329008647206
  0.28373675934723480  0.29316327581860413  0.30308595266365207  0.31285315056036167
  0.32378925326363361  0.33606056064314399  0.34766958322922470  0.35798113990304414
  0.36836481809695487  0.37972197530167773  0.39237085854903470  0.40571367657345270
  0.41832676282657333  0.42964606985044723  0.44063367484387661  0.45027476065633548
  0.45999856231490438  0.47017176177808523  0.48151428573684368  0.49467599639099624
  0.50329607043009106  0.50956950709828353  0.51751320245938470  0.52654482828718907
  0.53537314513116563  0.54544597474524292  0.55617437772416800  0.56740158846043176
  0.57749973873117033  0.58707546331352212  0.59661215776816034  0.60646149784945136
  0.61786691217611045  0.63036023381117756  0.64167292006832855  0.65193456853837739
  0.66238655366175792  0.67178413948204607  0.68058129581708038  0.68929997896298600
  0.69655945620726512  0.70639397547585103  0.71624271390854333  0.72743688776097259
  0.73619423126003514  0.74417783246364655  0.75213234148487718  0.75966404741073079
  0.76808657720364049  0.77606331989343569  0.78356164327776068  0.79167334994714333
  0.80019477591138677  0.80872109558290650  0.81868271257288672  0.82935733290024993
  0.84077662118229590  0.85329418502674148  0.86508008677170112  0.87623380275868490
  0.88624424503306309  0.89708114278298745  0.90775673483417518  0.91726193232560127
  0.92556040428608322  0.93490094023070680  0.94413426020117630  0.95310632218521296
  0.96183738235546790  0.97287592096983677  0.98624221521050104  1.00000000000000000
  0.04590042360065886  0.17619199974555527  0.29708131506440350  0.44198579779891156
  0.55443964841055138  0.61527183786716910  0.63775331089027076  0.64714009573524311
  0.65324380798620885  0.65870489125170351  0.66358866661755422  0.66692702109468960
  0.67044314550702111  0.67382854769477585  0.67682354447781234  0.67947514528721220
  0.68253747825197453  0.68570536379408276  0.68853041709773033  0.69109023560410188
  0.69353346702361751  0.69625903717646931  0.69926313112229321  0.70280296120681784
  0.70674830000529987  0.71051882600973404  0.71404355152992216  0.71754011885003810
  0.72107756246320664  0.72450640100344288  0.72755712224265134  0.73030889210917482
  0.73301035509663282  0.73571723558444002  0.73861528647125074  0.74153973021482922
  0.74463103165655331  0.74821236108722022  0.75209854728547521  0.75586079255152394
  0.75930745429049673  0.76262172375209580  0.76588371309013892  0.76907324124587051
  0.77213415157191734  0.77518621522479247  0.77829687331070763  0.78100927479013671
  0.78349801155619070  0.78577255983491934  0.78811849648608567  0.79053343603839232
  0.79323821664935412  0.79612302441299931  0.79932819387007903  0.80283424671460124
  0.80635758523798562  0.80970263020096866  0.81278363354399574  0.81608338025640048
  0.81942684337116578  0.82307060976390201  0.82693630475111890  0.83092244835795859
  0.83489616782932197  0.83874167433105173  0.84240898723430901  0.84600587033804409
  0.84971662374729495  0.85347255692250901  0.85729577061596729  0.86140320760954558
  0.86581357672697212  0.87046013568555236  0.87416228398247009  0.87776111180024075
  0.88144767711349492  0.88486040062494375  0.88861259475452303  0.89288939570159975
  0.89757394812304003  0.90263020299387409  0.90795437925040123  0.91313944451117346
  0.91814161588910603  0.92269095107408605  0.92864193960526542  0.93492608498811924
  0.94215402922823221  0.94961926367993821  0.95606037222618701  0.96069062085282797
  0.96584004595303585  0.97285117100923990  0.98032313085021494  1.00000000000000000
 -0.04602387535155785  0.19221813970323520  0.24691854448926043  0.27086407249306449
  0.29169814121819970  0.31071901244707767  0.32497455892279220  0.33624866588895908
  0.34635826016378973  0.35521488573744431  0.36588237067654750  0.37942053338080339
  0.39216222519638561  0.40173347047135261  0.40986548637805942  0.41857340507406959
  0.42760371903066535  0.43623695223315412  0.44447829478858852  0.45279540616552311
  0.46100124422347161  0.46962835873439956  0.47766639867142180  0.48478561974743661
  0.49154974472431456  0.49785853361794780  0.50370645142688786  0.51037257340822251
  0.51699216656546632  0.52348741562812118  0.52990145031589386  0.53669708611842726
  0.54350852418672402  0.55069822831057968  0.55789270478391872  0.56510920142555188
  0.57213549561278709  0.57877757501537863  0.58508787921761030  0.59133228806738047
  0.59743432356612003  0.60336765491657995  0.60914400331303342  0.61475626457952814
  0.62080357472737624  0.62741049346228184  0.63294656866810406  0.63718238851583087
  0.64058167932144872  0.64398724815661090  0.64755031956309472  0.65097268298317401
  0.65407585910572275  0.65864128224195639  0.66424792377018160  0.66976116945557085
  0.67537425849950539  0.68080077700652464  0.68604331614620895  0.69115422140831528
  0.69603911153226405  0.70068354231446273  0.70535705760948264  0.71030607620045061
  0.71534142894078723  0.71980887627761958  0.72334539877405213  0.72696877098731549
  0.73071586047980608  0.73402142259271597  0.73696768771923027  0.74108220547790260
  0.74538139350516242  0.75009286879662418  0.75413993655557598  0.75922448686071231
  0.76444135552280856  0.77012924218650625  0.77608863360764002  0.78190219932631622
  0.78735443510246883  0.79259852332777669  0.79781040859676056  0.80310209905933938
  0.80837872411263501  0.81457701798034676  0.82030611603822645  0.82577534412355424
  0.83194958079385417  0.83849266937533662  0.84549055324454370  0.85506557668869787
  0.86642898239096966  0.88039992766599273  0.90451782428699867  1.00000000000000000
   2.9895937950784728E-010  -1.0000000000000000     
 F F F F F F F F F F F F F F F F F F F F F F F F F F F F F F F F F F F F F F F F F F F F F F F F F F F F F F F F F F F F F F F F F F F F F F F F F F F F F F F F F F F F F F F F F F F F F F F F F F F F F F F F F F F F F F F F F F F F F F F F F F F F F F F F
  <DiscreteSampler_grid>
  grouped_processes
  1 # 1 for a reference and 2 for a running grid.
  10 # Attribute 'min_bin_probing_points' of the grid.
  1 # Attribute 'grid_mode' of the grid. 1=='default',2=='initialization'
  0.0000000000000000 # Attribute 'small_contrib_threshold' of the grid.
  0.5000000000000000 # Attribute 'damping_power' of the grid.
 # binID   n_entries weight   weight_sqr   abs_weight
    13   10   5.297383239567210E-002   1.561377772762695E-002   5.297383239567210E-002
    14   10   5.297383239567204E-002   1.561377772762699E-002   5.297383239567204E-002
    16   10   9.641483640515171E-003   3.765617163578358E-004   9.641483640515171E-003
    17   10   9.641483640514998E-003   3.765617163578152E-004   9.641483640514998E-003
  </DiscreteSampler_grid>
