 -0.00230245542584618  0.00802328827044128  0.01568718461629046  0.02415951268002983
  0.03367515458881339  0.04380893109027303  0.05397797121375362  0.06567630975862895
  0.07916249482437991  0.09073158352117368  0.10186797823023573  0.11270686975900263
  0.12322289576759997  0.13418945449722294  0.14663350218968763  0.15888803642529664
  0.16925120505173175  0.17727015108554475  0.18488937423719351  0.19426523743157437
  0.20481671466172774  0.21154528921397212  0.21817636546728850  0.22419477230330603
  0.23303753621771828  0.24272197564355708  0.25309192642006950  0.26374744643637565
  0.27500544720310982  0.28665866157824893  0.29732233204630676  0.30755230818096457
  0.31906258610995569  0.33159244992775733  0.34330504980427845  0.35268633991952658
  0.36149286510375916  0.36987692413480916  0.37767565306841960  0.38562565452681835
  0.39622885222274162  0.40956053707580042  0.42247415588390480  0.43553682358307877
  0.44845899864534888  0.46068978011554035  0.47278037551419877  0.48466611359494038
  0.49616385107979938  0.50811746200631480  0.52148986822436105  0.53454762625644781
  0.54624647407593330  0.55683828761886955  0.56653281841823244  0.57540012518141148
  0.58296251739516158  0.58966976568912866  0.59804907113095751  0.61034560877662092
  0.62425219540338051  0.63540196765347534  0.64414617737117341  0.65198212030639002
  0.65974332224875698  0.66946202501152008  0.68140114760295145  0.69431358349157546
  0.70630852748656536  0.71658856358208622  0.72408505604536288  0.73019566960200033
  0.73707066500401741  0.74292314056189679  0.74934571253609294  0.75963999694111872
  0.77037080638739219  0.78050237013345858  0.79028471265152567  0.80098612843441241
  0.81246909524679833  0.82534432585631157  0.84046151175240347  0.85369466794295545
  0.86481383613095919  0.87565956487778573  0.88766435792252074  0.90106123016212181
  0.91557372950124083  0.92997180091333909  0.94314446170502375  0.95559706300401115
  0.96829328800382131  0.97988006468555322  0.99039054422780426  1.00000000000000000
  0.00007096481530709  0.00007418525216547  0.00007765316648602  0.00008076503570467
  0.00008387826917284  0.00008733857475584  0.00009016190826521  0.00009171284260108
  0.00009221174052458  0.00009231534139632  0.00009235954849835  0.00009238998207258
  0.00009240937273815  0.00009242145573638  0.00009242878306805  0.00009243390209900
  0.00009243836888182  0.00009244218703177  0.00009244495890970  0.00009244755128777
  0.00009244966307079  0.00009245153601359  0.00009245340895638  0.00009245522513681
  0.00009245701571096  0.00009245880628512  0.00009246074593712  0.00009246279659028
  0.00009246484724344  0.00009246778973248  0.00009247091712894  0.00009247527321371
  0.00009248026302296  0.00009248592973882  0.00009249394856873  0.00009250853031355
  0.00009253212945677  0.00009256597331468  0.00009268703510554  0.00009296711766518
  0.00009407164200617  0.00009770172900433  0.00010270520838613  0.00010771399916550
  0.00011374186633017  0.00012290280171398  0.00013267019312872  0.00014376504231293
  0.00015650920239510  0.00017110858206667  0.00018731145670391  0.00020568438809190
  0.00022656941044772  0.00024985841915109  0.00027566158863677  0.00030419763145558
  0.00033620350015212  0.00037189896314618  0.00041074679865113  0.00045431293607919
  0.00050258483204431  0.00055671683131633  0.00061774869573097  0.00068373562453233
  0.00075966507435982  0.00084240197741408  0.00092366026894831  0.00099145022575270
  0.00106278731197253  0.00114542324483663  0.00124214762227256  0.00135167496801664
  0.00146620467682876  0.00157284681044087  0.00168142695113999  0.00180803645053685
  0.00193683719038784  0.00206501649895611  0.00218926796366428  0.00233332961980544
  0.00247411956062060  0.00261034781719898  0.00274322674172593  0.00293314036351559
  0.00320254872084731  0.00353630128424107  0.00393007582434506  0.00434749842257421
  0.00475219378548989  0.00541206234004637  0.00616814839883920  0.00704737513929401
  0.00850132951650163  0.01073973377634085  0.15386760217902135  1.00000000000000000
  0.00000039344687057  0.00000230995758461  0.00000354914436368  0.00000503685332720
  0.00000746942973078  0.00000958226245537  0.00001176820178663  0.00001420403130809
  0.00001662689252333  0.00001897031799362  0.00002130045826136  0.00002377253104479
  0.00002632428795672  0.00002905372589296  0.00003139779551335  0.00003349802430854
  0.00003573692131310  0.00003730175458329  0.00003846891257792  0.00003980338242163
  0.00004162599568465  0.00004347692639812  0.00004538737752626  0.00004737250043324
  0.00004979387605763  0.00005261044032465  0.00005500845033732  0.00005737398264242
  0.00005996365342160  0.00006239811885111  0.00006492284442710  0.00006791647217424
  0.00007142100884037  0.00007532570566029  0.00007931115189199  0.00008312934194330
  0.00008717490973668  0.00009160904066661  0.00009619995353278  0.00010097157149180
  0.00010573773618465  0.00011056470761573  0.00011555602252604  0.00012036958916721
  0.00012537134455306  0.00013067650064022  0.00013614294462330  0.00014218309351698
  0.00014843751137634  0.00015555148894479  0.00016338717308999  0.00017201686377966
  0.00018132759819833  0.00019120926845592  0.00020226930848153  0.00021381022113637
  0.00022500899526977  0.00023634300993654  0.00024819791142874  0.00026060108883849
  0.00027434073787919  0.00028721343127775  0.00029649365616337  0.00030309566715041
  0.00031099733475027  0.00032083538162633  0.00033215829684108  0.00034284014467566
  0.00035832192110558  0.00038496975769730  0.00041739055615783  0.00045089216808418
  0.00048271516124287  0.00051364204557415  0.00054408746075565  0.00056450892180694
  0.00058988795739422  0.00061763348031109  0.00065171690011710  0.00069075717497105
  0.00074203105547695  0.00081604090859827  0.00089175897116771  0.00095981994247999
  0.00102547623710527  0.00110510603635757  0.00120878709066034  0.00133404056456081
  0.00149335486685923  0.00165097090997685  0.00180785030848446  0.00201921507052786
  0.00224621154966405  0.00882461679906053  0.02824692048570556  1.00000000000000000
 -0.00312596633521797  0.00906581252674009  0.02200409875244185  0.03404902265763238
  0.04498621855676495  0.05558854558288875  0.06624713997651621  0.07655498193814524
  0.08610311848800727  0.09759107630042241  0.11029662529446244  0.12209117939624251
  0.13115823873139842  0.14086758003620811  0.15017934291508012  0.15807764681290631
  0.16662078503150915  0.17617257677228768  0.18862710567160901  0.20157602348482406
  0.21310189270945379  0.22439820704822339  0.23513052724662259  0.24554059389223201
  0.25326366647918591  0.26153236049855527  0.27081945350725983  0.27921172684545792
  0.28899410714288160  0.30147522846761660  0.31432298934613662  0.32574092298254798
  0.33806683783857577  0.35163909990000780  0.36382232316808866  0.37525607966617291
  0.38943369328144201  0.40370414401211330  0.41754546387400793  0.43136152545997314
  0.44571013553295263  0.46048426349256361  0.47593911773102066  0.49160513021229579
  0.50755513675797670  0.52247633315399122  0.53310547510457895  0.54158982219106688
  0.54909375298642682  0.55631479707345211  0.56333864139027345  0.57335037439906444
  0.58355082530700553  0.59584106243229396  0.60983688659568880  0.62331336757354483
  0.63625783871039054  0.64859138539106165  0.66048472526587754  0.67218041977197651
  0.68393036714938060  0.69654447322637836  0.70909537630038322  0.71931212737878825
  0.72869970015977270  0.73740102777205641  0.74499705466320754  0.75330378549714394
  0.76423930500330017  0.77581663216075492  0.78669150459091697  0.79605251741204974
  0.80357487900039815  0.81056660252297963  0.81807570619612247  0.82642159912254354
  0.83522694861247870  0.84432247396900229  0.85351197891714914  0.86302208847497108
  0.87334816571495022  0.88318421893529664  0.89313809812678890  0.90292101026600391
  0.91219071258230056  0.92110794115412509  0.92977900381247036  0.93814471331426286
  0.94649314713008126  0.95490591117905554  0.96325635047099090  0.97171651948874271
  0.97952587180140316  0.98669117076659474  0.99349111144626256  1.00000000000000000
 -0.00066649259334063  0.00405984072140335  0.01191085002397281  0.02132836304429717
  0.03183707625474765  0.04286479115126475  0.05206008794728738  0.05966711210135424
  0.06777456475061004  0.07668286342198254  0.08563641972976950  0.09508589195428459
  0.10458169717611032  0.11403086623709394  0.12522107186722267  0.13690930920433142
  0.14822361373165902  0.15944278677280210  0.16916627650721605  0.17960365383801205
  0.18896084906197957  0.19886849471624801  0.20776722104818376  0.21675515915157664
  0.22613092201105722  0.23524460647660053  0.24509274491750499  0.25575366347608008
  0.26749875157616226  0.27835158194887366  0.28933459997444583  0.30026293551120947
  0.31125029951359379  0.32205448511541723  0.33404724691506765  0.34655736247533625
  0.35985332599486497  0.37355497342345939  0.38650395090544765  0.39800453374708600
  0.40894410435466072  0.42058830210221421  0.43291252250682916  0.44516757870225981
  0.45760227898397182  0.47025718119296289  0.48355870642222354  0.49826518729501168
  0.51262387826258571  0.52487162426915890  0.53521462150261589  0.54548805535438072
  0.55651388844821414  0.56737812120761399  0.57737738030814478  0.58792108891609896
  0.59960630038997631  0.61136146151386739  0.62315176921330862  0.63535407145265632
  0.64769217339392215  0.65979020708149194  0.67051457616357801  0.68253323552884915
  0.69493753457581897  0.70664563391210100  0.71790946960840629  0.72910181004759633
  0.74060514895185325  0.75149841969013453  0.76097474771908857  0.77183454759376768
  0.78088581820550729  0.78936825997091253  0.79753678073011425  0.80596859278676913
  0.81553721637289667  0.82561439878322052  0.83700914138325511  0.85038361513736271
  0.86396259111585016  0.87555520309544044  0.88319701314349108  0.88920167305513909
  0.89473854490468852  0.89999473037268141  0.90742995024160811  0.91560094498240063
  0.92175890827241203  0.92683881967589277  0.93331823993421814  0.94488521776616030
  0.95981328258449927  0.97438213012149255  0.98738876600851022  1.00000000000000000
 -0.00220356173992538  0.00844742152502132  0.01656260911049126  0.02511201655129066
  0.03430465333528662  0.04445333268029306  0.05519713898960896  0.06645925161283600
  0.07780561342115996  0.08761222769603480  0.09546014627056017  0.10261488446893749
  0.11020971807144631  0.11701629631240069  0.12369490417371878  0.13171941646534538
  0.14215443709540301  0.15441987857310466  0.16620822126933460  0.17542394466940409
  0.18396689085498513  0.19305358207560877  0.20228295104109095  0.21064158398283153
  0.21845459419405247  0.22630073502077974  0.23609318473891688  0.24708781815924044
  0.25841358837114714  0.27030975502967775  0.28171163153791184  0.29181163466417570
  0.30030761679897805  0.30832279699930737  0.31712331360734175  0.32718125946848609
  0.33486693289705405  0.34178956069407379  0.34956617541506191  0.35816889332932200
  0.36817782493936196  0.37812474354334064  0.38782243526870253  0.39699708157889169
  0.40458542325466257  0.41097009088113134  0.41805028670950189  0.42811768401761113
  0.44171788528974959  0.45620903452642853  0.47069857854653063  0.48509089725113258
  0.49913669476779454  0.51210687731986992  0.52363974688432080  0.53473740854625507
  0.54735655054520083  0.55987824039878142  0.56960531701319761  0.57895932791745386
  0.58888584963343682  0.59902073273904932  0.60967561678565718  0.62187723421999042
  0.63578740534502209  0.64688439369228823  0.65759861784154805  0.66896763340020515
  0.67950394751640442  0.69157394441053777  0.70374118465442814  0.71563891502294441
  0.72768350175709007  0.73988325806121891  0.75211995286865774  0.76484804964032027
  0.77720240724516843  0.78692082044801592  0.79690352034697187  0.80611822432718350
  0.81478349877139977  0.82408700335314444  0.83354772187148207  0.84453916684719776
  0.85797572348718165  0.87228344640191857  0.88505408696943055  0.89549653621477021
  0.90432150924682564  0.91425588532373014  0.92528328830523687  0.93684999343583675
  0.95089259813364457  0.96681475739164890  0.98313258546462245  1.00000000000000000
 -0.00242948504745363  0.00889032164134085  0.01866263999641550  0.02639935463820646
  0.03413315548450712  0.04294366168330284  0.05311999035728975  0.06397926665381419
  0.07439145116397761  0.08457966953164152  0.09473596072174048  0.10574828022074334
  0.11701020853301933  0.12979106602234558  0.14099356097616983  0.15166694007528375
  0.16237433722542560  0.17340767853120165  0.18468706238998064  0.19644493745302630
  0.20926680973633152  0.22286067949402460  0.23566439128032446  0.24659644793165336
  0.25581119845407141  0.26429492343210348  0.27420352869756937  0.28582912737173144
  0.29837708607773600  0.31203331003294094  0.32540308758253028  0.33708153492087806
  0.34764709691710749  0.35722593307431338  0.36594261447296578  0.37479729582437371
  0.38610479398106418  0.39733042873405083  0.40810828355758660  0.41751965124514578
  0.42554046362153652  0.43030783111243037  0.43400175015490622  0.43772526251337873
  0.44583611495799225  0.45776815146282063  0.46877449326003218  0.47910512965858898
  0.48930909099243008  0.49991134209948285  0.51067652328440882  0.52103738537454458
  0.53142924538169611  0.54141714605435431  0.55119883879306475  0.56215049659211913
  0.57299340695334799  0.58316627486004557  0.59221882488535493  0.60102337906304271
  0.61080900621552658  0.62042174502237302  0.63119593759798609  0.64273734917404513
  0.65461409101813628  0.66623223747455795  0.67802180538269274  0.68927110875669706
  0.69975700004469854  0.70913994880888964  0.71885723325682949  0.72962903754057729
  0.74110200125229531  0.75300407715086359  0.76524175283777107  0.77786821179993937
  0.79070591604542528  0.80308026822966594  0.81612786963321438  0.83106702077916750
  0.84413143564413484  0.85589847463966906  0.86799549585223479  0.87954018805386947
  0.89067106018753206  0.90238947645423906  0.91388646846497334  0.92411527522281300
  0.93286796966698837  0.94045791147573310  0.94761357268354118  0.95462631620900595
  0.96218666579097689  0.97124345612721941  0.98203490698074436  1.00000000000000000
 -0.00218865287717182  0.00827212884532080  0.01983117115713218  0.03205600115990613
  0.04408480693937124  0.05481314408485720  0.06522696406960821  0.07629575910813566
  0.08743269325803808  0.09743211897616431  0.10722795098211835  0.11941763614922753
  0.13104454451448616  0.14218202431510343  0.15560224505237943  0.16980175858529992
  0.18300275432554358  0.19444760631250077  0.20388720144760597  0.21108853387101495
  0.21830261558981776  0.22705370838746658  0.23466310256555367  0.24228966145974409
  0.25245625702119356  0.26299607841956774  0.27373385936254929  0.28805205153706598
  0.30353250557274952  0.31782224772945833  0.33021986895397815  0.34140780660073766
  0.35171911910785103  0.36078428257642192  0.36924793833953440  0.37827654152311008
  0.38836607722885813  0.39879635601916569  0.40968046353201887  0.42078330962498833
  0.43285388206847353  0.44479836270878187  0.45619265069957116  0.46730154962010428
  0.47761954298066944  0.48696461107755468  0.49630715194472336  0.50641165931421939
  0.51607735597476156  0.52547116228209145  0.53468499039319994  0.54368366425747428
  0.55328846910504992  0.56241258957229667  0.57219934807202333  0.58397927111825942
  0.59810969452246676  0.61320335793456671  0.62681510623492598  0.63905338301271386
  0.65094248573217428  0.66311422647913787  0.67525968016193061  0.68835587086820371
  0.69996853422842986  0.71151949447656859  0.72280809617744846  0.73313181071333811
  0.74227125926894200  0.75006261662086682  0.75718327928231932  0.76492791709708341
  0.77716383231390596  0.78775934074051712  0.79538580543397275  0.80301802227450381
  0.80980240739778819  0.81658995285731450  0.82448740559087397  0.83382318128487787
  0.84392527834525466  0.85307998689993303  0.86522501227374127  0.87814580395707575
  0.89014781304603041  0.90108552758617921  0.91142663149246450  0.92082692691566115
  0.93017136764738606  0.93998136131065047  0.95019047196068906  0.96002685149239153
  0.96991183758729471  0.98028136605755656  0.99028219086643832  1.00000000000000000
  0.38528671429883476  0.42495663404015582  0.43954401506612750  0.45346242009667442
  0.46332827264992793  0.47314430093162185  0.47772251322000542  0.48230072550838904
  0.49080113890925126  0.50098823920261382  0.51150860596120229  0.52262140463465767
  0.53274454916868086  0.55267348502043057  0.60270434392954741  0.63107131757825696
  0.64261878173500608  0.65001941417140896  0.65476281086838184  0.65874986972441463
  0.66270083570244342  0.66676450377579033  0.67076719257025641  0.67467476366558965
  0.67825872436314649  0.68166666579764212  0.68515718158790506  0.68854213846435364
  0.69274046928081867  0.69703138207911530  0.70100541738509003  0.70487810505207693
  0.70880709130938890  0.71280664428312612  0.71593735299017824  0.71901097390619551
  0.72208112456920537  0.72530842687228936  0.72862458408780983  0.73240747643618931
  0.73566796730482042  0.73849882804410982  0.74143184758310521  0.74425041624834787
  0.74697646795911654  0.74972004832708006  0.75288594058593694  0.75599767930788997
  0.75900340450628667  0.76238576006000169  0.76597241356014711  0.76974453395063458
  0.77359263714351545  0.77729244039387713  0.78074901134409547  0.78395984534092367
  0.78749755959234302  0.79156782432508543  0.79594470750181323  0.80015522307523668
  0.80450336992255922  0.80886980909446260  0.81287678641270167  0.81698091161631015
  0.82140573615411838  0.82546240389235137  0.82942727887617573  0.83352179555467165
  0.83791929593013892  0.84194394104022063  0.84589466838342142  0.85012053355866946
  0.85444685624354322  0.85853336514849732  0.86279962962359924  0.86726281962306451
  0.87188598694567288  0.87707222539046970  0.88256961491556285  0.88805165557799726
  0.89356880327631039  0.89914090794389545  0.90467092267132199  0.90921895619012716
  0.91306254770817519  0.91712168656527460  0.92131091036773294  0.92564481664515197
  0.93103324352098815  0.93709702093391911  0.94338387213962460  0.95064018396822358
  0.95863952181080703  0.96767356695639128  0.98100799197904587  1.00000000000000000
 -0.03990817816729122  0.16808158216440625  0.19938743070078915  0.22072392670190791
  0.23972665662092357  0.25698850005725277  0.27231312195972279  0.28923820794085825
  0.30352792802773243  0.31302037718464210  0.32203892692495184  0.33181490917765616
  0.34135505132408850  0.35194933000297585  0.36207870970864525  0.37163302338836979
  0.37959551348425069  0.38647893258965477  0.39504537352124869  0.40513116242666841
  0.41477639049430398  0.42307969481849111  0.43111047654226159  0.43912071701526978
  0.44699641547588592  0.45377897830829372  0.46025645481075550  0.46677820487701327
  0.47232116484809006  0.47721660197915722  0.48342618233064877  0.49043002137257857
  0.49727241520933324  0.50361691009637133  0.50918933699093760  0.51415070292350729
  0.51874279958135705  0.52370994980665919  0.52952834338385546  0.53697197028610733
  0.54432726520077224  0.55212221223039604  0.55888675037066671  0.56483031970934217
  0.57012353613386046  0.57525445856236213  0.58018217537721384  0.58468434153227489
  0.58910753449046160  0.59401642123883480  0.59964690899594586  0.60526819205139737
  0.61028046703249250  0.61488252996593784  0.61943163870603968  0.62419465140217967
  0.62945689019051765  0.63483900939373650  0.63952295066254794  0.64314993285322042
  0.64642281390199530  0.65011173566297575  0.65445587178985054  0.65889391011196774
  0.66273402926740443  0.66628795701239696  0.67026050757264777  0.67531484258990615
  0.68095067140808874  0.68682212959286104  0.69307320546044027  0.69793905937712375
  0.70259834246256203  0.70717418215466155  0.71172274249562872  0.71640205040223826
  0.72138628728647169  0.72684732767488225  0.73233114713752934  0.73855095155893036
  0.74351534457737445  0.74808624568246840  0.75269632515937079  0.75755930503342772
  0.76271327066233874  0.76813524484693585  0.77497286781214414  0.78229580965775769
  0.78975248417712274  0.79721594125325390  0.80525403830086251  0.81468292210100879
  0.82758414898438226  0.84448845979378906  0.86729747274406577  1.00000000000000000
   4.7400546012221587E-010  -1.0000000000000000     
 F F F F F F F F F F F F F F F F F F F F F F F F F F F F F F F F F F F F F F F F F F F F F F F F F F F F F F F F F F F F F F F F F F F F F F F F F F F F F F F F F F F F F F F F F F F F F F F F F F F F F F F F F F F F F F F F F F F F F F F F F F F F F F F F
  <DiscreteSampler_grid>
  grouped_processes
  1 # 1 for a reference and 2 for a running grid.
  10 # Attribute 'min_bin_probing_points' of the grid.
  1 # Attribute 'grid_mode' of the grid. 1=='default',2=='initialization'
  0.0000000000000000 # Attribute 'small_contrib_threshold' of the grid.
  0.5000000000000000 # Attribute 'damping_power' of the grid.
 # binID   n_entries weight   weight_sqr   abs_weight
    13   10   3.452728395828405E-001   4.094494951507102E-001   3.452728395828405E-001
    14   10   3.452728395828408E-001   4.094494951507109E-001   3.452728395828408E-001
    16   10   6.606047394666136E-001   1.445228098462531E+000   6.606047394666136E-001
    17   10   6.606047394666141E-001   1.445228098462532E+000   6.606047394666141E-001
  </DiscreteSampler_grid>
