 -0.00203319791521176  0.00886025504181682  0.01879261077508330  0.02905393168574005
  0.03977798797296467  0.05043675532461722  0.06111484458140180  0.07166095256661018
  0.08210755228107909  0.09245548504745389  0.10269517736803077  0.11309755968339312
  0.12370490780884943  0.13454731566613892  0.14527800058970594  0.15584235250301762
  0.16641252745706431  0.17702276807229878  0.18766804959197483  0.19824606214086862
  0.20872967694979519  0.21930792623375547  0.23003479023649120  0.24080049413700952
  0.25136844841181621  0.26176310834114919  0.27208650588893163  0.28245158872533760
  0.29276859272866024  0.30310682147375761  0.31352056361797270  0.32409193516356899
  0.33463482551874491  0.34505829205096666  0.35541185834883193  0.36596459739983250
  0.37643958410964656  0.38698060448220861  0.39743768532103291  0.40793930897534086
  0.41839745981210918  0.42862405185941538  0.43880090804511385  0.44898489115159529
  0.45937804124793769  0.46989704361324958  0.48037486482865260  0.49079863535809376
  0.50124452449163048  0.51168376856236553  0.52210349406000001  0.53239660151353463
  0.54274025429065353  0.55314658240530845  0.56369819905550089  0.57439953309767655
  0.58515415330385756  0.59591585811551440  0.60664009972845856  0.61744829425084702
  0.62825385017806490  0.63901721856877391  0.64956451288009331  0.66006228576682879
  0.67046573347872440  0.68102640692829575  0.69169094584786128  0.70239073483532055
  0.71291381323099134  0.72328233943700082  0.73362654638781888  0.74402529140822837
  0.75437831877154582  0.76491372738590713  0.77565964276716914  0.78633766409017258
  0.79693322572144942  0.80742566988585118  0.81813161361382158  0.82874719651700435
  0.83939517741823877  0.84995855549724375  0.86063697374313020  0.87148968803203808
  0.88246418063174581  0.89326314935913653  0.90397864057974331  0.91468550447048091
  0.92549592909777512  0.93647592625739084  0.94721254620500039  0.95802657262721591
  0.96864664093401898  0.97939672661110122  0.98975441629827665  1.00000000000000000
 -0.00336470368456415  0.01483077085570665  0.02777351753539001  0.03854988171191415
  0.04898298180728698  0.05919947805520417  0.06948301902454131  0.07981186331066592
  0.09010081338987640  0.10048981409508792  0.11116353037499005  0.12187831188545724
  0.13254395977992173  0.14316272061743598  0.15370710980426860  0.16431358400691537
  0.17480764695533813  0.18522693666869708  0.19535430363013231  0.20536375129975393
  0.21582408400251771  0.22632618817220362  0.23683296625455311  0.24705178283912174
  0.25741769089545574  0.26786212759120048  0.27820413515434866  0.28844895316403518
  0.29881597960268563  0.30916319535574732  0.31954576981391253  0.32987990630072717
  0.34035334541874918  0.35099460854091441  0.36147872777841750  0.37206973292038292
  0.38263956133049676  0.39339150850845672  0.40389522661628091  0.41444705241477198
  0.42535540146923501  0.43622865110988773  0.44685315549089394  0.45733782839428688
  0.46798375403843068  0.47862445277279941  0.48916048213841706  0.49960614682382021
  0.51037936878022272  0.52109975105347461  0.53184131563200243  0.54246006711481198
  0.55303672463254927  0.56353840803548527  0.57401851534621151  0.58451853862235836
  0.59530121564083716  0.60607955064995434  0.61670307704692640  0.62705292815452962
  0.63731696249478764  0.64768776682133955  0.65813852222750147  0.66851387510507210
  0.67886273825531818  0.68897166036406776  0.69921081299080523  0.70943874488484127
  0.71979915461702937  0.73015605334044120  0.74047214026998143  0.75078535732084728
  0.76105846364665219  0.77141079818823111  0.78211074832744232  0.79262068508069772
  0.80281003166725962  0.81301428468048587  0.82347666680609843  0.83412158831206029
  0.84456097944724073  0.85502226262509129  0.86547279835715618  0.87600116015132667
  0.88647447274991331  0.89705523617731109  0.90734965938785961  0.91748451097785277
  0.92762417238082995  0.93792758889731975  0.94813140061106205  0.95831010211978751
  0.96854710748719697  0.97894038765477309  0.98949072769696189  1.00000000000000000
 -0.00199708685333791  0.00834988697770104  0.01758688802271208  0.02709760329548887
  0.03676008052033092  0.04656215069055702  0.05676370581614118  0.06715937217508847
  0.07753821714567866  0.08801263940326057  0.09856748343165286  0.10936303284348371
  0.12013265777364540  0.13101277685764104  0.14193626450886648  0.15307661471091846
  0.16434726690646279  0.17553175635112875  0.18679718968623807  0.19815610755425495
  0.20966224708569009  0.22125716752552027  0.23292094407842007  0.24472222297382240
  0.25675319673654512  0.26909835756876377  0.28129332557314396  0.29374570938159128
  0.30628896120803578  0.31871159486983447  0.33104316637957742  0.34362047495758724
  0.35640302526798123  0.36905573054861895  0.38160656876502791  0.39413584062612844
  0.40674884323183041  0.41932846511543787  0.43199604790191165  0.44469483133536586
  0.45741264251357994  0.47012792562445466  0.48269056634084884  0.49524198963993532
  0.50780122459692201  0.52039243872445229  0.53280730252518382  0.54504658312776744
  0.55718808682977350  0.56917283505561655  0.58100972032489073  0.59259291955621718
  0.60409704140311049  0.61559878761767528  0.62705139903969576  0.63847499600937474
  0.64997174527460477  0.66158357088009645  0.67309368944537373  0.68438080338208518
  0.69532476573719759  0.70602672859473425  0.71650234727512052  0.72679867722504021
  0.73670570580326911  0.74628135025043041  0.75581061410275918  0.76530403434255012
  0.77478317978147282  0.78412827170765731  0.79353576238915191  0.80309378991543101
  0.81246728535073043  0.82153478473685948  0.83045864192294405  0.83938079749807815
  0.84826274425627635  0.85705885654877412  0.86578983060897130  0.87447750009912995
  0.88317499191796589  0.89193011680640133  0.90048551386928466  0.90887905464936858
  0.91703482012930659  0.92491650073895526  0.93278178701363146  0.94060465228799506
  0.94832376785344630  0.95595224759263786  0.96347927335923955  0.97087682910384820
  0.97825218793189894  0.98554488805919027  0.99279432957318825  1.00000000000000000
 -0.00232454986179101  0.00918464942933362  0.01899770970951608  0.02897021143361852
  0.03888689885879133  0.04897880569516010  0.05941673504544077  0.06991311734564895
  0.08052015816622420  0.09095950324107943  0.10139233458451206  0.11200463034134506
  0.12264790355407341  0.13312240681360982  0.14371474602939524  0.15463432542969444
  0.16574151911213011  0.17637823733990923  0.18682257485837772  0.19726644361728776
  0.20773593946642055  0.21841849391101018  0.22911072096260918  0.23977593579020856
  0.25045086812350492  0.26109171574913620  0.27182349417265483  0.28218687826226824
  0.29240708705090268  0.30266340919353685  0.31323933821810401  0.32396159602704722
  0.33449896543229635  0.34505937701605360  0.35565663939304443  0.36635250785264367
  0.37702421712055761  0.38762574684089379  0.39823638731405547  0.40874613196092296
  0.41945656258843350  0.43023440532196439  0.44103816881676428  0.45159120568324984
  0.46204278526163522  0.47259941515987003  0.48319926458843121  0.49379316077596380
  0.50438443046651715  0.51492962430339950  0.52543220340102093  0.53599816876726525
  0.54662859572970290  0.55716475880776239  0.56773448209211408  0.57844894153011117
  0.58921010224438686  0.59987754856765041  0.61056041469659883  0.62139988461693751
  0.63209633771233076  0.64263797275783296  0.65304002149925489  0.66338654884520931
  0.67353303954378374  0.68378170316756481  0.69419886505068862  0.70470921499617456
  0.71521807209907184  0.72577696655868840  0.73637996873403233  0.74705329291703770
  0.75771624995103182  0.76841775293010406  0.77906124136469057  0.78982347312137879
  0.80050555701983916  0.81097148500264549  0.82141775170088682  0.83217761884383867
  0.84294757423458977  0.85353170596232109  0.86407317215859092  0.87440706063897478
  0.88471367565122572  0.89492929128069787  0.90546274229806301  0.91597366684725334
  0.92650010636484426  0.93710414033967504  0.94784244666671069  0.95846010200484877
  0.96887176591817181  0.97920510295087826  0.98966011135603904  1.00000000000000000
 -0.00240217075289839  0.00957608403487043  0.01991434087004903  0.03042062072541579
  0.04124915094460440  0.05212823706724836  0.06309670317104764  0.07344295173732084
  0.08382183936787631  0.09410178355316173  0.10453783252276388  0.11496499021374931
  0.12553493794308607  0.13648167341352579  0.14723668509480189  0.15733815068264684
  0.16752149461333929  0.17765104097319756  0.18806787065261188  0.19843888182967503
  0.20894702304177179  0.21953148126241473  0.23002172001082055  0.24057658117853081
  0.25122213294050222  0.26182934644187122  0.27239584756788876  0.28299186436494866
  0.29366938649358809  0.30426148544449139  0.31470905725737763  0.32507259924407678
  0.33563500631709547  0.34612288702500410  0.35681682578790208  0.36714545392121745
  0.37745435753448886  0.38771504793855260  0.39809419267988683  0.40867825073283909
  0.41923336115720478  0.43006474411346984  0.44095899567768931  0.45180845321831964
  0.46237471704849148  0.47288278767446790  0.48339815819547632  0.49390887146100482
  0.50433116745208861  0.51464998648032123  0.52516967784257063  0.53552636434932233
  0.54607247068025822  0.55670783590132256  0.56745969381139405  0.57778008511603118
  0.58806590232770317  0.59810796322983484  0.60839892710725807  0.61869139283028163
  0.62918194073588496  0.63963234530556157  0.65032395720937952  0.66140052596884669
  0.67237945710968705  0.68316887231190104  0.69395893772842210  0.70479573097409154
  0.71518605871647190  0.72549784401856676  0.73600209120363125  0.74651008248494544
  0.75698782975260648  0.76737623055224458  0.77777137664189067  0.78825355555619947
  0.79872860450895566  0.80940436919578473  0.81999661732264839  0.83042916851278437
  0.84076677052008197  0.85127075795665896  0.86185784570000767  0.87241287203916795
  0.88263040710580842  0.89303612541123212  0.90370192220302137  0.91470609482762333
  0.92559060142995875  0.93622618002461355  0.94692257948274816  0.95758523753748093
  0.96825173749081606  0.97886131329144144  0.98942483038388052  1.00000000000000000
 -0.00237652265527503  0.00974256465570496  0.01991690788448567  0.03023366160571251
  0.04057331601363469  0.05115833270671512  0.06172294643117372  0.07217978509346522
  0.08264393901079314  0.09310562071052558  0.10359225002626610  0.11388305924031294
  0.12416737309226385  0.13457867428114093  0.14512185295415544  0.15552033514643396
  0.16598907657482936  0.17633103992175486  0.18674295958464232  0.19703617935335146
  0.20732765349793325  0.21791369894606052  0.22848969524206345  0.23947001611565472
  0.25036313252489784  0.26137385157631970  0.27229955432975983  0.28291907570696334
  0.29347478811585626  0.30412453948420343  0.31484864753952613  0.32539319921869042
  0.33588372920464066  0.34662464666455806  0.35736258200274551  0.36813978796122548
  0.37890876153824665  0.38983803868461753  0.40065326428864578  0.41129933835041182
  0.42182466392667251  0.43235721296741980  0.44311387935570196  0.45414977079782853
  0.46520926954724617  0.47632840286324346  0.48690488013670141  0.49736401917247802
  0.50773935046395735  0.51800956170974488  0.52826244115559540  0.53857202568970053
  0.54909150959808661  0.55969687029796755  0.57017631421555315  0.58057198273363531
  0.59073279066613138  0.60104300227051255  0.61159253946183045  0.62225855983487421
  0.63273035103972375  0.64329185894775898  0.65399699259250310  0.66483355284760892
  0.67525271045981783  0.68574853578216610  0.69615596729194429  0.70666229508125011
  0.71716480252693793  0.72762294812376083  0.73828333657097145  0.74892149306344002
  0.75977976254595769  0.77038812664427792  0.78080661469096346  0.79121487648403321
  0.80177475866794812  0.81228513341211828  0.82261966218688809  0.83298719927789977
  0.84335821339334793  0.85386226803895604  0.86412798493639742  0.87443812569973456
  0.88475308641306416  0.89517528037479221  0.90550190703314026  0.91591627845055290
  0.92632409907040714  0.93665774498809240  0.94704603367607820  0.95739822593114554
  0.96812605107709171  0.97867181643671330  0.98937088732159983  1.00000000000000000
 -0.00271786452806627  0.01177646384953434  0.02362807779169132  0.03574505246383865
  0.04772932561904532  0.05957665609630088  0.07124626854593791  0.08277151747265715
  0.09403775288770681  0.10508419699905061  0.11595951915315214  0.12667178110845578
  0.13728997234294255  0.14789460805184756  0.15846980749737244  0.16887970352122894
  0.17909565837982888  0.18927581214914357  0.19943872811099261  0.20952375009302032
  0.21945677489833101  0.22928854694328185  0.23907469752922753  0.24887311851438443
  0.25877961350420481  0.26882252715143562  0.27877572199171669  0.28850066201833890
  0.29805492694025565  0.30750977867900747  0.31694975695110511  0.32641468896132120
  0.33591101330665929  0.34545379566931111  0.35503308407630102  0.36461646091525857
  0.37421765437422327  0.38378540122398980  0.39334221794093344  0.40284483873587501
  0.41226128548313240  0.42160763619710923  0.43084929349881462  0.44016465538455157
  0.44933667320447146  0.45846973872872410  0.46787381886479751  0.47729591069128136
  0.48671831504928798  0.49585545148247101  0.50498133070605078  0.51416404593782283
  0.52343576658616409  0.53282114527041735  0.54229850737120144  0.55180043657519839
  0.56121502195285056  0.57072556830611065  0.58031026761033733  0.58997717672864758
  0.59968245381841201  0.60940661709742283  0.61931908304088512  0.62933505334943474
  0.63943270807229335  0.64951117024381511  0.65952419125620898  0.66951017124412548
  0.67945692793549173  0.68948046132520668  0.69955065703424812  0.70975267233517914
  0.72006158306951440  0.73048692102994150  0.74096981008475304  0.75146855099152055
  0.76216804932756022  0.77301242714328600  0.78421890621071910  0.79567265053447400
  0.80723622219136271  0.81879988863892439  0.83053656715984925  0.84231178302354970
  0.85409265661908151  0.86593826891494929  0.87800050447305344  0.89023114141423776
  0.90286408295212017  0.91596543483720594  0.92958367909042194  0.94351981195154355
  0.95765088498242179  0.97137532475474908  0.98559276953345265  1.00000000000000000
 -0.00261714671177303  0.01000612947321284  0.02075398933648449  0.03142292959309419
  0.04188514919358871  0.05227274940263146  0.06261930019188526  0.07290291753651182
  0.08333720692133269  0.09388905616437498  0.10462212144752599  0.11529627797140063
  0.12597512827696103  0.13669781376837475  0.14740536737755111  0.15807160262533182
  0.16851639547127084  0.17891925315028523  0.18937953815550085  0.19985960687141049
  0.21035467243109890  0.22081053664869052  0.23122875485058897  0.24157515527880324
  0.25209375755586716  0.26284442851034096  0.27348770689473867  0.28397546035351950
  0.29440425504798096  0.30499591684809663  0.31543438962886577  0.32576293239054860
  0.33610224091176749  0.34663815353041955  0.35699644254206298  0.36731161308089816
  0.37767996038709711  0.38823131177226150  0.39877672733257002  0.40929522277095609
  0.41989195913554755  0.43062956433889854  0.44136368115371832  0.45196310334746786
  0.46259884614249286  0.47347519276652594  0.48448636051663380  0.49550558007953976
  0.50625198359964763  0.51688887564680830  0.52714647982971385  0.53748975692110068
  0.54795572223904732  0.55835479304626057  0.56882383840828599  0.57918556479029304
  0.58963144317485650  0.59991178385618293  0.61013454667184419  0.62036369028019811
  0.63067262107938793  0.64110200006299978  0.65162802448395629  0.66214204885089223
  0.67287585250508208  0.68356765038304368  0.69441630251204423  0.70520625303546147
  0.71599107246995819  0.72669709289531403  0.73700857088621907  0.74728689370731316
  0.75767460901753214  0.76815564954213833  0.77888711120961784  0.78939975154322717
  0.80014710520327625  0.81086868142833801  0.82135862670206794  0.83154299205915827
  0.84194429998238618  0.85244903625678548  0.86312522977347284  0.87350510887141342
  0.88429607601524407  0.89516705622715598  0.90590975209500024  0.91652050843243671
  0.92705968340805600  0.93750461129083118  0.94773480214826344  0.95791394661927065
  0.96851740026891597  0.97914271814311238  0.98967997554853260  1.00000000000000000
  0.38676337243168885  0.54395633967380497  0.56063004125733740  0.57460089004139292
  0.58936351602763370  0.60895255027418649  0.62729185874385018  0.63864491069639739
  0.64625064905009932  0.65185897336947574  0.65674113092212016  0.66134052838238677
  0.66569747481518893  0.66967441527727134  0.67342565437877300  0.67709209509019319
  0.68069053852052974  0.68426815152550413  0.68772613792572113  0.69104892254377448
  0.69432335112639443  0.69757744577683034  0.70082558176943577  0.70406780533797542
  0.70726722105515694  0.71043545018196175  0.71354379464907758  0.71664380210419432
  0.71975126398196221  0.72284811689249040  0.72594847255674466  0.72904126523709656
  0.73209231230717753  0.73511668095677996  0.73812186606699881  0.74112473202704698
  0.74414498886252411  0.74716768889376040  0.75017637387558089  0.75317986148839156
  0.75618875996533108  0.75920612996948755  0.76223530106247384  0.76528262427962535
  0.76837573440270546  0.77148368763278574  0.77459039505969773  0.77768281339128120
  0.78076012043700949  0.78385025042159973  0.78697070120740686  0.79011810583218300
  0.79328974981677947  0.79647803961726527  0.79966585642192400  0.80286544954568961
  0.80609034375669064  0.80934337826054714  0.81261950589248277  0.81594286183193598
  0.81926509123172142  0.82257714465336629  0.82595275874870422  0.82936316404923083
  0.83283776899201578  0.83635825043106882  0.83989175279056838  0.84340782778796963
  0.84692034243103198  0.85045096908880691  0.85407998098691795  0.85784291547287828
  0.86167774659730756  0.86553724672426946  0.86939821661849159  0.87331422741121256
  0.87735037614846567  0.88158137901832023  0.88584427418592782  0.89015123987285394
  0.89447416616702036  0.89900195707922315  0.90370683305022581  0.90847979250608901
  0.91335831138181645  0.91845683361423491  0.92386851659470492  0.92945877890676354
  0.93517554714395912  0.94121864570690061  0.94753320246377581  0.95423255003023633
  0.96191106663926362  0.97115049290317901  0.98309721743721357  1.00000000000000000
 -0.02358121548325776  0.14334174425691623  0.18506049130646324  0.21066541633847177
  0.23131805177342851  0.24963002433049353  0.26632867394115373  0.28207801637765112
  0.29688696533262204  0.31075198374470070  0.32346724827771800  0.33552147946096961
  0.34684256427008087  0.35769199728309076  0.36807522483199456  0.37815385247711669
  0.38797712481149432  0.39754871667141378  0.40681949233734410  0.41585558170295478
  0.42467713782504146  0.43334840725868140  0.44177031799278754  0.44990148620160281
  0.45787393456011094  0.46563577607441076  0.47326654314675148  0.48078553642379146
  0.48817888894610684  0.49549849597034568  0.50267118278236222  0.50971130357666294
  0.51663836586230161  0.52340650656909482  0.53004387475722070  0.53661715786387343
  0.54312843738447214  0.54949965161852277  0.55577275098781420  0.56200909974557633
  0.56824317892265486  0.57447864412443861  0.58062053517723755  0.58664296625593526
  0.59254371404862527  0.59836873995980466  0.60427526175304591  0.61004099233997644
  0.61587362765386799  0.62169400159283639  0.62745353443718388  0.63314066303324468
  0.63875234575147855  0.64430100411781754  0.64977338881806890  0.65518803659245473
  0.66060588241537244  0.66600341263306462  0.67129755392036128  0.67654575636724334
  0.68178042285333817  0.68699120317602158  0.69227319909128981  0.69755928563244329
  0.70281124420328778  0.70798453913978932  0.71308972662416747  0.71815375729819353
  0.72324286272706173  0.72842055303671305  0.73369641232497584  0.73900695163435803
  0.74426194291688397  0.74950881761626920  0.75482638703097793  0.76018894170105433
  0.76561439888023142  0.77111599795703012  0.77666913523599479  0.78226111167588763
  0.78797697660586896  0.79382622443160822  0.79984815581119839  0.80606974861196201
  0.81241270211226968  0.81918358333795582  0.82618528935667124  0.83346036583738015
  0.84138735160203315  0.84960165769899432  0.85865836865898548  0.86900660276089436
  0.88182667811519078  0.89809666079541950  0.92243731666121620  1.00000000000000000
   6.2592971338345541E-012  -1.0000000000000000     
 F F F F F F F F F F F F F F F F F F F F F F F F F F F F F F F F F F F F F F F F F F F F F F F F F F F F F F F F F F F F F F F F F F F F F F F F F F F F F F F F F F F F F F F F F F F F F F F F F F F F F F F F F F F F F F F F F F F F F F F F F F F F F F F F
  <DiscreteSampler_grid>
  grouped_processes
  1 # 1 for a reference and 2 for a running grid.
  10 # Attribute 'min_bin_probing_points' of the grid.
  1 # Attribute 'grid_mode' of the grid. 1=='default',2=='initialization'
  0.0000000000000000 # Attribute 'small_contrib_threshold' of the grid.
  0.5000000000000000 # Attribute 'damping_power' of the grid.
 # binID   n_entries weight   weight_sqr   abs_weight
    13   10   3.313819181510979E+000   5.061159714223298E+001   3.313819181510979E+000
    14   10   3.313819181510982E+000   5.061159714223309E+001   3.313819181510982E+000
    16   10   4.316729156710172E+000   8.883696444847426E+001   4.316729156710172E+000
    17   10   4.316729156710173E+000   8.883696444847439E+001   4.316729156710173E+000
  </DiscreteSampler_grid>
