  0.00000010026738356  0.00000019651755828  0.00000030391070391  0.00000096058747432
  0.00000415505280622  0.00001189994934953  0.00002295983710555  0.00003268916160515
  0.00003741668935812  0.00003924447293810  0.00004055530923696  0.00004169622778957
  0.00004271382460270  0.00004354747080399  0.00004410217976789  0.00004463332971134
  0.00004513525046718  0.00004554745142120  0.00004583898516037  0.00004607741635268
  0.00004628190151608  0.00004651556862420  0.00004670946474461  0.00004687279599748
  0.00004702190179509  0.00004720825187926  0.00004739349849900  0.00004756400000757
  0.00004771884717843  0.00004785744970753  0.00004798164251853  0.00004809903459613
  0.00004820770479287  0.00004829590757881  0.00004837762811409  0.00004845764180541
  0.00004853313563972  0.00004860263300010  0.00004866761439073  0.00004872845900436
  0.00004878267312053  0.00004883675330341  0.00004889487461356  0.00004894368895151
  0.00004898729884224  0.00004902922382380  0.00004906899740661  0.00004911143883318
  0.00004915518416285  0.00004920070095316  0.00004924684198460  0.00004929213041260
  0.00004934375397203  0.00004940120532116  0.00004945697283213  0.00004951070655835
  0.00004956525531259  0.00004962282046641  0.00004968536342482  0.00004974872840636
  0.00004981269674894  0.00004988173660392  0.00004995852695106  0.00005004030736997
  0.00005011849546045  0.00005022740691914  0.00005033797859149  0.00005045345602071
  0.00005057794233853  0.00005071541958862  0.00005087446369469  0.00005105063835454
  0.00005124742206145  0.00005146554297187  0.00005170472415792  0.00005197077680570
  0.00005227261027936  0.00005256776286950  0.00005287758464098  0.00005325966460206
  0.00005372535792721  0.00005415549516146  0.00005452088412640  0.00005506790999424
  0.00005606139374274  0.00005755910484331  0.00005935510678798  0.00006254530578691
  0.00006706143183657  0.00007288681810453  0.00009362116552795  0.00013500647629133
  0.00029363148232653  0.00219803058573820  0.13639817677602706  1.00000000000000000
  0.00007095085991031  0.00007422047913985  0.00007802675339998  0.00008165203731823
  0.00008564175475609  0.00008948144623295  0.00009158001474558  0.00009224740416439
  0.00009244473299784  0.00009250214410893  0.00009252756105173  0.00009254577958761
  0.00009255813918387  0.00009256487502959  0.00009256897963681  0.00009257268508646
  0.00009257587488478  0.00009257859873220  0.00009258060535733  0.00009258233980188
  0.00009258363826717  0.00009258493673245  0.00009258608989271  0.00009258715057454
  0.00009258821125637  0.00009258927441931  0.00009259034658234  0.00009259141874536
  0.00009259249090839  0.00009259385230463  0.00009259526177399  0.00009259686645154
  0.00009259900117272  0.00009260151561210  0.00009260444783742  0.00009260804526946
  0.00009261393094387  0.00009262218738496  0.00009263519800288  0.00009265545941761
  0.00009268137469811  0.00009276362607855  0.00009304638071698  0.00009446519441545
  0.00009894081861084  0.00010548277830928  0.00011345748044137  0.00012364338220286
  0.00013549330558204  0.00014901248497569  0.00016404557050395  0.00018079888343279
  0.00019878665024592  0.00021942896267350  0.00024265037165473  0.00026867881432388
  0.00029811113470208  0.00033207018157973  0.00036862309808568  0.00040803190598132
  0.00045229784767863  0.00049786824343852  0.00054434240596696  0.00059735736161641
  0.00065073082320056  0.00071028569345376  0.00077594765291053  0.00084591014928049
  0.00091715721476155  0.00099514711052476  0.00107268044095845  0.00114036988591116
  0.00122031148081120  0.00131771240518373  0.00142866122915358  0.00156845704689737
  0.00172740467361330  0.00191098188974553  0.00206489507504753  0.00220905176911668
  0.00234095556279032  0.00246292114866160  0.00258957057943937  0.00275351517347541
  0.00299731916328022  0.00329430003251980  0.00361933771370039  0.00394558603506017
  0.00425018346456341  0.00455663784952000  0.00490570283004410  0.00538389865189128
  0.00629878190718744  0.00775220979157736  0.50468255734347867  1.00000000000000000
  0.00000041211989810  0.00000334823150191  0.00000512700704468  0.00000746246837293
  0.00000998830361954  0.00001252460808888  0.00001517433126841  0.00001840113546277
  0.00002172531322235  0.00002483156321266  0.00002765326010556  0.00003022900098558
  0.00003262274665259  0.00003488523783755  0.00003704602820732  0.00003926010143436
  0.00004146809131646  0.00004371223299666  0.00004620625193682  0.00004890825774216
  0.00005154847521660  0.00005367372215917  0.00005533663343192  0.00005715413952809
  0.00005954219528800  0.00006156517155307  0.00006338099662511  0.00006550163924126
  0.00006813816204540  0.00007176592699432  0.00007537637788141  0.00007849566135549
  0.00008192927514783  0.00008565984120005  0.00008944918957308  0.00009320415773941
  0.00009681318206828  0.00010006855586517  0.00010325498612336  0.00010726993547999
  0.00011187949185187  0.00011643900591654  0.00012147473271698  0.00012714177586823
  0.00013347144225258  0.00014079765627826  0.00014950261428616  0.00015963559796577
  0.00017058695510169  0.00018089041788491  0.00018923333234948  0.00019980150721236
  0.00021119265105176  0.00022144909236352  0.00022986190293000  0.00024152506020275
  0.00025400699383819  0.00026714899378058  0.00028223558802077  0.00030098089455961
  0.00031950218044079  0.00033974699786732  0.00036076089745514  0.00038023244258846
  0.00039747776692389  0.00041510103947691  0.00043460241323345  0.00045613980840429
  0.00047849217546720  0.00050094790124535  0.00052420784556784  0.00054721796995132
  0.00056898882619293  0.00059437298310504  0.00062265429928796  0.00064679186099951
  0.00066804539307946  0.00069173256194381  0.00072234757387042  0.00075950424110623
  0.00080751108598185  0.00088038935287374  0.00097193445940113  0.00106400673362712
  0.00115193438903118  0.00122099279036453  0.00127769759464509  0.00134911527131558
  0.00145557973347788  0.00158733002526150  0.00176091867689925  0.00194636603877366
  0.00208584436983315  0.01457370333993655  0.07392183899913443  1.00000000000000000
 -0.00253283195821598  0.00827062467193729  0.01904835726909693  0.02939748994725961
  0.03881027967750126  0.04726486894321776  0.05566780795379505  0.06436045123751195
  0.07383637334061788  0.08411586953803050  0.09325137773460342  0.10213313132210054
  0.11122137820174825  0.12256836551248719  0.13419873132367183  0.14435048621733532
  0.15463657518211160  0.16677097447859462  0.18149595749568248  0.19310372815582277
  0.20300111578546132  0.21301429713636838  0.22221706395564436  0.23498713209252242
  0.24691573775597653  0.25755917189148447  0.26674941871659108  0.27566303544636639
  0.28548021868827644  0.29823108748754851  0.31445540222777713  0.32949221714204646
  0.34445222943009834  0.35817250410021978  0.37142260221026624  0.38562772109164645
  0.40040557840760588  0.41463467911125845  0.42798391122792562  0.44092364813944834
  0.45372814490816321  0.46584323113814924  0.47738233306597178  0.48911968758043556
  0.50036213033668997  0.51143974247807933  0.52171973858862053  0.53238068922947734
  0.54410094078745053  0.55767747191786510  0.57236737310077967  0.58648349968627456
  0.60007980171496955  0.61320324008433058  0.62652264117574541  0.64049497573282999
  0.65391552021743093  0.66535138196524402  0.67520619694567341  0.68473835915004189
  0.69570739306618568  0.70811127745686653  0.72042531392689413  0.73261314102034192
  0.74432557760078011  0.75567469400801990  0.76665129400301724  0.77759812080733393
  0.78880990011644336  0.79945975290220950  0.81014462921549069  0.82070803433114048
  0.83021766595024449  0.83834941797004114  0.84614403072433897  0.85471267923985150
  0.86381185961406692  0.87205935705213977  0.87918139165662357  0.88654795900384276
  0.89439124834904815  0.90190237379057070  0.90796204577403694  0.91337791185171069
  0.92131148460695411  0.92916798036522230  0.93621215601750596  0.94367128501930386
  0.95053072635122127  0.95720736346409330  0.96315142017143263  0.96927617512571373
  0.97556802244172192  0.98262788189734818  0.99077643468373222  1.00000000000000000
 -0.00322080735279674  0.01203236514628659  0.02057428499724825  0.02854988637142776
  0.03715705726297508  0.04572136269016670  0.05471331203313097  0.06389933745551254
  0.07434618225716673  0.08542504427781379  0.09533555494150726  0.10533108305619179
  0.11673355645111859  0.12824770944816058  0.13939804767808006  0.14967772311302757
  0.15861298408305630  0.16781447007619332  0.17792033790843781  0.19069622107288647
  0.20408997709504678  0.21523343131464584  0.22679626072587569  0.23677254153980265
  0.24732671695679953  0.26249709006021299  0.27857174330808582  0.29347430765399729
  0.30820443428393030  0.31916962996896286  0.32798438400722590  0.33582413274211070
  0.34525431547834351  0.35334891997935874  0.36183640690214858  0.37132015614835312
  0.38409490586548073  0.39649927737217611  0.40734442971808416  0.41743770646267586
  0.42839458597399988  0.43807318354805486  0.44704723706940053  0.45906369819136877
  0.47129561772348028  0.48299359124368213  0.49340262629225873  0.50403734270522060
  0.51439135343547582  0.52320871111276512  0.53139890743879714  0.53873736918042259
  0.54746028109754852  0.55849145076308404  0.57107862068052762  0.58374135160572493
  0.59498131136844279  0.60458756819379678  0.61346744525842678  0.62341160264065498
  0.63430512734395617  0.64526700122029956  0.65528183589997335  0.66314363612667604
  0.67069535178392670  0.67886457735821537  0.68845369772986820  0.70153065116505275
  0.71679712470754731  0.73018087078246308  0.74189847336727521  0.75380201472464925
  0.76477506505356396  0.77631069537470676  0.78695706549154276  0.79528630540656264
  0.80431175656798382  0.81280521218495339  0.81856299792251808  0.82507580735346819
  0.83284735243935348  0.84276392624714158  0.85317506302515955  0.86415544976330216
  0.87658438810849471  0.88932038391363721  0.90170887098018271  0.91337649645330865
  0.92308260626711836  0.93229060879569048  0.94320717734403414  0.95504147317987498
  0.96567908427006222  0.97680441565317111  0.98889039080112917  1.00000000000000000
 -0.00157964853232722  0.00683379287041471  0.01505219114323721  0.02399818928068236
  0.03525168472214855  0.04585953851080937  0.05473036507668100  0.06459109596111957
  0.07425919370897330  0.08376758940791906  0.09274989631545939  0.10190786138503520
  0.11219882304431401  0.12322722632323904  0.13402657587517386  0.14460388393811816
  0.15343033402235348  0.16140504356343835  0.16970217097824805  0.17597606661923226
  0.18064535899681147  0.18687256145944642  0.19506118415619658  0.20409956233572213
  0.21347091824700490  0.22207047473970984  0.22986422568337328  0.23779615344739591
  0.24722434131964893  0.25815072599455552  0.26953171056749969  0.28077138981346988
  0.29151246065613168  0.30138934879038148  0.31063940856492134  0.31992256189279378
  0.33034425904303016  0.34177077350871887  0.35300986150170538  0.36369161013167789
  0.37339001966427271  0.38199218280327568  0.39004063841238507  0.39758129256456554
  0.40647798199129881  0.41766218960560403  0.42953673517885216  0.44125715080259759
  0.45325926897627511  0.46378909174190763  0.47469683890725517  0.48393576915841463
  0.49155533883585950  0.49982496146438216  0.50825633289427485  0.51670531291290334
  0.52519142810839425  0.53532387962441752  0.54928847756333676  0.56216323257520950
  0.57201731901290320  0.58323532361931552  0.59290417078155411  0.60164627693217199
  0.61227223326790925  0.62551702043064517  0.64069229261575067  0.65364327655206800
  0.66402014710980850  0.67475324116578128  0.68611894134481088  0.69861295156609549
  0.71082990464101992  0.72365964941659344  0.73676198038435869  0.74956886348958873
  0.76200632854303296  0.77477611409480374  0.78870038395277131  0.80427342790703027
  0.82157023232805482  0.84073355297037988  0.85720831283781740  0.87230855858036804
  0.88637722401407060  0.89962928876641990  0.91161369849633056  0.92121402807178421
  0.92940257097960166  0.93675706928978753  0.94397459705045672  0.95513877496520627
  0.96550547650001306  0.97824427767307398  0.98993223596458280  1.00000000000000000
 -0.00175910339643440  0.00775013037618007  0.01570777925430568  0.02286053144300774
  0.03049346443257824  0.04107668797328185  0.05423511323203464  0.06748411446644306
  0.08011822363803979  0.09189391833567999  0.10306697311117555  0.11365269928136711
  0.12418512212356744  0.13493068115970205  0.14620673559001904  0.15724223765953038
  0.16758490104265253  0.17839951183073582  0.18898870038193460  0.19855258510995891
  0.20838713410562371  0.21867455012235298  0.22841789033787116  0.23833117505899071
  0.24910212490953812  0.25958598099277319  0.26793099538562831  0.27567132243641501
  0.28502777339435992  0.29533309479191067  0.30695850437370081  0.31961895563560944
  0.33238651194245361  0.34492099432387574  0.35763483067213886  0.36947287080099372
  0.38088959595024685  0.39195004079738832  0.40358156988484034  0.41369685631516445
  0.42361093661710075  0.43354724358419761  0.44280041677276022  0.45506406990136616
  0.46662011921286600  0.47824363965419048  0.49018223966102153  0.50225787159750290
  0.51439161585817017  0.52598752416752037  0.53626996653590708  0.54627706354403216
  0.55682678242375139  0.56676650871752188  0.57648251397664008  0.58651478585380445
  0.59623755768424336  0.60535410217355956  0.61193364918928084  0.61731277178728661
  0.62223723438404399  0.62846896802946528  0.64065170815352879  0.65376549369047321
  0.66536556742802178  0.67631065790209566  0.68599981852641079  0.69427958581297267
  0.70263072744338495  0.71072598834850165  0.71868987227291825  0.72752896862663297
  0.73701883989633432  0.74665085143814791  0.75541898280759667  0.76413459313496845
  0.77577013731664701  0.78463743327777180  0.79368027474724057  0.80324156364734867
  0.81332835939364412  0.82641938271744897  0.84140062362929668  0.85593088414018748
  0.86991306919979783  0.88337666563295958  0.89665618964948435  0.91029052744217442
  0.92381026659158394  0.93488530926244495  0.94566081911874555  0.95513679654759742
  0.96309008367167070  0.97196822143560901  0.98353883294949507  1.00000000000000000
 -0.00121756704224328  0.00587053187656259  0.01470555710569143  0.02328209704905845
  0.03347234924922073  0.04646095937734082  0.06131582148494065  0.07611580627787241
  0.08829421803720523  0.09854729864382406  0.10858176560709401  0.11771585525436745
  0.12585348755239267  0.13515235355038768  0.14321305843680548  0.15056098927845027
  0.15849688442386162  0.16870110683471604  0.17835390227802131  0.18660727868346405
  0.19398168048523967  0.20065140219988542  0.20860442451217162  0.21841250442266782
  0.22936113601268587  0.24183453647253692  0.25493638463921314  0.26669517731542314
  0.27723714492036117  0.28718755928543316  0.29702837703658386  0.30769831427594818
  0.32040444745021401  0.32980474146873595  0.33787144479653747  0.34641936147231256
  0.35581852735004860  0.36789566915560873  0.38223079016979644  0.39780063653858511
  0.40659057668970944  0.41601070400078932  0.42563651265588198  0.43509755694240582
  0.44316241156948027  0.45279299311148946  0.46486973110027002  0.47832018902585233
  0.49180781946575769  0.50706449064041692  0.52100856483903113  0.53402522071679104
  0.54668560862338222  0.55830271617759286  0.56977657360693568  0.58179479628306396
  0.59423969123599507  0.60430857447672748  0.61387032516289619  0.62318495037818222
  0.63242346100696900  0.63965434761521267  0.64705771456921213  0.65520554398411168
  0.66364274540380930  0.67430202314666132  0.68613954271616884  0.69675768402128879
  0.70544497744122425  0.71279716638564250  0.72020169572307424  0.73010561841585542
  0.74241977232158129  0.75425448899221992  0.76615989215879510  0.77867153752777973
  0.79155644340191822  0.80450455458196179  0.81723990305521999  0.82927412441612824
  0.84055499849104087  0.85179758663036831  0.86258086333939576  0.87308102540901644
  0.88320866017872934  0.89225500539851810  0.90280191275151933  0.91370780107798366
  0.92250410672122218  0.93303671557477519  0.94439262195681251  0.95495901494998536
  0.96457479077748420  0.97377215402177442  0.98463088597953718  1.00000000000000000
  0.03793991786905240  0.12957717389745679  0.21679941275106199  0.25440158681745351
  0.29004176120874831  0.32193349016648948  0.37748743672520030  0.43848170236831890
  0.48491934494196431  0.53123462633569674  0.58662682416633505  0.62430217188998005
  0.64170423338434190  0.65164412003554983  0.65809658873489063  0.66301093616605911
  0.66751706334566363  0.67190944901189964  0.67576741821057795  0.67889210541906542
  0.68182558930424120  0.68418827852771313  0.68650565174689782  0.68886016238426839
  0.69123194657725573  0.69366657075554228  0.69631692973499726  0.69943176967247611
  0.70283388942402192  0.70653130140668374  0.71055097474015094  0.71432229347978449
  0.71789900385859917  0.72136014426726081  0.72441972719675551  0.72670349252667488
  0.72958838201127818  0.73287538479172520  0.73580521486064687  0.73850120397559871
  0.74121713201070349  0.74367909786458075  0.74615430839875363  0.74869263107937478
  0.75139451021557657  0.75418702134416504  0.75741129945036623  0.76110835285905676
  0.76488277419989681  0.76834624495465242  0.77171902707948348  0.77506943518061078
  0.77851992457318564  0.78200631670157705  0.78554083011695297  0.78946255258087039
  0.79380394249617470  0.79833620555634721  0.80286072810664677  0.80732652734771482
  0.81211933360807720  0.81712994608721679  0.82231787024918934  0.82699034436413665
  0.83095638713985942  0.83442625634111733  0.83781767027985121  0.84172269249574527
  0.84581536671638147  0.85008392291826662  0.85462448043172379  0.85933659836093446
  0.86415960928825453  0.86906375093519739  0.87384256025273432  0.87797734385294202
  0.88214855850752860  0.88611665906431192  0.89022495120199185  0.89455414566628866
  0.89897219594386502  0.90355462777083606  0.90807947398774647  0.91309262760200505
  0.91868764470556752  0.92400959097953927  0.92863865117988342  0.93305079882774056
  0.93801250711456541  0.94355128620719464  0.94975610819376999  0.95618557079791600
  0.96281956519371248  0.97065057320993342  0.98161222788155600  1.00000000000000000
 -0.03366351903781396  0.15314009295807313  0.20675970319647158  0.24109129700110737
  0.26849962693546975  0.28742012108283055  0.30180745758158856  0.31590835726148597
  0.32849830114581746  0.33953360463124294  0.34998153933115761  0.35987578285521471
  0.36902811992677009  0.37751238204107723  0.38724322126904392  0.39720012548127415
  0.40814028151078374  0.41898115716384238  0.42896328175662912  0.43918152195173643
  0.44899625911209212  0.45841803127141889  0.46736178822995139  0.47534349601527304
  0.48233798792880045  0.48813312075587328  0.49310340579214140  0.49914379440069351
  0.50510654347470729  0.51063887201743119  0.51566270571111761  0.52049169119993866
  0.52589539404118124  0.53107168906343660  0.53606907913841206  0.54210410032625067
  0.54744362682636905  0.55341951584247417  0.55901734971159400  0.56341237993854865
  0.56832627588838402  0.57384309329697059  0.57972004140597488  0.58610471267587672
  0.59209597634710476  0.59732062932444097  0.60259204222254148  0.60617533035950211
  0.60915479066031808  0.61232636568829035  0.61542793077924096  0.61957866028075737
  0.62416885154913604  0.62913427238425579  0.63468234254631428  0.64005547231624238
  0.64494126844256594  0.64963658920754719  0.65432477628232932  0.65959488128290089
  0.66447924833215155  0.66926427890195717  0.67505822876901256  0.68091394605414279
  0.68631766419854989  0.69104144621524743  0.69524598574854535  0.69906970766535725
  0.70308951700557942  0.70882066079279715  0.71394329939057277  0.71820343662805808
  0.72123461883332984  0.72511161959807191  0.72976548178734513  0.73487540875312707
  0.73902497807438750  0.74307334276915149  0.74732989812227779  0.75216322291455606
  0.75791000934694674  0.76447045538149350  0.77279076684027936  0.77890397950220169
  0.78331208387529583  0.78753115794776662  0.79243027606210292  0.79739394334025826
  0.80194578531386096  0.80717713935524937  0.81283397677517200  0.81966054598617388
  0.83050139911965914  0.84532201588614275  0.88417519396554045  1.00000000000000000
   2.7582915657016600E-010  -1.0000000000000000     
 F F F F F F F F F F F F F F F F F F F F F F F F F F F F F F F F F F F F F F F F F F F F F F F F F F F F F F F F F F F F F F F F F F F F F F F F F F F F F F F F F F F F F F F F F F F F F F F F F F F F F F F F F F F F F F F F F F F F F F F F F F F F F F F F
  <DiscreteSampler_grid>
  grouped_processes
  1 # 1 for a reference and 2 for a running grid.
  10 # Attribute 'min_bin_probing_points' of the grid.
  1 # Attribute 'grid_mode' of the grid. 1=='default',2=='initialization'
  0.0000000000000000 # Attribute 'small_contrib_threshold' of the grid.
  0.5000000000000000 # Attribute 'damping_power' of the grid.
 # binID   n_entries weight   weight_sqr   abs_weight
    13   10   3.012649484280335E-002   3.548573325459914E-003   3.012649484280335E-002
    14   10   3.012649484280345E-002   3.548573325459940E-003   3.012649484280345E-002
    16   10   3.976086593217035E-002   1.264906739487611E-002   3.976086593217035E-002
    17   10   3.976086593217028E-002   1.264906739487611E-002   3.976086593217028E-002
  </DiscreteSampler_grid>
