 -0.00295806033700631  0.00946434660419447  0.02055773692368698  0.03226056915850078
  0.04442228947099417  0.05657404171028889  0.06836012887765354  0.07914991458852964
  0.08850582996091104  0.09688154210190046  0.10575190980514423  0.11525452939522736
  0.12555870984209003  0.13625922101353999  0.14750555987297662  0.15812842391839135
  0.16840743731817689  0.17923249340858172  0.19130700814305882  0.20351875549324450
  0.21465053402105969  0.22529836919731733  0.23596747863977957  0.24638317254394093
  0.25666372374036811  0.26745452819994031  0.28000049197978233  0.29239737553159428
  0.30347737164768396  0.31369567086075395  0.32382850777424954  0.33572245094992853
  0.34908265403145772  0.36197269134187499  0.37559245228739124  0.38679655705810384
  0.39839014114034960  0.40980581933883475  0.41794916459747516  0.42616391321299008
  0.43470968381076053  0.44403591618140931  0.45412537818055276  0.46383877645995619
  0.47355641805247567  0.48490657366620149  0.49773517077576995  0.51016294891444125
  0.52235832808691640  0.53481557491314113  0.54694434790441226  0.55949867991871616
  0.57314467021968063  0.57821449991731022  0.58486895598739053  0.59173441373494740
  0.59797686960604401  0.60422083059391007  0.61383421501794933  0.62509857646520384
  0.63589035819772233  0.64530419761171920  0.65435361127983793  0.66411603614223613
  0.67417733524051593  0.68394350340512711  0.69239583247476122  0.70042376619929636
  0.70861897888653991  0.71692813753668483  0.72509213128860195  0.73550528420677241
  0.74699682250193766  0.75751942816028661  0.76771972685188816  0.77818291220257507
  0.78877682260309423  0.79922153015579955  0.80979376236656708  0.81991693878055660
  0.82997050339709022  0.84027437679559680  0.85135375099336963  0.86479145492418696
  0.87776260101461112  0.88912172863641448  0.90044715851712465  0.91103527071795842
  0.92112761581823865  0.93135304666269481  0.94208155697635720  0.95231709196481074
  0.96314863562338149  0.97528827993180855  0.98732971369266287  1.00000000000000000
  0.00007113217778675  0.00007365337199739  0.00007651682474645  0.00007949072900225
  0.00008252905025088  0.00008576359070844  0.00008901531054406  0.00009114636138339
  0.00009202226629998  0.00009226183233954  0.00009234398767578  0.00009238095003976
  0.00009240303668177  0.00009241669507145  0.00009242609950441  0.00009243270169415
  0.00009243694383421  0.00009244035708117  0.00009244324863075  0.00009244569776075
  0.00009244790584291  0.00009244966502682  0.00009245122804025  0.00009245278981232
  0.00009245416919362  0.00009245554857492  0.00009245692795622  0.00009245837877560
  0.00009245983099584  0.00009246132945102  0.00009246321559895  0.00009246510174689
  0.00009246775827749  0.00009247071630666  0.00009247420350460  0.00009247829417158
  0.00009248266445395  0.00009249188032973  0.00009250446033819  0.00009252336886141
  0.00009255354126709  0.00009260233625894  0.00009274307151755  0.00009325348796137
  0.00009480037041301  0.00009726660906574  0.00010199254375069  0.00010718156059916
  0.00011390962349505  0.00012299411423420  0.00013389102624862  0.00014684645884444
  0.00016196969316618  0.00017930766591825  0.00019886383090777  0.00022051835270516
  0.00024257549579224  0.00026792325338340  0.00029657031287549  0.00032874444396278
  0.00036302776519466  0.00040134064795445  0.00044675060098982  0.00049643855413223
  0.00054825474719313  0.00060300900698256  0.00066257407895062  0.00072207207207857
  0.00078381214108223  0.00085121663020869  0.00092607215707805  0.00100385907843990
  0.00108178828769925  0.00116487497858761  0.00125902129710109  0.00138944431493208
  0.00153256942768050  0.00167126362434490  0.00180553282254723  0.00193280167919481
  0.00206094664067683  0.00221411007114357  0.00232835650371714  0.00250308107867033
  0.00266286022873641  0.00284047609114541  0.00316568447736554  0.00363985208886337
  0.00406195480166540  0.00443756746453204  0.00481486718736190  0.00526159696982708
  0.00602684524811395  0.00918132377515209  0.11145209768761705  1.00000000000000000
  0.00000109784026239  0.00000301370870134  0.00000457413308018  0.00000617543688618
  0.00000819855187856  0.00001074526435900  0.00001325520528345  0.00001578403244264
  0.00001837720275853  0.00002077632657958  0.00002315259495354  0.00002566217120575
  0.00002829153258169  0.00003092566584128  0.00003336493278693  0.00003538768121552
  0.00003698620161988  0.00003861413941818  0.00004027817879843  0.00004236109145715
  0.00004494590364799  0.00004746392649933  0.00004970546350957  0.00005188572104870
  0.00005424091522499  0.00005696303726925  0.00005998275541793  0.00006308989346984
  0.00006622159942638  0.00006948123298397  0.00007267896372276  0.00007533849222010
  0.00007771681138875  0.00008032119819282  0.00008272531054874  0.00008491377644402
  0.00008687326250667  0.00008904338527632  0.00009177862274683  0.00009453007654600
  0.00009755693676986  0.00010135703105735  0.00010580008394252  0.00011055409823756
  0.00011655155113296  0.00012306068166870  0.00013045674240618  0.00013843094955241
  0.00014612228912201  0.00015414874162949  0.00016298420376969  0.00017239706753847
  0.00018229342971500  0.00019345719930637  0.00020639433107428  0.00021793774043636
  0.00022722583782045  0.00023556004773680  0.00024479773561003  0.00025523897309138
  0.00026617046909801  0.00027880790057427  0.00029461015200879  0.00031026922572837
  0.00032507030867262  0.00034043982163113  0.00035730470754383  0.00037689478892212
  0.00039955681582318  0.00042424117278668  0.00044795265782354  0.00047544252127520
  0.00050556268411387  0.00053915766174915  0.00058004379171247  0.00062817921532588
  0.00068065668336565  0.00073547286515844  0.00078595439555125  0.00084653530314592
  0.00091429618980877  0.00098409934486426  0.00105950549448587  0.00114486798782140
  0.00124977560156282  0.00137335305031244  0.00147951499280750  0.00156409206534527
  0.00164797906933677  0.00175369555476376  0.00191072951873190  0.00208190418363986
  0.00227920176918320  0.00259672206123368  0.10488160690937853  1.00000000000000000
 -0.00162975864676386  0.00601703067391722  0.01496724974480115  0.02221024397043763
  0.03105677833280240  0.03936702994078201  0.04763858059116872  0.05548330932210795
  0.06305923029926210  0.07243478176671403  0.08360470601542107  0.09642171056721105
  0.11047053505897300  0.12340564740933517  0.13042027430502515  0.13894342247359112
  0.14745155897914930  0.15556975641247789  0.16319358613567320  0.17434712409818118
  0.18827309673258558  0.20197430157262378  0.21479522630276776  0.22746950927809012
  0.23944367868350974  0.25022299779134471  0.26148834641538238  0.27503154145745706
  0.28927871002564443  0.30134072180146060  0.31188253480634043  0.32301821370228562
  0.33461316179173223  0.34651222752973615  0.36113826383806824  0.37796027090292050
  0.39283518428014230  0.40353097153710116  0.41326116088405290  0.42290584100736262
  0.43570606032820502  0.45143173164905082  0.46798286252129834  0.48454929310699396
  0.50159504392602783  0.51836298165141914  0.53365526736992397  0.54724952076311506
  0.55936434510875088  0.57035445927444284  0.58093684442409854  0.59068505916320002
  0.60035075341041255  0.61046413948454303  0.62007794026875152  0.63159615088296817
  0.64529041221918004  0.65886800605800788  0.67154187165314250  0.68405226153349641
  0.69545378582430317  0.70703958763222752  0.71983438970289615  0.73370086841462467
  0.74789534506586475  0.76172980497801279  0.77456071002735061  0.78559367275660930
  0.79560678929105344  0.80733979147589230  0.81805994608694199  0.82840133974231644
  0.83730024471488940  0.84623192162987670  0.85592264853789790  0.86428846752112043
  0.87120033604008451  0.87903827198343654  0.88512711776907904  0.89196632906744311
  0.89860856451862414  0.90652463490750257  0.91469104262689316  0.92174583146233913
  0.92885072141631142  0.93580461489425237  0.94327077453965458  0.95070665785795005
  0.95746534702919928  0.96384326621908667  0.97031367487083198  0.97632742937335093
  0.98183592533780417  0.98723219993497602  0.99343371841512063  1.00000000000000000
 -0.00270152321851671  0.01067486708195689  0.01753808558855974  0.02583431051055260
  0.03557308056020982  0.04659781968784685  0.05888377279462128  0.07001360749304755
  0.08037143156797033  0.09122199386831251  0.10210608219307922  0.11368431063544092
  0.12608500110838178  0.13890843192575966  0.15006776743768765  0.15946313715341370
  0.16841364776088621  0.17741873912393971  0.18807058827803758  0.19946830734980459
  0.21127159208616181  0.22389445819639234  0.23670702477168412  0.24933976645050152
  0.26153921198648999  0.27319657174369455  0.28449179974784444  0.29584621747999046
  0.30772594422581118  0.31861742178745517  0.32782616063682568  0.33700023059180689
  0.34428992929679980  0.35129126584258474  0.35904743232031883  0.36756247335390363
  0.37761516425102482  0.39054346697971520  0.40318951909714074  0.41139153044747973
  0.41736043675067375  0.42484443533616217  0.43264314303429130  0.43974074550984493
  0.44860957595620210  0.46229295010705612  0.47596020627191366  0.48578719672682286
  0.49506195901703304  0.50402119989615035  0.51275222594634307  0.52214444829958306
  0.53150695540504167  0.54050397887393997  0.55019788982974038  0.56161201842036312
  0.57461912595025610  0.58824542877499175  0.60149718173388533  0.61401862309184307
  0.62585382023207159  0.63768811161038841  0.65034207350354745  0.66294404853450473
  0.67558443374314814  0.68770631400829541  0.69794249640371275  0.70808855258151682
  0.71787657391848347  0.72704038516409708  0.73738540162497690  0.74818790561019610
  0.75846541156782976  0.76737467341592314  0.77534809493188084  0.78363688228341499
  0.79342862169549822  0.80291570741948448  0.81281735110033448  0.82732390109829179
  0.83801171423970233  0.84758457026842937  0.85757963571466478  0.86593513976077052
  0.87481397748086365  0.88589188320629453  0.89408942752497056  0.90198240099968696
  0.91122916489399364  0.92268885933463174  0.93506987201220648  0.94742311319190609
  0.95993524799696628  0.97299779537529696  0.98591803816225498  1.00000000000000000
 -0.00263164549863594  0.00970786226586673  0.02005360476064666  0.03000832434314473
  0.03964578586007497  0.04906642498100623  0.05830591878209915  0.06609935493417422
  0.07295187465802534  0.08012402589366781  0.08790963008068191  0.09462149434148960
  0.10069707352782865  0.10669851225954523  0.11362108378755953  0.12248166107316089
  0.13194254774892272  0.14224461412106623  0.15306291759617344  0.16389774614485234
  0.17466829166844255  0.18509543783657967  0.19487301401948814  0.20381077424133315
  0.21240822522350916  0.22097553007595644  0.23000182257833698  0.24038674648986344
  0.25178506365063130  0.26302966127445143  0.27376742143201549  0.28406955382591853
  0.29383873990999121  0.30350101633549592  0.31331549205329745  0.32302172528983830
  0.33407085869664171  0.34767223813580350  0.36139833439399721  0.37493556577327802
  0.38714941921477092  0.39766294207754022  0.40752583400508657  0.41901958894206487
  0.43223466857246579  0.44589928884396318  0.45926113473906433  0.47200637223995323
  0.48404229955224104  0.49614900471306150  0.50855820279443265  0.52050118054967798
  0.53222908000704894  0.54306849926367862  0.55125025189257026  0.55762377681787734
  0.56491634540304392  0.57314601681818544  0.58112385238851927  0.58931091964356197
  0.59902775592390578  0.60725053081521918  0.61472858574762079  0.62352313182867980
  0.63338768520929223  0.64344572311796910  0.65452200190453791  0.66802699021339562
  0.68269857821692104  0.69509865074410937  0.70581530083939770  0.71749732794675336
  0.73033025452199440  0.74363799682693787  0.75461446773425767  0.76550375688506622
  0.77727091637930645  0.78839868787575529  0.80004170889168558  0.81206609521033468
  0.82134437417790140  0.83256435942182327  0.84304639959896510  0.85606469422352049
  0.87136870642022324  0.88358080206560619  0.89190617546878048  0.89998015182347224
  0.90693999462823660  0.91476045771488379  0.92593602267726272  0.93994165264929652
  0.95578460318783010  0.97185292222648767  0.98719784562920776  1.00000000000000000
 -0.00214919532110016  0.00815834689209752  0.01933713733213397  0.03057548236258936
  0.04269294697800727  0.05701364030149564  0.07179022154009504  0.08585851688646599
  0.09871706045140435  0.11097476496757433  0.12373320795795327  0.13543939013837908
  0.14699711887598838  0.15904100448910996  0.16967714045869875  0.17906430085229352
  0.18977859811956496  0.19878493842336148  0.20808550693711192  0.22078315179966593
  0.23218990147574842  0.24205604245529780  0.25096405558262436  0.26028166823693605
  0.27079748441469709  0.28295510699885507  0.29563993385998522  0.30955244442195340
  0.32270393663622987  0.33523989171611612  0.34666190453290596  0.35764738575453414
  0.36851330852348035  0.37931376701763880  0.39028386246557828  0.40183447295663643
  0.41318674070142014  0.42290359101138014  0.43179269135507897  0.44036946534065835
  0.44775133501448605  0.45640047685033580  0.46590258405609153  0.47537190029139886
  0.48370266252777866  0.49478817698635091  0.50485057927008148  0.51496467478008523
  0.52611958396836012  0.53727104348493648  0.54811006886167013  0.55935347188171314
  0.57158666868112618  0.58453965660887131  0.59806481799259548  0.61228226204268055
  0.62613578953751470  0.63886003418532300  0.65014462768975878  0.66029510897187027
  0.66986833151362934  0.67908705948863313  0.68847986828468544  0.69760389541937873
  0.70651966201573313  0.71551472587879761  0.72360604259477590  0.73239794131194536
  0.74273088123690523  0.75478570632269371  0.76717273507193640  0.77840355279590034
  0.78880525874708951  0.79777222353770705  0.80546309861213083  0.81391756545404170
  0.82371401551694057  0.83387194197595127  0.84336466283650680  0.85338971048226853
  0.86158084808858815  0.86918248536245568  0.87703184059722494  0.88659887233364632
  0.89806865334136954  0.91032352024022356  0.92237935034721485  0.93357486795591427
  0.94618259239004143  0.95602176262756777  0.96189923597092097  0.96642703951786579
  0.97127158161516070  0.97686530865701071  0.98757222750402285  1.00000000000000000
 -0.00277043985125132  0.00919761521634716  0.01987953920959915  0.03140717832072908
  0.04394290667028443  0.05686396602787964  0.07013913386430810  0.08363404861202051
  0.09714280758347897  0.11005082130638584  0.12184198831334461  0.13408413279333495
  0.14618043610295678  0.15674581931770340  0.16108875858902641  0.16524272262153217
  0.17329411360207223  0.18181201227110613  0.18853645839118491  0.19637579801427196
  0.20731568125569089  0.22016667035782972  0.23046059003511646  0.24073936051892728
  0.25077080744491509  0.26135152826448316  0.27137905385414918  0.28023544435467129
  0.28873068779873806  0.29630608792271196  0.30339032536983307  0.30994977064423745
  0.31757338831091164  0.32655796807954812  0.33753458695706584  0.34997703432973754
  0.36248781359605525  0.37444425873066572  0.38507002243261440  0.39500541593492455
  0.40577301363933171  0.41731363883188177  0.42945643724757820  0.44338811766569530
  0.45674791853371960  0.46597154528996326  0.47526511760840895  0.48693229166960489
  0.49711216614215237  0.50541570566725469  0.51415198615150326  0.52315371804878841
  0.53217196148579726  0.54326115776468886  0.55455158279021777  0.56387813146760690
  0.57403443316563363  0.58515053466845346  0.59743905056966129  0.60945920172288581
  0.61839147309159981  0.62543027906301984  0.63293793984857016  0.64106058824113843
  0.65082647143246009  0.66303570138095547  0.67624578953491055  0.69019681019158630
  0.70295014891631702  0.71229868255666084  0.72006617176451904  0.72823143507462174
  0.73854465888159448  0.74926608828152630  0.76001972916490357  0.77163534689165680
  0.78435520106337719  0.79614092202919728  0.80632578696412016  0.81570964853424555
  0.82576176308585525  0.83760849057565379  0.85073397148466567  0.86365149289462806
  0.87622086841736502  0.88851446236989862  0.89957845387446134  0.91061719348812287
  0.92126696744157699  0.93222496602823213  0.94299184389032176  0.95539611350563047
  0.96931559579915871  0.98156807140889935  0.99125468650690640  1.00000000000000000
  0.40863662775404086  0.45905013952831597  0.47975672675394665  0.49478203052612374
  0.50830614973715560  0.52182501409260473  0.53599716501021788  0.56623092845867828
  0.60927469455982342  0.63567332922065001  0.64682295237881393  0.65248027841685685
  0.65747219530989209  0.66190834710783220  0.66647180945693718  0.67128326163421592
  0.67584288082689992  0.68018492516457418  0.68451505366529297  0.68887778858993043
  0.69298893815788309  0.69712714796786268  0.70154722120161095  0.70552832722298409
  0.70936693807811035  0.71299634652236055  0.71611083500839889  0.71881000686213548
  0.72164025016468758  0.72458960672046280  0.72737833157506859  0.73021629928716114
  0.73352572145965655  0.73677558964800494  0.73999023672528508  0.74297547206922510
  0.74597063225128979  0.74938286071574733  0.75301689025878360  0.75670030957406154
  0.76054029384130450  0.76409195398023555  0.76680536256100595  0.76902162016374287
  0.77111682930632064  0.77313533691741498  0.77525290472648889  0.77750565669921901
  0.78000859148211521  0.78383735822963241  0.78725053398470601  0.79028996129676754
  0.79352864810565493  0.79686871251921587  0.80030741450078746  0.80373530487828226
  0.80706963432880363  0.81027920093859906  0.81341029628257622  0.81698352848503342
  0.82089760722762561  0.82489364175241919  0.82851247541129192  0.83160716445843841
  0.83447387494021397  0.83786981041926223  0.84206442445697693  0.84672288856364752
  0.85183727162929124  0.85678107592272668  0.86139959224281759  0.86573254367701735
  0.87009066166482973  0.87409019152450607  0.87766546305981685  0.88140910942140649
  0.88556160810371054  0.88933650288536725  0.89254242346422774  0.89607940562377841
  0.89986089468659924  0.90341134469358686  0.90745408704362840  0.91162404695448762
  0.91562494811191075  0.92068577278647301  0.92562982938802107  0.93071325626193369
  0.93615601135751769  0.94302175648523090  0.95008748214252192  0.95698093047041932
  0.96385128573114998  0.97080968267304335  0.98175529423840102  1.00000000000000000
 -0.03643378445737482  0.15971293271394627  0.20017163632919338  0.22877258737342371
  0.25076538661714837  0.26923966347417372  0.28468626001398617  0.29671517871068315
  0.30676402299605582  0.31622870464559172  0.32758435337954472  0.33817031492176092
  0.34758329549446454  0.35667667056738461  0.36460686954337862  0.37455215325104824
  0.38404952584397867  0.39288850560630217  0.40147091827579828  0.41061785009711016
  0.42101373090351712  0.43084284348582219  0.43947102766751445  0.44775880070871427
  0.45598723405158442  0.46429748192464021  0.47222370627936211  0.47950418017837526
  0.48722299683610082  0.49475246976209647  0.50296939871423185  0.51130051878499228
  0.51886367071679229  0.52614969450954507  0.53306761879508135  0.53915137394773283
  0.54480545537431013  0.55093051808545601  0.55728212996549187  0.56365655119423375
  0.57024755092895663  0.57719283075183814  0.58367365853522168  0.58928669361448249
  0.59480181918184183  0.60058872104875505  0.60626310072444278  0.61184343590521384
  0.61750801463907290  0.62321226696429532  0.62880690383986271  0.63441089858952970
  0.64060278480304178  0.64617847897500147  0.65077087979737092  0.65574672969181103
  0.65991114535353868  0.66408138005280315  0.66825290011576699  0.67100377765342589
  0.67452417642252838  0.67785740345165568  0.68089740478989291  0.68399972587007962
  0.68745440604414898  0.69129547108211997  0.69436075450141754  0.69657482888311051
  0.69885668773152743  0.70097681176414872  0.70324466465474711  0.70670095203913963
  0.71154162974539270  0.71631974384183761  0.72017544402630418  0.72369919156539397
  0.72746292160819304  0.73144671463982924  0.73601787081208725  0.74140954234174294
  0.74720110076097601  0.75296516214287579  0.75816566415831743  0.76386602576335882
  0.76996554597847322  0.77626145380557710  0.78273511451596145  0.79009948928580509
  0.79776459255789800  0.80567011155948487  0.81399232791361409  0.82324548189371416
  0.83395177300155243  0.85217632328389192  0.89834206337746547  1.00000000000000000
   4.7985571869265024E-010  -1.0000000000000000     
 F F F F F F F F F F F F F F F F F F F F F F F F F F F F F F F F F F F F F F F F F F F F F F F F F F F F F F F F F F F F F F F F F F F F F F F F F F F F F F F F F F F F F F F F F F F F F F F F F F F F F F F F F F F F F F F F F F F F F F F F F F F F F F F F
  <DiscreteSampler_grid>
  grouped_processes
  1 # 1 for a reference and 2 for a running grid.
  10 # Attribute 'min_bin_probing_points' of the grid.
  1 # Attribute 'grid_mode' of the grid. 1=='default',2=='initialization'
  0.0000000000000000 # Attribute 'small_contrib_threshold' of the grid.
  0.5000000000000000 # Attribute 'damping_power' of the grid.
 # binID   n_entries weight   weight_sqr   abs_weight
    13   10   2.014242504465002E-001   7.418574787488610E-002   2.014242504465002E-001
    14   10   2.014242504465002E-001   7.418574787488616E-002   2.014242504465002E-001
    16   10   3.691777960667660E-001   2.997149946283273E-001   3.691777960667660E-001
    17   10   3.691777960667661E-001   2.997149946283276E-001   3.691777960667661E-001
  </DiscreteSampler_grid>
