  0.00007142259646794  0.00007249524021926  0.00007403906254391  0.00007568493957058
  0.00007742711417341  0.00007946714474894  0.00008180914456635  0.00008442735910152
  0.00008715171936357  0.00008957447134685  0.00009152595014569  0.00009210665500422
  0.00009228809798000  0.00009235750092558  0.00009238197575791  0.00009240133948471
  0.00009241496835824  0.00009242459923375  0.00009243185243777  0.00009243577834569
  0.00009243911337366  0.00009244197689298  0.00009244452182645  0.00009244669786111
  0.00009244853734018  0.00009245006165699  0.00009245158597380  0.00009245287070888
  0.00009245413810816  0.00009245540550744  0.00009245667480599  0.00009245794449275
  0.00009245921417951  0.00009246066765099  0.00009246218784555  0.00009246380653352
  0.00009246599542707  0.00009246835117258  0.00009247117310919  0.00009247444217568
  0.00009247797682730  0.00009248371868832  0.00009249291486039  0.00009250474309042
  0.00009252200122711  0.00009254510784720  0.00009259109391427  0.00009270318183192
  0.00009294982260752  0.00009366648056818  0.00009613612400328  0.00009969924468286
  0.00010469292879824  0.00011080784103489  0.00011789408734742  0.00012594403490006
  0.00013565800829542  0.00014725985253592  0.00016133218814023  0.00017784565690532
  0.00019649581059920  0.00021877662506451  0.00024545440288051  0.00027553681609511
  0.00030885301694282  0.00034552174441303  0.00038454048231608  0.00043197236811427
  0.00048671151580675  0.00054503075369252  0.00061242762049472  0.00068791926386015
  0.00076521585368044  0.00084505816195245  0.00093631742797184  0.00104337990315085
  0.00115523782989323  0.00128627892950443  0.00144413592255414  0.00160590674759735
  0.00174667375191376  0.00191060632120458  0.00210949885087963  0.00235401665096610
  0.00263042227202432  0.00293493745329245  0.00331258450054837  0.00373572599525392
  0.00417323339738832  0.00470246145083776  0.00531696923491881  0.00592230436550681
  0.00662689522854101  0.00753199657186491  0.00888361104956563  1.00000000000000000
  0.00000008257142000  0.00000071366559006  0.00000571061858419  0.00002049415294905
  0.00003072549077269  0.00003487754950563  0.00003834729122061  0.00004076610967769
  0.00004200257188607  0.00004296463181804  0.00004369340114226  0.00004429252642800
  0.00004482543310945  0.00004529154419356  0.00004566454378190  0.00004600257611953
  0.00004630941481394  0.00004656611515808  0.00004677181785607  0.00004694695997662
  0.00004711527974742  0.00004728228391591  0.00004744127446772  0.00004757817259592
  0.00004769484141597  0.00004780432844755  0.00004790915061173  0.00004800424415683
  0.00004809300024849  0.00004817929117801  0.00004826631388060  0.00004834801852333
  0.00004842957680438  0.00004850594014135  0.00004857287245809  0.00004862760772195
  0.00004867532895784  0.00004872386272532  0.00004877166039510  0.00004882076002716
  0.00004887168425436  0.00004892010148647  0.00004896143956432  0.00004900117023175
  0.00004904024984869  0.00004907969971558  0.00004912580468185  0.00004917939512146
  0.00004923559897394  0.00004929133181955  0.00004934645077099  0.00004939889109441
  0.00004945035295932  0.00004950240348891  0.00004955402228562  0.00004961292562856
  0.00004967684230477  0.00004974265058174  0.00004981015677235  0.00004987820352832
  0.00004994561146649  0.00005001126459613  0.00005008799332612  0.00005016672320687
  0.00005023620284493  0.00005031824807439  0.00005041356474781  0.00005051481351342
  0.00005061858898360  0.00005072233253871  0.00005083327547686  0.00005097473440193
  0.00005111961792499  0.00005126824893494  0.00005142693519972  0.00005161099601663
  0.00005181797108374  0.00005203975194873  0.00005229821126571  0.00005257873260155
  0.00005296057137693  0.00005344850245139  0.00005402902243846  0.00005474198742625
  0.00005563100011935  0.00005672175734649  0.00005818986408705  0.00006055162067676
  0.00006427155550480  0.00006952525209439  0.00008184221582170  0.00011560354006519
  0.00022453004733930  0.00091893424481284  0.33116916649404893  1.00000000000000000
  0.00000024648399114  0.00000188502228329  0.00000320382113852  0.00000482715881249
  0.00000677590721120  0.00000938283939831  0.00001228559706411  0.00001509952393409
  0.00001797851526543  0.00002086580069983  0.00002367837026113  0.00002643764264154
  0.00002919127063227  0.00003196145022474  0.00003475016166755  0.00003751952191251
  0.00004007684165728  0.00004281482401248  0.00004567190665998  0.00004856808605824
  0.00005145327129676  0.00005436463604239  0.00005733658154926  0.00006031416032267
  0.00006323473742408  0.00006615093677297  0.00006923765972600  0.00007265670697973
  0.00007632681765851  0.00007989946198042  0.00008334940130945  0.00008682633896590
  0.00008998026147997  0.00009300111432633  0.00009600097513865  0.00009968947371306
  0.00010342181636197  0.00010679592200721  0.00011033761755534  0.00011368796002173
  0.00011728566059362  0.00012151224840757  0.00012616412351761  0.00013114876994155
  0.00013683708092456  0.00014358748537482  0.00015085966153527  0.00015841137435727
  0.00016666209503773  0.00017658393902606  0.00018768284842198  0.00019916491714717
  0.00021036098984961  0.00022133838178796  0.00023263253538700  0.00024477135851579
  0.00025737927955637  0.00027274930742753  0.00029189496545541  0.00031303647864253
  0.00033419161994300  0.00035498583198659  0.00037248639868116  0.00039019000769566
  0.00041098211431048  0.00043379800543394  0.00045840477148331  0.00049101358822377
  0.00051653233958108  0.00054238604845242  0.00057683030933266  0.00061395444483773
  0.00063999454038727  0.00067941413383466  0.00075182763717587  0.00083531560075736
  0.00092508623689208  0.00101813787024488  0.00112025809301231  0.00123898674474664
  0.00138460819135052  0.00155122950642349  0.00172675484351621  0.00190749698777053
  0.00208682882430950  0.00225394977996385  0.00236377408026499  0.00244061304967465
  0.00254185097691961  0.00260189373620370  0.00263207851317320  0.00773369389698506
  0.01363463487027346  0.02069840244220447  0.12939967858093271  1.00000000000000000
 -0.00196645270070305  0.00775184927054935  0.01598626571218559  0.02411386843607116
  0.03282138108637299  0.04177190096868668  0.05126818368577955  0.06038605449918214
  0.06953438480399517  0.07799732986091919  0.08778244441753699  0.09710323859281206
  0.10653561494825815  0.11549984445426144  0.12449907556849035  0.13134181291677016
  0.13817873358942390  0.14526635672234106  0.15322695904559547  0.16200499004372998
  0.17082753488704497  0.18004775051260546  0.18948946755331994  0.19824099258260949
  0.20586432097816870  0.21422838781549097  0.22386076644158776  0.23413473221442024
  0.24364990533173678  0.25267466291333529  0.26182223365733320  0.27110029928279566
  0.28009867986782183  0.28851959079956713  0.29706602867545046  0.30466002833179545
  0.31305439774341376  0.32323739227392562  0.33390975237848641  0.34554429949642079
  0.35608646870486399  0.36648379117862429  0.37716393692800054  0.38694246671206106
  0.39703201189176057  0.40765731028675695  0.41817250167183689  0.42855223365728956
  0.43943222273875937  0.45127408749637909  0.46374281859197747  0.47626254118786565
  0.48848601137687919  0.50049658419881005  0.51195910831321390  0.52181834046195497
  0.53048550037428921  0.54010484015724558  0.55199771670896447  0.56555445456691400
  0.57946961270395270  0.59420945211821641  0.60950636722230522  0.62249437063524304
  0.63362290115413222  0.64409412680715095  0.65655813943186681  0.66778439679616519
  0.67595078781572482  0.68472486465531468  0.69347438257943883  0.70245318427001924
  0.71292584922243274  0.72609604309056275  0.74175477647721610  0.75763121671542089
  0.77269681071161500  0.78778204105583727  0.80303346331429848  0.81831975902732967
  0.83345711811481382  0.84754601780492911  0.85875690594046850  0.86657806927592007
  0.87297994454219285  0.87979719423418368  0.89202875633146927  0.90538799371314249
  0.92020186325934594  0.93218325289277326  0.94073408697490712  0.94962286728499135
  0.95983813633933857  0.97356770228575196  0.98693716335252968  1.00000000000000000
 -0.00342562283623423  0.01138917047500015  0.02294902427828391  0.03382183385858478
  0.04540131615252410  0.05581433008528187  0.06412759356202676  0.07188991564073487
  0.08072371744630270  0.08987776860185558  0.09910677718589975  0.11027803718874646
  0.12128146991178529  0.13303299056014950  0.14650904273659576  0.15952383307361881
  0.17172656640138029  0.18390852125828194  0.19633393256390144  0.20852108288575730
  0.21981122007923182  0.23059738119386136  0.24162158379699561  0.25038440170906906
  0.25619077982603861  0.26150801179564176  0.26926870551198345  0.27779498173982720
  0.28499487830092285  0.29161583001153230  0.29971460998809313  0.31083656010264332
  0.32179867391795564  0.33150035683737833  0.34092230294122877  0.35162342551868830
  0.36315329718446582  0.37365710180529166  0.38261732943967608  0.39094975974017010
  0.40048715851163313  0.41196575614258613  0.42430436345415767  0.43590523765590633
  0.44657497775662258  0.45677128244698023  0.46671625363534935  0.47561413013757114
  0.48442932911993752  0.49348938187485158  0.50258835820742798  0.51417001213686242
  0.52632387727985719  0.53869472990341571  0.55109794777489229  0.56286666371903515
  0.57335786451326121  0.58303725418260377  0.59298405017387845  0.60263599185353733
  0.61204783065341861  0.62099996246361211  0.62990121410653688  0.64082180852183490
  0.65375263046326226  0.66630196619490789  0.67746195614388915  0.68834796097701523
  0.69866132736324749  0.70806110987972126  0.71799978130862496  0.72822690505224608
  0.73985764697630962  0.75321510937807123  0.76649254156988023  0.77898693002048469
  0.79135200757829327  0.80379154160839783  0.81597946012807598  0.82771810984585492
  0.83940875146863492  0.85114010130307483  0.86333683866585254  0.87750466644580249
  0.88642523206018231  0.89551838143854323  0.90431476784011466  0.91284951944655046
  0.92229759992263416  0.93429295061987283  0.94661088861844700  0.95639339203813600
  0.96680884290843416  0.97692752691486695  0.98810505141798255  1.00000000000000000
 -0.00297263901606431  0.00860756476090008  0.02000845392947975  0.03048506761737823
  0.04079989846618474  0.05254061433275657  0.06585991440561093  0.07899603202460716
  0.08982101724043381  0.09908372488551849  0.10863810020241053  0.11738886558768070
  0.12697902315911008  0.13923188796140415  0.15322542587968002  0.16573955815659966
  0.17574398493074461  0.18481161813910676  0.19235820385348792  0.20256413479393090
  0.21305237393174126  0.22644467600487903  0.24173545141901817  0.25604924645324634
  0.26776338394846200  0.27949837118807819  0.29179882734307061  0.30386270209586208
  0.31797536221566919  0.33226761778534031  0.34444441160840356  0.35571106536885322
  0.36466818062541895  0.37414478206214463  0.38369435398999058  0.39352506610042720
  0.40469325819956903  0.41578149279974735  0.42711234524150710  0.43947118677240066
  0.45308688067349079  0.46738388079137988  0.48149566779562425  0.49503656028075227
  0.50865072102768216  0.52106561402453622  0.53210742508041387  0.54357250955299108
  0.55497307259655770  0.56545669671070964  0.57635165241161512  0.58563727838366830
  0.59565032156763675  0.60683622005510662  0.61846152638681506  0.62996486429919984
  0.64056635082364988  0.65148962403551480  0.66259971440548271  0.67411580920231640
  0.68617388327207895  0.69805435502427504  0.70953023357907863  0.72074596166551330
  0.73260920592581269  0.74541734792854031  0.75793387135929502  0.76961339853332700
  0.78055129744238616  0.79102727231172110  0.80121196649041415  0.81130587225233386
  0.82138945962379095  0.83113033435663941  0.84209471027727578  0.85282568565154016
  0.86411874658890009  0.87410430545362550  0.88253940234768391  0.88942544937795598
  0.89542475238909847  0.90181049707457450  0.90914666267642963  0.91741365348158999
  0.92610813912065226  0.93445615031357532  0.94193541988166940  0.94849637617144744
  0.95629460944006817  0.96381265193913546  0.96931699676862337  0.97408815690092743
  0.97808299785156716  0.98317252482551709  0.98995277974239448  1.00000000000000000
 -0.00253728856985305  0.00923918005649750  0.01968647872122004  0.03070318816198959
  0.04189211006683270  0.05322496615093286  0.06436302290019742  0.07466118906618412
  0.08443847774317281  0.09486329884962755  0.10498701814191923  0.11469387281108541
  0.12482124288907781  0.13546910311930888  0.14660882428747238  0.15853846563342797
  0.16967169086262857  0.17967383104727572  0.19035007641941604  0.20139556545900633
  0.21196103305015207  0.22290217767823989  0.23481788202204062  0.24708967349067890
  0.25851787682940269  0.26795679226482172  0.27609852444295518  0.28408845310354541
  0.29238145232155949  0.30016220634153551  0.31330769527743424  0.32673182809266349
  0.33915767839593142  0.34958710985670050  0.35949058758337005  0.36905755599693174
  0.38041622550658694  0.39388934516038893  0.40732247522063525  0.41882060448077696
  0.42814970507941991  0.43669594647605486  0.44499671618928754  0.45416977531221259
  0.46483180889477971  0.47690878307062201  0.48802264533076889  0.49772942770950951
  0.50759030131757377  0.51574093116987463  0.52132385472485110  0.52661351376731402
  0.53300630981041586  0.54095746120013921  0.54974843816598418  0.56204472754168655
  0.57613784001397084  0.58972876234282012  0.60090780049570647  0.60918090508985989
  0.61662039711445160  0.62428276976771524  0.63169659417896362  0.64350143948604221
  0.65649136173152611  0.66920493062576436  0.68220055020372961  0.69504439064625090
  0.70692593985369545  0.71772632479882714  0.72823933716109790  0.73913035449916031
  0.75057529819085089  0.76249133233286193  0.77480564276777808  0.78751745942127327
  0.80006329352623295  0.81104522195111972  0.82042436500022442  0.83013550183009055
  0.84039173873189132  0.85190226928270996  0.86413281451116464  0.87463748217841619
  0.88455732550677912  0.89425136806170091  0.90382950357706759  0.91343516703528416
  0.92386901905486285  0.93508053576184968  0.94637805973074485  0.95739315726583618
  0.96776139022750018  0.97822048014765361  0.98885245682952039  1.00000000000000000
 -0.00234310658876610  0.00954404397207604  0.01694561656967824  0.02600348096777227
  0.03301772815735305  0.04073511161865428  0.04680974533199996  0.05284278696401069
  0.05992599054793434  0.07165945877086026  0.08345649024571840  0.09588729582034712
  0.10878590965750481  0.12198921908159402  0.13475894473051064  0.14701435435923504
  0.15906699901097837  0.17120890098898495  0.18353559687836007  0.19563141597447015
  0.20688510220521328  0.21718494118973938  0.22694852055197257  0.23676095066390890
  0.24711022371760963  0.25776648307800448  0.26935270180945114  0.27908911638169226
  0.28788286591230350  0.29671809361546703  0.30656144795948626  0.31857985559245433
  0.33074999002805500  0.34178894124949194  0.35217360414688953  0.36240184189055646
  0.37213532182574022  0.38192014424161358  0.39182206673864328  0.40159231833889253
  0.41198808102377699  0.42275642881234288  0.43371402204882276  0.44606650085518179
  0.45985615953253056  0.47362809414076107  0.48540784094445949  0.49444154041138133
  0.50278257958986050  0.51116527784342436  0.51970783940791176  0.52946736017818097
  0.54141348726376193  0.55388759517770680  0.56402390040218076  0.57281722800004908
  0.58203663125823135  0.59092656354176598  0.60068094513911408  0.61205126679874022
  0.62320424756877357  0.63456031413697422  0.64653293454351635  0.65854795592080684
  0.67034839433749960  0.68179397145460985  0.69269313753743122  0.70347947125550281
  0.71435133046214372  0.72494157804951753  0.73403941722290433  0.74213526382838557
  0.75001958548135539  0.75693459631077897  0.76624262188562509  0.77637873775145649
  0.78640985606433667  0.79727782824593352  0.80722915623474811  0.81680953344442397
  0.82612450314940700  0.83455082944708570  0.84476618546407767  0.85772981498514078
  0.87178600004028328  0.88474498571159887  0.89625049036482918  0.90703408620756143
  0.91746898102226881  0.92806470803248731  0.93931049298786906  0.95117817338632038
  0.96307646734394436  0.97504813846128946  0.98713099100426227  1.00000000000000000
  0.04367832922451084  0.19306211093796477  0.31457779472326564  0.44945505688310761
  0.55220635429509823  0.61303654965165932  0.63477924168531041  0.64489846686722052
  0.65081393459423387  0.65561786212428208  0.66015468413109801  0.66458082531924567
  0.66884627230133709  0.67315230316376362  0.67697634970000053  0.68051839375424450
  0.68396147189818124  0.68737157413921113  0.69094946252947353  0.69442321047488298
  0.69769983316517481  0.70087971181724695  0.70396053250217461  0.70689186435324525
  0.70965540744989453  0.71241450009784035  0.71525922403727404  0.71807711197341206
  0.72094836970447362  0.72396901376139544  0.72710482024984013  0.73033810818904288
  0.73365639792378368  0.73698534750408451  0.73958027738222631  0.74236736737296993
  0.74524848638104768  0.74786957854258507  0.75006262901655485  0.75227380758501017
  0.75563843936952313  0.75862452043248274  0.76140561381273208  0.76476794841223894
  0.76823797060510324  0.77162042191584612  0.77485889943637920  0.77820909098220692
  0.78177851355218486  0.78512743087726589  0.78797458252531882  0.79082210125270935
  0.79382541780211247  0.79692834478058738  0.79993772909050476  0.80291354439251839
  0.80619646335850148  0.80951789609951785  0.81256024927527692  0.81548880847760508
  0.81827941839264817  0.82144543855499408  0.82528400171183680  0.82926485392387217
  0.83296592848560647  0.83644379600829832  0.83997194283200838  0.84370688785841275
  0.84763307704102531  0.85167318830825200  0.85574484680981333  0.85953781899705106
  0.86299227061356099  0.86631273985408519  0.86958097505475052  0.87275566476704336
  0.87600537974316739  0.87942303075354400  0.88313593278488789  0.88726106591290954
  0.89151036314503762  0.89577390570871873  0.90067805584767047  0.90617487933040153
  0.91134300020577852  0.91598005117022585  0.92070251535213687  0.92601382534850973
  0.93149226438664456  0.93712494624655573  0.94348207377210191  0.95028836867763478
  0.95897300621727388  0.96985615365748867  0.98251314306689241  1.00000000000000000
 -0.04194248841309910  0.19158829814003306  0.25071663141326672  0.26719087683153708
  0.28543378324469321  0.30516695430130553  0.31938587538623869  0.33271244770796504
  0.34714051186681455  0.36225973391213045  0.37519057867721189  0.38706748748305814
  0.39772711143209549  0.40754728889225927  0.41557137313996034  0.42369707529979467
  0.43155491109104971  0.44167774720222513  0.45391475423900352  0.46307966938703116
  0.46942371627606183  0.47543321164494889  0.48142028909218348  0.48797865084591813
  0.49569547756096466  0.50347059232964475  0.51109942134212571  0.51803577651729737
  0.52402918433352919  0.53016233157465509  0.53635917600819438  0.54181580348375102
  0.54705370745015014  0.55305128814557292  0.55864088991400074  0.56473868339517030
  0.57104472420652896  0.57726296016164214  0.58338935819192406  0.59023975306608167
  0.59677657887787094  0.60289953952777287  0.60845010461798199  0.61329995795461478
  0.61794066388074609  0.62235823318729666  0.62605907715540143  0.63081152303741994
  0.63548844699630724  0.64046075683665082  0.64601524544956601  0.65238449599278536
  0.65831003247547071  0.66386370232583214  0.66925031778989530  0.67460398190991511
  0.67998481151145573  0.68538376998162831  0.69027571940905685  0.69466570277551765
  0.69883738899240400  0.70243887226789148  0.70604047203886178  0.71024281783867416
  0.71464440409980068  0.71946198819549190  0.72441774209215093  0.72947037245512458
  0.73458807046895913  0.73956248248151280  0.74434355273515385  0.74922056118977687
  0.75425827464889350  0.75958701818783081  0.76513714371580099  0.77006706635365418
  0.77489679573414150  0.77958442903968117  0.78449228665710513  0.78947282168772814
  0.79559255370870874  0.80167789747586526  0.80689672305260818  0.81129202632959097
  0.81573434479491846  0.82036272579106573  0.82525303872545308  0.83005814337521411
  0.83839781082247844  0.84396668769249938  0.85058261905863097  0.85657359842103276
  0.86385486714893178  0.87850369124152139  0.90844351646658439  1.00000000000000000
   2.9557076724229488E-010  -1.0000000000000000     
 F F F F F F F F F F F F F F F F F F F F F F F F F F F F F F F F F F F F F F F F F F F F F F F F F F F F F F F F F F F F F F F F F F F F F F F F F F F F F F F F F F F F F F F F F F F F F F F F F F F F F F F F F F F F F F F F F F F F F F F F F F F F F F F F
  <DiscreteSampler_grid>
  grouped_processes
  1 # 1 for a reference and 2 for a running grid.
  10 # Attribute 'min_bin_probing_points' of the grid.
  1 # Attribute 'grid_mode' of the grid. 1=='default',2=='initialization'
  0.0000000000000000 # Attribute 'small_contrib_threshold' of the grid.
  0.5000000000000000 # Attribute 'damping_power' of the grid.
 # binID   n_entries weight   weight_sqr   abs_weight
    13   10   5.143636164697577E-002   1.145370423949803E-002   5.143636164697577E-002
    14   10   5.143636164697579E-002   1.145370423949804E-002   5.143636164697579E-002
    16   10   6.462859978793847E-002   3.668404422861714E-002   6.462859978793847E-002
    17   10   6.462859978793851E-002   3.668404422861719E-002   6.462859978793851E-002
  </DiscreteSampler_grid>
