 -0.00198897910252209  0.00740671843854126  0.01696379108014462  0.02761153351401337
  0.03761142673943720  0.04750351991651534  0.05792299956851569  0.06848705128156504
  0.07857058750565617  0.08833699074119282  0.09823504853703735  0.10839717946318256
  0.11995349253165465  0.13148875991816406  0.14164251807317466  0.15051568784495031
  0.15866464623130483  0.16779059569714555  0.17710699378005676  0.18704024133345706
  0.19888609064168289  0.21035960141991369  0.22211658330164352  0.23426813536274796
  0.24665384335900456  0.25932927114543686  0.27200688915832522  0.28372748048463403
  0.29330117122327776  0.30162995731623632  0.31046453459628781  0.32071305577399811
  0.33260024154593371  0.34471622876450358  0.35572058129436357  0.36521230856365761
  0.37414240137621180  0.38297601079808918  0.39226580554375801  0.40367589125782966
  0.41707306912665054  0.42995295416117663  0.44234717905417975  0.45515914313525285
  0.46850800758337197  0.48217520506141748  0.49576641882770239  0.50905636731618098
  0.52167612467892177  0.53264119309854019  0.54242792553061914  0.55189929536498095
  0.56120891125757966  0.56991287202781249  0.58016381379931825  0.59088412930446588
  0.60131569026340015  0.61118722420568339  0.62055275300134283  0.63072345478488512
  0.64073524692403416  0.64995450287226686  0.65971417647862129  0.67044267743892882
  0.68124825878951878  0.69227784132203729  0.70418053960460736  0.71668306380189117
  0.72948401429072751  0.74174092575777306  0.75219576081724726  0.76115628910059663
  0.76979599846891200  0.78105497298157878  0.79128925963548657  0.80080725269482977
  0.81200224829947243  0.81982126899444729  0.82905664305633642  0.83853239030018734
  0.84747444208478595  0.85675070797959296  0.86543063287946131  0.87323052070248386
  0.88267511582022640  0.89193790238379711  0.89997993855160563  0.91023988791286814
  0.92096024869660731  0.93018592591252147  0.93979820531784575  0.95077787711515638
  0.96360522032899010  0.97701793208009280  0.98949468149122544  1.00000000000000000
  0.00007096165969893  0.00007438357153537  0.00007825980478178  0.00008219088197875
  0.00008656846647571  0.00009059877966602  0.00009219157983361  0.00009241553583370
  0.00009250267544010  0.00009253546005670  0.00009255190376188  0.00009256184275900
  0.00009256903326400  0.00009257334157978  0.00009257632097849  0.00009257873683885
  0.00009258081988642  0.00009258239780229  0.00009258384076495  0.00009258509816862
  0.00009258614411181  0.00009258719005499  0.00009258822073487  0.00009258922147836
  0.00009259022222185  0.00009259123311733  0.00009259238087519  0.00009259352863306
  0.00009259479556786  0.00009259648727291  0.00009259838664439  0.00009260082768686
  0.00009260371566940  0.00009260692733888  0.00009261180328609  0.00009261990036628
  0.00009263249915121  0.00009265110534210  0.00009267739190168  0.00009275661013665
  0.00009302406095937  0.00009487224268957  0.00009975069086784  0.00010684950006197
  0.00011549727024261  0.00012596633512697  0.00013779119298303  0.00015149466290199
  0.00016741258441768  0.00018539014307633  0.00020580402624753  0.00022958629872068
  0.00025690396603457  0.00028816269539196  0.00032260489753047  0.00036072975908080
  0.00040375099637465  0.00044826640843502  0.00049559476359420  0.00055055792283191
  0.00061303240772586  0.00067719844636919  0.00074149114427823  0.00080705448277353
  0.00087649325357235  0.00095053955574154  0.00103187276128052  0.00111737153590234
  0.00121128875780168  0.00130360464925879  0.00140653987093590  0.00151251795880956
  0.00162736188321768  0.00174671610462505  0.00186806908140831  0.00199169237217533
  0.00212006443520022  0.00225267447481531  0.00242043046741499  0.00258861557347903
  0.00275709721191147  0.00296161230947582  0.00319376687903249  0.00343740900560989
  0.00362727053319359  0.00378664065603820  0.00394874901741230  0.00416002843260333
  0.00447413938480791  0.00489791840592180  0.00539246761510138  0.00593984502132517
  0.00659083430307807  0.00747745752080577  0.13379507709675942  1.00000000000000000
  0.00000036866146450  0.00000372778215584  0.00000557448401770  0.00000780987524325
  0.00001013786664135  0.00001242289997724  0.00001465858241401  0.00001692421104748
  0.00001896908541881  0.00002137657192797  0.00002383371189654  0.00002567402461587
  0.00002751285075401  0.00002933183299774  0.00003153075918465  0.00003435372347588
  0.00003698573446563  0.00003952018453691  0.00004186978636150  0.00004428888581021
  0.00004673975771650  0.00004943163849986  0.00005251540387810  0.00005576027699199
  0.00005905184865011  0.00006234074649113  0.00006564349344706  0.00006890332764106
  0.00007187425342142  0.00007471520082565  0.00007743370999820  0.00008054253979270
  0.00008422068714308  0.00008854289159388  0.00009339279725598  0.00009830308221557
  0.00010348287698911  0.00010893971654832  0.00011488050959907  0.00012136029565787
  0.00012853934045944  0.00013567284333591  0.00014247024497435  0.00014991346061287
  0.00015777892248389  0.00016601523836431  0.00017460555770479  0.00018333294199689
  0.00019076931236845  0.00019788766926661  0.00020528512141635  0.00021315169000965
  0.00022177391864067  0.00023083825370862  0.00024125398438269  0.00025234267537530
  0.00026475404864747  0.00027774199238053  0.00029257753134373  0.00030822229045691
  0.00032184570996546  0.00033284848939565  0.00034852612620454  0.00036763521177359
  0.00039056776299696  0.00041901833754971  0.00045412907042742  0.00049089187643663
  0.00052488491279088  0.00055372373994904  0.00057886689679566  0.00060405404508920
  0.00063330727480691  0.00066994682873198  0.00072236748682718  0.00079018878370697
  0.00085919000516924  0.00092952101633003  0.00099955512862948  0.00107363386960228
  0.00116442104619519  0.00126393118759260  0.00141276210323086  0.00155700676098733
  0.00168610382093055  0.00180932674932332  0.00193516881094919  0.00208106750579122
  0.00225415398105707  0.00239560092814936  0.00293175925819360  0.00371970274203221
  0.00807267325270947  0.01495418270716048  0.02625465779899380  1.00000000000000000
 -0.00183687401550788  0.00650551055871850  0.01601667893226447  0.02512140594516843
  0.03307357830655293  0.04125173497752439  0.05051246660763217  0.06003965951829960
  0.07076449111518630  0.08353032146390411  0.09628824987962500  0.10809781596451923
  0.11949795116135478  0.12997572090775578  0.13988313497951438  0.15016627925313719
  0.16175630009531924  0.17305788682942760  0.18437972190315599  0.19655463510211421
  0.20791699091477436  0.21718338481961658  0.22809700465461777  0.23912908516507669
  0.25143142421459991  0.26567587120986269  0.28105771110644850  0.29675617636277102
  0.30872534556239678  0.31969482505950458  0.33085163626943126  0.34208324748106195
  0.35424686315700726  0.36771961723025637  0.38123071966273453  0.39494573166267760
  0.40976157960672388  0.42549602734222253  0.44137164870235002  0.45662614482447716
  0.47153763962449213  0.48598951626374509  0.49913943811670031  0.51088867355413903
  0.52275269897723087  0.53497070269489400  0.54809463408897807  0.56120978051111270
  0.57417472714216222  0.58666205357952050  0.59901692665476658  0.61144271463544553
  0.62292426628125064  0.63309423336275783  0.64300073583404949  0.65378851460739229
  0.66435133036423855  0.67432463666347964  0.68444416863598756  0.69490249616112432
  0.70698233942757449  0.71856550324189294  0.72807004504745942  0.73610532215250746
  0.74357721236825525  0.75145845677686174  0.75953936231837305  0.76923181525758577
  0.77940467134124636  0.78821933881624018  0.79667665710662916  0.80505426941761715
  0.81451990976889299  0.82519574244014626  0.83621470613290283  0.84709257330007903
  0.85779879683229576  0.86818884042891498  0.87781950552105936  0.88865678588330899
  0.89766488889340901  0.90681746574133282  0.91543710363188668  0.92307655839721481
  0.92986987280582423  0.93529662562878957  0.94032898849769275  0.94463650356878015
  0.94833242399389239  0.95301538084699322  0.96069138426757250  0.96910392315717508
  0.97691079021078919  0.98459771339133939  0.99232101462153388  1.00000000000000000
 -0.00225853325470839  0.00848792881126977  0.01925325205791913  0.03083273854659641
  0.04106583357738286  0.04989917139160712  0.05927925275331852  0.06661478698955321
  0.07425477467349956  0.08199570590469792  0.09172645648642976  0.10328508377207560
  0.11510180321619358  0.12695942970054133  0.13874477629360057  0.14901741439857369
  0.15846743050425144  0.16840503364146825  0.17865052030690579  0.18928376423618523
  0.19946377847998431  0.20881089616361870  0.21745249534024108  0.22633752821572500
  0.23641882941853193  0.24924979019559831  0.26408427843095866  0.27843517778601951
  0.29087400334058910  0.30246622156267544  0.31392577137880739  0.32478682215509924
  0.33579270946989670  0.34795898328602626  0.36005795433481436  0.37293999012986279
  0.38384623208922064  0.39424068149458957  0.40503102525179568  0.41666423927809132
  0.42783350156857392  0.43624852396685937  0.44447674195271530  0.45400612714900135
  0.46475499426893763  0.47594204214914626  0.48658616053404657  0.49735939591889267
  0.50745986055972070  0.51696443415701632  0.52714214815216842  0.53790437029716498
  0.54846310266781884  0.55943267432471855  0.57025027416635432  0.58013675199565995
  0.59087444045149384  0.60294778676404026  0.61443863620812422  0.62474012724357453
  0.63405518015643969  0.64309359509465580  0.65353135161606579  0.66366832799086684
  0.67305986503825810  0.68180880735776073  0.69062564698107209  0.69988510146509875
  0.71110674411824304  0.72356333868392553  0.73489371247931357  0.74340928038476506
  0.75268009216363807  0.76244145565079213  0.77256146447704210  0.78352017226635950
  0.79560957824280243  0.80841877733229328  0.82186069920604443  0.83457346187648462
  0.84550441598711068  0.85564886861022438  0.86518463332513540  0.87590465998575029
  0.88535559758775773  0.89454168455429339  0.90429014509644390  0.91660160095763099
  0.92806958738885204  0.93950620167150645  0.95209083527059157  0.96393480717201341
  0.97466240130103932  0.98305746380067038  0.99000166666300993  1.00000000000000000
 -0.00192725296455977  0.00750894069237960  0.01702166126765743  0.02735643881529459
  0.03735678820857778  0.04640591870970220  0.05452998562837830  0.06260769274909199
  0.07080348260433680  0.07829033032165023  0.08390451513413193  0.09065160686320171
  0.09947160692400811  0.10986279931022923  0.12002883158342324  0.12936542673189175
  0.13814658221907683  0.14672127645193087  0.15583527367621602  0.16582091861574183
  0.17663754576479343  0.18783825151710581  0.19887549047403499  0.20950324587581612
  0.21945527721973615  0.22886780015800653  0.23891321923489173  0.24947534184542944
  0.26000428990760177  0.26969392076437543  0.27932431136520680  0.28893487414994323
  0.29908425479345124  0.30982734315426447  0.32076032529772452  0.33234009477285770
  0.34443311875385396  0.35619616584846753  0.36764893513044733  0.37910036664121394
  0.39057116141902509  0.40197799286649105  0.41354428170072510  0.42434905036021170
  0.43358738707662881  0.44247181998218016  0.45281218693157826  0.46508739839934587
  0.47723217444416066  0.48800623649886166  0.49814291461931698  0.50871060585057093
  0.52026133474627112  0.53251894116165599  0.54464869032861007  0.55588477200951103
  0.56595932202225407  0.57527283663481077  0.58486036470939462  0.59457698075860732
  0.60450982431995048  0.61426186517889203  0.62402872021385902  0.63408066573030353
  0.64377346502121080  0.65335454498417467  0.66398014834866170  0.67413993508854131
  0.68579803765943859  0.69602113755267692  0.70401767166610985  0.71337119339632726
  0.72497200454777644  0.73561443829516460  0.74603796637152298  0.75556131698802542
  0.76690300836233760  0.77918042698025802  0.79080921485056821  0.80290715636591803
  0.81613698737579288  0.83004286191215537  0.84480184185926899  0.85823919026355411
  0.87150816396917086  0.88477557635201576  0.89784097809849617  0.91030065565271534
  0.92150549252817693  0.93202736272695219  0.94312463027350102  0.95405725097477689
  0.96555590842397365  0.97721768474421977  0.98862605818793747  1.00000000000000000
 -0.00188702029190884  0.00775974121291535  0.01845320102787650  0.02752134067034707
  0.03676799621598224  0.04690707919488089  0.05885618228477201  0.07135339137595741
  0.08286189843930591  0.09437090408556818  0.10497916803589578  0.11658074971206865
  0.12802873425739433  0.13898632829351479  0.14996629275408740  0.16038827310099082
  0.16946837730942887  0.17871372983015654  0.18872038224957199  0.19931463395322629
  0.21125375146970354  0.22526314794208604  0.23747051709018510  0.24886552848413457
  0.26012527524961954  0.26887186555617598  0.27798293895273840  0.28791178240957066
  0.29763319555596279  0.30870870746762441  0.31999890676925263  0.33169828175821564
  0.34319241782513055  0.35425571661860311  0.36566103710053016  0.37672579214234542
  0.38658450904534658  0.39530379792126313  0.40298922583101060  0.41074690503974004
  0.41954167743575449  0.42947991924793411  0.43938722381614287  0.44850192430280400
  0.45659173620936011  0.46511784203394207  0.47468110953849380  0.48446333834654698
  0.49402491595915765  0.50402456722636746  0.51507712866171340  0.52636699774210627
  0.53787443620428388  0.55000479469861607  0.56265347982085478  0.57684996659185583
  0.58879097953890580  0.60142847539972810  0.61125789708755873  0.61952892724084108
  0.62821224190057789  0.63743595257412733  0.64649652559186699  0.65624240268386358
  0.66749389171270967  0.68041485305588756  0.69173963810073602  0.70070239163965553
  0.71068838202433815  0.72029359158072426  0.73156602501791079  0.74272038192316026
  0.75251748924772011  0.76174234962592469  0.77066680875641436  0.78063042323079579
  0.79269932814999178  0.80536722982752784  0.81650944703897665  0.82857983447346462
  0.84291695820743739  0.85568746326327794  0.86638245378689882  0.87575649577628767
  0.88547918649642432  0.89546340519747092  0.90517757584164260  0.91484764245432770
  0.92477001336148290  0.93322715113845056  0.94242522375895910  0.95339808044546082
  0.96588608052142455  0.97908682655758061  0.98974449038622980  1.00000000000000000
 -0.00284724773834806  0.00981041571639619  0.02113305260081223  0.03313821537492681
  0.04563921244505734  0.05771695806924246  0.06911561730479807  0.07922712414190185
  0.08733869047957481  0.09535931475150503  0.10366338519375073  0.11112831049877907
  0.12129705461513239  0.13214539433410138  0.14216021645455126  0.15262451031596522
  0.16508177658972653  0.17615665123416752  0.18720163419490429  0.19702975163566444
  0.20716009204555302  0.21682457658087301  0.22760180495902002  0.23732190076367451
  0.24687228028986344  0.25550375651276286  0.26299003376167474  0.27348961274106293
  0.28352549819858486  0.29284556890987734  0.30234824263749283  0.31390601989490829
  0.32696794470095075  0.33923247306559279  0.34948285922776362  0.35976747674396753
  0.37010087240547968  0.38108963210336011  0.39391474240493379  0.40508580629860619
  0.41563462159907288  0.42619968165184252  0.43728074486442181  0.44875909118058172
  0.46202385922813499  0.47372711972016740  0.48389759829693374  0.49430501384805148
  0.50485893672094151  0.51615391512602660  0.52867827610713969  0.54140434417036820
  0.55363898541814549  0.56510494425563007  0.57563249875504607  0.58582014506580560
  0.59629368775720637  0.60677200739872117  0.61738179023998463  0.62672218420686709
  0.63509427012125064  0.64405010914504834  0.65287509606132332  0.66275182017521228
  0.67320109855818000  0.68428984685369720  0.69674421317091828  0.71053776581606010
  0.72492833010492652  0.73890197594794904  0.75148889967145283  0.76194467240297370
  0.77022343617136046  0.77898758527103329  0.78896716702614633  0.79962673834042286
  0.81199577553950875  0.82451337061264274  0.83571894189942741  0.84653063613826929
  0.85631167493678140  0.86588690682947922  0.87666550906751206  0.88478242698119558
  0.89090568689936311  0.89814835100567625  0.90661355872936666  0.91478546215815149
  0.92315875654202706  0.93166842377031855  0.94096076615954327  0.95200572115010873
  0.96341097591213398  0.97414050319440859  0.98671174852328547  1.00000000000000000
  0.36584060780103628  0.37989857869527199  0.40431476061860000  0.42924192737238076
  0.44980435057794382  0.47317589541501842  0.48944717865809656  0.50242675467293940
  0.51854148508418363  0.53640638245131278  0.55291606110616831  0.58162125924906038
  0.62135752807075428  0.64033776316728019  0.64840916768961210  0.65392138476771000
  0.65869709799573639  0.66337554678592514  0.66812233523852649  0.67208946496081645
  0.67521854682925186  0.67856212078732026  0.68197427516942566  0.68570940370066735
  0.68935968115839763  0.69266857431975204  0.69573745845787482  0.69872571150748375
  0.70159883404870627  0.70486143789758393  0.70811160371226833  0.71134331688134844
  0.71501512759566199  0.71879291731852468  0.72238444900105014  0.72572384212069341
  0.72875326811727537  0.73179656023729855  0.73516581084640065  0.73841527545965069
  0.74146488295788526  0.74477112548149915  0.74824222473370117  0.75215238562602549
  0.75577690992457225  0.75913546261889731  0.76250820588332879  0.76596349595373514
  0.76951524907736080  0.77346710423312615  0.77803064828882029  0.78308414530778381
  0.78818070950898900  0.79236216771221479  0.79627561284627590  0.79998494903566886
  0.80365444301861522  0.80729506672387275  0.81107817982363950  0.81490325674068476
  0.81870169283975247  0.82167977390193125  0.82448695907287883  0.82748103048586585
  0.83048353549183684  0.83295978917944691  0.83585233693313443  0.83909352755129896
  0.84270727342237362  0.84680417352745374  0.85107274907171615  0.85517836312347384
  0.85931273745284653  0.86354150436170940  0.86789819902410459  0.87244487574236873
  0.87726206962383457  0.88223039368953859  0.88665162980822254  0.89101075420766718
  0.89540704410590488  0.89962479739608658  0.90331198561300174  0.90709767764473492
  0.91121128762206527  0.91603856411973517  0.92163182522197917  0.92752561454636162
  0.93356155231243310  0.93973998774787382  0.94615601761731760  0.95318034201455393
  0.96113531065201196  0.96994451538615523  0.98317954054401357  1.00000000000000000
 -0.04149267088712540  0.16973173135790937  0.21731195650278934  0.24509721761369813
  0.26489931135873751  0.28365566122144759  0.30164259351061623  0.31695044974347331
  0.32996438403958578  0.34093211260937600  0.35197909361847102  0.36364521721045823
  0.37365981053865005  0.38215524455235578  0.39175784887187509  0.40251825174616951
  0.41372973080782449  0.42462841923317740  0.43498567968864221  0.44415871788346245
  0.45277954821474553  0.46082513152287602  0.46819380218807166  0.47573335448341392
  0.48349015586456356  0.49103340269036549  0.49848144388412113  0.50464434892878451
  0.50932848338407399  0.51406843118322043  0.51970724268599600  0.52590867838386346
  0.53097206135802533  0.53596434881249477  0.54122729062767283  0.54647844624423481
  0.55169736344998277  0.55771492454919014  0.56318495815838054  0.56815912406458069
  0.57279381431199938  0.57811763697783081  0.58359322413300518  0.58875160738046950
  0.59343765485531585  0.59768795099731209  0.60182252308213025  0.60593411213839532
  0.61009334175116958  0.61415415808776730  0.61845652354406788  0.62288751577679269
  0.62819055985107752  0.63302863353837158  0.63710774774273959  0.64080494267573296
  0.64394464137219465  0.64710631734583390  0.65089889848149818  0.65495298336944374
  0.65881324617845394  0.66301969737016331  0.66794057066986345  0.67304579511534490
  0.67724049150173138  0.68097123492451428  0.68459621398207338  0.68849489527622421
  0.69293066800968151  0.69713963318908190  0.70159776143825392  0.70544203298584751
  0.70946689393716278  0.71327769519696249  0.71695686132869796  0.72113235919190755
  0.72493396439879854  0.72863479173519374  0.73240979977502363  0.73667850988221806
  0.74069248743396243  0.74411935646034377  0.74830261915489493  0.75336395979555182
  0.75887832789691145  0.76481249690428310  0.77134800897967959  0.77790524105155023
  0.78530028202042934  0.79373021518898057  0.80339518888476258  0.81594667860993630
  0.82691624877514935  0.83933648446449760  0.86458099053878734  1.00000000000000000
   2.7321878849533014E-010  -1.0000000000000000     
 F F F F F F F F F F F F F F F F F F F F F F F F F F F F F F F F F F F F F F F F F F F F F F F F F F F F F F F F F F F F F F F F F F F F F F F F F F F F F F F F F F F F F F F F F F F F F F F F F F F F F F F F F F F F F F F F F F F F F F F F F F F F F F F F
  <DiscreteSampler_grid>
  grouped_processes
  1 # 1 for a reference and 2 for a running grid.
  10 # Attribute 'min_bin_probing_points' of the grid.
  1 # Attribute 'grid_mode' of the grid. 1=='default',2=='initialization'
  0.0000000000000000 # Attribute 'small_contrib_threshold' of the grid.
  0.5000000000000000 # Attribute 'damping_power' of the grid.
 # binID   n_entries weight   weight_sqr   abs_weight
    13   10   3.685366499919203E-001   3.607434241219212E-001   3.685366499919203E-001
    14   10   3.685366499919203E-001   3.607434241219212E-001   3.685366499919203E-001
    16   10   5.921515442029360E-001   1.344585312801857E+000   5.921515442029360E-001
    17   10   5.921515442029358E-001   1.344585312801856E+000   5.921515442029358E-001
  </DiscreteSampler_grid>
