  0.02407620734244092  0.03219030955453367  0.04244958002694631  0.05237870911002337
  0.06223358686676804  0.07235334058403776  0.08253812158302477  0.09264568099746302
  0.10261253964010872  0.11280130883451177  0.12329849195585273  0.13356422320924005
  0.14388735376306361  0.15401545115801582  0.16420301224209372  0.17445296927735895
  0.18465713684924692  0.19485283518563862  0.20490270145483302  0.21526176618634726
  0.22569424018047798  0.23572338392477668  0.24567200501143963  0.25567183858976666
  0.26582832342398321  0.27602768683510759  0.28632487928164413  0.29667355839784137
  0.30694422516933328  0.31722566388150780  0.32735375864951921  0.33751182258362694
  0.34760104019034382  0.35785510908637319  0.36821264191926362  0.37844851263166784
  0.38864234029760736  0.39881033163943536  0.40892673863312751  0.41906022324735132
  0.42907659702314582  0.43915659000623819  0.44937300230433963  0.45963910758821996
  0.46993155120986946  0.48005947389656412  0.49014491653139491  0.50020282824276630
  0.51032594951756949  0.52051669423060121  0.53064363963554906  0.54070115018555376
  0.55069275865247058  0.56071868992961116  0.57071234129581128  0.58069885259328413
  0.59060585683147027  0.60068075287309486  0.61078620052362498  0.62091545332905140
  0.63100290405164317  0.64104985365122880  0.65120750601147137  0.66120793075800199
  0.67141488351960898  0.68152749549310987  0.69187608919005972  0.70219115293364542
  0.71248113201578245  0.72264191914058229  0.73285656063745352  0.74312696847985948
  0.75333276754266609  0.76353150008344972  0.77370951291336465  0.78405793969282567
  0.79440219331032647  0.80479864989621996  0.81501242092504644  0.82496913509451975
  0.83489760683345715  0.84491363923548402  0.85486850453634033  0.86475091913862301
  0.87455089931713181  0.88452985249692540  0.89464570306397428  0.90477211334296215
  0.91485873401474538  0.92494675935055015  0.93500506549399398  0.94519991559576400
  0.95547303276000872  0.96544478603402895  0.97104786062435744  1.00000000000000000
  0.03050133374982627  0.03766449250464973  0.04713069689851516  0.05734088962022821
  0.06720740942626872  0.07738625224374675  0.08759368737988575  0.09777869170068440
  0.10783501443511195  0.11801734882712638  0.12812323106787335  0.13830371063210228
  0.14841216435384991  0.15850625557290268  0.16867434965628211  0.17872310251972409
  0.18865106407092827  0.19854817469506261  0.20857040047602435  0.21867298111898362
  0.22886835304108688  0.23909278933363307  0.24930971910323410  0.25945749735150614
  0.26955682790611440  0.27971845187598393  0.28982530896437397  0.29998518837804344
  0.31009631860443770  0.32028054126163608  0.33034752388873090  0.34054118336303668
  0.35061718867361535  0.36077568208827088  0.37071469981845706  0.38065034969270412
  0.39061617255848780  0.40074358728374759  0.41096587673385393  0.42123289444548834
  0.43138076311436141  0.44134360437815273  0.45119678509515687  0.46103355662038098
  0.47108624028094481  0.48103838847244790  0.49110296930540903  0.50112574810992150
  0.51114134445301107  0.52103738716933778  0.53094057229174296  0.54093745621428713
  0.55101849879712428  0.56110047011611064  0.57111776534725034  0.58110524494431848
  0.59092234441133396  0.60090617201416818  0.61093549102247180  0.62098814181269957
  0.63094178109278820  0.64088912297010436  0.65094799111185020  0.66105400922537350
  0.67120402404941049  0.68147024134459311  0.69170419056682375  0.70193694877739798
  0.71210223050247190  0.72232295969072846  0.73264676282090369  0.74293246870132201
  0.75323486680178919  0.76339539958309710  0.77338530360921243  0.78340530411821330
  0.79349342582644822  0.80364547163122413  0.81375023059754459  0.82392485259853732
  0.83416089114854375  0.84441576042731425  0.85465857068391526  0.86489434349258587
  0.87509761693064292  0.88516767165623089  0.89511297397966560  0.90496617763962206
  0.91482439863536158  0.92465134831782958  0.93453043848719330  0.94447841715529846
  0.95453170456592595  0.96413879512857370  0.96909829058353070  1.00000000000000000
 -0.00202078436089354  0.00802304759627197  0.01710829313088513  0.02672714813527299
  0.03632561410870135  0.04593718364024402  0.05563637381381533  0.06559828821829736
  0.07573066102763772  0.08607567725355790  0.09650539737568029  0.10698174239393117
  0.11751397045527771  0.12827553490141652  0.13917259574236474  0.15028994001623683
  0.16145167756389953  0.17287892779554095  0.18436750658079967  0.19585841208322993
  0.20728124217036503  0.21892351773081442  0.23073375909830196  0.24292792840697322
  0.25521553826689858  0.26742507533517340  0.27938659312567832  0.29146534979681366
  0.30379226551259453  0.31620812851427466  0.32859365049374700  0.34111464508448330
  0.35374576243880690  0.36665607112550802  0.37981438453912836  0.39308104195571936
  0.40626751289904472  0.41928007355344382  0.43208452113582285  0.44485237248213988
  0.45763115833494100  0.47045155743913558  0.48325492624628924  0.49601613148016244
  0.50867766709480855  0.52125750939680826  0.53374309607656445  0.54613570648827081
  0.55848706918804625  0.57066781967987346  0.58271401083067553  0.59455836282314389
  0.60625130403301919  0.61782382793005930  0.62935251678040205  0.64081401947249506
  0.65212300597773598  0.66332694597691022  0.67439071079287227  0.68532365791728178
  0.69604423847560137  0.70648007368498467  0.71664270609256420  0.72674333164118332
  0.73692977667176274  0.74709688843397037  0.75704024974619410  0.76681786184024625
  0.77645681926177867  0.78597160257402887  0.79526980663538327  0.80448213325658069
  0.81366677916324681  0.82278496745596685  0.83169321287078968  0.84039293070869903
  0.84898220747513709  0.85751779306538478  0.86603097916491689  0.87445404749128086
  0.88282612206402267  0.89123831925434194  0.89968456854719536  0.90812412095396611
  0.91643946553503364  0.92455733461110046  0.93256608203431102  0.94045675846664578
  0.94825375143882218  0.95599375139987608  0.96364096755591389  0.97115315771230526
  0.97854683974825674  0.98576262358165900  0.99293560056302610  1.00000000000000000
 -0.00244004208636621  0.00924932277466780  0.01955901921586471  0.03027460628544765
  0.04097560793259424  0.05160442610788921  0.06223748748275100  0.07295028911748924
  0.08340983081611218  0.09390019678358384  0.10426029224898274  0.11465288827506800
  0.12508393393210582  0.13554342324241880  0.14608160194380382  0.15660832480527664
  0.16708564634537629  0.17742072029610340  0.18783713467453009  0.19840443625786253
  0.20901665215421986  0.21959481303733411  0.23019002517691631  0.24098768271823631
  0.25164551583695016  0.26232915899854042  0.27291997524564338  0.28345969236737473
  0.29394676962010347  0.30442741930904182  0.31501627659334847  0.32553665440562246
  0.33600303152621069  0.34641910219767913  0.35682786660194515  0.36728572037793084
  0.37766170486637590  0.38805985964381751  0.39849080624343147  0.40897999863291823
  0.41960790979961726  0.43034981586673493  0.44099334816373598  0.45162241838179457
  0.46226569643838467  0.47313659694584570  0.48396562129187159  0.49461325241121140
  0.50512729282492930  0.51558099296260018  0.52613685648050890  0.53671146148343551
  0.54720377651571994  0.55761803402010723  0.56800854995647365  0.57838574074057436
  0.58878149778626576  0.59914246081628275  0.60959962994863082  0.62002646850621723
  0.63050705005919849  0.64115483379531901  0.65185763838917399  0.66257152808906705
  0.67315125744976656  0.68368337941002288  0.69430486894510324  0.70500964436557290
  0.71561291397760207  0.72610675641913935  0.73657224680940758  0.74703933902637321
  0.75752890218605273  0.76786330467003605  0.77837019028622323  0.78885428539174773
  0.79949811024192730  0.81016317007943350  0.82086539664222813  0.83170057540312514
  0.84241469348071074  0.85289026260742340  0.86329078592492325  0.87379063777840726
  0.88439816500382673  0.89485958511854380  0.90536489376660390  0.91591376775730249
  0.92664340414375757  0.93710263892375278  0.94760708728112764  0.95810000207009438
  0.96867688277118835  0.97926640387459518  0.98958749128271695  1.00000000000000000
 -0.00224058832871729  0.00914686455911262  0.01889018087380451  0.02957116348730023
  0.04008194402579027  0.05069789586251661  0.06127890977902360  0.07182023616886654
  0.08222002556213086  0.09262559412785867  0.10298604758389719  0.11358331363489300
  0.12406236403950632  0.13457456708955617  0.14502646366393726  0.15542986420691376
  0.16590510488009763  0.17628190056727625  0.18672861374796307  0.19720771364692347
  0.20762068732628300  0.21798016649485027  0.22844607334648281  0.23912150387122286
  0.24997576088853316  0.26057513287907980  0.27121234461707577  0.28176446888584961
  0.29243378633744016  0.30293570240350048  0.31343871030705717  0.32398845604836546
  0.33478154880384764  0.34545325157064610  0.35610755472993755  0.36655319175270307
  0.37715543321225242  0.38768981734302316  0.39836483869256167  0.40903933797374253
  0.41980611628126230  0.43050090032775040  0.44117206371941703  0.45158464596770220
  0.46213632349021644  0.47265998013715715  0.48312792422940370  0.49350970578362863
  0.50373902044887897  0.51431848810409919  0.52468294603720378  0.53515758384904277
  0.54554176501116647  0.55607397381025181  0.56656872529106994  0.57704402159107060
  0.58748487868049826  0.59790527454094955  0.60824048846486456  0.61878927201993927
  0.62928715022953707  0.63988378893633113  0.65037358015360824  0.66104430642313472
  0.67178364398260237  0.68228365329945739  0.69285508145276664  0.70328788747903426
  0.71376911801925036  0.72428329405862613  0.73473078443497020  0.74546059460613068
  0.75602151206658741  0.76659816532922553  0.77698519409873856  0.78751312892399128
  0.79803155904955281  0.80863548960967213  0.81929238448302621  0.83008720598576879
  0.84090072414367523  0.85172839122543198  0.86231504504217782  0.87292750699933919
  0.88336973612296266  0.89390904595657406  0.90451586393132988  0.91518459680601327
  0.92577198964570806  0.93615955465305845  0.94661513430505451  0.95716777609805259
  0.96795269238139492  0.97864723788295993  0.98941639924995817  1.00000000000000000
 -0.00246239733684631  0.00966856322175149  0.01982080810936681  0.03047261338170596
  0.04100577567262421  0.05165102310512509  0.06223938239789296  0.07284066816882709
  0.08340567344598947  0.09414874285881984  0.10478369646074355  0.11543803294314969
  0.12596864548444264  0.13651118892548633  0.14702070845588935  0.15758194572956255
  0.16806702522735406  0.17855580747532043  0.18894233670252519  0.19933960809109433
  0.20966031336533972  0.21990908290373457  0.23036894126344784  0.24077689071466712
  0.25132050269472295  0.26172128516180010  0.27233735682042337  0.28289503697051566
  0.29343380497715110  0.30376684725597847  0.31431975576317894  0.32503813704661305
  0.33587075106425690  0.34637126408463470  0.35689165935660194  0.36728935110773436
  0.37775778177653457  0.38814365588002681  0.39851357751255861  0.40875883096510635
  0.41894623012640708  0.42926157300384227  0.43965000563633183  0.44986852367731056
  0.46023828801887140  0.47069819150140163  0.48116274749794519  0.49166535692143754
  0.50211941905007740  0.51271379233087577  0.52319240843343251  0.53381533290301819
  0.54448674187141155  0.55520908260432744  0.56568341985190485  0.57633028516952967
  0.58699429675567316  0.59776980627187870  0.60855614040655492  0.61918212244942805
  0.62992577451378784  0.64047759190252529  0.65111980978958484  0.66179643043178327
  0.67225586260927050  0.68266941986894802  0.69312723999693460  0.70372461873384551
  0.71418199496412971  0.72464487497762431  0.73529374287009874  0.74598770361306754
  0.75668196849742375  0.76725845637412615  0.77792104089075120  0.78847520012216310
  0.79902140969646274  0.80933157977461201  0.81981788812061718  0.83043356283416880
  0.84128354781203729  0.85204391666654811  0.86273400258269861  0.87358704215953542
  0.88406302979934315  0.89462043018346038  0.90509104139618279  0.91557768365818515
  0.92611657518602741  0.93657491191879705  0.94710397402417779  0.95771775309003271
  0.96826954371603968  0.97895798113795129  0.98945980856497207  1.00000000000000000
 -0.00280193566750749  0.01175700182577793  0.02385310604720218  0.03658380600144969
  0.04876054865420983  0.06065950080140490  0.07239468997850232  0.08415702382336333
  0.09569790621810056  0.10697773965921624  0.11803087584187923  0.12887287235801170
  0.13957570610672418  0.15027607878839255  0.16103828722218566  0.17175076702981276
  0.18233914538816534  0.19277852384332578  0.20306826582620272  0.21312025636375048
  0.22296280965212095  0.23270977040768184  0.24252198616153714  0.25236282216394090
  0.26210662285220071  0.27171090469587905  0.28122386287030338  0.29067673986324216
  0.30007890010085814  0.30949166703936781  0.31897802899694178  0.32850035602610667
  0.33800838480280315  0.34750725405065713  0.35697895466655899  0.36635195119135705
  0.37561577276053437  0.38483617820897315  0.39405685748818420  0.40328098044621197
  0.41248179280344199  0.42167756562435416  0.43088161305614570  0.44000552839316820
  0.44907473805907350  0.45810277442374575  0.46717970742517889  0.47634724147318724
  0.48555304157901186  0.49479915236558886  0.50403489441500593  0.51338518539916733
  0.52277242166769489  0.53214150319850095  0.54147861163153921  0.55081921016725099
  0.56018672605205022  0.56958866694486943  0.57907026817645058  0.58862909062257229
  0.59822089373330711  0.60777075225008736  0.61723549964631119  0.62673889853262554
  0.63636203165596239  0.64609339951845779  0.65590325960217599  0.66571936186749181
  0.67568020313253851  0.68584386319594404  0.69625799773008534  0.70689847803456829
  0.71753996930988762  0.72808592007299555  0.73860836816726017  0.74928699058180437
  0.76017780490553810  0.77120309868149239  0.78221009496110760  0.79334689967835115
  0.80458829602385440  0.81606242647355687  0.82760788663323281  0.83925353180842166
  0.85117132714483090  0.86351026419166044  0.87618904116581420  0.88903080849310001
  0.90215788216176240  0.91545868197357061  0.92899472316656850  0.94274686250203621
  0.95669768171789527  0.97097612843529180  0.98543587581738001  1.00000000000000000
 -0.00245242915557883  0.00976806806192513  0.02011883183823990  0.03097959852776865
  0.04181492337416248  0.05255990815138499  0.06332685535575726  0.07404772584509248
  0.08460949455524733  0.09508393451748472  0.10566274448336459  0.11633188875551830
  0.12712462083442183  0.13776744102779379  0.14830354654284747  0.15864736403590846
  0.16908452676980737  0.17953088546055390  0.18998363643289246  0.20047814136555092
  0.21072614935820566  0.22112239460233402  0.23155276428352889  0.24234508317076955
  0.25296635734077216  0.26340769678519749  0.27373897922198903  0.28394636422269015
  0.29444032612961052  0.30489949951014678  0.31549074797400273  0.32592108024187633
  0.33626316559664221  0.34678172382703004  0.35728848437688304  0.36788855491073263
  0.37830689533999384  0.38875306367868656  0.39925642450832782  0.40983936589490039
  0.42039861011804780  0.43078163595329871  0.44129757530042801  0.45191273009769561
  0.46272448710320468  0.47339368097864087  0.48406078669699920  0.49485565392143893
  0.50574723123547771  0.51674177721053660  0.52760614881024193  0.53859008301657985
  0.54933868594878332  0.56016697855830910  0.57087591015963979  0.58148073027623282
  0.59212471560743596  0.60286650658643093  0.61355809203296763  0.62426673736744798
  0.63471578523332728  0.64516046998184373  0.65554868287176826  0.66595328227438233
  0.67649449733781075  0.68692298778551708  0.69754052180877901  0.70810778212652747
  0.71858136920926341  0.72889137789013292  0.73933761235865436  0.74994347766772962
  0.76054280707282529  0.77122314076124421  0.78197128930712689  0.79278944118890016
  0.80322429687663777  0.81360297523925873  0.82383887998185923  0.83412316594004998
  0.84434421286469341  0.85457768926099487  0.86490605717409452  0.87524561240554466
  0.88567210098244986  0.89604266501824337  0.90630517741353800  0.91662914681252672
  0.92693138234501837  0.93740495896187737  0.94775860338368489  0.95822447903800501
  0.96868443743482235  0.97922863650125302  0.98963954175263369  1.00000000000000000
  0.05583576071535271  0.06774670768516575  0.08881603912666694  0.10706442082365157
  0.12302664193740744  0.13694352928386466  0.14909704189241033  0.16007238336805138
  0.17037978662746070  0.18012343317986657  0.18940868799595337  0.19826259319191067
  0.20684053627003482  0.21520939470412995  0.22334817997789552  0.23130806605077578
  0.23910562495158463  0.24683366530867090  0.25455626655084196  0.26225854678757893
  0.26992972849165808  0.27740340315823137  0.28475332726685892  0.29200347038389474
  0.29927747273178729  0.30659470286408119  0.31385150265370365  0.32102925324768611
  0.32811751644648340  0.33514064141513800  0.34221485827680725  0.34935232235296354
  0.35654150906760140  0.36372313434666603  0.37086071785092506  0.37798079517689753
  0.38510171354351719  0.39221713043998252  0.39930813577910057  0.40641251611687790
  0.41358374532796832  0.42080303231021804  0.42800309308356660  0.43514904024462525
  0.44226013997583979  0.44937964982281609  0.45655696818842573  0.46376755876079601
  0.47107457754560422  0.47843910944653456  0.48587880683957141  0.49327606560517429
  0.50064964103787479  0.50801774564270086  0.51543833205160439  0.52288853976626348
  0.53038117150349906  0.53795495183209663  0.54560961733955671  0.55335326190186707
  0.56111594544568555  0.56893020306671960  0.57685999345110139  0.58497881681163955
  0.59336752228331646  0.60178893542333012  0.61021869388915218  0.61871219503436570
  0.62724907256786078  0.63593258465994240  0.64467783176891236  0.65365682240385881
  0.66286029635973465  0.67222727812450178  0.68164155284957861  0.69110645841253637
  0.70072212582603832  0.71051317298714978  0.72039279253435051  0.73047957846429179
  0.74084757415880764  0.75147508405310770  0.76218527248268619  0.77311618035687546
  0.78443167156017590  0.79636197859782476  0.80887552087709425  0.82181898553728117
  0.83531312095501720  0.84961127514033552  0.86488629575816944  0.88153836108784467
  0.90016444067876988  0.92162111583326334  0.95055306537993489  1.00000000000000000
 -0.02007281848739806  0.14601853443779600  0.19447488805678692  0.22246015019569979
  0.24467375240092296  0.26381114138605483  0.28096090799790419  0.29636055839088854
  0.31054727286591988  0.32380867299743044  0.33636629491167019  0.34831253532779688
  0.35965531651093874  0.37050864822206470  0.38100144895364807  0.39115426265074094
  0.40090082438157004  0.41032558717790907  0.41942548061104817  0.42827470928993278
  0.43687750239390005  0.44524462530792375  0.45341958613976818  0.46142689123665970
  0.46929058641593169  0.47696515990210481  0.48440043296649460  0.49164982094830006
  0.49879235038765568  0.50586929382624390  0.51291999646308994  0.51986860809173163
  0.52675392880457483  0.53356139473056163  0.54025891441721785  0.54681694311742868
  0.55327421266914178  0.55967811066527540  0.56596497539514745  0.57207452013098736
  0.57809547809326134  0.58401001163341948  0.58982832496222271  0.59559712852973745
  0.60133481407333000  0.60703580195576590  0.61269310015470746  0.61826138593508828
  0.62375001382572981  0.62918623787364059  0.63456922580419306  0.63993698270987320
  0.64527992297314962  0.65056239854465392  0.65577294342818726  0.66092474306552651
  0.66604461620779232  0.67116192754419346  0.67633297975054130  0.68144015560226900
  0.68649570833827334  0.69146422899547322  0.69643530962742928  0.70138513807454628
  0.70639035734088340  0.71133091498389389  0.71624112191731215  0.72112170983432566
  0.72601898749050287  0.73094996036338522  0.73591323664245190  0.74089866072655430
  0.74586795394161465  0.75089187759368325  0.75599754861803803  0.76115733244806405
  0.76638034431216229  0.77170462540179485  0.77713548122414089  0.78259290053816122
  0.78804885773297428  0.79360247985993959  0.79938768532299442  0.80540326379035476
  0.81164626029753340  0.81827784782498525  0.82545592620101549  0.83282282493233928
  0.84079575048380573  0.84934131528607903  0.85874419160339654  0.86945008549331515
  0.88219432812566212  0.89920494703132270  0.92864702877605410  1.00000000000000000
   3.1570849794563941E-012  -1.0000000000000000     
 F F F F F F F F F F F F F F F F F F F F F F F F F F F F F F F F F F F F F F F F F F F F F F F F F F F F F F F F F F F F F F F F F F F F F F F F F F F F F F F F F F F F F F F F F F F F F F F F F F F F F F F F F F F F F F F F F F F F F F F F F F F F F F F F
  <DiscreteSampler_grid>
  grouped_processes
  1 # 1 for a reference and 2 for a running grid.
  10 # Attribute 'min_bin_probing_points' of the grid.
  1 # Attribute 'grid_mode' of the grid. 1=='default',2=='initialization'
  0.0000000000000000 # Attribute 'small_contrib_threshold' of the grid.
  0.5000000000000000 # Attribute 'damping_power' of the grid.
 # binID   n_entries weight   weight_sqr   abs_weight
    13   10   8.906416444284506E+000   1.764406387335983E+002   8.906416444284506E+000
    14   10   8.906416444284504E+000   1.764406387335983E+002   8.906416444284504E+000
    16   10   1.159111639816565E+001   3.102127144488195E+002   1.159111639816565E+001
    17   10   1.159111639816565E+001   3.102127144488197E+002   1.159111639816565E+001
  </DiscreteSampler_grid>
