  0.00000010033369371  0.00000024500182336  0.00000076248766170  0.00000435114472544
  0.00001320164715401  0.00002296715071298  0.00002863468329043  0.00003420121647558
  0.00003753504161643  0.00003923674523920  0.00004063287008885  0.00004183562105738
  0.00004291333065147  0.00004370098628963  0.00004437809054201  0.00004491837817091
  0.00004538269861608  0.00004579111130031  0.00004614743541114  0.00004644789057153
  0.00004668121163877  0.00004688584331115  0.00004706638010660  0.00004722228586202
  0.00004736821297964  0.00004750783435494  0.00004763830385868  0.00004776040577648
  0.00004787407317121  0.00004798206871883  0.00004808249639105  0.00004816549640594
  0.00004824892107762  0.00004832940893939  0.00004840899825724  0.00004848580730083
  0.00004856045128371  0.00004863352744210  0.00004870662625782  0.00004877931290930
  0.00004885016303324  0.00004891884916992  0.00004898473492855  0.00004904655254374
  0.00004910381189722  0.00004916035502850  0.00004921681992101  0.00004927310058075
  0.00004932898786655  0.00004938482221908  0.00004944255605892  0.00004950559261721
  0.00004957203061970  0.00004963968518609  0.00004970680273412  0.00004977200288790
  0.00004983610077838  0.00004990099347251  0.00004996662809687  0.00005003435463712
  0.00005010691251838  0.00005018839319911  0.00005027919928422  0.00005037565737652
  0.00005046832798385  0.00005057260436299  0.00005068604824984  0.00005081877373152
  0.00005097536552080  0.00005114335832895  0.00005131904920637  0.00005150269057318
  0.00005169544590631  0.00005190554879278  0.00005212925221764  0.00005234954423946
  0.00005257356814242  0.00005283824845553  0.00005317738167157  0.00005354514784625
  0.00005394612355197  0.00005443173619747  0.00005498311108061  0.00005556594739329
  0.00005651346199572  0.00005831734711397  0.00006064551100227  0.00006475142808071
  0.00007351699683982  0.00009049246851035  0.00013043809691280  0.00032042407112101
  0.00129707147276319  0.04879449544615971  0.54529268505168704  1.00000000000000000
  0.00007094202971889  0.00007439480333956  0.00007796263025369  0.00008202224398570
  0.00008631284876748  0.00008963981993393  0.00009192909007105  0.00009237732273669
  0.00009248925814456  0.00009252647061558  0.00009254452138231  0.00009255706946652
  0.00009256508653418  0.00009257152460553  0.00009257452761872  0.00009257716085868
  0.00009257939089235  0.00009258137022098  0.00009258285360612  0.00009258433699125
  0.00009258538703874  0.00009258643595999  0.00009258748488123  0.00009258846119895
  0.00009258943680614  0.00009259041241333  0.00009259146969457  0.00009259255316011
  0.00009259363662565  0.00009259510973072  0.00009259665375715  0.00009259876790911
  0.00009260118893293  0.00009260400107877  0.00009260716425508  0.00009261247972571
  0.00009262116723440  0.00009263492725442  0.00009265399379677  0.00009268189154621
  0.00009278324331745  0.00009352728704788  0.00009613015587487  0.00010126495946326
  0.00010901451516123  0.00011865339045017  0.00013046168125050  0.00014438906308149
  0.00015962473587423  0.00017672434959581  0.00019546026340307  0.00021543631982718
  0.00023680067207444  0.00026209194347411  0.00029173615632851  0.00032211515901756
  0.00035491145759315  0.00038988729146145  0.00042588756081238  0.00046777905159521
  0.00051372743814107  0.00056439379167035  0.00061920524960456  0.00067559125053818
  0.00073485567111834  0.00079850334865859  0.00087079277396550  0.00095024826146794
  0.00102855815130685  0.00110445317785724  0.00118275531152600  0.00126903093118780
  0.00135964194857347  0.00143981776709239  0.00152919480783093  0.00163642014103392
  0.00178455421856784  0.00197904363058307  0.00218647292644798  0.00237567987095824
  0.00254408820750378  0.00270605654941342  0.00288889198938606  0.00305144461684549
  0.00319538769843046  0.00334023270563865  0.00350438285569247  0.00366167514928897
  0.00395430633029171  0.00439128883294302  0.00484989435577318  0.00529200549911695
  0.00586633333755436  0.03179292641821574  0.27587594320821501  1.00000000000000000
  0.00000006087599010  0.00000366315412482  0.00000609137101571  0.00000875772292772
  0.00001152849549516  0.00001416973772281  0.00001697889599303  0.00001996156892282
  0.00002303669313650  0.00002598778153588  0.00002866436624662  0.00003099367359324
  0.00003317826200798  0.00003545029990292  0.00003727736678257  0.00003895688161808
  0.00004084247705022  0.00004280713916277  0.00004477521852060  0.00004673436016682
  0.00004884676274983  0.00005126806240647  0.00005383884776650  0.00005638002494526
  0.00005891637717821  0.00006163074101195  0.00006453486734080  0.00006773371806227
  0.00007123574301372  0.00007440705472227  0.00007652567713885  0.00007838902130331
  0.00008031755585308  0.00008227296401279  0.00008460053005295  0.00008700568718604
  0.00008948553391298  0.00009232159160182  0.00009701354867727  0.00010153367706994
  0.00010616511976623  0.00011126496290534  0.00011672120619763  0.00012216546852104
  0.00012741898879674  0.00013269911630332  0.00013720653494170  0.00014197129433883
  0.00014737772317178  0.00015329280710621  0.00015959606900423  0.00016667994563866
  0.00017453540428468  0.00018218258483086  0.00018938012390152  0.00019718395161290
  0.00020601424481433  0.00021500074101928  0.00022441381269907  0.00023355197039580
  0.00024371607156116  0.00025550522909829  0.00026786754021067  0.00028137505155762
  0.00029544293481334  0.00031002190830539  0.00032627235479750  0.00034439910708678
  0.00036396250305921  0.00038569735269897  0.00040915572169538  0.00043339177288798
  0.00045972765504011  0.00048794813988684  0.00051926580555566  0.00055512507544852
  0.00059453043731047  0.00063851304860775  0.00068823747923726  0.00074005204966453
  0.00079648683067616  0.00086195391587524  0.00093376790068181  0.00100744666111210
  0.00108699570244344  0.00117813794168123  0.00127427885280984  0.00139428786997077
  0.00148969244794508  0.00157102589530498  0.00166743985652026  0.00178648383860632
  0.00192427302886287  0.00211951156683160  0.58576486530875338  1.00000000000000000
 -0.00254154839989662  0.00764530166065312  0.01885388433769651  0.03013152835764258
  0.04100403325368764  0.05156038195843261  0.06242034383681817  0.07322602759804216
  0.08363424248922617  0.09459011903038399  0.10510751577057439  0.11580788885532695
  0.12772089232660089  0.14124489451333169  0.15577995623474067  0.16831673538306932
  0.18074021325476153  0.19262638403138149  0.20394810670672667  0.21936714933332713
  0.23179942104971971  0.24566892155477785  0.25853666284808130  0.27250741368594794
  0.28675750167122804  0.30031641083543564  0.31184028845964429  0.32242091895967312
  0.33310841105175948  0.34380531296381051  0.35424040744019308  0.36585997068311160
  0.37858290890268059  0.39058661257258337  0.40097489712888496  0.41187467735867755
  0.42386113715068963  0.43644530299413870  0.44791258706750886  0.45846713083046570
  0.46797816346287779  0.47714913540724907  0.48682572519523304  0.49656772108020436
  0.50804193169778000  0.52131933320562174  0.53475632753186386  0.54693490188424099
  0.55862925458516144  0.57071771789946502  0.58279746081874428  0.59496277898582106
  0.60711732519249673  0.61912878380802572  0.63119477359985066  0.64377038198094449
  0.65676549747525059  0.66935084681839319  0.68114481972129293  0.69235143890335749
  0.70313166696345664  0.71465450674631914  0.72658433606231310  0.73735986074648618
  0.74765943121447820  0.75833985004391169  0.76843379060439299  0.77860038811455889
  0.78867004545645203  0.79763371448750542  0.80468713847294360  0.81465400902091101
  0.82414293057853960  0.83161152538432848  0.83869372349972593  0.84341532334515379
  0.84869623605775246  0.85470022148322422  0.86018246819689581  0.86561851328791428
  0.87186255403618507  0.88140122210387140  0.89049056816473438  0.89933558273094405
  0.90794403170319993  0.91625546601314278  0.92473046796995284  0.93452531059166277
  0.94492472473177980  0.95468031674601916  0.96337115103780879  0.97145268715901978
  0.97915656014628760  0.98647389283075515  0.99360610670358018  1.00000000000000000
 -0.00263714995878721  0.01069108853257318  0.01786672314855378  0.02767879756462531
  0.03741023485630289  0.04724729136757099  0.06092401789206679  0.07146782228539303
  0.08131854888870522  0.09155592929877791  0.10290811729810503  0.11516369928228035
  0.12689620050388523  0.13637155505573326  0.14483889644177303  0.15364365724825466
  0.16299563084277172  0.17247205109581917  0.18235994643141268  0.19145086742946818
  0.20091842284885830  0.21169544579548294  0.22372542072983145  0.23603735014357335
  0.24802506922988232  0.26041519217690062  0.27386839929570883  0.28674736281168578
  0.29900393987480700  0.30983764628067656  0.32038991872777839  0.33093297737342259
  0.34123964746746571  0.35261946895383006  0.36416012283324567  0.37416423402113130
  0.38416942573654667  0.39494864862714618  0.40635724558511921  0.41875995703986424
  0.43166330500966194  0.44400168165538445  0.45546435396117591  0.46667847211858049
  0.47740033561728201  0.48810744361408082  0.49940967846530498  0.51134548277915592
  0.52449022310626703  0.53815843325593882  0.55069072214674453  0.56232002356127286
  0.57319594662498774  0.58378968550017296  0.59479699958312837  0.60602326033912490
  0.61566606374778954  0.62401855717253263  0.63238297795798060  0.64108356067785821
  0.64956970850767848  0.66244364898982522  0.67530875728629947  0.68660468863693724
  0.69602534355544543  0.70273286092500353  0.70750995398585481  0.71317638895565050
  0.71964398533395268  0.72687584708958397  0.73532757688986794  0.74591208175633861
  0.75892458413050568  0.77198573957724892  0.78459718312916060  0.79746586546812404
  0.81060068730695312  0.82173891784346109  0.83259942180771929  0.84289846306047356
  0.85233159431786165  0.86102394930784465  0.86965269717056470  0.87887870550030178
  0.89005760476634055  0.90032132341845728  0.90882663764907567  0.91675966486296268
  0.92554503416262479  0.93583002136669891  0.94747896108373875  0.95919378376618658
  0.97004041680149411  0.97938475830064797  0.98961226210128161  1.00000000000000000
 -0.00230885137641606  0.00910313193970067  0.01865123751436892  0.02661632263705625
  0.03443929817224843  0.04287395233214619  0.05142919891167280  0.06092407725003168
  0.07072228012690811  0.08052069605809178  0.09029064444565293  0.09910003383122261
  0.10796632860715714  0.11759902938335572  0.12707852173061465  0.13665260875523111
  0.14703235525636452  0.15523544964240249  0.16400721386077954  0.17323140248653723
  0.18308388900249156  0.19323675615048427  0.20368684440918522  0.21364905189778058
  0.22313891416644080  0.23194770732540826  0.24064617759269868  0.24945867598082375
  0.25951875693968579  0.26719839463314127  0.27472338450645295  0.28234681387453303
  0.29087380403734203  0.30139305046158132  0.31215660666411910  0.32196993913139238
  0.33200395693531026  0.34208095466010979  0.35201029387698185  0.36209714259710996
  0.37248621938089282  0.38343792657035336  0.39473523438033525  0.40592886611410434
  0.41696635565980567  0.42854700776735166  0.43928203029783597  0.45018534596475873
  0.46084125980900731  0.46785746906157322  0.47486553065027964  0.48331862767852607
  0.49109766608335298  0.49909100777087212  0.50950447764644224  0.52289910574528697
  0.53799510501262793  0.55167676347866113  0.56272813954808920  0.57315812846057290
  0.58414805905232181  0.59585492557695774  0.60779061328526751  0.62000990446515991
  0.63240632253583029  0.64405353891402140  0.65534399125046905  0.66594851456416326
  0.67582648999481076  0.68612262333875695  0.69664816142623165  0.70727994781148784
  0.71854818976359680  0.73168849741478181  0.74774510253161475  0.76141969240968344
  0.77394217922577546  0.78690918997196269  0.80004463668954617  0.81402340737603307
  0.82884797130729837  0.84276972428452812  0.85409025610218992  0.86342263307817158
  0.87178867216613709  0.87813779731001884  0.88532373826043742  0.89387950286925411
  0.90359932221321604  0.91331800230437143  0.92593519311197425  0.94082061649507820
  0.95553331388477192  0.97013518561401824  0.98480415088461126  1.00000000000000000
 -0.00278829884068153  0.00951171815455935  0.02217866806205202  0.03446211793454936
  0.04612927739444191  0.05738647413388007  0.06773419187166721  0.07724665268564836
  0.08704902246947424  0.09764750742471981  0.10924877244383359  0.12065826377764681
  0.13035461704602652  0.13902051214846856  0.14770229943602678  0.15639037431743646
  0.16470249838495823  0.17320307375688365  0.18188624160119787  0.19072359924660276
  0.20052265189502566  0.21250404890406516  0.22458146292589318  0.23579467873308665
  0.24645092431957608  0.25661631515103056  0.26655676669855366  0.27775573888700167
  0.28976200343881964  0.30275257526722926  0.31455255184557485  0.32635616547370566
  0.33838924489567168  0.35034656821777527  0.36241518566856734  0.37481431120614966
  0.38745597645696939  0.40029142155248820  0.41304208503348927  0.42507400630090775
  0.43657491563430117  0.44757077618893681  0.45611059597620912  0.46342172637740275
  0.47085577241164173  0.47729247369368505  0.48456083368184044  0.49361735171561999
  0.50361450231916260  0.51460390590566751  0.52748408352006970  0.54132782464562390
  0.55300639333275903  0.56323098771005886  0.57256116605918983  0.58253327212716066
  0.59375305565144720  0.60531369797015067  0.61700426296834010  0.62897290983647602
  0.64105361479293343  0.65399791262294660  0.66590574383311085  0.67528675058552645
  0.68376641487594014  0.69331206028950920  0.70392454392838189  0.71551313646760184
  0.72661559015622645  0.73668197265707425  0.74714701688993601  0.75827341797629833
  0.77028012866268292  0.78168193530293639  0.79030264516032089  0.79798583380789689
  0.80673362413487315  0.81575418971837144  0.82493598323436124  0.83535731124698365
  0.84667464061345787  0.85777171222266868  0.86821524375432402  0.87882525059857197
  0.88937351750807059  0.90071334954317117  0.91207724424130898  0.92171334742136468
  0.93120102565880802  0.94091602230620386  0.95069056508821959  0.96137088550599459
  0.97197252415194257  0.98226329962540782  0.99119408260805686  1.00000000000000000
 -0.00269448788342335  0.00975369544512435  0.02120017077810121  0.03228699148570124
  0.04368614367888828  0.05542096876274646  0.06699138405170382  0.07867573626335760
  0.09062008396548980  0.10272848803090230  0.11498492356840227  0.12796060528036901
  0.14175793576608151  0.15424327836178711  0.16532019237689669  0.17562017191305992
  0.18551272774722671  0.19475906403048521  0.20389881838744003  0.21366024341788292
  0.22407998867956913  0.23262178433670863  0.23954508299132576  0.24606218286620898
  0.25368568949516340  0.26257925094478829  0.27309436190562786  0.28498723668241116
  0.29679125286139407  0.30736851392967524  0.31719834890421195  0.32619763982177524
  0.33532852651673567  0.34537980253478140  0.35432868368242298  0.36121988966754137
  0.36726646556748166  0.37307251615221049  0.37925388097690793  0.38968869436591858
  0.40081752593515074  0.41215627849109021  0.42368272765432058  0.43491569066120211
  0.44591970460421521  0.45677135240702799  0.46769128300143570  0.47710126761689975
  0.48536514981266887  0.49422324345050095  0.50369918762471033  0.51597546518375526
  0.52752492114066252  0.53891790706897957  0.55031321590079596  0.56121190066512527
  0.57176346034065006  0.58253208628828845  0.59350033796344259  0.60500404952521836
  0.61718865198468387  0.62920574278449359  0.64077691431172468  0.65181406946116982
  0.66355913169630143  0.67495029615878543  0.68626861658654337  0.69856149157873693
  0.71162636239843691  0.72451020414037959  0.73711851361340497  0.74955439204508933
  0.76204903601608176  0.77373608345540468  0.78395634155932981  0.79408002217699414
  0.80461566532179629  0.81606117892003727  0.82857890854268390  0.84109071592752960
  0.85259988217092142  0.86277704304356118  0.87308474935237967  0.88289385159752110
  0.88968940755662484  0.89666624746471324  0.90501794435317662  0.91271697560040566
  0.92095654034932839  0.92986379415806086  0.93991523445081449  0.95083649302216433
  0.96303709247951841  0.97579458188365154  0.98786542532690669  1.00000000000000000
  0.00413488796646446  0.19122932590798059  0.25077829045880529  0.30967182999019238
  0.35267659290910225  0.39094088816729994  0.42971501018943548  0.48104324303813528
  0.53187592075433732  0.58465349402419642  0.62100142655241741  0.64035823136825387
  0.65082046232173207  0.65799356746478854  0.66361179408162507  0.66862483807794026
  0.67295637724337032  0.67693715698342383  0.68100915490016656  0.68496203760842378
  0.68859530366049138  0.69277278098293682  0.69704575389886936  0.70000440224454674
  0.70252137688671645  0.70500478887542839  0.70769973500567107  0.71055198058178493
  0.71367632165380579  0.71715448624441958  0.72171153186693804  0.72547943697432882
  0.72829950931596821  0.73016602732560609  0.73230963876024269  0.73491330550352019
  0.73737115648753715  0.73979983058342091  0.74234876356772217  0.74473049344755715
  0.74690507522447891  0.75032787185211836  0.75467653192982043  0.75865527345509043
  0.76185830648831054  0.76459073255547250  0.76729790931726582  0.77026162794971120
  0.77336834910270891  0.77657862494376573  0.77972780265396657  0.78252062973089598
  0.78610268379236958  0.78984100716035721  0.79355388928146209  0.79727060292144236
  0.80104581146052978  0.80460828239598747  0.80827823066292093  0.81221798961380776
  0.81639226144461430  0.82065194271316855  0.82490542872032679  0.82908364492067832
  0.83316484505174693  0.83732480757567163  0.84131683074334185  0.84597983764682039
  0.84963599551859459  0.85327089149043456  0.85705266946732228  0.86088880021666503
  0.86490415603489246  0.86881228736378691  0.87256987791776552  0.87598793473801395
  0.87980321877458634  0.88399922942301012  0.88822730787984616  0.89218111624684815
  0.89606045318126415  0.89998353049099400  0.90374552628115346  0.90786023645775238
  0.91268889164110500  0.91862311524499118  0.92501730778522784  0.93119592873153012
  0.93697821044602891  0.94267821171495692  0.94835770101550576  0.95464470233314558
  0.96310717896661835  0.97170951352120860  0.98372906424385587  1.00000000000000000
 -0.03384497496181892  0.14737259811218426  0.21199718216907656  0.23957123238877612
  0.25977182510537283  0.27662690196158207  0.29300776543535656  0.31057310815132244
  0.32704718674048788  0.34117054500221300  0.35416411235724787  0.36494165462423578
  0.37462333101229495  0.38381981385981540  0.39270139028628132  0.40172221697046190
  0.41097906289176339  0.41984905161023256  0.42802536900524712  0.43553711701255332
  0.44277875905252256  0.45009934933127571  0.45763114881878902  0.46548091853081891
  0.47381221161033310  0.48202255875290401  0.48962251411832547  0.49675494163626588
  0.50311325689719644  0.50887257822355758  0.51492586265898699  0.52139627374790176
  0.52779539934657915  0.53463768169872150  0.54184203382062934  0.54755520350427134
  0.55082819859283749  0.55382450982530407  0.55758489829731239  0.56129201669075834
  0.56492878404803804  0.56902431951983024  0.57406097727768746  0.57999269376951013
  0.58603875789854698  0.59196912314592021  0.59783990031983836  0.60366793860514734
  0.60942581453129441  0.61488265872879377  0.62015145113344849  0.62532303746393914
  0.63030358019549082  0.63458400360770151  0.63813560754519116  0.64158612220299294
  0.64519124577190212  0.64943723332190162  0.65429205643907806  0.65953135313382905
  0.66465804059224953  0.66932727879080145  0.67359529361373816  0.67764094805010799
  0.68157527640879656  0.68390002188952315  0.68714958147923866  0.69063183920485149
  0.69419909337263164  0.69780775458831568  0.70165731667025055  0.70577573692130313
  0.70995472202447618  0.71413851934263861  0.71823092031143920  0.72227166189485392
  0.72663057127494912  0.73120656051913091  0.73564127226130394  0.73968050163734345
  0.74400952373822582  0.74858396353001977  0.75351990129583690  0.75938835232564417
  0.76562544322915360  0.77249712795565550  0.78024116959275402  0.78878884364126090
  0.79684366396414319  0.80339959707658881  0.81027390627584917  0.81768003790572064
  0.82753928863593484  0.84208945827127379  0.87241890497461982  1.00000000000000000
   2.7204631156688363E-010  -1.0000000000000000     
 F F F F F F F F F F F F F F F F F F F F F F F F F F F F F F F F F F F F F F F F F F F F F F F F F F F F F F F F F F F F F F F F F F F F F F F F F F F F F F F F F F F F F F F F F F F F F F F F F F F F F F F F F F F F F F F F F F F F F F F F F F F F F F F F
  <DiscreteSampler_grid>
  grouped_processes
  1 # 1 for a reference and 2 for a running grid.
  10 # Attribute 'min_bin_probing_points' of the grid.
  1 # Attribute 'grid_mode' of the grid. 1=='default',2=='initialization'
  0.0000000000000000 # Attribute 'small_contrib_threshold' of the grid.
  0.5000000000000000 # Attribute 'damping_power' of the grid.
 # binID   n_entries weight   weight_sqr   abs_weight
    13   10   3.578768367905959E-002   5.752913450203226E-003   3.578768367905959E-002
    14   10   3.578768367905983E-002   5.752913450203264E-003   3.578768367905983E-002
    16   10   4.193979585864112E-002   1.307325723002392E-002   4.193979585864112E-002
    17   10   4.193979585864120E-002   1.307325723002392E-002   4.193979585864120E-002
  </DiscreteSampler_grid>
