  0.00007137367971992  0.00007267008521328  0.00007449421122989  0.00007649037659276
  0.00007871941520341  0.00008117886867891  0.00008389198779773  0.00008683076207314
  0.00008929202055716  0.00009124293322547  0.00009209167085326  0.00009228826191035
  0.00009235786931298  0.00009239032451836  0.00009240894438019  0.00009242015512462
  0.00009242779001933  0.00009243359974914  0.00009243784309956  0.00009244148635177
  0.00009244363307175  0.00009244558714231  0.00009244739818392  0.00009244893727255
  0.00009245035404324  0.00009245151775354  0.00009245267419486  0.00009245366854880
  0.00009245466290274  0.00009245565095406  0.00009245663022323  0.00009245760949240
  0.00009245867437008  0.00009245976743974  0.00009246099048434  0.00009246244115933
  0.00009246402725575  0.00009246579709151  0.00009246781066588  0.00009247037136482
  0.00009247375610135  0.00009247812972406  0.00009248394770369  0.00009249190533580
  0.00009250316579354  0.00009251793713534  0.00009254157518198  0.00009259605744814
  0.00009275846249263  0.00009370693416795  0.00009613319827530  0.00010045311081067
  0.00010594055966527  0.00011240314874809  0.00012045451993389  0.00013041213369578
  0.00014281510295631  0.00015843950801400  0.00017882245152580  0.00020154529676559
  0.00022677501360062  0.00025797718184780  0.00029603828222960  0.00033566297639292
  0.00037745237166983  0.00042325001219243  0.00047791090567730  0.00053905769270124
  0.00060488204821881  0.00067134429499471  0.00074211725215651  0.00081940993170096
  0.00090244472081224  0.00099329886893346  0.00108990508870516  0.00118813705848881
  0.00129633090409529  0.00140929171668198  0.00152291302991431  0.00164797141614363
  0.00179751611739983  0.00195735389096116  0.00212479338698492  0.00229898475880480
  0.00248693435795167  0.00272387305261018  0.00301190058253083  0.00330966772159233
  0.00369876081670453  0.00420983412020277  0.00484299316548914  0.00552088530385591
  0.00618548602505189  0.04488790292042932  0.32128187183452428  1.00000000000000000
 -0.00000001312693052  0.00000383893099871  0.00001948144089510  0.00003284480912909
  0.00003753581940106  0.00003945240957221  0.00004062105477935  0.00004159767753888
  0.00004264201669927  0.00004358114281422  0.00004425618173506  0.00004477880859040
  0.00004519886580562  0.00004555917576369  0.00004591157454209  0.00004622110405782
  0.00004647365734605  0.00004671311064522  0.00004693527569748  0.00004714080387340
  0.00004731906045704  0.00004746408890724  0.00004758677314069  0.00004770107120344
  0.00004781797727046  0.00004792536926341  0.00004802428352877  0.00004811891858967
  0.00004820534472357  0.00004828122007499  0.00004835202029832  0.00004841973353372
  0.00004848480874258  0.00004854867769008  0.00004860872488799  0.00004867051681924
  0.00004873217360810  0.00004879142478860  0.00004884734160162  0.00004890077057253
  0.00004895274999409  0.00004900299735390  0.00004905073353807  0.00004909898138892
  0.00004914601864227  0.00004919172320758  0.00004923907548552  0.00004928791403171
  0.00004933804551700  0.00004938930389122  0.00004943945276107  0.00004949110988616
  0.00004954414617391  0.00004959922829498  0.00004965604330957  0.00004971366884982
  0.00004977245635238  0.00004983330982073  0.00004989599991427  0.00004996005239177
  0.00005001964641637  0.00005008212490340  0.00005014638944986  0.00005021730681944
  0.00005029161983391  0.00005036767417298  0.00005044786459584  0.00005053515109852
  0.00005063198264440  0.00005074367730613  0.00005087056473779  0.00005100561019341
  0.00005115706259690  0.00005133249237576  0.00005153029615689  0.00005174949422505
  0.00005199958361200  0.00005229137979731  0.00005263692212345  0.00005301899212833
  0.00005350254795945  0.00005411663065527  0.00005489698110893  0.00005596261176530
  0.00005734263402007  0.00005866894023165  0.00006010187762387  0.00006243950953829
  0.00006651139476666  0.00007424827924499  0.00009237342323047  0.00013542649602141
  0.00032112177236188  0.00113461264289708  0.52831059773775768  1.00000000000000000
  0.00000030405580549  0.00000178683281613  0.00000282999425991  0.00000419932934811
  0.00000608560202361  0.00000830412350916  0.00001067749450084  0.00001306533453156
  0.00001548812843620  0.00001765642878122  0.00002014215800817  0.00002230663599250
  0.00002430827161352  0.00002727213064656  0.00003022923195191  0.00003262845974769
  0.00003463782359257  0.00003674249570993  0.00003897374050630  0.00004102418600014
  0.00004307903780104  0.00004582203360155  0.00004874495880671  0.00005168394118339
  0.00005468546749537  0.00005782662886367  0.00006116724789473  0.00006475107550318
  0.00006852329152857  0.00007225187669924  0.00007561266350612  0.00007853418212504
  0.00008150486872773  0.00008478439236003  0.00008846333440815  0.00009272541467487
  0.00009735559998605  0.00010184015915203  0.00010682285591376  0.00011212607893298
  0.00011788676545235  0.00012453078676041  0.00013160868611164  0.00013947767236159
  0.00014769502915260  0.00015636766267325  0.00016548442650413  0.00017520358030740
  0.00018498628575567  0.00019515177508055  0.00020632030011210  0.00021692247502697
  0.00022736829088326  0.00023842728456709  0.00024997742788598  0.00026093265632482
  0.00027234032723303  0.00028480142336202  0.00029791639734460  0.00031237136661506
  0.00032834963798077  0.00034584237561395  0.00036367082703352  0.00038193421725472
  0.00040063846709223  0.00041989074948089  0.00043904017201920  0.00046289364553918
  0.00049116500763772  0.00051767592727762  0.00054875686682105  0.00057749336653471
  0.00060533676965890  0.00063578174377215  0.00066875618656663  0.00070343466630394
  0.00073845090200795  0.00077541950394227  0.00081561728081058  0.00085650302703451
  0.00090927409200527  0.00097369634313089  0.00105127765172594  0.00114593251153790
  0.00124384326053057  0.00134559032395554  0.00144436857409579  0.00155332083143299
  0.00167871132621594  0.00180288561922132  0.00192757660815066  0.00206606042297551
  0.00222522141640297  0.06661524112364853  0.45786058625962556  1.00000000000000000
 -0.00230714331626857  0.00876229295361330  0.01701860373586734  0.02595621111707578
  0.03482711040513924  0.04387741582369935  0.05363399157416146  0.06362705053763194
  0.07390212156336190  0.08412354297808743  0.09401340597663968  0.10332027024751134
  0.11177315657934878  0.11962428622669169  0.12705669850217344  0.13529596587879616
  0.14442838842328876  0.15393221316297639  0.16344400342095039  0.17265080938411551
  0.18157913484814256  0.19064978046693601  0.20039181112304311  0.21069792976869925
  0.22126154986871230  0.23211999769247479  0.24201413345018141  0.25104784576853079
  0.25921788723132722  0.26760217783298185  0.27595727319888991  0.28429010868434607
  0.29338970043826440  0.30345223141350341  0.31391487195416123  0.32347580171271267
  0.33264870637460991  0.34234740775317829  0.35288812943148601  0.36329209542723095
  0.37311216897199978  0.38263631575676388  0.39185903121984172  0.40090171220872356
  0.41002877333322735  0.41949742761874415  0.42984886110617299  0.44076481674374218
  0.45230267706841693  0.46413003881817633  0.47578266877874742  0.48696870369704737
  0.49728572301698187  0.50655486419649876  0.51497075874256881  0.52272295305665151
  0.53059054056185984  0.54077621896256178  0.55230462286023818  0.56146667896663305
  0.56962981217221831  0.57864656691778293  0.58661103171633755  0.59264464088116808
  0.60021192785102306  0.60920712106311292  0.62137355203243982  0.63498629065850987
  0.64845082845314372  0.66129312597120937  0.67304993089556842  0.68331892416937279
  0.69368338495780790  0.70487173005200898  0.71656148573397949  0.72866226536783041
  0.74135074880005980  0.75454762305035949  0.76610005001479786  0.77861098665417450
  0.79223171332392262  0.80560201657344299  0.81804704847106480  0.82946047456420846
  0.84076941510504311  0.85257785865767766  0.86525637515271658  0.87882817861562923
  0.89554901785593155  0.91139526521973135  0.92625390152372411  0.94086504914555391
  0.95536156144390483  0.96961526271901977  0.98381069019450029  1.00000000000000000
 -0.00207075152945192  0.00827882973943244  0.01948765489850257  0.03086545026453090
  0.04141052546489919  0.05282622531102785  0.06375844024271075  0.07344129789553938
  0.08304332449559622  0.09302712936928634  0.10243878742479336  0.11509528717845464
  0.12888031848859610  0.14165905492721109  0.15350186984516098  0.16504066075081186
  0.17679314150975811  0.18868986550452954  0.20033332709394755  0.21147440120081337
  0.22239266098705263  0.23382885437920381  0.24615399572305627  0.25899660509129474
  0.27156192012964958  0.28277367192789721  0.29304124261008863  0.30262410152985947
  0.31193988275531764  0.32095278111018211  0.32994497977295195  0.33957645017315280
  0.35028529221514304  0.36161106473714755  0.37263625233600139  0.38305062082103719
  0.39381101198091389  0.40517865733392378  0.41721917222846056  0.42913561586042387
  0.43942660291939711  0.44986656714362194  0.46128056685821744  0.47374209385083554
  0.48648265715013284  0.49823002466852540  0.50996792770159893  0.52241324612756757
  0.53409929283923463  0.54274635344392108  0.55074040655693157  0.55967480291637572
  0.56900876047680304  0.58213363310201949  0.59159392285586132  0.60114617864230302
  0.61061379377045089  0.61965201943920045  0.62820804947202669  0.63697429961623420
  0.64590004297891290  0.65560006924744052  0.66672921978552246  0.67878702479313691
  0.69042742936262180  0.70138500863510134  0.71246221852507297  0.72299171297699238
  0.73150004303950766  0.73932441836761642  0.74751040058145246  0.75628781278258117
  0.76569674087414308  0.77556690466624190  0.78645042030154744  0.79776084793581725
  0.80957977853656371  0.82175579079885308  0.83113999598012356  0.83833597813003613
  0.84403323759935789  0.85106819432844505  0.85819698494639918  0.86584752366846673
  0.87554145950643558  0.88771545219908465  0.90040471065994976  0.91236877154132912
  0.92450355786711336  0.93629898144538037  0.94836889010960645  0.95961115210238235
  0.97023417334606588  0.98031957482551635  0.99060915618698975  1.00000000000000000
 -0.00253690913282254  0.00878693840012953  0.01931678229759982  0.02799566770491220
  0.03594946926674586  0.04449918559913529  0.05444930856974466  0.06461960748481003
  0.07412234735443560  0.08595944763261990  0.09909968652142627  0.11143539250996813
  0.12192195501465651  0.13115607936245874  0.14111514704217018  0.15100220671481326
  0.16045837820716824  0.17175726664866822  0.18607947044347020  0.20103271190320002
  0.21376965756173047  0.22653374776872881  0.24031979438720938  0.25429787169811047
  0.27012458572114439  0.28571673383071861  0.30038700475199787  0.31429981341875768
  0.32731194284769916  0.33910721499224827  0.35026114440539963  0.36196531577399982
  0.37393134560192925  0.38518751696945064  0.39717210026374400  0.40907938280879463
  0.42037911656607058  0.43380478338351708  0.44701067707800435  0.46049737668206103
  0.47351956802756728  0.48674544116015800  0.50102406304234315  0.51433094873035978
  0.52640440115180287  0.53875331692316719  0.54963817834017081  0.56088126458371290
  0.57442022722980235  0.58679587553082402  0.59885120468253927  0.61054543253738092
  0.62247854054238061  0.63499600553140256  0.64669853779047881  0.65849338970379589
  0.67116907502590650  0.68332523385702504  0.69365375015580288  0.70262776653868986
  0.71128777760204331  0.71903696002338180  0.72666491975692138  0.73583183937910324
  0.74669044586067856  0.75831734705016163  0.76622288318100229  0.77408038307029936
  0.78249377988898838  0.79142745788232749  0.80047154038079338  0.81008939237850142
  0.81985984782822308  0.82940977973385155  0.83880054281722938  0.84824983332121506
  0.85806845502865325  0.86813029982213108  0.87799436332390202  0.88682085074490613
  0.89433810443971573  0.90188896053954926  0.90953616181456820  0.91673421006933153
  0.92560864727131609  0.93340242615713132  0.94110742990465135  0.94889590161819304
  0.95650249841231960  0.96397219706291282  0.97134417870719680  0.97714240260127649
  0.98202729451429693  0.98728851850575494  0.99375796610142042  1.00000000000000000
 -0.00270806984054715  0.00998930943941691  0.02122856820407452  0.02877135182269855
  0.03678575778028990  0.04464090792957023  0.05268922848022192  0.06152520570855660
  0.07137393193779847  0.08247210551118692  0.09318173294285598  0.10364051648872656
  0.11363714578738146  0.12250333991499718  0.13226029949049095  0.14275151713545031
  0.15293592803531500  0.16238284918202894  0.17182973500090892  0.18140846864194804
  0.19181654865541409  0.20260631517916872  0.21325923331805011  0.22348822994756853
  0.23476061979635279  0.24665473215768177  0.25842518925268343  0.27003413266628279
  0.28155538835601551  0.29284691082877545  0.30393420442784258  0.31521332570332500
  0.32614585771627413  0.33615846265893534  0.34623246649447981  0.35644234942754277
  0.36828041047988025  0.38184122529462439  0.39560745573582695  0.40728152940619922
  0.41687131052035192  0.42701207759075116  0.43801978823988108  0.45014097022340926
  0.45989630068346499  0.46945270481094181  0.47923846893939986  0.48835737854396977
  0.49710532964637838  0.50712958526063712  0.51847075070256321  0.52992862020044162
  0.54070947237118139  0.55191192096253061  0.56327026367017730  0.57316195085316024
  0.58178555001889642  0.59006687634061794  0.59944256696414566  0.60956443773802538
  0.62017055378049357  0.63153498485130666  0.64393521829853917  0.65739346228519613
  0.67115453701275352  0.68498222542730802  0.69859985043593820  0.71183745852632108
  0.72474457385719093  0.73504281809781691  0.74318462708343946  0.75131509085170289
  0.75989967720678064  0.76934337086153581  0.77967194893902247  0.79089320550118858
  0.80269444332983197  0.81397366599382925  0.82560333220100579  0.83750414936969153
  0.84968078039152795  0.86166667778845651  0.87299798279977525  0.88290408570061696
  0.89276175489642073  0.90398626340895261  0.91359489545822181  0.92133427124606615
  0.92965593911260469  0.93731873935019405  0.94547302815499157  0.95560505923400396
  0.96614881679405495  0.97684940752112026  0.98825324620009114  1.00000000000000000
 -0.00194744580416005  0.00788058533275145  0.01852774007259256  0.02873296438814339
  0.03922488687393601  0.05000724280170498  0.06192200529253238  0.07294312919287579
  0.08448782453577749  0.09557050754083111  0.10666355907285388  0.11826073100277569
  0.13067700290415504  0.14336302626678504  0.15440879645274586  0.16250331255481917
  0.16851567536770137  0.17461690539198690  0.18351531128612575  0.19275869015703204
  0.20301354089191836  0.21442065950360167  0.22565951155595329  0.23592009097877178
  0.24505344784664965  0.25337304408023026  0.26235166174182428  0.27304991078409169
  0.28467018669168770  0.29586805524146870  0.30619209093275268  0.31618584322383897
  0.32619115565950657  0.33696863871039140  0.34878633725206942  0.36021154716457998
  0.37162718409910056  0.38266888655174686  0.39299250497984106  0.40375501894717525
  0.41465913702008061  0.42541605628950679  0.43600668115116070  0.44678480014266841
  0.45796234691712778  0.46879690166265170  0.47892325329894109  0.48785312496493016
  0.49598929295723454  0.50426045787455009  0.51407678238233701  0.52455412081518471
  0.53638082935863118  0.54903475835860238  0.56082232476225125  0.57163791116053497
  0.58244208853642243  0.59351363493433706  0.60457215144084253  0.61548297661573503
  0.62586130361070869  0.63594510634121493  0.64691481091509717  0.65855731537255813
  0.67050418556640312  0.68134705815045760  0.69250330595838783  0.70309807590493012
  0.71419794928544578  0.72585579141289014  0.73894669188539086  0.75260589667193556
  0.76535230909436869  0.77567447821068658  0.78479139321196689  0.79395940928515107
  0.80304727580554003  0.81351846978634090  0.82496143597357807  0.83575573885872190
  0.84567903236270126  0.85513842865349787  0.86478456794627911  0.87452427781191733
  0.88438976153097404  0.89436018748595225  0.90497068992949059  0.91599959352427984
  0.92719611437803007  0.93953273235514667  0.95281060838387166  0.96461570968963828
  0.97451818096229814  0.98234144162581927  0.99208501404705918  1.00000000000000000
  0.02667337775963315  0.17183285252798736  0.30603032675601305  0.46994945129359522
  0.59098886074785095  0.62977283814222851  0.64244953788159209  0.64935420713474212
  0.65506476765329091  0.66021831005471732  0.66491734843687655  0.66960130962454256
  0.67412230375280402  0.67840845713212550  0.68226244658016311  0.68583697671711130
  0.68937853946812100  0.69292844594554237  0.69643936586555355  0.69974186206596933
  0.70290937363172989  0.70597588211645856  0.70900100053777171  0.71222083194714625
  0.71566373940808292  0.71893057419330775  0.72181497649830761  0.72458111904228928
  0.72720016926887998  0.72961787472975181  0.73195971158352247  0.73433919753539489
  0.73675498212962198  0.73899518611055903  0.74111345733028799  0.74411060015759634
  0.74763589197667069  0.75079585092735091  0.75384899938363215  0.75662734245838659
  0.75908662981981556  0.76172459119796032  0.76468711590249838  0.76781129041817286
  0.77053295154699275  0.77364053171950098  0.77689417256645743  0.77978261145380889
  0.78211001730224616  0.78426488274228767  0.78640528888971506  0.78906278369316107
  0.79180400447109966  0.79470695456345619  0.79762997599318886  0.80053448886114842
  0.80438922243848687  0.80824797351357469  0.81187411127936804  0.81523341372284008
  0.81844854948429413  0.82169008589339465  0.82510050174584015  0.82874362855567896
  0.83263640563446439  0.83678930625984993  0.84099037485664752  0.84499934400216625
  0.84906587264424038  0.85299980846988599  0.85700927827366913  0.86095823207746702
  0.86491551091070928  0.86891119431849750  0.87283962454615349  0.87651895655511236
  0.88001797859512587  0.88341983954259606  0.88668518851123812  0.88982901836585881
  0.89297561734908804  0.89639996690285206  0.90038825692373647  0.90512636624046605
  0.91005874047966939  0.91516128945509023  0.92042769933537472  0.92602756123162588
  0.93190596952096749  0.93806153425263072  0.94469110208136131  0.95182380750017204
  0.95983475556990772  0.96874470214824293  0.98147611472310547  1.00000000000000000
 -0.04870045860504631  0.18864936375498875  0.24900983964177281  0.27935719061313741
  0.30198250785684350  0.31960928926438142  0.33200235257103283  0.34092519055058940
  0.35137086788527933  0.36190081407023822  0.37317502214745846  0.38412594982063286
  0.39468487741775865  0.40546426851985584  0.41623363087546716  0.42798652368243117
  0.43826622941258225  0.44833481154348642  0.45763006325815381  0.46591334712811339
  0.47359146044917738  0.48109644981160282  0.48864969594727037  0.49652059780066005
  0.50348312565611753  0.50975348723084146  0.51418544578429215  0.51910429924505463
  0.52362057568500131  0.52891114744518719  0.53598058066150245  0.54372865891030930
  0.55183625058049390  0.55962477650658682  0.56703668910176730  0.57436920719739226
  0.58129277434573978  0.58776521397410797  0.59380117564449775  0.59926927727560486
  0.60441337407030349  0.60972611464388571  0.61474260842156403  0.61948500241688420
  0.62472809581159405  0.62999329341017274  0.63519270668140515  0.64026458344909987
  0.64398275470029687  0.64737377953086861  0.65083813003951774  0.65447552798223418
  0.65845116029046302  0.66255028141194205  0.66654071202071385  0.67037138590352841
  0.67467045872570930  0.67883615612382187  0.68310672444869414  0.68783594919680480
  0.69279381884028068  0.69810201328071531  0.70348942658786950  0.70881003647732910
  0.71381384284422422  0.71816101806693378  0.72191881865256202  0.72553725519553403
  0.72908798312324830  0.73288537363724049  0.73717275167767515  0.74205967734476186
  0.74711198644306698  0.75207074891965564  0.75748379912136654  0.76290543532669441
  0.76848736904852455  0.77419848589589246  0.77989699206747909  0.78545794101630972
  0.79078450864456584  0.79580788109964307  0.80072392611636378  0.80584423772089642
  0.81111970640559272  0.81636982887968368  0.82168486405590635  0.82752743233609138
  0.83393496674564893  0.84110587654832547  0.84923800519338688  0.85891785470817350
  0.87045435489207912  0.88540214951220275  0.91009352003246824  1.00000000000000000
   2.9419925327469487E-010  -1.0000000000000000     
 F F F F F F F F F F F F F F F F F F F F F F F F F F F F F F F F F F F F F F F F F F F F F F F F F F F F F F F F F F F F F F F F F F F F F F F F F F F F F F F F F F F F F F F F F F F F F F F F F F F F F F F F F F F F F F F F F F F F F F F F F F F F F F F F
  <DiscreteSampler_grid>
  grouped_processes
  1 # 1 for a reference and 2 for a running grid.
  10 # Attribute 'min_bin_probing_points' of the grid.
  1 # Attribute 'grid_mode' of the grid. 1=='default',2=='initialization'
  0.0000000000000000 # Attribute 'small_contrib_threshold' of the grid.
  0.5000000000000000 # Attribute 'damping_power' of the grid.
 # binID   n_entries weight   weight_sqr   abs_weight
    13   10   1.314425314273088E-002   5.794667369924321E-004   1.314425314273088E-002
    14   10   1.314425314273086E-002   5.794667369924301E-004   1.314425314273086E-002
    16   10   5.590148776282654E-003   6.585129995763027E-005   5.590148776282654E-003
    17   10   5.590148776282647E-003   6.585129995763011E-005   5.590148776282647E-003
  </DiscreteSampler_grid>
