  0.00007134212525794  0.00007285444841037  0.00007490159653790  0.00007701016205259
  0.00007925868263338  0.00008176759043942  0.00008467432044169  0.00008806445428808
  0.00009099808057182  0.00009210432202949  0.00009232728339498  0.00009237236228820
  0.00009239882565023  0.00009241466472900  0.00009242489840809  0.00009243176238862
  0.00009243606313688  0.00009243918537214  0.00009244186897417  0.00009244406680982
  0.00009244585673180  0.00009244746761387  0.00009244864548852  0.00009244972844921
  0.00009245075941443  0.00009245157586904  0.00009245234720620  0.00009245307792070
  0.00009245376936511  0.00009245445025073  0.00009245508340733  0.00009245571666773
  0.00009245635028665  0.00009245699203446  0.00009245764737569  0.00009245837369003
  0.00009245915030428  0.00009245997564415  0.00009246085979007  0.00009246185474448
  0.00009246311182538  0.00009246450853781  0.00009246608918114  0.00009246799903739
  0.00009247034689591  0.00009247307222182  0.00009247666710885  0.00009248296064798
  0.00009249042622992  0.00009250351341552  0.00009252364896404  0.00009256808114849
  0.00009268729559299  0.00009314972266333  0.00009582165341838  0.00010091877144689
  0.00010705899853580  0.00011456965058822  0.00012370065660665  0.00013578073224325
  0.00015102791873234  0.00017040584233074  0.00019359208598507  0.00022122323243304
  0.00025626571256462  0.00029634659402532  0.00034303987920434  0.00039532814479109
  0.00045278172188542  0.00051398398964829  0.00058506735364033  0.00066526127950516
  0.00075162996288185  0.00084489266649425  0.00094934957691887  0.00106231408547845
  0.00118732690285536  0.00133723188584642  0.00150757861244954  0.00167945135961534
  0.00186282567874671  0.00206340537545064  0.00229392646525367  0.00257063797272131
  0.00287630071644758  0.00320761432378788  0.00360139047264534  0.00407733528707660
  0.00464057798218205  0.00529311150130312  0.00599756468142054  0.00656196103622245
  0.00702179323310318  0.15636006639876732  0.30329280916586254  1.00000000000000000
 -0.00000012062276069  0.00000740730103085  0.00002592879779328  0.00003571547185593
  0.00003905226091531  0.00004108027177918  0.00004245621558786  0.00004352701066708
  0.00004434920000270  0.00004491938451678  0.00004538831408364  0.00004578013416807
  0.00004609963128615  0.00004636061619858  0.00004656655698672  0.00004675005154186
  0.00004692419124962  0.00004709114500035  0.00004724598059040  0.00004738798695859
  0.00004751803265964  0.00004763842853140  0.00004775030537283  0.00004785299139635
  0.00004794908139756  0.00004804165200912  0.00004813144655208  0.00004821772813607
  0.00004830265627603  0.00004838917512397  0.00004845773746301  0.00004852380400553
  0.00004858792062786  0.00004865168162331  0.00004870824965965  0.00004875807971228
  0.00004880759521652  0.00004885775368358  0.00004890528181373  0.00004895102111410
  0.00004899992448751  0.00004905259028919  0.00004910519154448  0.00004915615167962
  0.00004920651504603  0.00004925751762480  0.00004931116052801  0.00004936596462158
  0.00004941952241579  0.00004947051732803  0.00004952455348872  0.00004958188716637
  0.00004964206200739  0.00004970363913405  0.00004976605687756  0.00004982981133746
  0.00004989538897576  0.00004996311322059  0.00005003440234629  0.00005010849404393
  0.00005018354340160  0.00005026189789743  0.00005034536563207  0.00005043421741879
  0.00005052712163093  0.00005062460704904  0.00005073228572754  0.00005085618238691
  0.00005099894633118  0.00005115566060076  0.00005132430463879  0.00005150671947531
  0.00005170185762274  0.00005191377443517  0.00005214685518904  0.00005238611601563
  0.00005263338769528  0.00005290224243275  0.00005318768718583  0.00005357454192163
  0.00005401699996457  0.00005449923532050  0.00005516056077132  0.00005600093860822
  0.00005711804712858  0.00005858742482435  0.00006084126390447  0.00006485443115482
  0.00007131359625800  0.00008386427821423  0.00012727132249316  0.00033713236938564
  0.00131125174880866  0.16570821355154147  0.59832662429529537  1.00000000000000000
  0.00000002657862181  0.00000188390648423  0.00000326821535326  0.00000530607729556
  0.00000792252391719  0.00001096154086011  0.00001426087272063  0.00001764208779849
  0.00002086957486841  0.00002396009946437  0.00002716476922626  0.00003034970287767
  0.00003318139779255  0.00003597646509381  0.00003846296618188  0.00004104314041117
  0.00004370425824075  0.00004659350134688  0.00004948813785666  0.00005203250987061
  0.00005470565530749  0.00005699840781856  0.00005968328835639  0.00006279042324856
  0.00006564152322525  0.00006842464121208  0.00007133284787322  0.00007413030347222
  0.00007727590600456  0.00008094778868068  0.00008466707078626  0.00008818676951890
  0.00009188967889982  0.00009634277434414  0.00010083391378852  0.00010550409924926
  0.00011025063553687  0.00011539208678377  0.00012112590567689  0.00012752971591346
  0.00013377842168587  0.00013986176914728  0.00014621150001163  0.00015260874356859
  0.00015933971746836  0.00016690683814368  0.00017493343925733  0.00018250492931936
  0.00018998530543143  0.00019805375054177  0.00020679068393473  0.00021605684157956
  0.00022586647046542  0.00023584871120251  0.00024598558771062  0.00025907939483622
  0.00027279510639319  0.00028705103506884  0.00030206130681749  0.00031755052108128
  0.00033433481313024  0.00035323435345395  0.00037227974111148  0.00039091314975225
  0.00040994212632000  0.00043021727409583  0.00045252380292118  0.00047732008773219
  0.00050491717880316  0.00053559029007101  0.00056918595248088  0.00060495672969730
  0.00064228754403015  0.00068720200476107  0.00073459550985886  0.00078346356522829
  0.00083718548147822  0.00089422867160152  0.00095556680048045  0.00102711556119691
  0.00111334416909031  0.00121461469897895  0.00132577626269364  0.00141695432137730
  0.00150395266762372  0.00160052593554974  0.00171344842691214  0.00182355233210080
  0.00192056371620585  0.00206888955521720  0.00223132091970796  0.00663428247038929
  0.02065763471124980  0.08609522011820589  0.24238405721616951  1.00000000000000000
 -0.00165383670972973  0.00665719610037751  0.01563362626923069  0.02418897993233972
  0.03334451970863556  0.04106301599610192  0.04800629999482839  0.05623150791991114
  0.06475382669197720  0.07362964165526577  0.08241385253711249  0.09153257250620851
  0.10113720768608168  0.11130023137200698  0.12178002693018035  0.13250079858119090
  0.14339367920275825  0.15292714957737955  0.16128896663642037  0.16966702827829819
  0.17767895084107960  0.18637129937489560  0.19508943493483380  0.20416615417888495
  0.21348492040354222  0.22284112903007064  0.23203075428518286  0.24131660255275889
  0.25001944460479919  0.25901590915378664  0.26860522195134295  0.27824132073662095
  0.28746461522250594  0.29635852279139135  0.30536900231739966  0.31412383970027097
  0.32274124731071385  0.33171636453424413  0.34184697483885362  0.35155083218485828
  0.36140404348445332  0.37157904127507052  0.38227900133401399  0.39375295511800990
  0.40494635357575837  0.41527922303602766  0.42557940941961103  0.43544800690823432
  0.44495783260972921  0.45414746418895918  0.46425667191135428  0.47479436386407869
  0.48598433894376625  0.49611786762911170  0.50474792480731634  0.51328324981497464
  0.52272125253974311  0.53247875822299484  0.54342611638791238  0.55404151026301984
  0.56388535985706989  0.57455429249107515  0.58569965575128446  0.59729368785493930
  0.60969383322180781  0.62242219287309075  0.63537687461320136  0.64809670595089652
  0.66037243948619007  0.67317092357203534  0.68562509301382135  0.69774474071075798
  0.70986502572161503  0.72212370753650923  0.73433111174954835  0.74681425027200599
  0.75952531711117965  0.77148156253988809  0.78254497459577010  0.79351268466609493
  0.80602892285406014  0.81914659147886759  0.83020666956542555  0.84026531848780739
  0.85018075841406948  0.86092637982739040  0.87141978850426194  0.88645439969947037
  0.90183247519095278  0.91606019370118763  0.93004962202710006  0.94404862164729408
  0.95829470698389929  0.97259648951054112  0.98594808237417575  1.00000000000000000
 -0.00199986432300375  0.00770226610737486  0.01910914593398815  0.03066982294005164
  0.04236339047203080  0.05401285701151202  0.06528026046081235  0.07598262061798360
  0.08669218348804864  0.09749614795080130  0.10855236637282770  0.12016200824875341
  0.13124903299993687  0.14074826740085947  0.14990536392266274  0.15877359021795459
  0.16685175374115915  0.17643555899860427  0.18687553368107435  0.19671526147676993
  0.20569568962769968  0.21501381785997983  0.22381546726518819  0.23206789505665221
  0.24101435004791558  0.25079132414058480  0.25970573259687590  0.26837303131758883
  0.27778639424906082  0.28769241475940749  0.29780396692891481  0.30854730776159328
  0.32011029891645432  0.33230366331914407  0.34468932324422424  0.35702552413725125
  0.36898193830980724  0.38058102989992021  0.39216156685493475  0.40370776198554392
  0.41501819710929505  0.42518254582047621  0.43391744941709032  0.44240789631273780
  0.45093880069215703  0.45991316616153161  0.46938446215319368  0.48034466280960636
  0.49302355090869587  0.50533521499525069  0.51600220632935057  0.52579030742467525
  0.53606557265046528  0.54735964294695083  0.55956222087239182  0.57225999466105526
  0.58525869139622289  0.59807820621826380  0.60971771636539562  0.61997460482411626
  0.63045567105756706  0.64165579811875351  0.65182023683046397  0.66293836875212020
  0.67347275802156881  0.68168447660480236  0.69056395309767060  0.70119786474278678
  0.71264845851838832  0.72342104206834512  0.73324091076979170  0.74275064828029891
  0.75250484359027225  0.76308446806079977  0.77451772536970420  0.78590303872897449
  0.79709532741471445  0.80795907689636903  0.81854649097091825  0.82935915928893289
  0.83982791829678305  0.84983412614163834  0.85952962870883809  0.86999191280227739
  0.88123207158539030  0.89249121780891272  0.90382205157348261  0.91469454279808449
  0.92544897051109809  0.93605993461172232  0.94788002634862256  0.95747345694517683
  0.96797263801275202  0.97898956452835517  0.98928395079124221  1.00000000000000000
 -0.00196001325284245  0.00700714059481265  0.01720629067928685  0.02746481695903094
  0.03813034704328761  0.04936681851249439  0.06111560438809908  0.07328738607563062
  0.08525466409767847  0.09608843750890149  0.10587745016910369  0.11522749718588068
  0.12542380461846536  0.13756612178735605  0.14955138814174967  0.16051633278498242
  0.17141827567178278  0.18302846253751798  0.19420946356048530  0.20431990659230798
  0.21706655225629046  0.22982611733650704  0.24246726593890250  0.25363407180948516
  0.26426123120523809  0.27613619984084226  0.28870178471105590  0.30074859693685257
  0.31271923541788232  0.32526576241085320  0.33778841550040001  0.35049285540070313
  0.36239272858319949  0.37486965989420024  0.38763979810847216  0.40141402332541626
  0.41447495003356161  0.42699596904724896  0.44001778153815974  0.45337507131467353
  0.46709227469105064  0.48060782981597733  0.49393679731666346  0.50579077492948032
  0.51684246536168443  0.52691786593653844  0.53652437719724244  0.54684869689531324
  0.55809754727153849  0.56890279857988779  0.57845251522062402  0.58842606206943626
  0.60015387826873534  0.61133218027771119  0.62161901542538023  0.63243584021052379
  0.64457361756766907  0.65747666064214871  0.66998349773122789  0.68147640178608893
  0.69215244143430876  0.70261202043807369  0.71320254741301881  0.72363701297456184
  0.73305550736416591  0.74283489490879218  0.75212672545556170  0.76228114854339224
  0.77312675612839166  0.78365100738715743  0.79380540450552151  0.80291247054504655
  0.81147194415819102  0.82073237956093925  0.82925770753060668  0.83738893727689645
  0.84571713596594544  0.85355258887861474  0.86166690048530370  0.87062918542528878
  0.88035921110475324  0.89048020972070852  0.90030044262947806  0.90971206458660558
  0.91887817997533994  0.92772106810928456  0.93616093578671766  0.94436801494061129
  0.95245302825488043  0.96025593848801993  0.96791074119234821  0.97596476836016433
  0.98239845820551963  0.98854188803159782  0.99433893035932519  1.00000000000000000
 -0.00312206912163046  0.01090463716941549  0.02229522867446266  0.03285524502485487
  0.04364730906462330  0.05313817276757431  0.06174752889892951  0.07125448307775581
  0.08107011548134407  0.09055226661919907  0.10269233826725313  0.11397616471315054
  0.12515726653965548  0.13585735516180450  0.14731167085734836  0.15951908013760749
  0.17045359107960437  0.18053697780923311  0.19061022264177360  0.20023890653984369
  0.20985140109896733  0.22010048134487345  0.23189844323253139  0.24383507209646582
  0.25565967378234605  0.26678110393596105  0.27671356093173272  0.28618319218005051
  0.29660182802984758  0.30793555416270607  0.31903206407992729  0.32832133898576532
  0.33773972734967694  0.34757783477105164  0.35772281541832140  0.36807309407320954
  0.37780473613228699  0.38890722742050293  0.39930592914208052  0.40904152826125739
  0.41868778327256212  0.42883098325706209  0.44048213471847802  0.45064778178747522
  0.45919585443141592  0.46802053903280688  0.47749314778544422  0.48762454609540057
  0.49756295662069966  0.50709704913350651  0.51668522987235010  0.52667891405208467
  0.53736713722953988  0.54844585570915227  0.55909979539530863  0.56918822289159610
  0.57964054120885045  0.59045967854820514  0.60161875225697337  0.61271191256907265
  0.62287004797571155  0.63272676447762888  0.64348807355159099  0.65538331851216314
  0.66732699357089009  0.67887160545137970  0.68897462002851073  0.69922665850657573
  0.70959723842475098  0.71960410262554597  0.73052518189653504  0.73973986381510115
  0.74987884941335747  0.76013106514018802  0.77142281548878566  0.78405025142939855
  0.79614728349686381  0.80832227206116913  0.81999532040378587  0.83091878561877841
  0.84141652556087654  0.85185277819331240  0.86273371567517421  0.87446798541145865
  0.88655987199586117  0.89828456691813185  0.90947604702795137  0.92017043226871809
  0.93017758442105514  0.93903701361609315  0.94819687085000148  0.95771455856987153
  0.96703581451884779  0.97773071433585224  0.98811425073515191  1.00000000000000000
 -0.00295017174998623  0.01034370745448230  0.02219399208199562  0.03126635794747765
  0.04050589504558154  0.04952010534330653  0.05854914173245302  0.06730494679492670
  0.07741831709175463  0.08901651583433355  0.10119282612381432  0.11186446714198971
  0.12283543285960778  0.13397096952453408  0.14602679841607683  0.15849052186604382
  0.17059339647577196  0.18206065985947956  0.19242675249567923  0.20201489920016433
  0.21171839235238352  0.22297641698048162  0.23503299920669643  0.24627071013652377
  0.25618440893997380  0.26484908227114490  0.27392574601519570  0.28509830904886485
  0.29693070314884068  0.30767896204273393  0.31775199581960639  0.32725949808145449
  0.33687695195507522  0.34742934716095958  0.35815922235167580  0.36912039185993961
  0.38025696226853639  0.39169189551873762  0.40350549604650032  0.41531859121787207
  0.42639559573785857  0.43687816318324507  0.44730584150505320  0.45779142004929163
  0.46805094038461720  0.47824138821949019  0.48845219558278491  0.49829734649126101
  0.50790795720539950  0.51732432519472948  0.52752534320637146  0.53792749278340068
  0.54823982363472334  0.55879014358926393  0.56991811131645775  0.58163050872190336
  0.59340261939843353  0.60538674578054064  0.61736272744743326  0.62855874923792310
  0.63881289344230174  0.64892179670370642  0.65823069765244624  0.66726081698081596
  0.67845781262208427  0.68955521592295288  0.69949966175732481  0.70961062533648966
  0.71954706987505557  0.72885985736672132  0.73868847504938961  0.74871480397278012
  0.75913730165402515  0.77090371853068451  0.78197626470494708  0.79228630973954728
  0.79881279292897645  0.80653085237293431  0.81537142489594083  0.82534826507856962
  0.83576797538573788  0.84532564490271600  0.85437776471123195  0.86394807553977115
  0.87470140549092457  0.88635783115483124  0.89811987715952235  0.90960009106785955
  0.92096151709597673  0.93270867403448521  0.94444292814327013  0.95544280862703546
  0.96614795219283622  0.97697702497894823  0.98810102474589101  1.00000000000000000
  0.01608653449760358  0.17617688554219121  0.29940871965331356  0.47999203173102073
  0.59470177124733659  0.62766146025430047  0.64172165701224715  0.64891829059103923
  0.65410479881387196  0.65890602074490245  0.66336671053596830  0.66689605153387377
  0.67019307053497745  0.67371146135086413  0.67668533565448041  0.67956287153269535
  0.68253453614578852  0.68536377476396237  0.68828505910700455  0.69156529328637262
  0.69498559745479316  0.69817887174844817  0.70113583147187075  0.70403007228333636
  0.70681237627824534  0.70952669208358610  0.71228033478287001  0.71518980431700208
  0.71825095860782595  0.72140865692493195  0.72462522511346894  0.72787620075384529
  0.73113776742464498  0.73432367507535390  0.73714867370446446  0.73954472008964545
  0.74207348098005943  0.74462136090937225  0.74737985237786664  0.75054851001582279
  0.75393031781229380  0.75731555937845407  0.76091409013080569  0.76399410302145598
  0.76709892185537276  0.77029781000883357  0.77341568240824221  0.77643420531999818
  0.77941577055751399  0.78236533632765137  0.78520629345877413  0.78802595719504398
  0.79090661323412237  0.79385876838147695  0.79700137116936687  0.80006245947752797
  0.80306395874622238  0.80614381496790888  0.80930329746267260  0.81254551810739306
  0.81583192982519759  0.81909510374759975  0.82243959174448211  0.82592795854964496
  0.82943176175822431  0.83278063584256434  0.83595473493082395  0.83908945393629430
  0.84217199726306480  0.84525630904178040  0.84859990273223007  0.85225171327239235
  0.85594314801387883  0.85978274557737633  0.86386709057177014  0.86813253248837319
  0.87247564228626828  0.87677887937274057  0.88110555394238699  0.88550684020942783
  0.89008956647156245  0.89473342719059423  0.89938824211880597  0.90410267718184223
  0.90907672444694376  0.91432696196293772  0.91972381611830323  0.92531398822997812
  0.93114709138293028  0.93728847012665994  0.94391794208134838  0.95091646194149970
  0.95847156275263623  0.96689219973815832  0.97873518251909386  1.00000000000000000
 -0.02837625259994135  0.14744629924003946  0.23624119832699336  0.26113089277022300
  0.28435284274417916  0.30524205850392988  0.31958147582379959  0.33093329579238695
  0.34256261963811041  0.35453056836327335  0.36659449632302443  0.37937658610973823
  0.39260450711953265  0.40453591177912707  0.41439291972885794  0.42312802642229741
  0.43195211440458747  0.44041656383429467  0.44849096689187479  0.45642042053520693
  0.46421937005769198  0.47234041148244849  0.48098321874185207  0.48983367938662681
  0.49845576275938575  0.50666169267104655  0.51456039614004734  0.52229312965082397
  0.52980481075142416  0.53698435035753400  0.54383068113957445  0.55050684407788963
  0.55730184742637334  0.56423170401288103  0.57112477342351664  0.57797556444050102
  0.58490354060677108  0.59184530693379844  0.59839100361283948  0.60457034233918772
  0.61012911838262907  0.61537068185863497  0.62045156871189289  0.62526298123486612
  0.62976302986778521  0.63375322731768458  0.63767077748077472  0.64244137143686231
  0.64774739473346243  0.65248057440466245  0.65685974226186605  0.66139566602589295
  0.66588077317281613  0.67023916119295779  0.67477685192713799  0.67920358642610490
  0.68278621466857137  0.68646238272850379  0.69071204780865858  0.69528629343634984
  0.70026587597806078  0.70549405526743358  0.71052422204066890  0.71524801562934714
  0.71969315565799441  0.72416671418179113  0.72882358439934181  0.73344337971795848
  0.73767589900053276  0.74231264761671467  0.74711428292770554  0.75186299446639326
  0.75668659481940015  0.76153898293656219  0.76627768797324636  0.77087367299184129
  0.77538138269412948  0.77988579351782072  0.78460433977013100  0.78976793971767267
  0.79525562884528733  0.80039658300536687  0.80473971996917648  0.80922848319430796
  0.81388716256001914  0.81916526827100600  0.82561065588829707  0.83242873847216514
  0.83965079482396332  0.84753776648038870  0.85612543333038738  0.86651367261339074
  0.87831398118036330  0.89292174447661865  0.91414717664196010  1.00000000000000000
   1.4772837172850566E-010  -1.0000000000000000     
 F F F F F F F F F F F F F F F F F F F F F F F F F F F F F F F F F F F F F F F F F F F F F F F F F F F F F F F F F F F F F F F F F F F F F F F F F F F F F F F F F F F F F F F F F F F F F F F F F F F F F F F F F F F F F F F F F F F F F F F F F F F F F F F F
  <DiscreteSampler_grid>
  grouped_processes
  1 # 1 for a reference and 2 for a running grid.
  10 # Attribute 'min_bin_probing_points' of the grid.
  1 # Attribute 'grid_mode' of the grid. 1=='default',2=='initialization'
  0.0000000000000000 # Attribute 'small_contrib_threshold' of the grid.
  0.5000000000000000 # Attribute 'damping_power' of the grid.
 # binID   n_entries weight   weight_sqr   abs_weight
    13   10   1.291204558123024E-002   7.327706581348335E-004   1.291204558123024E-002
    14   10   1.291204558123027E-002   7.327706581348331E-004   1.291204558123027E-002
    16   10   1.919887747780397E-003   6.905477430007012E-006   1.919887747780397E-003
    17   10   1.919887747780426E-003   6.905477430007083E-006   1.919887747780426E-003
  </DiscreteSampler_grid>
