  0.00007131754308227  0.00007291688414590  0.00007491591814312  0.00007708121601373
  0.00007953295260540  0.00008253310156247  0.00008592932978844  0.00008854444843013
  0.00009082552742159  0.00009207384769009  0.00009241570731554  0.00009248549726957
  0.00009252414666105  0.00009254596038698  0.00009255832097805  0.00009256418577807
  0.00009256874985747  0.00009257245298025  0.00009257543388728  0.00009257793249997
  0.00009257958374210  0.00009258114287787  0.00009258243016423  0.00009258333455138
  0.00009258415498042  0.00009258492986536  0.00009258563290274  0.00009258626837404
  0.00009258684186625  0.00009258738555629  0.00009258788591919  0.00009258838537907
  0.00009258887103041  0.00009258935668176  0.00009258985636014  0.00009259036378701
  0.00009259090736315  0.00009259152410761  0.00009259216792632  0.00009259288217910
  0.00009259364640813  0.00009259445987956  0.00009259561468432  0.00009259696222453
  0.00009259854548509  0.00009260042728916  0.00009260303004080  0.00009260629092665
  0.00009261025826192  0.00009261533259033  0.00009262518848078  0.00009264308683653
  0.00009267395218846  0.00009275655859993  0.00009307042042874  0.00009490576009997
  0.00009774794170104  0.00010268012016686  0.00010955667316717  0.00011808932732453
  0.00012900051734085  0.00014332620105585  0.00016116028688079  0.00018379672115333
  0.00021413913314062  0.00025067409420150  0.00029532912874718  0.00035218180896093
  0.00042044044362898  0.00049906446309321  0.00058511281792633  0.00068195930431444
  0.00078504935818634  0.00089704450916909  0.00100884640947410  0.00112680311923232
  0.00125975732003590  0.00140445209435803  0.00154961474949147  0.00169601971309630
  0.00186314816242735  0.00207197366111919  0.00235614809150502  0.00271067602899765
  0.00308853114851908  0.00348804918724311  0.00386924652852601  0.00424883136287820
  0.00467742190796624  0.00519655516924435  0.00580023375140324  0.00654545086894012
  0.00746973132111330  0.00871497843438171  0.51224798155302531  1.00000000000000000
 -0.00954259019876815  0.03823254568330561  0.05823696479560726  0.06895964431879482
  0.07992827107493411  0.09122628853403281  0.10089863951016169  0.11258464056718077
  0.12358930707533045  0.13406134151757479  0.14436548965794693  0.15584817936864387
  0.16833423058998864  0.18138090202565510  0.19386606910773613  0.20418786432760710
  0.21219199795225482  0.21922739493221446  0.22519722340527323  0.23181927967196689
  0.24045826708855544  0.25002891310094894  0.25845285218712810  0.26680671149851387
  0.27762384456243117  0.28689640277867429  0.29642418122668346  0.30587451836636659
  0.31532602601785675  0.32503081625258096  0.33536847619452320  0.34666520905550574
  0.35887120228147085  0.37221418421075819  0.38561064637949571  0.39892556004333773
  0.41189785826295894  0.42435141340311427  0.43690158344420116  0.44929389332530978
  0.46133798035215662  0.47296402340954535  0.48413733789942981  0.49492762664419948
  0.50573008423794008  0.51743873762051629  0.53001799146614070  0.54180412597498051
  0.55164090602905680  0.56008245590044137  0.56787142510333766  0.57763199693665734
  0.58850033222519216  0.59905374899684005  0.60909179912988098  0.61940803793384602
  0.62990969030407407  0.64102588010341466  0.65400427848384612  0.66573608096552384
  0.67411403827861716  0.68278513174813737  0.69109969561255424  0.70082546144496383
  0.71289578459057068  0.72455536475276672  0.73613391656669025  0.74852683728773739
  0.76171314096357490  0.77515167973852461  0.78851383488083004  0.80150714939890300
  0.81344766937122348  0.82332721476536086  0.83109080082522313  0.83768818978286619
  0.84361774233470799  0.85033936136515764  0.85893555628656015  0.86882106549397542
  0.87645276255467897  0.88355824644610437  0.89214132546565483  0.90094851301601842
  0.90973152667310508  0.91956496008591992  0.93010803208014958  0.94082916942512473
  0.95214713508583271  0.96402273675729255  0.97449135888791838  0.98047148588525179
  0.98682966812602380  0.99272696213369782  0.99693668805506019  1.00000000000000000
  0.00000075030852061  0.00000280467334844  0.00000408894048082  0.00000549942151677
  0.00000726035913984  0.00000939742667627  0.00001198056466368  0.00001468167582007
  0.00001742437420100  0.00002027974226438  0.00002318245379586  0.00002624581152925
  0.00002952902697786  0.00003294957603891  0.00003632924584401  0.00003944324973743
  0.00004211512508255  0.00004459279115659  0.00004713012681840  0.00004987321810253
  0.00005288765549543  0.00005627975856885  0.00006017648493837  0.00006431930789794
  0.00006816761565608  0.00007175812033686  0.00007510851777074  0.00007815127548956
  0.00008113823483199  0.00008429548987214  0.00008800709431921  0.00009192096555325
  0.00009594295394491  0.00010050059723816  0.00010580265569096  0.00011173983606841
  0.00011799706758764  0.00012477587081982  0.00013238737979145  0.00013990112435478
  0.00014802511544379  0.00015630810425621  0.00016468458791279  0.00017354587815561
  0.00018299823854682  0.00019283605192995  0.00019902254166531  0.00020478806658640
  0.00021118665639043  0.00021750726392360  0.00022442773765940  0.00022823774722443
  0.00023583986336310  0.00024264887892955  0.00024934851128208  0.00025792891961620
  0.00026816272779977  0.00027811889843180  0.00028796673731262  0.00030031182292901
  0.00031452735853632  0.00032783250953262  0.00034014190039167  0.00035324169934132
  0.00036653490783411  0.00038904904462155  0.00041670232707244  0.00044704542601950
  0.00047947718768469  0.00051336472072445  0.00054722888047147  0.00058545501220904
  0.00062613787681141  0.00066948764219406  0.00071615133313236  0.00076479759388887
  0.00081810019493016  0.00085962514933341  0.00089418422560443  0.00092497578977220
  0.00096181670189464  0.00100629365954614  0.00105451703808201  0.00110884585700633
  0.00117004787893261  0.00123464516650477  0.00129858952331370  0.00139852226823078
  0.00152992008203397  0.00169898203401249  0.00190729787797522  0.00216526743885970
  0.00467886130324178  0.01952012821628649  0.04377136846533593  1.00000000000000000
 -0.00132430397183493  0.00617866854878090  0.01367946376950028  0.02090903394567187
  0.02879358976566672  0.03644479193080904  0.04470364122993552  0.05358277121539110
  0.06315292810578994  0.07340447955763156  0.08362995939854001  0.09375154314704780
  0.10340738612946655  0.11125480774502927  0.11802920807953741  0.12524158335459726
  0.13440419534142969  0.14551146157561287  0.15726879042668848  0.16864905281780956
  0.17938501545543589  0.18984447233058868  0.20055591622125632  0.21146300909887730
  0.22095997434528414  0.23010193827698641  0.23972762977289930  0.25013863562614058
  0.26093435745392529  0.27168834275429327  0.28231939059416483  0.29208357944672148
  0.30083684877909250  0.30965330896806298  0.31883538088059121  0.32744052826606151
  0.33698757091001730  0.34987340321691801  0.36066821945747735  0.37179027800523190
  0.38351825957281815  0.39490732263105294  0.40626629657356689  0.41751611926192167
  0.42841673704693589  0.43932031618508322  0.45061567962376892  0.46226541310951802
  0.47406862584519510  0.48534747937938155  0.49490804694060281  0.50403048730733724
  0.51376222440592356  0.52381797036225064  0.53409551773035568  0.54467458199336494
  0.55511425047165719  0.56484627538407972  0.57402476349889531  0.58325133437936849
  0.59308739669438626  0.60197120708045671  0.60868661257016365  0.61669813126331929
  0.62504376648061311  0.63339894071228964  0.64294177727219537  0.65383837469205108
  0.66512288893915505  0.67615831529939519  0.68678233814949041  0.69666837803770520
  0.70670269964993193  0.71717737374181267  0.72885768517420835  0.74229350848974696
  0.75557732124678290  0.76613041178748820  0.77515899443515479  0.78524644641199504
  0.79591880666380310  0.80532487399995467  0.81491367273805382  0.82495414364791930
  0.83461336665362496  0.84616292483129019  0.86014350162046904  0.87558209509461360
  0.89293734980547557  0.91086263259189792  0.92889816156502603  0.94666805267270659
  0.96314398992412342  0.97627757106136814  0.98857484363806314  1.00000000000000000
 -0.00337513504413480  0.01065358725096115  0.02425061205064086  0.03482525048322336
  0.04382339875182370  0.05289351106984362  0.06234648611005190  0.07152913410606052
  0.07912426378818779  0.08643124856265517  0.09731868533914233  0.10893194632467072
  0.12093059210896072  0.13337697218531747  0.14600855172040406  0.15950673234299331
  0.17229617885125939  0.18427999054101071  0.19576503786797417  0.20679140739369914
  0.21612872474494135  0.22376588567855438  0.23085660051933046  0.23953760575850974
  0.24918382909784895  0.25953922396490142  0.27033257183595483  0.28029610447060122
  0.28918481061973234  0.29909714170844393  0.31032278734186425  0.32135853960153943
  0.33196195108053955  0.34172621242431089  0.34948238032041112  0.35700528074209281
  0.36526386288273321  0.37219639180748915  0.38023521074126865  0.39000895892124904
  0.40088138377839500  0.41109669520557390  0.41948669666722904  0.42911179897722035
  0.43945397101386469  0.44805591842246612  0.45678012953582720  0.46625236947316923
  0.47592793709144238  0.48564231155267201  0.49649124428644709  0.50757277635682885
  0.51757811512216700  0.52768594877854924  0.53774108288742861  0.54836889530530808
  0.56015965788147759  0.57277361318659603  0.58575572469485393  0.59847022837529040
  0.61068658100303297  0.62078541485858774  0.63031323409880646  0.63947871229811470
  0.64858264207323379  0.65905523562274426  0.67097082932591845  0.68290906701884546
  0.69737012574870938  0.71120139693573614  0.72472793609148711  0.73806033152160477
  0.75107561052595395  0.76386788146653628  0.77662716446347158  0.78906984998224672
  0.80091389473065178  0.81252488357139308  0.82426313617148383  0.83536859718241241
  0.84708316609309797  0.85895020148469936  0.87066113923613231  0.88177370836855884
  0.89077301183132696  0.89998983226026930  0.90882137671530816  0.91714974616265721
  0.92531882638478280  0.93426163156454267  0.94563343414800316  0.95772594294091706
  0.96923552949402503  0.97990398542491353  0.99003950631345661  1.00000000000000000
 -0.00351126022442424  0.00935411808823370  0.02303441999131238  0.03685329195604239
  0.05039436049957027  0.06323552086103988  0.07463945217213566  0.08596702707563968
  0.09700361451494541  0.10817452400580418  0.11942743181447678  0.13236452169715990
  0.14419987007547649  0.15606209418269604  0.16885323969377825  0.18184350677757463
  0.19374646837253082  0.20443690744631074  0.21467155881375788  0.22316048261523289
  0.23724540181703119  0.24687216584577798  0.25502322079835266  0.26366644460604349
  0.27301546667548809  0.28375777585496853  0.29736751998562894  0.31212673791762374
  0.32569505779669583  0.33772897805748664  0.34968312336208324  0.36262138675336297
  0.37613362670228379  0.38698517359429047  0.39660747480048253  0.40793407468332354
  0.42024151184905029  0.43344373075030496  0.44703232518412533  0.46085454010381205
  0.47449326819727522  0.48771607378443332  0.50072983261803139  0.51367112349296862
  0.52655167004153780  0.53959550889875441  0.55314239570704504  0.56732377404682455
  0.58144543707880458  0.59376549936298950  0.60593622455923180  0.61815389137671450
  0.62930821523865577  0.64072818224282102  0.65222691614250838  0.66371039095935402
  0.67338411433124223  0.68268245911236825  0.69319280029428276  0.70378198421603344
  0.71555572653852018  0.72728679498291815  0.73821582745589009  0.74905453653032750
  0.75852671694247253  0.76652439192437538  0.77362144474537187  0.78028655155702398
  0.78840443960448525  0.79748361998351469  0.80588780200886923  0.81492980965772666
  0.82543081918750960  0.83581680783936574  0.84472944278738471  0.85415876646840916
  0.86347488730348332  0.87126094622807593  0.87829581206068841  0.88374904458791026
  0.88930376902425456  0.89562315998042941  0.90195626810828189  0.90815789683737602
  0.91571912228354868  0.92414192403500584  0.93204657121327406  0.93982226000686719
  0.94769128387526758  0.95575810270754302  0.96412272997883930  0.97260143986288505
  0.98058063703905840  0.98725840366004602  0.99376159688626298  1.00000000000000000
 -0.00235300173323114  0.00895842760404141  0.01984652964959996  0.03209241418353473
  0.04017560138389405  0.04871981337117023  0.05751883410237184  0.06669229138669430
  0.07707967186163565  0.08831174311993663  0.09976848517710468  0.11052626069809275
  0.11960140495954028  0.12713359908270452  0.13463623693537768  0.14211550838906725
  0.15066863348894205  0.16169690255378738  0.17416995366466823  0.18644846487651551
  0.19795765928861586  0.20919278689208798  0.22069590462854918  0.23209753869997723
  0.24300868139898535  0.25378993197441502  0.26460585483668586  0.27499695220789416
  0.28525654051552990  0.29730177865163226  0.31044320566487138  0.32264346757766887
  0.33369715526759569  0.34443596594826620  0.35559233651884248  0.36734256769532386
  0.37744925365742427  0.38761798516174084  0.39897531745203751  0.41091593183236785
  0.42266884014482281  0.43376433260012903  0.44474917000669623  0.45614419031818770
  0.46817888762367671  0.47796815621435801  0.48576576389394172  0.49410988211130791
  0.50283789652948907  0.51205211551923613  0.52009002793536874  0.52706963210594970
  0.53503657494452073  0.54354814557522158  0.55122025763180460  0.55824702732782283
  0.56462540205823264  0.57343411743317840  0.58528012518925798  0.59704093930887570
  0.60821470395230481  0.61908494341756104  0.62921527620766149  0.63886208698183489
  0.64954122007776272  0.66122683216490652  0.67259560211399738  0.68391877427032688
  0.69488252592337285  0.70580259320754291  0.71720410504869891  0.72966554827063101
  0.74241731348276219  0.75457350707799353  0.76586568423754597  0.77685529489930327
  0.78809983409473250  0.80047808958970457  0.81208801795045904  0.82163625459810263
  0.83197592191717551  0.84302428243368377  0.85557751939044624  0.86797279738219868
  0.87976857751925586  0.89184090038175867  0.90422570172819339  0.91515492787878894
  0.92375781199853091  0.93215926659433157  0.94241853157807287  0.95442620252154764
  0.96704025676058969  0.97925777984798323  0.98955513147759000  1.00000000000000000
 -0.00128305343918483  0.00566936950559087  0.01441888191182173  0.02362905034225458
  0.03305904473352066  0.04306766545364299  0.05427608832616514  0.06649394172178545
  0.07913281251856472  0.09095557445775335  0.10320608081316771  0.11433295154165110
  0.12134159652115849  0.12922788044337619  0.13699820104701810  0.14528071357038411
  0.15400767801197432  0.16384269603385754  0.17480049389537608  0.18457566062436473
  0.19228932039898536  0.19951413287084305  0.20674766793493662  0.21464440912857227
  0.22617108996980786  0.23864755804124335  0.25153789084145267  0.26485367422829775
  0.27857414542932751  0.29105336232115003  0.30237995235697940  0.31434115844695137
  0.32512067935216721  0.33213561436022304  0.33910723950691335  0.34664664940351320
  0.35342188385895468  0.36152657284763468  0.37587426627089215  0.38778000507149230
  0.39958396539531155  0.41194840965486323  0.42391711823710587  0.43499884994186711
  0.44495892552204303  0.45448141856399427  0.46466423608099372  0.47623434646246487
  0.48817444049888337  0.49977324072949703  0.51114106696316808  0.52190663855118724
  0.53314409370627502  0.54472516287232808  0.55618502871506392  0.56781779826292700
  0.57946836327330820  0.59064460854077605  0.60160412684072773  0.61266676021040001
  0.62366692408370739  0.63435202111402744  0.64549087044317188  0.65730922270029246
  0.66898684846197565  0.68084106555133606  0.69442255041912915  0.70648024621871286
  0.71977015914678855  0.73206813656914949  0.74347893931885523  0.75468547186056134
  0.76590077487092023  0.77719571237945051  0.78821663016943644  0.79930827707951824
  0.81099258343525327  0.82280438205353179  0.83400375854578634  0.84389115125331737
  0.85271117182689171  0.86159259620125994  0.87038189068347183  0.87905690811152781
  0.88710055646489816  0.89489473143982656  0.90295891817908902  0.91564432710011356
  0.92736794971302028  0.93875934425231433  0.94956862811825116  0.95968902639439246
  0.97011836666055673  0.97964320879973876  0.98994369892551404  1.00000000000000000
  0.01967031241400424  0.28237920729428023  0.47308610469916662  0.59275902923007939
  0.63055398594599243  0.64285288736820601  0.65057786171094123  0.65666853894294952
  0.66152267672710152  0.66561589794760601  0.66879538538132211  0.67175363892984519
  0.67497141867764876  0.67863571313343352  0.68220028817177725  0.68549330012434917
  0.68876855057809172  0.69230829457894627  0.69614435185032619  0.69998533378704464
  0.70361594351353052  0.70713022195943576  0.71059411688267682  0.71400623963662424
  0.71733631312545743  0.72055321161665253  0.72362944808388108  0.72651811910699948
  0.72937077368438608  0.73244150241019645  0.73577626199210222  0.73937985213318036
  0.74314346472472859  0.74686382900413173  0.75047341703811610  0.75407304356664495
  0.75747354235691655  0.76055673425736858  0.76330089548875257  0.76579101536629590
  0.76824403783409190  0.77090858064262702  0.77369421075490075  0.77629462770979185
  0.77863750281332145  0.78111855476068737  0.78408251619991909  0.78727725656179870
  0.79042569614262903  0.79343389785130858  0.79635492409905373  0.79932187332218063
  0.80225257988762055  0.80492391114034023  0.80729212657164873  0.80968386678655635
  0.81241337308396888  0.81569511148041407  0.81940761682853547  0.82327875225608182
  0.82709832204004219  0.83070537983010584  0.83390561099245275  0.83694083730475444
  0.83965425667420013  0.84208708479609051  0.84489879293335601  0.84776277921524645
  0.85071712590206550  0.85355423482287696  0.85623579550575901  0.85928599077737144
  0.86200680566612886  0.86640229134408919  0.87118142346337357  0.87565604386523488
  0.87999795076800003  0.88418341251573551  0.88823628019720868  0.89187898886260930
  0.89518918630192978  0.89857715141545591  0.90194033352077307  0.90541552157200833
  0.90889759197160536  0.91265929302053406  0.91801961279584166  0.92377496030625639
  0.92966997430567389  0.93609951808233571  0.94330385316539755  0.95039489844184977
  0.95792504584352611  0.96660794843896269  0.97809269659684306  1.00000000000000000
 -0.03271004811650050  0.12414604531078896  0.23998198859994233  0.26302410981078750
  0.28270864240010340  0.29945218825855724  0.31461487579734571  0.32967315139551578
  0.34432819674870008  0.35801524714352900  0.37105869878774217  0.38498451545601159
  0.39969257818846848  0.41354577289674588  0.42605380786326341  0.43681445108900030
  0.44403392980358597  0.45044344762992006  0.45683380684226360  0.46443257036951829
  0.47397212456312782  0.48189896652626418  0.48814465962176162  0.49442798353869399
  0.50130249862246312  0.50935201601749980  0.51741270985073995  0.52471060856533891
  0.53161382251980915  0.53896884533483946  0.54677923434090225  0.55441626192004856
  0.56171209161269564  0.56899935076940589  0.57604052318675303  0.58301798498153812
  0.58980860509162003  0.59525736926565753  0.59957616458858076  0.60440923221327392
  0.60933852189255677  0.61412853039214410  0.61835796750632543  0.62250667594404230
  0.62715544276954049  0.63181695887061551  0.63629029733462861  0.64080476925422325
  0.64605467443893161  0.65166985239266995  0.65699199169814049  0.66219041798566025
  0.66719224940478361  0.67237950940340130  0.67780061362429178  0.68313054372623438
  0.68821011623007522  0.69303742940854240  0.69759445489359906  0.70209629059829204
  0.70646448268466611  0.71028824995997975  0.71400068396354666  0.71791087800240105
  0.72172559418003335  0.72525618140519876  0.72864112347399190  0.73351678266060616
  0.73904610040995777  0.74395904714525374  0.74835678618680046  0.75269217556666357
  0.75736930954162796  0.76194033458491561  0.76673640468555360  0.77148475690833251
  0.77589379293072813  0.77977487609671381  0.78347071067638197  0.78747054210641665
  0.79153805210145156  0.79566030040513036  0.80018201763078067  0.80517264988113835
  0.81059037739710660  0.81650994782985953  0.82305777173080386  0.83062773596123052
  0.83935186264493999  0.84864654521603244  0.85860544951884543  0.86893298993499202
  0.88217465156485264  0.90083848952710865  0.92761966786050454  1.00000000000000000
   3.3386699454016969E-010  -1.0000000000000000     
 F F F F F F F F F F F F F F F F F F F F F F F F F F F F F F F F F F F F F F F F F F F F F F F F F F F F F F F F F F F F F F F F F F F F F F F F F F F F F F F F F F F F F F F F F F F F F F F F F F F F F F F F F F F F F F F F F F F F F F F F F F F F F F F F
  <DiscreteSampler_grid>
  grouped_processes
  1 # 1 for a reference and 2 for a running grid.
  10 # Attribute 'min_bin_probing_points' of the grid.
  1 # Attribute 'grid_mode' of the grid. 1=='default',2=='initialization'
  0.0000000000000000 # Attribute 'small_contrib_threshold' of the grid.
  0.5000000000000000 # Attribute 'damping_power' of the grid.
 # binID   n_entries weight   weight_sqr   abs_weight
    13   10   1.029797558900915E-001   3.872698858547238E-002   1.029797558900915E-001
    14   10   1.029797558900918E-001   3.872698858547261E-002   1.029797558900918E-001
    16   10   1.230760753490956E-001   6.051754647776118E-002   1.230760753490956E-001
    17   10   1.230760753490961E-001   6.051754647776179E-002   1.230760753490961E-001
  </DiscreteSampler_grid>
