  0.03044036314857920  0.03693745318593986  0.04739369630555106  0.05926625061921854
  0.07061659066663577  0.08194547878288613  0.09421307599104582  0.10588469604684982
  0.11702019386172326  0.12761003075174077  0.13752406284106830  0.14707682585672258
  0.15566686376653066  0.16393495131564950  0.17286043481426441  0.18246371986326149
  0.19205007616233127  0.20183288143192429  0.21179795316815794  0.22230395217322513
  0.23187311119160833  0.24023103992876096  0.24844687617659322  0.25683437260681347
  0.26553841840356091  0.27461398438868312  0.28362090970310627  0.29269703752991022
  0.30180768149733017  0.31087134001324884  0.31986440702929358  0.32901815948622515
  0.33866675240302707  0.34837819432538286  0.35847924926528579  0.36952780249195644
  0.38130548664454983  0.39335184528471118  0.40538017246256647  0.41697683745124003
  0.42761918111287478  0.43798945848129489  0.44787727252696125  0.45791509955560350
  0.46793159876895357  0.47782399721041791  0.48782000499676426  0.49770326950674082
  0.50766253411953499  0.51782330066298599  0.52734363993094002  0.53651806092251153
  0.54567159498219020  0.55521704364445412  0.56523755407212795  0.57623412592161616
  0.58715889591739745  0.59763145923932381  0.60768321872766706  0.61654874719007713
  0.62633009468107947  0.63611155086276949  0.64617793198868234  0.65619902693565912
  0.66616700065403889  0.67631764251871473  0.68653410026773520  0.69676123569206205
  0.70687506391753319  0.71699726096327832  0.72687215786023418  0.73791778271894604
  0.74940733682950411  0.76136322855347138  0.77307991468994020  0.78397843631963837
  0.79475420297763133  0.80560734908678322  0.81571399764873576  0.82485840722560755
  0.83374214471766728  0.84256883050144527  0.85166631712002550  0.86062720191435516
  0.86951795026366074  0.87918104862243596  0.88966782583029880  0.90042487315541642
  0.91186256588114423  0.92258702965127259  0.93321211409483495  0.94398006566716963
  0.95513972250374379  0.96472654888246057  0.96908019611610596  1.00000000000000000
  0.00000006014955125  0.00000140422773219  0.00000413540983843  0.00000809608193882
  0.00001273370081777  0.00001756052752675  0.00002212483767545  0.00002627592054785
  0.00002976947582854  0.00003271699152377  0.00003465963078648  0.00003602074777193
  0.00003725384761674  0.00003838968969770  0.00003943031419815  0.00004038436407990
  0.00004121048136813  0.00004193966490773  0.00004260046647190  0.00004320702696066
  0.00004375186800000  0.00004425300219907  0.00004471422567435  0.00004511595158324
  0.00004549215009603  0.00004582894773112  0.00004613642530262  0.00004642718466571
  0.00004666581817949  0.00004689989906749  0.00004711685717336  0.00004730591543602
  0.00004747547010510  0.00004764011807167  0.00004780055445891  0.00004794344327842
  0.00004807882279810  0.00004820074948997  0.00004831961236060  0.00004843658936362
  0.00004854904825549  0.00004866035246372  0.00004876374508364  0.00004886607631251
  0.00004896408182956  0.00004906187672648  0.00004915918227566  0.00004925639925696
  0.00004935347836814  0.00004945246149062  0.00004955353294167  0.00004966515256085
  0.00004978651336590  0.00004990990216941  0.00005003481501335  0.00005016532168259
  0.00005029849216511  0.00005044087716498  0.00005059050134766  0.00005076521474830
  0.00005094499580869  0.00005112880331115  0.00005132352059217  0.00005154985590111
  0.00005180575952503  0.00005208420337944  0.00005238317707358  0.00005272175760972
  0.00005310405780177  0.00005350714334090  0.00005398955999206  0.00005451174588044
  0.00005508674436809  0.00005573299867336  0.00005644525834800  0.00005722756508893
  0.00005810308862095  0.00005904232683925  0.00006023987453125  0.00006186773641381
  0.00006375673288593  0.00006587295217394  0.00006826662588423  0.00007098453156465
  0.00007560735338640  0.00008306306716404  0.00009415876116648  0.00011128211441430
  0.00013864071781546  0.00018736021072721  0.00028102264024948  0.00050586178739982
  0.00116307768573742  0.00402059004050268  0.08203689998795871  1.00000000000000000
 -0.00394498313605220  0.01343133116060502  0.02634583760132010  0.03871729408692828
  0.05053844431229595  0.06209055773127309  0.07343942620928670  0.08538147679266793
  0.09782180741129298  0.10948555059516928  0.12009458320699398  0.13013039748997740
  0.13971580457989460  0.14935453150052988  0.15874178954830168  0.16850089803525226
  0.17912934331682268  0.19030971529241503  0.20148880474329922  0.21185508320983493
  0.22142072559095369  0.23101177313610383  0.24083699949693585  0.25081232028307215
  0.26086282070670203  0.27088211839880483  0.28083699572404297  0.29095594903657901
  0.30132419290530832  0.31111616013749854  0.32117954006292465  0.33122011633362480
  0.34229487711986917  0.35359396819479771  0.36481607725168697  0.37594127984241715
  0.38670074137568178  0.39721676545328027  0.40717148419584392  0.41791477386888209
  0.42836437085720980  0.43887470579021520  0.44863725530075016  0.45896099887267944
  0.46912219252304033  0.47873977486627589  0.48791367660693263  0.49652985115819420
  0.50608367623283734  0.51615085653704562  0.52706729832311494  0.53838308143242608
  0.54946831767719206  0.56058952356956171  0.57189301003447646  0.58318368046710767
  0.59488456441032000  0.60669200075533425  0.61873305890707597  0.63053131134933127
  0.64222156293895294  0.65366398919067148  0.66481638642854501  0.67481124582601160
  0.68434742976886642  0.69392418711200465  0.70384878551799634  0.71364777000984958
  0.72368685765783658  0.73417098485774135  0.74544145476603307  0.75679310304354730
  0.76816073495502368  0.77833144429506618  0.78809906670890417  0.79776799613315763
  0.80714144156846090  0.81644166544739949  0.82567233244998228  0.83558617344579356
  0.84591303290348174  0.85654472599463005  0.86722272379576992  0.87805113659147738
  0.88892323626724579  0.89974154615408330  0.91037636903611996  0.92087967502344992
  0.93094010957970375  0.94045741021538753  0.94992946504039211  0.95984995790502048
  0.97038198135890741  0.98058524275066594  0.99046208284038462  1.00000000000000000
 -0.00240372005869390  0.00872597872129258  0.01906484930834621  0.03017797441644229
  0.04170019738431866  0.05323551612929055  0.06507217709521804  0.07762740919750859
  0.08997389935692804  0.10167210197847458  0.11288190458985603  0.12362887307608517
  0.13355484373140425  0.14342543733244423  0.15349499933016575  0.16360207438702393
  0.17369260417509022  0.18358229388741878  0.19372147819749810  0.20418524235875818
  0.21448155377953915  0.22459191387907804  0.23463926533992840  0.24479051037333657
  0.25517500362269235  0.26589729763276682  0.27736209264324702  0.28910043726216211
  0.29956239960710584  0.30946093820069337  0.31887621730802612  0.32816861274717901
  0.33751516950635757  0.34712169001447929  0.35671060394762444  0.36593132045663374
  0.37531914592784343  0.38511571530880706  0.39542153368743105  0.40629189563737461
  0.41796255874055438  0.43170136348851862  0.44492008751978396  0.45739047060838950
  0.46981046251007325  0.48192030528046892  0.49369453744885061  0.50496595232121422
  0.51627482407287995  0.52747204945720183  0.53854086452974859  0.54968753117733526
  0.56110432042153568  0.57264950395801595  0.58403940020890710  0.59508723651623197
  0.60561594607264246  0.61608806892092371  0.62712091379254409  0.63839417759581152
  0.64883571525324280  0.65836133262908902  0.66783635324527824  0.67735437601738124
  0.68662089871758436  0.69576164505997318  0.70511220800336194  0.71522211784010703
  0.72630022072630240  0.73819745172983842  0.74985955332742016  0.76059436552865711
  0.77077696007282925  0.78102777245697519  0.79159084271204816  0.80218511875533161
  0.81233258756089977  0.82177520450058184  0.83074247060386919  0.83977986024404094
  0.84922103582767650  0.85890200843336129  0.86877267395229352  0.87901516890297715
  0.88983148650434407  0.90065960008147627  0.91138859869155253  0.92176295692979926
  0.93206184253686630  0.94196475140723779  0.95151655226372422  0.96093226375278995
  0.97042788655180523  0.98035527945827228  0.99036060189258890  1.00000000000000000
 -0.00212561280226984  0.00794126582194130  0.01683068342204512  0.02667212460250422
  0.03695868983392326  0.04654948407014690  0.05594221093547162  0.06575515981719812
  0.07713133345784011  0.08842360485713598  0.09950871631677295  0.11129259481372093
  0.12214232840606885  0.13285026119335547  0.14350968127806615  0.15498740119683105
  0.16687858742574027  0.17901955587476553  0.19064456910988034  0.20165654027180033
  0.21214700319943294  0.22274854589718246  0.23411159316203520  0.24621409927185750
  0.25756094986879674  0.26911881076750854  0.28098175606976583  0.29248767403884024
  0.30322831058120903  0.31450131011034810  0.32662248765800533  0.33878739082239184
  0.35091468070546250  0.36368157772011861  0.37702421146252069  0.39010534314975409
  0.40314532634084937  0.41592774333840254  0.42809967400034882  0.44041380955834436
  0.45291105069742688  0.46520700716390673  0.47714858244702235  0.48929548075329399
  0.50190031042642169  0.51484315925624990  0.52688878879762013  0.53840505211250789
  0.55029979449565281  0.56215840092483993  0.57392236990758627  0.58544856127739808
  0.59856167347254297  0.61065789608052046  0.62311657529529951  0.63423639055012160
  0.64520361239100998  0.65633907147816506  0.66756744732872764  0.67909733495169000
  0.69091011306622263  0.70238677511201975  0.71328160446443956  0.72358053175958081
  0.73315867492702513  0.74217025533916092  0.75129047662915449  0.76073897994762496
  0.77045778541535836  0.78029680197435725  0.79027901067584727  0.80023736992430805
  0.80998596136935308  0.81945991353819503  0.82873547896609900  0.83810864862816203
  0.84749959304172673  0.85660704920367392  0.86537454546014991  0.87412168123614420
  0.88313674876584025  0.89214561688118676  0.90077357635601984  0.90900531892557845
  0.91726771811917684  0.92550651589089472  0.93372409177206706  0.94169879479623908
  0.94936059817814278  0.95680311488693115  0.96392302530473650  0.97100289058061828
  0.97795662347307022  0.98505866143522669  0.99230644592808814  1.00000000000000000
 -0.00298263155120417  0.01133524045585496  0.02294338576152702  0.03540022979683947
  0.04608707658568813  0.05588596128315795  0.06564066983854401  0.07530304589125519
  0.08469777233303113  0.09343829631838454  0.10256819550836191  0.11161103291669416
  0.12054365825645526  0.12950847007265803  0.13855990286317149  0.14766822493020049
  0.15723462386978687  0.16755923750055499  0.17915765689131230  0.19138672933977149
  0.20348570184418630  0.21424341827736509  0.22358471717378645  0.23312776312701514
  0.24289999340299112  0.25252942233531778  0.26173601439829514  0.27087928800499234
  0.28065793373592957  0.29052483487367448  0.30047601933526658  0.31053589520105163
  0.32147179031611672  0.33308080637993071  0.34402304314524307  0.35439127297107698
  0.36498802567429556  0.37555760734366200  0.38616684000109924  0.39672930093114622
  0.40780848211023912  0.41904827940436323  0.43024580022061054  0.44169574518576588
  0.45307299085338315  0.46388051522057011  0.47407554069781183  0.48448971445387790
  0.49497706739148700  0.50574689425638719  0.51637571040914132  0.52714317451432091
  0.53784391635433315  0.54773231773475417  0.55745462016525626  0.56742686470794779
  0.57771973189517789  0.58820736094069115  0.59872190638087308  0.60938520827341203
  0.62001131493391304  0.63021286261951281  0.64030070455556753  0.65094838407292199
  0.66174756579965033  0.67218082090151443  0.68232460065863210  0.69282183377797224
  0.70359047414099396  0.71404823284877306  0.72443679693090923  0.73534280917436845
  0.74687767975182873  0.75904569556098922  0.77184717791247326  0.78443167073318310
  0.79690780561205454  0.80824363773839236  0.81962231258417173  0.83065568276940849
  0.84139489108250320  0.85214485928545403  0.86279598149109571  0.87389307284769824
  0.88346379612197479  0.89312404601688489  0.90296678287888521  0.91362200038997721
  0.92419631465833663  0.93470488035441102  0.94540608261071846  0.95701684204591131
  0.96789403133842533  0.97923267479029608  0.98970034019151909  1.00000000000000000
 -0.00306364713156922  0.01163037036334949  0.02365146360806887  0.03536641030388139
  0.04759129114411849  0.05929796383043864  0.07058535428566411  0.08152988330874773
  0.09503220550713803  0.10848311842461256  0.12131329824047520  0.13304960356407483
  0.14479331846852067  0.15465730240163783  0.16493996267440991  0.17453250058979125
  0.18389765555152360  0.19297248520656593  0.20185853422523867  0.21134377907534299
  0.22171633494616932  0.23270091109856531  0.24383305555523979  0.25583029296172261
  0.26820050603535245  0.27788008002382525  0.28673968609006995  0.29549568103260876
  0.30397335261789554  0.31237900623816806  0.32072670341985204  0.32879878586195493
  0.33711215367885228  0.34546571616433908  0.35406560673198911  0.36293530540237734
  0.37174505786312595  0.38067607413754362  0.38964710236337996  0.39869933346401437
  0.40744923208551764  0.41625832713607591  0.42519559372656157  0.43444319825808053
  0.44441399916985169  0.45538692247947427  0.46512701896628666  0.47474976446670092
  0.48356811070447364  0.49216267996356694  0.50043933557190556  0.50871615700241557
  0.51687180946083555  0.52583735950608901  0.53508979554976654  0.54484056470612008
  0.55471968192617083  0.56424346947134707  0.57336245513098938  0.58240967314624981
  0.59184509984612910  0.60148356503199563  0.61199530136725877  0.62289642152784919
  0.63395523096919082  0.64477547558374337  0.65537138328201572  0.66595705440707520
  0.67660338430217237  0.68735394140788209  0.69798358374411884  0.70847056881260395
  0.71928818514275872  0.73015943216604651  0.74130136148508674  0.75205889444362994
  0.76217986461672049  0.77187272937627160  0.78176682549050680  0.79221450262273507
  0.80307565310376006  0.81442156224074025  0.82664976997307493  0.83933417539779398
  0.85185747330942052  0.86400902741918639  0.87614341399621720  0.88900092368398265
  0.90248684267386881  0.91661107548757748  0.93086705330928032  0.94469574577429838
  0.95850047641514258  0.97196187378008603  0.98604127062666214  1.00000000000000000
 -0.00209958062414862  0.00788275777033496  0.01647206164898237  0.02609283215784939
  0.03508757678605451  0.04480657426545259  0.05491748304665124  0.06537333872792585
  0.07574668166548103  0.08699450726994923  0.10042949074129799  0.11179757304350307
  0.12288159338912946  0.13316131897861674  0.14363175843918682  0.15335480188724207
  0.16268364645819891  0.17197277645716091  0.18199357620782153  0.19195263057188977
  0.20253631842839953  0.21249946397284550  0.22237850887584953  0.23266269985374025
  0.24282072049737680  0.25284513174523188  0.26233385669217429  0.27179510080139646
  0.28106381020608046  0.29032793411754620  0.29968418688752685  0.30885998310136714
  0.31839050330679608  0.32800557406206199  0.33869190371995511  0.35067928532666520
  0.36360486119469160  0.37668068936819366  0.38888604996524612  0.40007935384904414
  0.41082874626619026  0.42151036369032208  0.43156562451709507  0.44238723787344364
  0.45359451837710457  0.46437007160946703  0.47427988963610157  0.48474525869188423
  0.49501100149424010  0.50477532642977485  0.51408465452009189  0.52420558470659451
  0.53559170396599542  0.54735327222810781  0.55782503626393631  0.56839969595484630
  0.57836330143848513  0.58813458721372402  0.59800594801274576  0.60870761061964085
  0.62066834814910588  0.63360194374091894  0.64674151813177982  0.65677275464074347
  0.66670532052274856  0.67700152125260771  0.68764710686701991  0.69822951293362712
  0.70893121569578565  0.72007958669767724  0.73140152752002874  0.74231233773118321
  0.75253632865057163  0.76209480236496829  0.77219753205577057  0.78278923242633325
  0.79360038118719756  0.80421092808125672  0.81472639495435950  0.82536756971834457
  0.83607856066070108  0.84641127366514590  0.85655191179608192  0.86658332204351640
  0.87710151347062315  0.88822315504279359  0.89955044315463351  0.91095034789902929
  0.92215846203391938  0.93265328711089657  0.94291830189474490  0.95292344776802218
  0.96392360172069425  0.97577745505280289  0.98763158869867951  1.00000000000000000
  0.00558812020710812  0.28645795418732289  0.41076021774796984  0.48259467622495422
  0.52512193821501507  0.54601417218420756  0.55651098340820071  0.56412599959586307
  0.57038015805998266  0.57612706524893587  0.58154498219963269  0.58654979858128475
  0.59119061804446404  0.59584454461833691  0.60043109103155434  0.60484019183990811
  0.60907968246231414  0.61318254981585085  0.61734279126557956  0.62155555681899899
  0.62568164918919833  0.62968890780713882  0.63369231125630521  0.63769939980255208
  0.64156088583588344  0.64521331227599910  0.64867183041547372  0.65213920963381067
  0.65571764345261641  0.65940119638445904  0.66317966309559229  0.66694726266827975
  0.67072340780532402  0.67444885396939380  0.67810665274399695  0.68174573425320339
  0.68540518276232110  0.68917248376747064  0.69304590840288272  0.69693407653389705
  0.70081216402948987  0.70463522743869067  0.70872603037394710  0.71281649809420344
  0.71710674666292851  0.72128579480825150  0.72547629912084044  0.72982673487033356
  0.73423850572387339  0.73876578007647176  0.74343940176868484  0.74786469783799070
  0.75208623692825227  0.75611453523292804  0.76010511571920181  0.76416711779802848
  0.76809703843765109  0.77203947145089657  0.77607456689006304  0.78024635425656030
  0.78456588864339749  0.78894233488616805  0.79302781091551777  0.79706076659086622
  0.80114706380025824  0.80525876850124689  0.80942604934889228  0.81360516444743480
  0.81801558422791554  0.82251071598655057  0.82697960674741189  0.83138003767683943
  0.83572284386346829  0.84013290196179147  0.84468976492821379  0.84938333926543597
  0.85408427466610282  0.85882309963871084  0.86374866781614934  0.86867431693892050
  0.87367475927534510  0.87918379700498872  0.88507715403815601  0.89118487588177298
  0.89740923406491380  0.90375592051013720  0.91030834204061128  0.91718114825221353
  0.92430705239477817  0.93141271309977236  0.93864358782574042  0.94630304872554361
  0.95494700071463035  0.96512461380638548  0.97832097051515887  1.00000000000000000
 -0.01873858528373203  0.14030230371258606  0.18527884217656634  0.21216668411537704
  0.23282876846846495  0.25153195048118687  0.26902421209244132  0.28479370919140468
  0.29897139411731949  0.31259714367078412  0.32406336589627288  0.33501208680972633
  0.34573086887865251  0.35591615466698623  0.36546038853275620  0.37491236989868870
  0.38404336467000022  0.39275869427673088  0.40108007285491232  0.40936502484115062
  0.41740204837767148  0.42528934619238884  0.43319866697177128  0.44116095500507124
  0.44909786617483449  0.45686950175888275  0.46436100459963520  0.47133362370313381
  0.47809345957192662  0.48456837399839336  0.49090357614691349  0.49725824845528749
  0.50389606445001833  0.51080330260605999  0.51771898666720317  0.52429462980689634
  0.53062452070999322  0.53710276762004661  0.54371591648263418  0.55024035739551724
  0.55657143475659399  0.56280765891559892  0.56899257934991165  0.57501084007215364
  0.58083761791595101  0.58670561040132729  0.59276892702058892  0.59888239745769090
  0.60484684660558929  0.61125910749266865  0.61749608280972756  0.62363808474752536
  0.62932350526583691  0.63489382818934526  0.64053678121781643  0.64637630097570220
  0.65233986485428908  0.65827316981133066  0.66410577955969152  0.66954253216518234
  0.67425139848462046  0.67908538591802392  0.68387595416760805  0.68901573692284368
  0.69442046478979302  0.69995917854951928  0.70572117296935610  0.71099743749093336
  0.71586618784013223  0.72060870478766614  0.72531105912497529  0.73008828053542096
  0.73503566770946782  0.74013323512704809  0.74541879037054271  0.75099333036490701
  0.75657651168491658  0.76194904022512489  0.76701932221945035  0.77219137616276867
  0.77785328361355988  0.78373793502024103  0.78992877221629243  0.79715336154998351
  0.80484970361174157  0.81322127785215059  0.82233555815154702  0.83185414107838684
  0.84216962661898676  0.85355499166638371  0.86202403815829798  0.87288179441150349
  0.88522917848389204  0.89920700363814521  0.92110205450135363  1.00000000000000000
   2.0617912601145450E-012  -1.0000000000000000     
 F F F F F F F F F F F F F F F F F F F F F F F F F F F F F F F F F F F F F F F F F F F F F F F F F F F F F F F F F F F F F F F F F F F F F F F F F F F F F F F F F F F F F F F F F F F F F F F F F F F F F F F F F F F F F F F F F F F F F F F F F F F F F F F F
  <DiscreteSampler_grid>
  grouped_processes
  1 # 1 for a reference and 2 for a running grid.
  10 # Attribute 'min_bin_probing_points' of the grid.
  1 # Attribute 'grid_mode' of the grid. 1=='default',2=='initialization'
  0.0000000000000000 # Attribute 'small_contrib_threshold' of the grid.
  0.5000000000000000 # Attribute 'damping_power' of the grid.
 # binID   n_entries weight   weight_sqr   abs_weight
    13   10   3.314573253053826E-002   6.749158040732573E-003   3.314573253053826E-002
    14   10   3.314573253053825E-002   6.749158040732568E-003   3.314573253053825E-002
    16   10   4.102309290580121E-002   1.039707031312483E-002   4.102309290580121E-002
    17   10   4.102309290580120E-002   1.039707031312483E-002   4.102309290580120E-002
  </DiscreteSampler_grid>
