  0.00007136121709803  0.00007249047027364  0.00007398800718000  0.00007556925297912
  0.00007716892854772  0.00007897429088188  0.00008080233289096  0.00008263240432665
  0.00008458684412912  0.00008663402385756  0.00008875702229482  0.00009037626746451
  0.00009118635769181  0.00009142596652816  0.00009168657305645  0.00009189723991945
  0.00009207438989509  0.00009220715185987  0.00009229621223276  0.00009233284819717
  0.00009235402597976  0.00009237520376235  0.00009239638154495  0.00009241755932754
  0.00009243873557993  0.00009245990808589  0.00009248108059184  0.00009250225309780
  0.00009252342560376  0.00009254459810971  0.00009256604311176  0.00009258755327196
  0.00009260906343217  0.00009263057359237  0.00009265208375257  0.00009271777573930
  0.00009286427622857  0.00009303882332261  0.00009329165357827  0.00009362119090450
  0.00009436334830469  0.00009575170189712  0.00009839140382645  0.00010193137367823
  0.00010585781914953  0.00011029333691743  0.00011611926488781  0.00012275125838634
  0.00012982825062629  0.00013732251548833  0.00014430612602774  0.00015260685954493
  0.00016290874770956  0.00017277803113758  0.00018226108636491  0.00019258107434798
  0.00020487301781054  0.00021930701000606  0.00023634545706753  0.00025565887710078
  0.00027927093199935  0.00030505968457318  0.00033584415274302  0.00036449314863597
  0.00039310199543955  0.00042560412235473  0.00045926106157402  0.00049162237780887
  0.00052550310924477  0.00056342396108488  0.00060406365477857  0.00065806096845525
  0.00072455276485934  0.00079036358823895  0.00086082962509509  0.00093317651225867
  0.00099415227454812  0.00104115294970216  0.00108827633810789  0.00114697326690665
  0.00121525211223425  0.00130915154854805  0.00143353041079123  0.00155582464994933
  0.00168383045869975  0.00181348349497178  0.00193962925485917  0.00211995712609187
  0.00236658181852496  0.00266608748666481  0.00301000357559654  0.00333113203106538
  0.00383901944586758  0.00458989001965446  0.50710446947376231  1.00000000000000000
  0.00000015884785987  0.00000027524323730  0.00000084732531311  0.00000242056245663
  0.00000567182559843  0.00001191671530010  0.00002046193409314  0.00002770650406615
  0.00003369988045378  0.00003743379719712  0.00003940006403534  0.00004106906232610
  0.00004250169831161  0.00004370880076924  0.00004442914468435  0.00004502715268927
  0.00004554604431260  0.00004606855116429  0.00004643619398014  0.00004675671823923
  0.00004703518830929  0.00004728675851410  0.00004751757301733  0.00004761497093568
  0.00004768549945430  0.00004774708830662  0.00004779775576507  0.00004784581537956
  0.00004789274153954  0.00004794260095631  0.00004799158848076  0.00004803519576129
  0.00004807717339720  0.00004813100009745  0.00004815339057497  0.00004817384465814
  0.00004819429874132  0.00004821562152522  0.00004824612889344  0.00004827663626165
  0.00004830714362987  0.00004833755445016  0.00004836761547344  0.00004839767649673
  0.00004842773752001  0.00004848330045640  0.00004857811999869  0.00004864917344929
  0.00004869951891594  0.00004874447218082  0.00004879353638956  0.00004884725967996
  0.00004890746430203  0.00004901347930743  0.00004915582438551  0.00004929772450410
  0.00004940093594370  0.00004948551240456  0.00004953206177623  0.00004958478430017
  0.00004964545010601  0.00004971515519020  0.00004977910922246  0.00004982051472221
  0.00004986262619969  0.00004990557574115  0.00004995075711614  0.00005002278128135
  0.00005009807033175  0.00005031287297096  0.00005057210374549  0.00005081032644947
  0.00005107082661438  0.00005134794564559  0.00005162409343444  0.00005189441437577
  0.00005217203744835  0.00005245972407328  0.00005275101420881  0.00005310483522658
  0.00005348016580380  0.00005397210120023  0.00005462589013451  0.00005583415664596
  0.00005741222778347  0.00005988413690007  0.00006447800853939  0.00007199072257846
  0.00008662200907761  0.00011088157000407  0.00015605249102789  0.00028170100711786
  0.00062110863234215  0.00139836918665924  0.21876503998289179  1.00000000000000000
  0.00000059199921843  0.00000214720759261  0.00000329513200199  0.00000433576082602
  0.00000547321568422  0.00000672216172520  0.00000818363067254  0.00000970492113370
  0.00001157035818076  0.00001367685620671  0.00001566061425485  0.00001778425469156
  0.00002034571014517  0.00002296208795643  0.00002533755346191  0.00002761119827097
  0.00003046112614889  0.00003362891302758  0.00003662659242185  0.00003901750127880
  0.00004035314546532  0.00004135533379360  0.00004223489290855  0.00004379691868608
  0.00004546672992882  0.00004719657129066  0.00004882281891778  0.00005043538097594
  0.00005243228701794  0.00005425435296600  0.00005573633781165  0.00005745774621202
  0.00005974273655207  0.00006064605809232  0.00006154937963257  0.00006245270117282
  0.00006339813911105  0.00006435366644851  0.00006530919378597  0.00006635387156780
  0.00006747103412589  0.00006858819668398  0.00007087049102942  0.00007518952034254
  0.00007908151516165  0.00008314532398321  0.00008731545199435  0.00009113355351620
  0.00009387103843759  0.00009516810970759  0.00009643956225288  0.00009790747494512
  0.00009911209811381  0.00010026527633379  0.00010146774182375  0.00010290242252845
  0.00010438389716405  0.00010601695812447  0.00011035034945732  0.00011773925230673
  0.00012580541870968  0.00013346901189675  0.00014143996373459  0.00014890477281390
  0.00015624038029287  0.00016307820178443  0.00016812449328183  0.00017296059768119
  0.00017997461998564  0.00018637676082016  0.00019269170621213  0.00019859692067774
  0.00020437790308646  0.00020929952638051  0.00021469475333045  0.00022314329249593
  0.00022979179218516  0.00023626762421657  0.00024312488931552  0.00025309475003568
  0.00027649148037361  0.00030501588214593  0.00033283107177829  0.00036584381744831
  0.00039864034205013  0.00043613285868437  0.00048838104069860  0.00056188961596585
  0.00065046031318255  0.00075938510549133  0.00095030080563475  0.00135531924261881
  0.00174299164673611  0.00222662565223047  0.14585472472272445  1.00000000000000000
 -0.00126236146148905  0.00661448491276493  0.01511439695339826  0.02470839295554382
  0.03244565842329219  0.03744664931807799  0.04233013808379445  0.04693674383436792
  0.05035175447603270  0.05321357078865527  0.05635145133079218  0.05942448632531683
  0.06199061953544520  0.06455003176755113  0.06738196508341290  0.06986752170840747
  0.07241277098787390  0.07474584756099382  0.08445537149304723  0.09571834049833636
  0.10499560126520720  0.11334661222433103  0.12170569348900066  0.13081383029295157
  0.14003143377569724  0.15002035981085388  0.15907975997562379  0.16678798001850198
  0.17471067064525572  0.18457087555329799  0.19579473035843256  0.20647003432631461
  0.21530790823169316  0.22311911202226511  0.23102379035643600  0.23979557929330961
  0.25110177672832695  0.26314911272857860  0.27326743641102874  0.28249644031745780
  0.29419547195582818  0.30930285509926281  0.32639963921904130  0.33966245133093476
  0.35233544438507641  0.36200499329075775  0.37133454168708813  0.37844200378131787
  0.38682542710926138  0.39315731814239302  0.39721783960499624  0.40241881957663983
  0.40974021738859862  0.42049351660424794  0.43511231812219942  0.44864769340862104
  0.45883188750297643  0.47132877612035912  0.48448572741056334  0.49755776243499855
  0.50980849438424058  0.52313606724097705  0.53206336886968075  0.54238354343658357
  0.55111769531489951  0.55648220463827491  0.56184671396165031  0.56721122328502571
  0.57278183530637261  0.57853598832325970  0.58429014134014690  0.59004429435703398
  0.59582495540264335  0.60160859524463572  0.60739223508662821  0.61555104182349896
  0.63001994362389113  0.64493806427735656  0.65522949072392533  0.66182262609574027
  0.66587557419670018  0.67116450255639326  0.67658112472423892  0.68170682298003815
  0.68846095049884493  0.69777725274200164  0.70793318819351114  0.72449607662724991
  0.74794886711645059  0.77300556396959852  0.79981257250578985  0.83179917142323700
  0.87836889268463536  0.92387573854339911  0.96119709992345770  1.00000000000000000
 -0.00341220380129481  0.00085159008438535  0.00413256700754032  0.00741354393069528
  0.01069452085385025  0.01397549777700522  0.01773587117122590  0.02185258532044487
  0.02596929946966383  0.03008601361888280  0.03762779317961688  0.05457709500116441
  0.07377702871857919  0.09400349991968945  0.11242988252852174  0.12769629626030818
  0.14092598844085330  0.15257290200095747  0.16211390695302097  0.16894798925559026
  0.17643523924374732  0.18460375635280349  0.19433956426619423  0.20391165998269384
  0.21370133908624925  0.22417818172325196  0.23284101702474672  0.24577288382506435
  0.25949965420905324  0.27382155363579269  0.28709242229390741  0.30197941313060056
  0.31396592791399519  0.32464381799056374  0.33533151001536782  0.34896200754583168
  0.36949946827928848  0.39226077402173420  0.40971260632324469  0.42577996336440077
  0.44308615015853009  0.45965265136383932  0.47240993487483418  0.48425037060101289
  0.49694872395743933  0.51005616877612736  0.52008732666678448  0.52271349304599557
  0.52520566237721655  0.52822041743767700  0.53169452501492764  0.53513757945586360
  0.53915821686700693  0.54343799748228294  0.54912150475563570  0.56370460782108356
  0.58142289084308907  0.59849454639020627  0.60618695206284356  0.61281365791004394
  0.61698368931175240  0.62160747588822229  0.62763253735157576  0.63440906129310770
  0.64240416565006564  0.65215920457274801  0.66281632267725621  0.68368358512299343
  0.70302155120874810  0.71981919103582359  0.73595569736460997  0.75275763546618291
  0.77426303515184003  0.79043604558961322  0.79996256813604094  0.80758313768279844
  0.81408872011818789  0.82011782000086197  0.82658997547061686  0.83320546767061088
  0.84060708100693671  0.85662079731721374  0.87702529020038855  0.89088452546303143
  0.90599290305155911  0.92149745637360025  0.93602555325917569  0.94900718189273148
  0.96069089285882003  0.96603830049665551  0.97237556548660931  0.97893636492235514
  0.98488993910473688  0.98970718167836169  0.99441806448402814  1.00000000000000000
 -0.00551546176796071  0.03215003134745078  0.05756949424623852  0.07795332017412569
  0.09409181212767900  0.11038818665137755  0.12963956700594698  0.15185197475872014
  0.17141713396144015  0.18760746775260687  0.19942890301031635  0.21316105642434754
  0.22380129913218069  0.23117573421842005  0.23779714720559381  0.24468261735921040
  0.25454808097324721  0.26524051513034308  0.27625929806304683  0.28765088090318625
  0.29950799032329278  0.31291661581562619  0.32705611857705064  0.33703811323782590
  0.34101087898636090  0.34511441609335114  0.34880139631065532  0.35199378757696598
  0.35514040884664222  0.35868478942865689  0.36157878213135219  0.36411675199234189
  0.37045095448374465  0.38123526321348417  0.39493801391546407  0.41031670495462563
  0.42621541646650646  0.44050591954857832  0.45329517938025687  0.46574847326501173
  0.47981962463442646  0.49170379183548535  0.50399970492746593  0.51355490684737237
  0.51844562327210331  0.52477117626295500  0.53088887817320973  0.53659809719541696
  0.54502842403567653  0.56363485912814715  0.58130500663983919  0.59663245334261650
  0.60977022570013018  0.62105957652889698  0.63167944215671801  0.64557899953410891
  0.66208392605508182  0.67832570602826625  0.69613137334733910  0.70737488079812316
  0.71645648905652637  0.72572173954898633  0.73531400494526100  0.74536036563144059
  0.76038663906704951  0.77732504374815847  0.79127928405948256  0.80089709146409627
  0.80874219829792038  0.81584681205046039  0.82021320188987856  0.82302497071612157
  0.82581942091556426  0.82922430843150297  0.83442621434288977  0.84047449854915979
  0.85096445265665888  0.86473486491371676  0.87790161803809574  0.89334500905645431
  0.91092938564208092  0.93012741537947130  0.93482375585759259  0.93952009633571398
  0.94421643681383538  0.94891277729195667  0.95357877231933397  0.95823589124740005
  0.96289301017546625  0.96755012910353233  0.97172540701386190  0.97526879040861769
  0.97881217380337338  0.98235555719812917  0.98668703797760893  1.00000000000000000
 -0.00269136847984843  0.00882285217022346  0.01469959873452282  0.02019489335497392
  0.02811095113283096  0.03510880157086186  0.04317411760515573  0.05853209160302904
  0.06938381997611796  0.07535538948977133  0.08158217823327280  0.08704913228287409
  0.09225114740854493  0.09735965372657306  0.10411485955541643  0.12218871931654438
  0.14205108115116125  0.15887037806173573  0.17005159379328361  0.17889094287860743
  0.18146564139806529  0.18319406001460165  0.18492247863113800  0.18674184528578919
  0.18882532509617392  0.19090880490655862  0.19299228471694335  0.19498784847852690
  0.19693800894191482  0.19888816940530271  0.20132127471145012  0.21321527819091968
  0.22517838304291088  0.24044795085280521  0.25501443093935522  0.26805120890710382
  0.27424215016744136  0.28109617193421482  0.28886514644651556  0.29825857008280116
  0.30811109834384298  0.32310575568309141  0.33538670727063929  0.34670497018373819
  0.35736706642317773  0.36786985317753373  0.37823912771536439  0.39417010365757843
  0.40776833555788455  0.42101945877729663  0.43424425117790760  0.44812314192728969
  0.46779594616175402  0.49139456523939656  0.51058213011597453  0.52559524029788807
  0.53497880720733193  0.54433949046439589  0.55341126761653381  0.56268165402821002
  0.57308813261257319  0.58255120723217979  0.60308205214651522  0.62571637840700634
  0.64638052672772495  0.66533062062148685  0.68260437326444479  0.69994811033147464
  0.71746695079425371  0.73299804479535835  0.74857442928450002  0.76396492521062986
  0.78133234819150876  0.79585628074353687  0.80941486121765815  0.82284554763414619
  0.83873433448489954  0.85632425519363653  0.86806111077997494  0.87159603299822397
  0.87479201331781420  0.87857461024529682  0.88225496815574111  0.88572867995456328
  0.88837247534324504  0.89048679105600470  0.89291306966604111  0.89774239122751487
  0.90745495035274260  0.92319308093367280  0.93887475096464290  0.95131488943932374
  0.96181894718184835  0.97261440690807865  0.98475599380212320  1.00000000000000000
 -0.00125566512196684  0.00864533738494189  0.02007641653232178  0.03279333184752978
  0.04369332965258657  0.05607945399617381  0.07103357570426191  0.08899405451638942
  0.10981815380047825  0.12006048168408166  0.12930322679837974  0.13722822626407008
  0.14564020599131458  0.15425342926920557  0.16986025639300975  0.18098583947636268
  0.19554943684598436  0.20964059656315934  0.22433585957393007  0.23484158278627801
  0.24449674877787836  0.25279593391332589  0.26206570136356194  0.27475576333693180
  0.29068704503081727  0.30728328265268190  0.31761752635278773  0.32750460377863133
  0.33550922893883972  0.34481470574078188  0.35588326121538394  0.37288252542701461
  0.38968106599000107  0.40751536383751724  0.42482323721264109  0.43982791995737253
  0.44595320356541551  0.45116583203790589  0.45647735451468868  0.46152855521054920
  0.46731578520658756  0.47368383404321684  0.48330795084615424  0.49833655840133961
  0.50956932620272133  0.51968183254800293  0.53242729461977223  0.54156051800820437
  0.55085538407646673  0.55988204232967176  0.57174865710944101  0.58268011453775381
  0.59273934395430972  0.60186054632410946  0.61033681858559674  0.62056005282626658
  0.63005046648747565  0.63827216898030026  0.65228976751931778  0.67204472126353931
  0.69229244114198452  0.70956813610843350  0.72498239419745214  0.74144478703809369
  0.75739692316429874  0.77065392531188992  0.78169094429810149  0.79412708947702293
  0.81001977662218527  0.82126735392987071  0.83403425087937511  0.83847340397354309
  0.84197225189426139  0.84547109981497981  0.84931771800208122  0.85445783693083943
  0.85959795585959764  0.86473807478835585  0.86951743884588240  0.87395804208094241
  0.87839864531600231  0.88283924855106233  0.89659920411155969  0.91282092346456423
  0.91953341146696910  0.92338612598203496  0.92734574807534709  0.93167194476565052
  0.93661598733712104  0.94193979510924641  0.94705073552660946  0.95240762888302422
  0.95820497462110854  0.96960612342653696  0.98543759193761959  1.00000000000000000
  0.13805841153463363  0.25048953022236325  0.33045255176490884  0.40617642252380209
  0.47343001657027961  0.53697821796941070  0.57786415643944333  0.59757945608419383
  0.61586713967793327  0.63029531337377376  0.64529086921199508  0.65750696035929734
  0.66824078108086005  0.67651352007994681  0.67925013491908781  0.68198674975822893
  0.68472336459736993  0.68751713559625371  0.69046389298766508  0.69341065037907657
  0.69635740777048794  0.69880320088255343  0.69971014914689444  0.70061709741123546
  0.70152404567557647  0.70289528818515390  0.70610314117214112  0.70948051067486917
  0.71211107607633428  0.71445647879836105  0.71622162629748487  0.71802159068908467
  0.71986117935272032  0.72382116708793987  0.73218447526727770  0.73896247977492413
  0.74494592695171169  0.75062873495658478  0.75527607912722361  0.75900061416183084
  0.76188437366458095  0.76432557948370417  0.76574483734965526  0.76706651411108262
  0.76831173851042267  0.76986100863757623  0.77169326092832502  0.77342371546041710
  0.77526609731682916  0.77711128286228148  0.77860341954122936  0.78002578461502925
  0.78155158023905258  0.78325002691881562  0.78578456102055305  0.78829664115650266
  0.79104204099070952  0.79367286087702726  0.79616044662131236  0.79954545106189112
  0.80511479595566504  0.81173244497979502  0.81746249769351387  0.82167087938379757
  0.82491774125975414  0.82755700570128921  0.83012439528882453  0.83360050043694123
  0.83755726070992753  0.84280352057359453  0.84816351168861603  0.85309588146260473
  0.85722758718523517  0.86118740765963697  0.86433993984413338  0.86642989319766994
  0.86878371108503305  0.87122023838620166  0.87441498085922853  0.87803751906161831
  0.88321529693500878  0.88909749914891245  0.89516283611736469  0.90065320399519644
  0.90598644246417082  0.91128990518842778  0.91689512087071989  0.92275666956831948
  0.92858040467822667  0.93455732776530431  0.94167962704587771  0.94982329401229615
  0.95894699916273629  0.96966075839494403  0.98303060041497414  1.00000000000000000
 -0.00844090352848173  0.16925620073963571  0.25663562195118822  0.27532412732157258
  0.28783895520160779  0.30398625073064406  0.32021166226423137  0.33887297754069223
  0.35890160294286122  0.37577696777101977  0.38662630324093539  0.39547618010784824
  0.40287897902529912  0.40952736750153423  0.41685513012268616  0.42821605039162286
  0.43923636774655339  0.44342922507322474  0.44735563515158250  0.45128204522994025
  0.45503783447930685  0.45854682019966686  0.46205580592002687  0.46556479164038689
  0.46820964855893693  0.47071655427849490  0.47322345999805288  0.47810270126966636
  0.48539451939994305  0.48876251632791712  0.49152071227031519  0.49438234511764778
  0.49720132500592729  0.50001117630915748  0.50347996644664517  0.50692625806223268
  0.51306096710467453  0.52421753712507679  0.53363105734707617  0.54360485075224907
  0.55495359513045983  0.56595497834343111  0.57540734691745254  0.58531318921293896
  0.59381184799798226  0.59946973426532024  0.60450902424446895  0.60870439281394551
  0.61694202558821154  0.62461291359329973  0.63267999382594964  0.64063202520010021
  0.64825959890069018  0.65455610420874499  0.66040627163763077  0.66503663554571901
  0.66900891608365631  0.67342359672679697  0.67836622768421373  0.68393648665179252
  0.69200376921607243  0.69759190840897567  0.70219190606086057  0.70604354440595263
  0.70997661527953015  0.71398434777496445  0.71788661774646412  0.72267657207425728
  0.72830941463149212  0.73711197248070937  0.74631605204014695  0.75526706988992176
  0.76400198812188180  0.77329716337396148  0.78331251504568566  0.79381085723037403
  0.80028025911235112  0.80593851420270213  0.81064861788441944  0.81527756097864468
  0.81944628853787116  0.82348597135875956  0.82604698662112430  0.82778200120976042
  0.82951756370699292  0.83174696305509377  0.83450342970912017  0.83721894059712465
  0.84036095140483780  0.84438816116890925  0.85317101758678626  0.86316041660243081
  0.87303000480526505  0.88498126199168614  0.90572628914273556  1.00000000000000000
   1.5242385994917613E-008  -1.0000000000000000     
 F F F F F F F F F F F F F F F F F F F F F F F F F F F F F F F F F F F F F F F F F F F F F F F F F F F F F F F F F F F F F F F F F F F F F F F F F F F F F F F F F F F F F F F F F F F F F F F F F F F F F F F F F F F F F F F F F F F F F F F F F F F F F F F F
  <DiscreteSampler_grid>
  grouped_processes
  1 # 1 for a reference and 2 for a running grid.
  10 # Attribute 'min_bin_probing_points' of the grid.
  1 # Attribute 'grid_mode' of the grid. 1=='default',2=='initialization'
  0.0000000000000000 # Attribute 'small_contrib_threshold' of the grid.
  0.5000000000000000 # Attribute 'damping_power' of the grid.
 # binID   n_entries weight   weight_sqr   abs_weight
    13   10   5.803546651585822E-003   1.275002871560704E-004   5.803546651585822E-003
    14   10   5.803546651585823E-003   1.275002871560706E-004   5.803546651585823E-003
    16   10   2.680118537015560E-003   2.029440863859672E-005   2.680118537015560E-003
    17   10   2.680118537015562E-003   2.029440863859675E-005   2.680118537015562E-003
  </DiscreteSampler_grid>
