  0.00007140469738712  0.00007264522219337  0.00007453654406483  0.00007645536770426
  0.00007857909122759  0.00008102787799407  0.00008382891431220  0.00008696952909565
  0.00008975330223135  0.00009151346547064  0.00009223017842772  0.00009242809466361
  0.00009250092082134  0.00009252833108119  0.00009254707903984  0.00009255869399463
  0.00009256579655478  0.00009257002103703  0.00009257375383810  0.00009257696598787
  0.00009257949470458  0.00009258155243795  0.00009258309368155  0.00009258463492515
  0.00009258596510180  0.00009258722170872  0.00009258847831563  0.00009258974286745
  0.00009259101993714  0.00009259229700682  0.00009259361111533  0.00009259530565572
  0.00009259700019611  0.00009259932764564  0.00009260210019320  0.00009260572828248
  0.00009260990149922  0.00009261452590656  0.00009262160756647  0.00009263607399631
  0.00009265861711428  0.00009269071461702  0.00009273451054124  0.00009296326402511
  0.00009355737996641  0.00009629476922610  0.00010083941013152  0.00010682854206432
  0.00011394397406515  0.00012312224295408  0.00013431960923215  0.00014797307098726
  0.00016460577534269  0.00018493850706487  0.00021045321753554  0.00024130023060406
  0.00027720015478999  0.00031868450781035  0.00036751848591176  0.00042299917209214
  0.00048410853949788  0.00055401141611118  0.00063485727941761  0.00072160917203695
  0.00081128934744242  0.00090472993540334  0.00101427867149383  0.00112798708580376
  0.00125387203754267  0.00138333279789354  0.00151247042471338  0.00164169987291824
  0.00178261720005905  0.00195029036815810  0.00213493585433552  0.00233271782508516
  0.00255795039233715  0.00280915838466135  0.00309049127602034  0.00340899231544105
  0.00374471097379784  0.00411991850503232  0.00450673076398935  0.00488464871366162
  0.00526237365500327  0.00566957897500810  0.00606953951003222  0.00651143502754194
  0.00695254292670859  0.00752865897006765  0.00879176587582898  0.01004793031797319
  0.01504531525037678  0.39228741855788496  0.76952952186540058  1.00000000000000000
 -0.00732632058205303  0.03189180065358154  0.04892576543212630  0.05936811299675378
  0.06918214794993667  0.08210079930932568  0.09703199763249698  0.11096763498973272
  0.12344367289706051  0.13479485799595073  0.14338485629009196  0.15128389289064006
  0.15925756046136727  0.16716532974392578  0.17544746017072024  0.18425452403157142
  0.19323982147497912  0.20156961912930282  0.21062617954328228  0.22057674163919710
  0.23203378158587409  0.24379591707728224  0.25497667425533815  0.26547787803866368
  0.27569348626195511  0.28598388021095889  0.29703191859871925  0.30889420528590456
  0.32042385630238518  0.33059906635707664  0.33999011603883300  0.34965992655030081
  0.35965200918136631  0.37106995161149103  0.38360042867895500  0.39622781383735084
  0.40844690860642591  0.42086453971518478  0.43347862102219120  0.44597579544903010
  0.45842917514914783  0.47028895798657089  0.48049077852028232  0.48933341053317536
  0.49781259342843570  0.50601083114548029  0.51458200803159793  0.52433537156909604
  0.53411695276276194  0.54354089360097846  0.55273925867899876  0.56151673057132434
  0.57097994553697218  0.58306437570498593  0.59514715725460854  0.60668158941780703
  0.61696128150177598  0.62724841559648725  0.63791710914222188  0.64771610140704516
  0.65756928212720533  0.66712514003431600  0.67500147541339217  0.68278020467606337
  0.69076743764293569  0.69891880989971433  0.71095388795198178  0.72375169764382785
  0.73669033133789197  0.74926792715637025  0.76059986337744001  0.77196215000831248
  0.78325393410048416  0.79393817401974243  0.80373052763849517  0.81269045770129422
  0.82104697601456911  0.83050679176609254  0.84195479297301845  0.85375719095361224
  0.86620621847917378  0.87933903134365288  0.89122097574538650  0.89991964868292529
  0.90743286534997991  0.91463351913173130  0.92153832633557231  0.92953284745389175
  0.94017533009457543  0.95035568390070657  0.96090862645415753  0.97107558285106266
  0.97962006726617468  0.98726621785800162  0.99400304813496376  1.00000000000000000
  0.00000178497474843  0.00000274741637548  0.00000374446292372  0.00000504653516430
  0.00000664934618512  0.00000839798453379  0.00001044854048999  0.00001278403197591
  0.00001524414647165  0.00001757461116766  0.00001993566905631  0.00002273496180885
  0.00002576805533311  0.00002869529031756  0.00003130642779940  0.00003379363642480
  0.00003623422411164  0.00003887858455746  0.00004177018010585  0.00004476057643605
  0.00004756564724774  0.00005029966156815  0.00005298362271065  0.00005528922758954
  0.00005750544870194  0.00005971892010115  0.00006190014295675  0.00006436131477239
  0.00006696206193730  0.00006968359049634  0.00007272273232072  0.00007613666618172
  0.00008001558311199  0.00008420327853925  0.00008846671686965  0.00009267610912471
  0.00009690392802743  0.00010123700249296  0.00010557414325112  0.00010946486023926
  0.00011301132201548  0.00011648513072332  0.00012043337899560  0.00012407588590962
  0.00012797508366104  0.00013190704677892  0.00013679293799473  0.00014352321915252
  0.00015066449700513  0.00015740722120094  0.00016380703628357  0.00017049459688222
  0.00017737299695148  0.00018469152072546  0.00019296270609448  0.00020184234536346
  0.00021118803144032  0.00022134646914566  0.00023306864406688  0.00024643046816043
  0.00026033484318420  0.00027497317150306  0.00028986618203754  0.00030631249016418
  0.00032428153123913  0.00034298464206356  0.00036063708760773  0.00037623117205172
  0.00039157971749616  0.00040901727717358  0.00042879055687183  0.00044988373157542
  0.00047095484849343  0.00049932495703665  0.00053144852931872  0.00056608365810974
  0.00060420014476275  0.00065618820002200  0.00071562952813283  0.00078201689810450
  0.00085454845035272  0.00094819669958930  0.00105057471852295  0.00115447467198910
  0.00125946659376577  0.00137394870253987  0.00149350898767461  0.00158518176268836
  0.00166709201539063  0.00174362317520143  0.00183054513653252  0.00194241117921728
  0.00213853967973807  0.00257112143422393  0.08640275946580955  1.00000000000000000
 -0.00208088174673871  0.00828719247158258  0.01650817415458972  0.02246236874137710
  0.02884436553753134  0.03657772263527791  0.04586847149458112  0.05560667248040899
  0.06524761227555741  0.07494204799229798  0.08416469833311353  0.09325310325006375
  0.10274650159240460  0.11239593781019717  0.12183818535343076  0.13025528824000251
  0.13857949064270339  0.14755488564972333  0.15670381591670907  0.16549173692391389
  0.17445185929997009  0.18221077472878527  0.18908071668510898  0.19671745261212301
  0.20340969870778694  0.21073086407517491  0.21829498036741729  0.22558939621478391
  0.23398620872295223  0.24521152453556233  0.25431230961875489  0.26206730281986185
  0.27022728772903903  0.27765047613499250  0.28504472040996526  0.29180764132874648
  0.29885922585963653  0.30829241742722657  0.31834225764050417  0.32823425417021368
  0.33806997238335207  0.34750838442174875  0.35691954939365828  0.36676750527015212
  0.37684912271315929  0.38642755385936861  0.39572029618770294  0.40541999662606204
  0.41526766533004822  0.42663468267080679  0.43875314087072576  0.44990233206063246
  0.45900207933467196  0.46765092537572667  0.47664389767860121  0.48657368870725981
  0.49791222603443552  0.51006850621175348  0.52280607650175881  0.53608502416947967
  0.54974513865410957  0.56347309373943910  0.57656471996527736  0.58811391972043225
  0.59842219383972439  0.60900476037543116  0.62020434664735047  0.63158727919181878
  0.64199503366712274  0.65138115742097558  0.66057057002528941  0.67109644282733016
  0.68348941853414558  0.69681189465605942  0.71033867838924947  0.72597903714774037
  0.74234837283737765  0.75545183968772400  0.76641689462385398  0.77873977100174818
  0.79089038981509052  0.80211809049934923  0.81324820437693457  0.82500513931058905
  0.83719961775906726  0.84907556641538506  0.86248738821033477  0.87575760603432351
  0.88905687776820363  0.90252569226470369  0.91668107888256145  0.93191157062836261
  0.94794959624194375  0.96425287747131849  0.98085880976193307  1.00000000000000000
 -0.00249487941108513  0.00901643322930093  0.01938593196403428  0.03043701398916058
  0.04170100790315015  0.05289369945121628  0.06521170376895583  0.07794410938197691
  0.09084404940428688  0.10311124891021829  0.11434127173789385  0.12314434262574349
  0.13192683937114130  0.14112903836483956  0.14884862321039957  0.15582421716386644
  0.16408161442748223  0.17500009675987863  0.18256702004344522  0.19023103765880617
  0.19883185051821708  0.20789073739224170  0.21636076789703665  0.22505063905411818
  0.23414109175773234  0.24290547917303668  0.25206297730269961  0.26175760435374651
  0.27171006138886655  0.28127466995133815  0.29125364326298780  0.30194894818314766
  0.31357260848320673  0.32606506035731619  0.33814045921739422  0.34956462828026647
  0.35952643592487493  0.36925387193283615  0.37918200217317755  0.38926213077577398
  0.40007931410614123  0.41164480281487037  0.42341263644074917  0.43517043761232277
  0.44708700823720293  0.45919936634926617  0.47152889843172968  0.48401421631568115
  0.49669224697909531  0.51024809663424364  0.52269257487825971  0.53529699527083463
  0.54650956940147388  0.55713343488487399  0.56863652240995366  0.57938480297114192
  0.59090789147598466  0.60226232912863731  0.61419173973933805  0.62707372543080309
  0.63987004983547424  0.65303131462007569  0.66398457846275882  0.67224610450418065
  0.68122070440418347  0.69084184440744789  0.70033529172716547  0.70961630385456598
  0.71819577417116787  0.72698565068419607  0.73663836613342559  0.74701380855235033
  0.75610978585103183  0.76505169430980546  0.77465562996978843  0.78515332131469939
  0.79603151008718309  0.80725958984860102  0.81866322968267968  0.83037619655691719
  0.84248919286048096  0.85604259844988906  0.86932309535179197  0.87984695292441140
  0.88817919415832003  0.89614636808314696  0.90595046876787533  0.91452779321395639
  0.92443724400884186  0.93477591632860468  0.94688989612633234  0.95826429432606619
  0.96887059472603798  0.97934533090812692  0.98885141190392334  1.00000000000000000
 -0.00254675903000431  0.00866325412508618  0.02029107252390275  0.03138184022692580
  0.04196279635523617  0.05268398259853096  0.06307003443658477  0.07222457599486007
  0.08098110580563955  0.09042873291194194  0.09998388519078191  0.10915331153028601
  0.11870192731964392  0.12997217826802221  0.14104703719707973  0.15117413555384318
  0.16036545627849805  0.16812379552641024  0.17682083555381684  0.18618418811532361
  0.19567928161702944  0.20767759483244175  0.22161750893790408  0.23569202082269636
  0.24781155547266334  0.25571218536301393  0.26358012078300724  0.27252595659073015
  0.28297500488766070  0.29529564004040632  0.30822260437640664  0.32112521390568372
  0.33365767421382692  0.34509456193142607  0.35599274368972883  0.36647094980566741
  0.37694369482979878  0.38795665347185659  0.40056474565161782  0.41371800529634895
  0.42610954496808484  0.43836729966029048  0.45085319928483664  0.46535815507777978
  0.48124148915584575  0.49662842092155768  0.51063984331227474  0.52305733378416330
  0.53352767955137426  0.54582926997730741  0.55637485679687093  0.56903242578335134
  0.58145687770704613  0.59295006929344463  0.60420525176691342  0.61561701263123680
  0.62860174054528006  0.63969317174118223  0.64881382430481616  0.65796002165829104
  0.66824186325683399  0.68007969632013010  0.69311904652184275  0.70447929056087544
  0.71495370657267521  0.72419287157885470  0.73349430411876149  0.74400715936850403
  0.75553015947723146  0.76791819561242869  0.78057299118155166  0.79253659335305504
  0.80373027135611308  0.81476763187633017  0.82615194285727200  0.83778859987656606
  0.84908793154089712  0.85976996513141446  0.86999678578696860  0.87917433512760668
  0.88780267637860200  0.89554332611619081  0.90308888378553065  0.91140703510053700
  0.92041573870220172  0.93076881305757597  0.94066015262160829  0.95022738889579217
  0.95928223995011919  0.96758803583574116  0.97478185770428905  0.98115510156387997
  0.98682330204116453  0.99155865412035282  0.99527694576671744  1.00000000000000000
 -0.00212854442096040  0.00871528258110660  0.01903644761305139  0.02879850859072049
  0.03921709986662604  0.05179834120898028  0.06543466351021762  0.07821796998264348
  0.08819473487237783  0.09508328210823347  0.10100202551563801  0.10826578708194136
  0.11756128633100352  0.12921507594733209  0.14129674457474289  0.15262291482266385
  0.16434452153961265  0.17692713672170091  0.19007005664463425  0.20413335110002437
  0.21634713409136355  0.22688264816537840  0.23730717053794356  0.24632600632119289
  0.25454662184322852  0.26481940079994587  0.27393466633800528  0.28329110502220572
  0.29447140419715878  0.30633385739143376  0.31700063393494143  0.32532731676711746
  0.33492259028813243  0.34501691440676929  0.35669212788232896  0.36963139940009354
  0.38072157162017323  0.39200216096056234  0.40217072275796883  0.41180173145636395
  0.42073936422238456  0.42968964767319262  0.43954669910717192  0.45040171707418825
  0.46127530540862310  0.47111739715766682  0.48194961812435322  0.49257361453412746
  0.50367918499213971  0.51686277752471765  0.52991761466626819  0.54201374653809287
  0.55319479007314309  0.56364359367121297  0.57378234613042955  0.58473015904700898
  0.59547675259425492  0.60722402928616548  0.61850011485267464  0.62851719477132328
  0.63794397678427228  0.64643887829162716  0.65635441542345763  0.66613279722152174
  0.67494403951620063  0.68373087618691430  0.69235047883164935  0.70082110851255031
  0.71430269861836393  0.72599965142542633  0.73533917067032839  0.74416213197763514
  0.75283150684215350  0.76219219442774588  0.77320734174148975  0.78559619521005575
  0.79803261986192531  0.81083103785802968  0.82404136932948702  0.83485715055333498
  0.84503564688183308  0.85485182629589973  0.86364149415761760  0.87107760601782225
  0.87917550494346719  0.88765991443417358  0.89661579074874320  0.90616433836623622
  0.91685625647431623  0.92926337555255878  0.94272554549953869  0.95540636030096848
  0.96650399398575615  0.97772341292088127  0.98729402611821093  1.00000000000000000
 -0.00318669431107328  0.01095946107153350  0.02361498656635584  0.03548735739571895
  0.04571118554014640  0.05533324605466108  0.06529980680911768  0.07467079531236857
  0.08424882479783570  0.09453074115527985  0.10573234517284567  0.11704430235387371
  0.12887591127767239  0.14149465084892551  0.15263032658011663  0.16281812720504829
  0.17274575328403755  0.18235962741277870  0.19293125327180649  0.20397250272718742
  0.21455200123924695  0.22429096075185323  0.23375339063911524  0.24351620296491153
  0.25399465770734403  0.26442677923190699  0.27447203864135478  0.28397147628422720
  0.29258639796039315  0.30031224071359092  0.30783041518539850  0.31634375090786532
  0.32581913085371189  0.33438873906416228  0.34292059931993257  0.35247956875262859
  0.36338395088709752  0.37466747619684782  0.38495809429071598  0.39443263780036736
  0.40447470468187391  0.41554500321429699  0.42735330896337137  0.43750910866116105
  0.44663008222425099  0.45567653842464512  0.46506463329280423  0.47595476572429180
  0.48574033877512141  0.49539615010364874  0.50485575822086581  0.51341011406810400
  0.52130213505405576  0.52867312446259773  0.53517393380091938  0.54239864299331519
  0.55459505627407002  0.56702786840940644  0.58024516157659145  0.59192883772342364
  0.60334127064837151  0.61488009320363046  0.62681464258496189  0.63906289007443740
  0.65078130659839151  0.66121724605758536  0.67076434345882663  0.68059370926404039
  0.69112420068755953  0.70195713636501911  0.71323757808944033  0.72587164943748606
  0.73934592816992584  0.75216933537015429  0.76330247031639609  0.77294641207606762
  0.78209691319358365  0.79117987038073578  0.80151389242828674  0.81379675047827071
  0.82633548777636079  0.83841277913570511  0.85011612566717298  0.86216402541224157
  0.87439797372582817  0.88556108671274325  0.89661700304604053  0.90672710553849833
  0.91783323803455541  0.92956846891454215  0.94200390181129434  0.95548378410951929
  0.96750655344152525  0.97855777940497135  0.98923099943167381  1.00000000000000000
  0.05146795906288319  0.27030920240077017  0.43830209057866937  0.57350189050127287
  0.62602310428035446  0.63936514149652968  0.64680443182470215  0.65262080931252164
  0.65764035085889783  0.66241196937988611  0.66680045930524046  0.67062977511112232
  0.67384259136966662  0.67678866297589446  0.67962484677400148  0.68242790836701595
  0.68557308000631423  0.68881501953956359  0.69218052910246408  0.69539497250336779
  0.69841242633194900  0.70171907781894816  0.70485947978544927  0.70771416924329633
  0.71058895477910711  0.71332570598818534  0.71583938694847660  0.71843466783983934
  0.72143422064021390  0.72490084559441614  0.72856179622816641  0.73225807478768212
  0.73595326767574598  0.73963520007297334  0.74332175709108605  0.74637497105381057
  0.74961985514045126  0.75289733895651811  0.75607816825050966  0.75933067597686987
  0.76267326675879177  0.76582360402346172  0.76857832997480957  0.77120345899744158
  0.77376408018399523  0.77626310849140068  0.77893784313338132  0.78210244512988725
  0.78539348578614288  0.78854931379234339  0.79183377415313350  0.79518783569933682
  0.79818246347679556  0.80059018917030478  0.80422944011735753  0.80768481157453176
  0.81105536955526647  0.81437144055414246  0.81750322104248940  0.82055193163158269
  0.82336761425883609  0.82611051372671163  0.82871675034822490  0.83197653815342887
  0.83481001331213034  0.83861316115396511  0.84231271799161178  0.84600454198320107
  0.84985435453339953  0.85392367019617665  0.85788084732138525  0.86117775176719336
  0.86439083459846933  0.86762392300983515  0.87039987214912395  0.87266628575417171
  0.87607494447543377  0.87982298285162852  0.88402395589779470  0.88780507580440826
  0.89166617605923848  0.89606220018523253  0.90088812793966733  0.90596015101063732
  0.91099974697849062  0.91570483291017224  0.91992916975373784  0.92469442914332178
  0.92915740812118319  0.93532290637436954  0.94189293474122404  0.94972555805551218
  0.95810267356598400  0.96693600425934456  0.97914689132254040  1.00000000000000000
 -0.04741096565285677  0.13754048912230937  0.23781469247854717  0.26803711387312795
  0.29100557661508358  0.30743101998877836  0.32185708592249046  0.33545245836456822
  0.35022766370026037  0.36513453457174450  0.37714771239343325  0.38678562316694270
  0.39585760217997468  0.40530258130551994  0.41621824699384646  0.42615847726836237
  0.43508214277354196  0.44396600885766829  0.45336475007951077  0.46194915473834330
  0.46989448359652913  0.47693633651220352  0.48431491859199932  0.49246146240397193
  0.50185867496546410  0.51141529220524784  0.51969389147571965  0.52664109529253711
  0.53359380031106174  0.53883455594813090  0.54450755117140015  0.55064377435861878
  0.55737134615065609  0.56435791146150671  0.57160283919190802  0.57821791462541672
  0.58521922196459264  0.59111538476060077  0.59628156575548441  0.60149506652714846
  0.60648743833175345  0.61049038237035413  0.61439178732666355  0.61864449248047471
  0.62399643569945096  0.62951696264408041  0.63480544296101704  0.64025220316134779
  0.64598879969039746  0.65198229580403544  0.65820824355046770  0.66450478443070748
  0.67070865158490567  0.67671417660469335  0.68226608216256091  0.68743054526405334
  0.69268522518648745  0.69783163481089028  0.70308052136967469  0.70835033700654548
  0.71320365192369894  0.71755995361986125  0.72139990162721290  0.72521571318718669
  0.72901182648236817  0.73318322907629396  0.73696423074606932  0.74088280114264971
  0.74463330847938147  0.74832278683576814  0.75189380680337647  0.75660891583396439
  0.76132160228135226  0.76616428374100476  0.77084118292407644  0.77476430128218143
  0.77894077932657202  0.78272273417909488  0.78695687057701957  0.79153061937089564
  0.79595886049229636  0.80021015073980006  0.80451246090381445  0.80918276303796477
  0.81485725688724686  0.82146370000319480  0.82766203328205223  0.83391830741633532
  0.84099827791179615  0.84830314478778379  0.85633636432837013  0.86513551839713954
  0.87595075888371454  0.89148047781836470  0.92344092929411836  1.00000000000000000
   3.3167248248982097E-010  -1.0000000000000000     
 F F F F F F F F F F F F F F F F F F F F F F F F F F F F F F F F F F F F F F F F F F F F F F F F F F F F F F F F F F F F F F F F F F F F F F F F F F F F F F F F F F F F F F F F F F F F F F F F F F F F F F F F F F F F F F F F F F F F F F F F F F F F F F F F
  <DiscreteSampler_grid>
  grouped_processes
  1 # 1 for a reference and 2 for a running grid.
  10 # Attribute 'min_bin_probing_points' of the grid.
  1 # Attribute 'grid_mode' of the grid. 1=='default',2=='initialization'
  0.0000000000000000 # Attribute 'small_contrib_threshold' of the grid.
  0.5000000000000000 # Attribute 'damping_power' of the grid.
 # binID   n_entries weight   weight_sqr   abs_weight
    13   10   8.103402438801011E-002   2.913770426470268E-002   8.103402438801011E-002
    14   10   8.103402438801012E-002   2.913770426470271E-002   8.103402438801012E-002
    16   10   1.072974776461867E-001   4.980922757341363E-002   1.072974776461867E-001
    17   10   1.072974776461866E-001   4.980922757341359E-002   1.072974776461866E-001
  </DiscreteSampler_grid>
