  0.02414265622070129  0.03168371603126281  0.04147460788577011  0.05154598769158431
  0.06168179619329359  0.07180905722462003  0.08192801377602858  0.09200114473153520
  0.10206720349034464  0.11216859339438781  0.12219585698055679  0.13228717709458293
  0.14242446602243694  0.15257779051093115  0.16271135810239173  0.17272277327548291
  0.18278558863220881  0.19280820835533657  0.20272262987949394  0.21246376067436540
  0.22240712732839846  0.23242031204868016  0.24258701974454880  0.25260724134290874
  0.26269851508187675  0.27272350649511445  0.28275155066038860  0.29268478916475787
  0.30275623052583939  0.31295317361147468  0.32329200096805105  0.33357996090203546
  0.34381824723696452  0.35405885720805025  0.36409504494665185  0.37407800234765837
  0.38394871176125611  0.39378215233926783  0.40366388534902514  0.41352992737386768
  0.42349508958096355  0.43366706351435591  0.44411474935823303  0.45465559649545378
  0.46498837710762697  0.47518865461984799  0.48533267354646042  0.49558498909757409
  0.50578768457513046  0.51607772437079569  0.52625606972481365  0.53628703776172659
  0.54628727152782453  0.55643143490923430  0.56664265958006133  0.57690869620096896
  0.58699799927157670  0.59702220464261324  0.60722762964890020  0.61734069105760592
  0.62754709898291194  0.63749350210081634  0.64745802332248759  0.65770694275715447
  0.66809368158301319  0.67896724826912025  0.68956242416088398  0.69994087711744080
  0.71026906099002518  0.72092946664625523  0.73149007253479903  0.74192360504604882
  0.75223358696400555  0.76240015759661595  0.77253389184505661  0.78248776502405415
  0.79265248332117577  0.80272659165012172  0.81281043102742134  0.82292607330764833
  0.83314077405907394  0.84335926292229157  0.85352357032304205  0.86357265880788181
  0.87367206439558587  0.88377442807742890  0.89401269860667698  0.90445111392997657
  0.91488367344800348  0.92524032291893199  0.93551197242438400  0.94593678483268917
  0.95658242861865594  0.96594430256578145  0.97088538156245596  1.00000000000000000
  0.03086792458035426  0.03615842343037915  0.04469469899542550  0.05464692275865438
  0.06434576820213361  0.07421122979230384  0.08433741499659828  0.09455118749481924
  0.10475285321422578  0.11485848509182893  0.12499234091478190  0.13508143401820652
  0.14513186447213919  0.15512452760127096  0.16507642425596616  0.17495267957384847
  0.18476303144863226  0.19463273196014175  0.20475955337700602  0.21496748885501474
  0.22516344560505686  0.23537405382711782  0.24559915805911575  0.25582057736777547
  0.26588635913548320  0.27595434533916169  0.28613753402387859  0.29644357825451950
  0.30685418010960241  0.31733580115365234  0.32791227725711619  0.33827383987437981
  0.34834683068290723  0.35839364153378145  0.36850378802454353  0.37867321782162960
  0.38866559032602388  0.39890667083891596  0.40942571386710647  0.41980408105844241
  0.42978193188025382  0.44000496224016539  0.45029353241650277  0.46068229386575027
  0.47095417061546802  0.48128987590947464  0.49174266742300077  0.50223472873039099
  0.51258997532741124  0.52262152897182168  0.53234628681454998  0.54217397613062568
  0.55234003829024758  0.56252349323076623  0.57260597617430364  0.58277561959156898
  0.59307229188360600  0.60342557892073301  0.61360694346722433  0.62359230120603937
  0.63356889146312922  0.64373438202665911  0.65411992880271774  0.66453165867808517
  0.67466057304579263  0.68462250291168691  0.69467628262520842  0.70484624191335365
  0.71482445393087257  0.72480377143364361  0.73476116748796028  0.74493501892711855
  0.75488343579767581  0.76474324878234090  0.77463731261380164  0.78467501874971302
  0.79466476577463085  0.80456489911692630  0.81446929786133249  0.82452308791358042
  0.83447170346527944  0.84436306082340284  0.85430840525478069  0.86443313794023746
  0.87453286834694310  0.88449163409680986  0.89445651738970355  0.90467736367399010
  0.91500146603928023  0.92513278283399591  0.93518260562643662  0.94521026717401602
  0.95545406112942144  0.96455029787151247  0.96890902601903173  1.00000000000000000
 -0.00234519613581964  0.00836499890712912  0.01790478792067711  0.02755755697483691
  0.03735188202744196  0.04708101020580109  0.05683037971286055  0.06663938198960849
  0.07657249503387520  0.08665188943206191  0.09698642607394649  0.10757704655999606
  0.11829136661574781  0.12900936300495569  0.13960153764966218  0.15008968356184749
  0.16061201866654601  0.17121909162430959  0.18197656655194724  0.19298235690235921
  0.20427374405880228  0.21584904423734877  0.22731922655242912  0.23910559294056932
  0.25114097836414528  0.26335154488545853  0.27542834500086338  0.28742451259611590
  0.29971028338628841  0.31197382521996408  0.32403749166433526  0.33616521505841773
  0.34849415108797954  0.36085641088421183  0.37323650818165183  0.38565370779765829
  0.39791018557363700  0.40999434410698699  0.42242566506461643  0.43522124316491689
  0.44799757326975098  0.46060238622563004  0.47325915412384123  0.48570675646990652
  0.49807020389172413  0.51052333879816403  0.52292363128803510  0.53524145601604645
  0.54737111549172723  0.55953105663601832  0.57151019103568024  0.58338116512363480
  0.59519816270315618  0.60712324225949521  0.61917443557448038  0.63102038556031759
  0.64276542911530488  0.65408204702240225  0.66525945811981602  0.67621220346269117
  0.68698187442339109  0.69749021590304494  0.70799492377183493  0.71865685503965271
  0.72922153541800727  0.73948157638609480  0.74963407174873053  0.75975111602656353
  0.76981924855761674  0.77964708920476156  0.78930813136220768  0.79880050660564705
  0.80827895083436618  0.81744184085615135  0.82637800651608351  0.83525273831487234
  0.84407502649935773  0.85288591517443946  0.86150020272579053  0.86998288507048582
  0.87864399749463695  0.88712684811423781  0.89565619006105945  0.90390798159038965
  0.91205967740794580  0.92016877481618142  0.92833042675919364  0.93652106730259843
  0.94474043428857302  0.95295782766218740  0.96108018485509494  0.96907172551272680
  0.97696247249713219  0.98473821416130125  0.99237278328055278  1.00000000000000000
 -0.00256861090295957  0.00969713549153382  0.01990511340667244  0.03059621333486156
  0.04115319719276548  0.05169073038536101  0.06222480479737021  0.07284344200949566
  0.08334821148032567  0.09372972106102603  0.10395902921015118  0.11457092000327795
  0.12524724159711337  0.13622073181212013  0.14685526075037478  0.15755084052368729
  0.16800369416102209  0.17873932411393581  0.18935534726556807  0.20017123790840990
  0.21077138586039357  0.22120291795770591  0.23145911252406395  0.24178584793634991
  0.25208650211504285  0.26265370755988637  0.27309551666213822  0.28349376951762056
  0.29372984813649239  0.30388672731769389  0.31405236812248205  0.32427163170770262
  0.33457015010533825  0.34511704609128008  0.35582115061794367  0.36660452338637928
  0.37721255936082987  0.38768925262569626  0.39807266700638555  0.40868851871972556
  0.41916826514425892  0.42998541645721522  0.44078513214981496  0.45141999397617683
  0.46199250199195052  0.47249254060788526  0.48299330786117967  0.49342585928797278
  0.50414868017401504  0.51483989642254557  0.52539148990029683  0.53564888709764258
  0.54601110417274312  0.55640797135367170  0.56687065946094739  0.57711255970582076
  0.58738238622326533  0.59766550301244858  0.60835208258165718  0.61899825695782285
  0.62962795558673168  0.63991328162615091  0.65022523963065193  0.66036114466032036
  0.67067496993041098  0.68123476408954386  0.69185715173381246  0.70276192897820178
  0.71364827992644386  0.72450535174719310  0.73514527785401840  0.74582796099793913
  0.75669691900370895  0.76756923921129794  0.77827981685569925  0.78892165914131152
  0.79946553161279543  0.81006170621448492  0.82078732743157956  0.83153535788524779
  0.84215929947153134  0.85264617397931108  0.86311369731928866  0.87354510522972961
  0.88377823608517192  0.89396173310772775  0.90407961874981480  0.91423382933385611
  0.92452445320615317  0.93493791703209983  0.94575664260950931  0.95652595854420497
  0.96743076950506313  0.97817683232025177  0.98911956868616346  1.00000000000000000
 -0.00262778414106431  0.00981552496679174  0.02039579307709619  0.03135576391335319
  0.04222246493661837  0.05277956326270163  0.06311463414707552  0.07343222962055390
  0.08376501945581077  0.09436907530062558  0.10517906051459427  0.11620820849483962
  0.12708240285523853  0.13787883879609730  0.14861193709678050  0.15933196978458058
  0.16983860992276270  0.18039441379029120  0.19098189300722548  0.20175989848335882
  0.21236243826482301  0.22288073048310408  0.23345097779817836  0.24419549810251362
  0.25513097191856621  0.26587956477088298  0.27652929946791194  0.28690226965213211
  0.29743217837519575  0.30779883693314086  0.31822826974226742  0.32855732349804184
  0.33895531847752280  0.34929816390621138  0.35987376752091843  0.37048893264120425
  0.38113349029142746  0.39159719644484658  0.40220812822015656  0.41287030985713480
  0.42355789280157069  0.43409975971145365  0.44483233652780946  0.45556662596671921
  0.46621036598490212  0.47686506977416859  0.48727263061267101  0.49758316046263468
  0.50780856771864480  0.51801321326908067  0.52844069387040382  0.53881167551744458
  0.54921694835940993  0.55958688938361367  0.57001450281806898  0.58064566722753286
  0.59103465365731311  0.60138997272084582  0.61167398190224931  0.62200202988804854
  0.63230917851782131  0.64269653485469658  0.65325665555974777  0.66393893088577305
  0.67450847995292273  0.68508128160306359  0.69537460761614522  0.70569023149010790
  0.71612005015290126  0.72643906911994327  0.73681237674578492  0.74700001932569293
  0.75735591099860955  0.76753680126323853  0.77783472225645367  0.78831888256249605
  0.79912152942359171  0.80999983114541885  0.82071424334010623  0.83127645768687197
  0.84179363623860759  0.85240246175843182  0.86279150676145622  0.87320057789666872
  0.88369930853885692  0.89416541810637029  0.90460410675167036  0.91499889680416224
  0.92556907998653115  0.93624956245051272  0.94671277356540995  0.95734616773300796
  0.96805769814156817  0.97898211934794943  0.98954408076902090  1.00000000000000000
 -0.00198138891755604  0.00997176246063125  0.02014798012201394  0.03084330259021712
  0.04139144832353332  0.05196329328382094  0.06223561767846587  0.07275569211700694
  0.08335895590685476  0.09420251500990945  0.10507102811383708  0.11596307025041529
  0.12677902118624271  0.13733789792220502  0.14781558199148312  0.15820924103023951
  0.16862710460632013  0.17898566104706670  0.18936545634137530  0.20009102318174449
  0.21065149977926936  0.22127922427819705  0.23186387673943740  0.24247961723561817
  0.25297396702430586  0.26352475686586085  0.27417476486312770  0.28490410452450482
  0.29536607575661350  0.30567666488405343  0.31595218113105678  0.32623500143357448
  0.33661887913020261  0.34715013343693818  0.35769258892084882  0.36839354596560708
  0.37885826462556588  0.38926517929675697  0.39967191758812187  0.41018700652261714
  0.42073823624159190  0.43121094831389079  0.44167703490777765  0.45205532110171054
  0.46240007585138410  0.47275269007363085  0.48310803657298129  0.49353626430796965
  0.50402583585935290  0.51469198297172558  0.52525862388483613  0.53586663780088606
  0.54656728413341049  0.55750194544678511  0.56851110464485899  0.57940875679209958
  0.59037490778954094  0.60117723420403879  0.61186193536964251  0.62222096777488656
  0.63257588673251541  0.64303769840246694  0.65368450302467873  0.66440799510708604
  0.67494143634177606  0.68542389536907811  0.69579986822457196  0.70631755249729689
  0.71673148449352897  0.72717804369073902  0.73767351853455609  0.74811084237461534
  0.75864801798622894  0.76919137532185811  0.77991518022567385  0.79061178707411583
  0.80087659981375103  0.81107821049934348  0.82151391634769344  0.83199935605006392
  0.84229108083770377  0.85249889246085819  0.86300388091562352  0.87366879569583833
  0.88413921378625593  0.89468776012746165  0.90547630669189938  0.91631316331569812
  0.92696137661719780  0.93749824147897831  0.94782454349935497  0.95811681059474108
  0.96851225765529947  0.97910512142654993  0.98964487204359630  1.00000000000000000
 -0.00243763284087375  0.01058272917658676  0.02158184624287275  0.03293825665164896
  0.04442365256830965  0.05581761559994156  0.06710507413612588  0.07845837364477326
  0.08986031182492868  0.10128051125206045  0.11267704812894309  0.12400884671132814
  0.13498482615613483  0.14567987730329998  0.15632128679010443  0.16688602372038094
  0.17731487685046035  0.18757009519865925  0.19770098843873307  0.20762891235571809
  0.21744440088572775  0.22735811157939986  0.23747954711310260  0.24755111459412613
  0.25731991376611213  0.26681216924757623  0.27617130983875354  0.28554131708844444
  0.29493219004089094  0.30432758425445705  0.31370104050392533  0.32305817596337516
  0.33242864990376664  0.34181688316041137  0.35125566407802683  0.36077044236482858
  0.37032675433246193  0.37982835066213610  0.38923202946989782  0.39849908028762931
  0.40767410958060457  0.41685272120054506  0.42607062012239089  0.43533586390197054
  0.44460603161016987  0.45393987224867050  0.46337196823962384  0.47297738552352608
  0.48256729405861037  0.49200810418847746  0.50145215095617979  0.51090761707704735
  0.52042573017575899  0.53008413730219950  0.53981032583103361  0.54953436180650284
  0.55916505246790338  0.56860721252713287  0.57807201784675066  0.58749956089482691
  0.59695881125075978  0.60655927182026448  0.61615781239993517  0.62575745449552811
  0.63551249462455939  0.64541719862781699  0.65550329894124826  0.66569099913587615
  0.67586795692119028  0.68609476763426769  0.69632410859415816  0.70655124925344004
  0.71677766927149578  0.72707874031515785  0.73758167922696571  0.74831566325363519
  0.75928394664785748  0.77036228129640216  0.78156015529176692  0.79279145510375393
  0.80412549351917573  0.81553094142155169  0.82701633145712272  0.83866677948749990
  0.85056129030416994  0.86269613566369674  0.87511264197038385  0.88793382814808242
  0.90117729984773332  0.91470358935947427  0.92828367684186786  0.94188689346174925
  0.95534215679794277  0.96965878433581509  0.98448042534441527  1.00000000000000000
 -0.00242734128462902  0.00929729328586712  0.01917481321709277  0.02981146803227460
  0.04041565771650024  0.05092833749629924  0.06151335173028567  0.07206339348595402
  0.08245780104264816  0.09246167392329756  0.10245526917353329  0.11258067697401196
  0.12286589431019201  0.13328178153265532  0.14368931742716243  0.15423571481136827
  0.16474970074091572  0.17553642483875367  0.18636880785655854  0.19694514889646916
  0.20734689607625076  0.21778284629632133  0.22835872760686227  0.23923061372607166
  0.25002676431349835  0.26093700677026865  0.27154773414498129  0.28198470945407600
  0.29242857589567578  0.30279845011341877  0.31320512140274187  0.32366387881175351
  0.33419520256949214  0.34450395552876717  0.35491302054041579  0.36561128642823876
  0.37659026166165710  0.38754614604368759  0.39851346933398113  0.40942692475906300
  0.42019264111641452  0.43067786375346900  0.44102143497414964  0.45108251189190662
  0.46111506556095783  0.47118647145792142  0.48138647236830645  0.49193085049694113
  0.50238132352456089  0.51306694120161189  0.52347509797657543  0.53379306941521609
  0.54419916344392782  0.55441623223578496  0.56489662425734455  0.57518645858761452
  0.58577215115877512  0.59633592865919960  0.60684552657557467  0.61748504424798023
  0.62814564300829601  0.63898924572789817  0.64989174798554816  0.66076074885254477
  0.67161144532636130  0.68237010677686250  0.69315443285295120  0.70396789597159415
  0.71498199834589926  0.72614851687718884  0.73721043876574910  0.74800394169895734
  0.75875492055271510  0.76940832612586407  0.78016971172035698  0.79091328547017548
  0.80173310315453117  0.81240350643297621  0.82297988181564685  0.83340674899632428
  0.84367271002970368  0.85369670967922284  0.86390686556589069  0.87442472283772943
  0.88526363064180902  0.89610337377421168  0.90666021944071218  0.91709208032097511
  0.92753499459907562  0.93796302057621905  0.94826064774667684  0.95838708136934492
  0.96875531129474401  0.97913803586147552  0.98957995564166590  1.00000000000000000
  0.01731238190447743  0.04252221349140708  0.06363335287916456  0.08297946458442707
  0.09936179810507341  0.11519989876668738  0.12964206495826633  0.14234671390900483
  0.15362039356680438  0.16393508412974328  0.17382629021411142  0.18338174464680920
  0.19263849637600786  0.20155537214702385  0.21024714231204550  0.21871612162600915
  0.22702692179796077  0.23512427301696723  0.24303781499362445  0.25092562447938743
  0.25884110155938311  0.26670304945595497  0.27440045069398411  0.28200468739717305
  0.28958877309539338  0.29721465355932786  0.30488309644958839  0.31256487993975890
  0.32016147749476870  0.32771685597977157  0.33523333320642290  0.34273516841435431
  0.35027661271550564  0.35778246430285521  0.36516893161390079  0.37250129362976392
  0.37977119503685991  0.38701113179167407  0.39424980092057055  0.40151049653211224
  0.40878375041553300  0.41612444567025952  0.42354926784294455  0.43106134968313098
  0.43853822275443788  0.44597690009557189  0.45343185218069915  0.46101340699131954
  0.46866515735990638  0.47629210191547755  0.48389461045781246  0.49147892050678815
  0.49910680605171054  0.50684110761491619  0.51464425406100056  0.52250659185858239
  0.53040255938782432  0.53827157156363581  0.54625236856199388  0.55439888918769065
  0.56259597223822022  0.57074130298080150  0.57884426732725869  0.58696194871944574
  0.59518510996570717  0.60344782741286229  0.61170692602068444  0.62001004897358591
  0.62865151166720579  0.63749223745981298  0.64646038596516753  0.65555500292672164
  0.66488908030458382  0.67468977442752931  0.68477501853151213  0.69503574991593242
  0.70539140306263670  0.71580328403722182  0.72620911079324446  0.73668179344488083
  0.74742854863212960  0.75829856167169785  0.76937233679954165  0.78063164373714955
  0.79222028913364440  0.80402023411779988  0.81632936008507850  0.82928611350772696
  0.84299498460612299  0.85740813377232961  0.87237961300959366  0.88858344729222916
  0.90695997067917711  0.92856589288130842  0.95641771173235945  1.00000000000000000
 -0.02409633979009423  0.13967466149985636  0.18465543434639170  0.21098466539811167
  0.23236534711179022  0.25054305202531851  0.26693528688246820  0.28218568085035295
  0.29630614185631859  0.30958408253249037  0.32227932964979589  0.33434337127959796
  0.34561905096000634  0.35643171237728183  0.36696704592584500  0.37725242088911254
  0.38713062634066320  0.39660368140779717  0.40567057447333571  0.41460827139979528
  0.42333297736312503  0.43191973518059690  0.44031109588986050  0.44852291282311912
  0.45664016804153440  0.46451636862614587  0.47225461898815374  0.47983053367516154
  0.48712319395315457  0.49427854367817492  0.50134749485322927  0.50834787433528661
  0.51527450619989934  0.52208699635676126  0.52880757383367771  0.53546086996275866
  0.54202659007657494  0.54848904837003087  0.55489977166781956  0.56124175209359106
  0.56744698791301662  0.57353562242049660  0.57955607017734667  0.58553492156471487
  0.59149822996102930  0.59740408923740163  0.60327408668494287  0.60906231890200280
  0.61481137627419946  0.62053388955050981  0.62619326929862418  0.63178500440668628
  0.63733695830698101  0.64280476603628922  0.64824967169240288  0.65369209220320401
  0.65909076060910721  0.66445990771810204  0.66981547683031994  0.67517586143847741
  0.68052966066829346  0.68582459369840187  0.69106862058241736  0.69629651877805199
  0.70157578505689011  0.70684351240368937  0.71202285978226743  0.71709512050075630
  0.72212724734608258  0.72717535625653162  0.73233360257856195  0.73759341991613570
  0.74291482703832712  0.74829802405516799  0.75371928323585946  0.75917800916820644
  0.76463437872508244  0.77007061758999140  0.77557475787731656  0.78119883284814973
  0.78692299402475208  0.79278329380011892  0.79876502294769713  0.80481207489025675
  0.81108714240386992  0.81781987702807413  0.82494759355078306  0.83249273572597593
  0.84069905335855999  0.84964731372124402  0.85983352198365670  0.87156181893456730
  0.88505333838273492  0.90156283709944296  0.92812283423917374  1.00000000000000000
   6.4249641033001785E-012  -1.0000000000000000     
 F F F F F F F F F F F F F F F F F F F F F F F F F F F F F F F F F F F F F F F F F F F F F F F F F F F F F F F F F F F F F F F F F F F F F F F F F F F F F F F F F F F F F F F F F F F F F F F F F F F F F F F F F F F F F F F F F F F F F F F F F F F F F F F F
  <DiscreteSampler_grid>
  grouped_processes
  1 # 1 for a reference and 2 for a running grid.
  10 # Attribute 'min_bin_probing_points' of the grid.
  1 # Attribute 'grid_mode' of the grid. 1=='default',2=='initialization'
  0.0000000000000000 # Attribute 'small_contrib_threshold' of the grid.
  0.5000000000000000 # Attribute 'damping_power' of the grid.
 # binID   n_entries weight   weight_sqr   abs_weight
    13   10   7.704765972093715E+000   1.158416894487785E+002   7.704765972093715E+000
    14   10   7.704765972093723E+000   1.158416894487788E+002   7.704765972093723E+000
    16   10   1.004339062043796E+001   1.954006738923834E+002   1.004339062043796E+001
    17   10   1.004339062043798E+001   1.954006738923840E+002   1.004339062043798E+001
  </DiscreteSampler_grid>
