  0.00007141118636854  0.00007254062933339  0.00007438838459427  0.00007623529154733
  0.00007835853879643  0.00008080560314490  0.00008356323537991  0.00008662503990623
  0.00008961827941883  0.00009150573000357  0.00009221621537007  0.00009240915101933
  0.00009249292924428  0.00009252143797870  0.00009254128177898  0.00009255343723641
  0.00009256209733171  0.00009256827288689  0.00009257188126081  0.00009257527382889
  0.00009257770862588  0.00009257961648736  0.00009258122668961  0.00009258254590332
  0.00009258376835205  0.00009258474057176  0.00009258571279147  0.00009258653202734
  0.00009258731643059  0.00009258810083384  0.00009258885775507  0.00009258960655069
  0.00009259035534630  0.00009259117161828  0.00009259203140535  0.00009259289119242
  0.00009259399058224  0.00009259513142468  0.00009259653583191  0.00009259812831982
  0.00009260024590004  0.00009260262072699  0.00009260521386351  0.00009260867048243
  0.00009261432425739  0.00009262276265108  0.00009263406123393  0.00009265170732498
  0.00009267698321248  0.00009273928941278  0.00009291000901806  0.00009380055202917
  0.00009651955937958  0.00010076874716431  0.00010664003582098  0.00011384988704525
  0.00012280689419891  0.00013372971172127  0.00014709337816655  0.00016380169410672
  0.00018450615925639  0.00021036163358113  0.00024247627021996  0.00028113282987561
  0.00032301600051988  0.00036828679995612  0.00042107004629669  0.00048336682930245
  0.00055064163377201  0.00062136573861822  0.00069841961403034  0.00078985859558470
  0.00088859770258528  0.00099231635453968  0.00111097556355730  0.00124087227524380
  0.00136914037517337  0.00150299063675208  0.00165342057733476  0.00182086133768204
  0.00201525375498692  0.00221769302682835  0.00242670456372500  0.00263445958162918
  0.00284711197872469  0.00309275522472022  0.00338351745985703  0.00369069503535187
  0.00400701251895846  0.00433444777811484  0.00470694330748701  0.00523921680353740
  0.00594550141215717  0.00681442034438079  0.45630728611159493  1.00000000000000000
 -0.00910392306119677  0.03367519952521375  0.05933053774722125  0.07467362204880601
  0.08864992447554376  0.09976028978423536  0.10801005107628500  0.11474183684925288
  0.12025473902889418  0.12719222248918224  0.13497296176148696  0.14328013551240668
  0.15272734904743107  0.16239078002049426  0.17155080602342299  0.18028277274797175
  0.18871331359210253  0.19724202424068460  0.20745691329467111  0.21842689171668409
  0.22999252099040912  0.24188787545437507  0.25287729259598091  0.26325814174174789
  0.27331257193009667  0.28307810762759217  0.29134432437810937  0.30011638475415209
  0.30946619801787550  0.31764466514987005  0.32711929198848450  0.33806208055155229
  0.34988710983320298  0.36177510281053044  0.37353403785672773  0.38511837380793745
  0.39682355869088859  0.40736550370791191  0.41780155950401882  0.42844800556992957
  0.43884114290756521  0.44710582390517140  0.45403478190009905  0.46142646380697500
  0.47013880857305540  0.47979187825874781  0.48958104694093585  0.49941274660171131
  0.50953559731565612  0.52159738680573775  0.53452576181217681  0.54546705397921846
  0.55388698744030485  0.56231565864979483  0.57077860731752772  0.57921954151588995
  0.58854326381688182  0.59949518077770592  0.61048141752215890  0.62058583287150137
  0.62987397106640930  0.63925851774287623  0.64836319596259540  0.65772175511612596
  0.66795295066861460  0.67893917213864485  0.69059033211101162  0.70297135205031724
  0.71561827460707583  0.72796387734431733  0.73979037972598816  0.75039716366160258
  0.75972957999754287  0.76888779912290650  0.77885657503896699  0.78897005203814974
  0.80031639300769575  0.81253037242173332  0.82434838617819872  0.83603262906028575
  0.84765602419271957  0.85902326174149291  0.87004026494898123  0.88097238029255998
  0.89234710748656676  0.90433385172911451  0.91635222982742737  0.92775924979565305
  0.93877879987455992  0.94923470404939481  0.95878905026066918  0.96778628770394937
  0.97661142419496527  0.98522919835190925  0.99282811045990527  1.00000000000000000
  0.00000042671566041  0.00000185134012429  0.00000271714296314  0.00000365221562041
  0.00000486799845225  0.00000656378417179  0.00000877744235139  0.00001120174323192
  0.00001375333893630  0.00001665604467251  0.00001943278831189  0.00002230306735540
  0.00002540956516596  0.00002871251587666  0.00003169827232714  0.00003426796837075
  0.00003672728823482  0.00003881425523486  0.00004081269408116  0.00004278551073206
  0.00004502360021349  0.00004750948103419  0.00005029077236079  0.00005322795939139
  0.00005651472767754  0.00006033068512376  0.00006427886162785  0.00006825654143401
  0.00007244280178523  0.00007700303832226  0.00008186243959891  0.00008666511587012
  0.00009183537820649  0.00009673575741050  0.00010137845883662  0.00010606188751596
  0.00011098837587997  0.00011630637441299  0.00012144503694896  0.00012636982219384
  0.00013164883659589  0.00013715100432210  0.00014292912788066  0.00014958250299381
  0.00015634344055100  0.00016209781606706  0.00016813945730173  0.00017465578643704
  0.00018219366488404  0.00019098313569394  0.00020036848346234  0.00020901241353564
  0.00021707977417097  0.00022545205702633  0.00023371897960609  0.00024344504202884
  0.00025420220939201  0.00026761837235353  0.00028263742611547  0.00029769404484928
  0.00031407212306395  0.00032971125116219  0.00034448335480659  0.00036040456359937
  0.00037581227160076  0.00039306430847639  0.00041467973424696  0.00043921648077627
  0.00046511789335217  0.00049082805064738  0.00051465711495292  0.00053851348730054
  0.00056804355091257  0.00060169230870463  0.00064653513331803  0.00068752284971470
  0.00072246905844584  0.00075522480373044  0.00078692263529433  0.00083426007277155
  0.00088340970704999  0.00093133068131808  0.00098058643429098  0.00103562819980160
  0.00109876836075021  0.00116698405261200  0.00126385595354163  0.00139076788564031
  0.00151796522241392  0.00166166499992616  0.00183864227855222  0.00206203762516212
  0.00233586626913831  0.00960855054176533  0.02400198220169840  1.00000000000000000
 -0.00216691270128531  0.00854823122880133  0.01595134558755843  0.02381936043662752
  0.03174840591037560  0.04019278932839991  0.04811939754281627  0.05601401321955523
  0.06470881578340672  0.07360378147842099  0.08273802966220289  0.09206424210999033
  0.10115019930206927  0.11003742074164428  0.11982309126252977  0.13015801826225792
  0.13959413922356453  0.14747307851714436  0.15485191156496289  0.16183071766042834
  0.16927887682865284  0.17800103117758737  0.18797462254810857  0.19893389210500545
  0.21002296050217040  0.22095305042783520  0.23072248124600930  0.23961850941051338
  0.24815615887494252  0.25664828918500010  0.26685468967669052  0.27814036232092182
  0.28947218620565246  0.30043723844237563  0.31113476563350217  0.32098492518587463
  0.33049806811796906  0.34041101563484882  0.35031336513447042  0.36095187793693317
  0.37112281725245683  0.38088786194415669  0.39038941379766540  0.40073344920382575
  0.41188243479787701  0.42292078783130782  0.43382897027785466  0.44504196908790583
  0.45659011240656211  0.46795994736846636  0.47850886196993930  0.48900168992380610
  0.50050562032336510  0.51258236510866417  0.52428834947272396  0.53518336865873939
  0.54608895063497009  0.55788583205675102  0.56961973449605863  0.58019926604323002
  0.59038199535543001  0.60072348275925558  0.61175487426799391  0.62281397291656337
  0.63112610293472837  0.63902808591890981  0.64715486951994639  0.65684156408631444
  0.66666423661726537  0.67895451458574296  0.69230626481781909  0.70580929006778892
  0.71989794370999771  0.73391408003076308  0.74616793809998772  0.75708007648708531
  0.76832747773422749  0.77977889669319422  0.79177860739597039  0.80521153227110664
  0.82003537686215311  0.83458652552514490  0.84617065353716647  0.85611899246637735
  0.86755258743864871  0.87608580351396659  0.88497876607421544  0.89495796481250467
  0.90557248368161392  0.91682235429029113  0.92864871953794093  0.94155319598857934
  0.95472942280146900  0.96897202127913551  0.98426551897237102  1.00000000000000000
 -0.00317833212544208  0.01057967403494590  0.02165752093672639  0.03278424745791456
  0.04430975914329342  0.05630158963747640  0.06862944940062787  0.08042033747882284
  0.09093005130706054  0.10069714153755631  0.10938985831733698  0.11689696111253642
  0.12597695024886904  0.13461042478742222  0.14226023121793036  0.15196524800816219
  0.16377346979071691  0.17564593951356466  0.18696772871648626  0.19791214577551514
  0.20817644880101874  0.21597379888668222  0.22318261541556536  0.22998067651345169
  0.23829943001105350  0.24945035719127942  0.26182133012662251  0.27395166925045800
  0.28548739560421199  0.29710700847798310  0.30926830060561811  0.32141962450726008
  0.33382953822864209  0.34653987683405391  0.35788357816447369  0.36939913450112766
  0.38006320634090462  0.39019834081091426  0.39996461461657579  0.40987086290329738
  0.41986925755105498  0.43024648078427957  0.44062420163329746  0.45121187058641415
  0.46185560367006034  0.47170541684796136  0.48112582105857410  0.49079955508469281
  0.50101225059841603  0.51225857869103519  0.52288044407048473  0.53291483703969467
  0.54308916990316281  0.55348984110707344  0.56428324663675722  0.57611756685378834
  0.58900150760260672  0.60106478989065804  0.61326371838779381  0.62253312325835108
  0.63174317312961559  0.64118979423901667  0.64968871059937039  0.65824408262368483
  0.67064658557120949  0.68202418394076070  0.69469992101164246  0.70614910683841847
  0.71698973579812031  0.72806132910918420  0.73858542915292313  0.74846643948758473
  0.75839871361588596  0.76868515651914060  0.77863368980354219  0.78953261683808051
  0.80006239915188948  0.81242240229956464  0.82375961609778903  0.83463628262814626
  0.84550123416507095  0.85669832833587656  0.86849938771873436  0.88136301461388966
  0.89498171948396732  0.90777121697652674  0.91871588544716387  0.92964185106983832
  0.94000629445407402  0.95147936561099045  0.96271012054605032  0.96984830870304928
  0.97531887374786008  0.98102289150060562  0.99056218177763866  1.00000000000000000
 -0.00098593452939412  0.00478695202774194  0.01094970490872930  0.01712362959241089
  0.02425981908202571  0.03250791324578274  0.04149927470706120  0.05191693205978085
  0.06296376900740935  0.07371543216347000  0.08420840422893661  0.09606450147589524
  0.10749076464379424  0.11930038496307574  0.13285782473031249  0.14672690918164794
  0.16093649344928823  0.17491036443850461  0.18861539338868955  0.20228852660605576
  0.21543723367643827  0.22751687325940492  0.23809953480759630  0.24884398276021649
  0.26019085354643995  0.27230039518359644  0.28563648021102817  0.29991206922770419
  0.31405048185643097  0.32754249586302886  0.34175700180728213  0.35537295456189705
  0.36831411159652855  0.38082238641251293  0.39308340608805986  0.40673008238763292
  0.42074525002351432  0.43259363510810633  0.44283846634744400  0.45337849553966914
  0.46294818635247975  0.47347738288120816  0.48614969693426208  0.49918404530319771
  0.51219718474310227  0.52543100777054308  0.53860403117120126  0.55144344521117661
  0.56384997545519089  0.57572446520678799  0.58803898197886317  0.59886859063738740
  0.60946457033751911  0.62114832643164908  0.63286416871037610  0.64551959846543905
  0.65821237968281210  0.67001107287575146  0.68154863930670551  0.69343016220904119
  0.70589948929760749  0.71798360346287793  0.72917103974010622  0.74041561253423449
  0.75235059057715636  0.76560565256778734  0.77844212489628839  0.78589179074155946
  0.79214184597031945  0.79917535223958225  0.80789368857196941  0.81678307967473662
  0.82528303162451722  0.83359827530655373  0.84191438661605111  0.85027915043888203
  0.85847005402293641  0.86656986218335053  0.87466928789341825  0.88247268371929954
  0.89049362882925409  0.89931643932770677  0.90941867906025686  0.91978631788925747
  0.92938020848363112  0.93765277546072179  0.94564423801059028  0.95308774029153798
  0.96042179593094534  0.96857435991596796  0.97540142692701948  0.98112537284972934
  0.98693771147227494  0.99184720192678710  0.99573993406261363  1.00000000000000000
 -0.00244818288189553  0.00892054402764397  0.02132169803462667  0.03231900881128351
  0.04137171817021836  0.05021037871025278  0.05817179198219105  0.06515309361536500
  0.07132138169912482  0.08070848539556494  0.09292453560308099  0.10631250843698165
  0.11916118702470896  0.13043713422271369  0.14081547862548288  0.15021728226358316
  0.15916778054432221  0.16913816064521758  0.17994748415421685  0.19072260342468572
  0.20098839616542624  0.21202959966504067  0.22432753687577831  0.23783908962083078
  0.25131425151825282  0.26387533284552595  0.27595803876122410  0.28845152993453754
  0.30108731765275498  0.31411967172541555  0.32667272510904738  0.33825806146544740
  0.34841606654839546  0.35801110291198335  0.36727377935618449  0.37686778801433990
  0.38831097323511765  0.39883406662063986  0.40878874038624491  0.41888855873904052
  0.42941261222183835  0.44007780504698379  0.45053965372962024  0.46097387505780241
  0.47123633644155966  0.48116286261735136  0.49047549109294131  0.49970171322328749
  0.50965078968390420  0.52052397676474382  0.53168526601811428  0.54222868187062467
  0.55228467801624781  0.56248913701707726  0.57273570041914046  0.58261601101010840
  0.59251601936909259  0.60349915735212845  0.61636362197739625  0.62846821261249819
  0.63829677042569954  0.64747465165902651  0.65521584761461971  0.66324016574146039
  0.66927350473102531  0.67552824510239362  0.68441980040411676  0.69632193640831697
  0.70906472041761237  0.72163163507395744  0.73410886209319948  0.74639952859330061
  0.75799445517804187  0.76868388869171012  0.77880315621938700  0.78831131881726457
  0.79725124463536634  0.80647654413503178  0.81594972803730836  0.82632846598904230
  0.83749363106184049  0.84918799480652774  0.86087290363102031  0.87177359931318765
  0.88142101959322761  0.89075252294719531  0.90029960538280407  0.90983961618646247
  0.91912962589289149  0.92858149178291849  0.93910338827609008  0.95107614497752879
  0.96389037386168197  0.97630963983793051  0.98859881054677179  1.00000000000000000
 -0.00382728765957924  0.01276383974642454  0.02468863872512631  0.03614129043282303
  0.04627669115304972  0.05502969938350113  0.06407612852144845  0.07410558258964919
  0.08339589541386488  0.09357127706444564  0.10590534885122838  0.11799141434783626
  0.12984228348628440  0.14079679383130458  0.15241229173163034  0.16467589372716268
  0.17758129207642323  0.19100263112541752  0.20435506819613714  0.21711496423682838
  0.22797519521069556  0.23730552982604597  0.24621592333706965  0.25521017796902967
  0.26646337948498461  0.27950050439845442  0.29230192811596911  0.30388358138351629
  0.31460008900331632  0.32483161351003059  0.33576148556063612  0.34849339633163212
  0.36203749627409204  0.37645100359861294  0.38980429736131811  0.40191514409742657
  0.41294018658238213  0.42335416542438264  0.43395713949055387  0.44475097520284940
  0.45554967294448229  0.46659877120521426  0.47774886274984246  0.48863079312205693
  0.49967287750580175  0.51138260536977098  0.52268509058722279  0.53392989501370725
  0.54342229234058048  0.55334275513967557  0.56366675082086948  0.57421827887964128
  0.58541107615817944  0.59644498510664345  0.60730894081670972  0.61795904103665111
  0.62810739535182469  0.63882711725057229  0.64965276938306260  0.66021442219956950
  0.67072639734477202  0.68169098554362673  0.69310027596320689  0.70403154373387078
  0.71347630769117587  0.72234758675574284  0.73173711583144740  0.74237096694761961
  0.75344795780001639  0.76413897795582519  0.77411814467544415  0.78389242991959007
  0.79371022713715522  0.80342439910434160  0.81334258140297544  0.82390195237164943
  0.83463161953388332  0.84524050916842075  0.85552087975317936  0.86489717222487650
  0.87399008086629126  0.88193338511078700  0.88940465225879317  0.89696810466521704
  0.90195809381671277  0.90977413228494441  0.91917710331584546  0.92861647251727464
  0.93890251131952707  0.95108594587153750  0.96347634689364414  0.97360261043388896
  0.98053901793705378  0.98693875816164522  0.99345134875406882  1.00000000000000000
  0.01244422748637470  0.23238505547306620  0.43863391148743963  0.58143595758005118
  0.62839755719147083  0.64426798996125711  0.65152294409954392  0.65606552515278582
  0.65986457253763642  0.66341303564253373  0.66732462291068151  0.67156579217070655
  0.67585764758771871  0.67983876132197663  0.68337846410665060  0.68674399387020324
  0.68991522791397408  0.69312246000647293  0.69644822317049715  0.69971768829705805
  0.70254186473252633  0.70526900803604708  0.70816334700644490  0.71091494695983692
  0.71347915602760636  0.71661658908582493  0.71973008058832855  0.72226744456754643
  0.72483186097286578  0.72786980755410835  0.73090373686436683  0.73366686635843503
  0.73622110536712160  0.73869836641739794  0.74129056907751867  0.74387635869271973
  0.74615329839744760  0.74836930740833818  0.75059202708642803  0.75283205187994051
  0.75558112998560523  0.75882360308508723  0.76189920942557743  0.76490333291479251
  0.76787897720150977  0.77116041351144193  0.77473994610443053  0.77808456926443537
  0.78121351445171816  0.78425851136493063  0.78712114187048809  0.78996000295594226
  0.79308686049007970  0.79650674523781095  0.79986056162799246  0.80303910029907999
  0.80610856553977628  0.80911827368802403  0.81238024035121259  0.81558104122838437
  0.81880053029466915  0.82225720605209029  0.82575356122748944  0.82920397049306038
  0.83253326574391828  0.83606139646741284  0.83979298382989620  0.84359726322143325
  0.84757352591982327  0.85175492019048171  0.85581814032117975  0.85967436057079472
  0.86321940213569925  0.86653955826815110  0.86979165932166747  0.87299154120520339
  0.87616968235871096  0.88003794914523759  0.88473980780495542  0.88955825835473090
  0.89410336158284676  0.89860700987224684  0.90276941816998946  0.90655572131240914
  0.91074038958913328  0.91533523270163764  0.91999450126460058  0.92538699624173226
  0.93189217187451434  0.93846732150402257  0.94518030693989652  0.95141964609821572
  0.95815019494353404  0.96569988912514360  0.97769298033771768  1.00000000000000000
 -0.03712200082157885  0.14048079244659151  0.22915545890594841  0.26756057844979259
  0.29158664245722243  0.30997428744577632  0.32599605109988383  0.33939375524195142
  0.34840206737049340  0.35773085464766419  0.36756750127267956  0.37734317354872826
  0.38901503785432556  0.39993582630995078  0.40986896688687247  0.41936255416918972
  0.42845012678278188  0.43843825650468687  0.44851069325608506  0.45759385865719576
  0.46616232383559947  0.47465144932982134  0.48295181431548106  0.49050288245629325
  0.49684728425656233  0.50281154368746861  0.50953579047725184  0.51729984981553123
  0.52564305022902580  0.53420185701423628  0.54275405337113680  0.55087648066324535
  0.55807199369632410  0.56420693948605483  0.56988330494364359  0.57583426104495106
  0.58212381537357649  0.58890728042479357  0.59549626963786195  0.60091038694663479
  0.60580118460807197  0.61069262571696248  0.61582733064446360  0.62184305555885533
  0.62852418590357095  0.63535281452380499  0.64184630060185932  0.64734820727672804
  0.65153802359236801  0.65557916140357853  0.66001595900123855  0.66490323003774154
  0.67017247693338311  0.67525140685690166  0.68000235378521068  0.68466503579409810
  0.68923559296024040  0.69380772090628007  0.69850738951563529  0.70321060737982455
  0.70771429521712048  0.71220046486825295  0.71662483457671289  0.72094162062594980
  0.72525806951408833  0.73008803797585786  0.73479260023015924  0.74048631003080656
  0.74541962209247270  0.75020205647295979  0.75506744272904014  0.75976958640857872
  0.76426949510246733  0.76906740318021949  0.77433587846105811  0.77896183675335917
  0.78315320028815416  0.78747626674022231  0.79165385647073183  0.79574029087405773
  0.79991547356211923  0.80456087407924459  0.80950358682768353  0.81465213822478011
  0.82031303491944318  0.82633897579605442  0.83198437505122591  0.83727153653482222
  0.84247003249067653  0.84937156671674252  0.85762355945583035  0.86620333698753160
  0.87565129993469237  0.88719266593740720  0.90652705555534119  1.00000000000000000
   3.3366581823161817E-010  -1.0000000000000000     
 F F F F F F F F F F F F F F F F F F F F F F F F F F F F F F F F F F F F F F F F F F F F F F F F F F F F F F F F F F F F F F F F F F F F F F F F F F F F F F F F F F F F F F F F F F F F F F F F F F F F F F F F F F F F F F F F F F F F F F F F F F F F F F F F
  <DiscreteSampler_grid>
  grouped_processes
  1 # 1 for a reference and 2 for a running grid.
  10 # Attribute 'min_bin_probing_points' of the grid.
  1 # Attribute 'grid_mode' of the grid. 1=='default',2=='initialization'
  0.0000000000000000 # Attribute 'small_contrib_threshold' of the grid.
  0.5000000000000000 # Attribute 'damping_power' of the grid.
 # binID   n_entries weight   weight_sqr   abs_weight
    13   10   8.425228828311977E-002   6.204511806524108E-002   8.425228828311977E-002
    14   10   8.425228828311980E-002   6.204511806524116E-002   8.425228828311980E-002
    16   10   1.352259464159188E-001   1.543722446146433E-001   1.352259464159188E-001
    17   10   1.352259464159188E-001   1.543722446146433E-001   1.352259464159188E-001
  </DiscreteSampler_grid>
