  0.00007137737385896  0.00007259876016649  0.00007443518848702  0.00007644538790438
  0.00007857612945871  0.00008085825795677  0.00008336445623965  0.00008623722887258
  0.00008919592310166  0.00009147063803547  0.00009221630612301  0.00009242127009957
  0.00009249094293411  0.00009251766419599  0.00009253811928622  0.00009255190706400
  0.00009256129563102  0.00009256759027950  0.00009257207379105  0.00009257488882666
  0.00009257721635504  0.00009257929821169  0.00009258108831882  0.00009258253188068
  0.00009258382091510  0.00009258495376348  0.00009258586777712  0.00009258678179075
  0.00009258767676699  0.00009258852213227  0.00009258936749755  0.00009259021286282
  0.00009259112933686  0.00009259205521063  0.00009259298108440  0.00009259419248089
  0.00009259548240175  0.00009259709679505  0.00009259896617730  0.00009260127415308
  0.00009260385178843  0.00009260665812047  0.00009261114412916  0.00009261859830277
  0.00009262894278907  0.00009264422997053  0.00009267067290493  0.00009271525808917
  0.00009285627298904  0.00009333780413149  0.00009513440849894  0.00009923277748705
  0.00010453784214654  0.00011047585751492  0.00011824685356703  0.00012817195654212
  0.00014040178272062  0.00015558370719140  0.00017430979039992  0.00019742126796714
  0.00022623962721027  0.00026174549197792  0.00030038394292554  0.00034050541471053
  0.00038757328779132  0.00044506201276644  0.00051201553427146  0.00058916176189046
  0.00067586117022350  0.00077000941791547  0.00087247817598433  0.00098836816029085
  0.00111479934292791  0.00125472421222027  0.00140412499689669  0.00155951375080778
  0.00172667623304123  0.00190082523056407  0.00207095343279637  0.00227265907061372
  0.00251248957666627  0.00278515717107735  0.00305683162108172  0.00335060994318059
  0.00366497605433033  0.00401747191343855  0.00437549519918075  0.00478265968428522
  0.00520612237952355  0.00566776662900147  0.00623841418739547  0.00708985464267166
  0.00858398090469494  0.01231826983641220  0.12791409811415785  1.00000000000000000
 -0.00930971847690733  0.03692788324215750  0.05983123525024924  0.07353653435349460
  0.08315474574830783  0.09189173047268331  0.10163283119421644  0.11003249912978763
  0.11836741812576608  0.12886625611815522  0.14047944121537184  0.15090364757863786
  0.16017635264697017  0.16927946331104426  0.17805932024030072  0.18633165775543889
  0.19444476759261667  0.20246981647448184  0.21168314633954385  0.22145108234911762
  0.23096001163424371  0.24053270377531547  0.24982399941288663  0.25906454875692381
  0.26833161353910140  0.27789523274299643  0.28725976706711043  0.29615968938647969
  0.30533316864410526  0.31413396999853233  0.32256550091858194  0.33153864750859002
  0.34095122949138029  0.35147947738512964  0.36330809985283574  0.37515149359705602
  0.38775735635556485  0.40051684346736161  0.41197932527825576  0.42236276552758001
  0.43244128033039009  0.44277060875686047  0.45420895255235061  0.46629003264155583
  0.47755612141918435  0.48715609681229177  0.49567602390026516  0.50388369051897541
  0.51193789442049309  0.52122808064458781  0.53128319996361861  0.54368648063432501
  0.55393016476373946  0.56265913439725401  0.56949917423727792  0.57921809510875766
  0.59025063257990518  0.60205270922812115  0.61266638085938319  0.62261178851075460
  0.63112340237099962  0.64286177001120637  0.65321778181715007  0.66551970315217635
  0.67715755369026587  0.68870409021674572  0.70003431529380222  0.71081454514570164
  0.72119864396652855  0.73169179237070625  0.74281787951322320  0.75416525679379331
  0.76558020938669202  0.77768939688762473  0.79039043666912379  0.80292321850402426
  0.81441533069032301  0.82490236176391818  0.83514686599147003  0.84581690033021351
  0.85742186743680104  0.86896532331173570  0.87910505675847406  0.88911112291415462
  0.90048069535967190  0.91074729743319705  0.91803827831981266  0.92539863488270291
  0.93320213229574867  0.94079289126067212  0.94960066832966139  0.96000109891066088
  0.97113895990475296  0.98228878450967105  0.99191902587424208  1.00000000000000000
  0.00000086238140858  0.00000153353833081  0.00000210000460198  0.00000261913849992
  0.00000356798352897  0.00000550366191489  0.00000748671875470  0.00000948824974294
  0.00001165894381986  0.00001416205019136  0.00001686764089093  0.00001971911771862
  0.00002220364591901  0.00002452118404816  0.00002668026804681  0.00002868633514736
  0.00003095055594767  0.00003372510968735  0.00003667865863679  0.00003964046376802
  0.00004243575695428  0.00004506453583174  0.00004762553012157  0.00005032558111661
  0.00005324018340259  0.00005625994993874  0.00005927321457381  0.00006227327027857
  0.00006524660861687  0.00006833172110832  0.00007164132436211  0.00007494274275166
  0.00007824065018622  0.00008130527812378  0.00008440875498706  0.00008755945743499
  0.00009069923097188  0.00009399932657366  0.00009788955122638  0.00010209268231310
  0.00010659234393385  0.00011186294711079  0.00011808578486260  0.00012469264431534
  0.00013123010085058  0.00013780995042173  0.00014490688621054  0.00015262597108410
  0.00016128939185710  0.00017115302925695  0.00018106143238349  0.00019055812885186
  0.00019930398561061  0.00020789203073913  0.00021795875790833  0.00022901142736289
  0.00024156256109444  0.00025551217753560  0.00026983736388628  0.00028440389892642
  0.00030025689914409  0.00031557974259348  0.00033216677609572  0.00034957471523462
  0.00036684522351952  0.00038347999766314  0.00039901678211477  0.00041393597936121
  0.00042804509790568  0.00044542615119944  0.00046979041308886  0.00049982963282398
  0.00053425734640358  0.00057428317531094  0.00061057695436538  0.00064050463306040
  0.00067748709126808  0.00071711060890731  0.00075789664343441  0.00079266221584271
  0.00082518619840656  0.00087062285071950  0.00094810192739445  0.00102775498721212
  0.00110845312520695  0.00119557313588460  0.00129586549717039  0.00144247443894341
  0.00163182864837931  0.00186578535571973  0.00214822627304904  0.00262608381833710
  0.00461240805463990  0.00988006737536154  0.02317251836263898  1.00000000000000000
 -0.00181816463875167  0.00760386018432780  0.01597212522015929  0.02501708941768233
  0.03468687332594610  0.04364258747952967  0.05124136458522362  0.05810347222064253
  0.06618739251287363  0.07553756641143586  0.08496897686098356  0.09458438858678470
  0.10419384094186021  0.11235509993919847  0.12019779662543961  0.12801589288561707
  0.13651441664282110  0.14541515638041400  0.15542203026031340  0.16648148189427786
  0.17810689292898391  0.18934121636006102  0.19939721776661043  0.20825777606324813
  0.21579840167708683  0.22360110891661389  0.23245322663174478  0.24062269484803125
  0.24836469328758537  0.25647213252490220  0.26479616152063967  0.27362327093035266
  0.28241000466250188  0.29090800873423855  0.29998807633525643  0.31097912433548952
  0.32286892040185461  0.33326930094592755  0.34156730177479522  0.34972835472347119
  0.35727547451214553  0.36470699355366321  0.37202919764447073  0.37913419510451229
  0.38642975739776103  0.39397928436468010  0.40193275154840530  0.41078392782063494
  0.41997097991617532  0.43122037598418694  0.44237464726456455  0.45330638684682095
  0.46356336904389472  0.47263636318125890  0.48101106829746604  0.49052966638821527
  0.50172162803783782  0.51263610548793770  0.52378840521800729  0.53534580077479110
  0.54690839406104885  0.55889170854547676  0.57221366498359760  0.58571590208611080
  0.59868927849995979  0.61100354009149183  0.62322031193859451  0.63586570595415237
  0.64845108371886695  0.66059654975511628  0.67189393965841770  0.68275260374470326
  0.69430021365309402  0.70687557744738017  0.71936491039741868  0.73371074617603760
  0.74824971578990562  0.76288864339932405  0.77776237261941927  0.79283518645601114
  0.80749166277978690  0.81965222470279364  0.82786003547559406  0.83642228987663225
  0.84668002694769240  0.85755562452244805  0.86786649093322021  0.87817625122946263
  0.89028260132365133  0.90418268787973177  0.91812823761348972  0.93169747513806256
  0.94661940409198786  0.96337510818385885  0.98117682934845474  1.00000000000000000
 -0.00251837942124905  0.00902694023969547  0.02006331132868630  0.03023302732935369
  0.03932785033602591  0.04889744900674706  0.05802541625369256  0.06753153011169120
  0.07724881455738412  0.08712853410842546  0.09781762525483906  0.10927258133313376
  0.12116330385791368  0.13267231475867144  0.14369655273905821  0.15438152999750757
  0.16463825272421881  0.17443570653207627  0.18455626735546346  0.19535505816237161
  0.20634339119834469  0.21830143505522911  0.23058205182651478  0.24286533086060608
  0.25475828258100441  0.26645477849165078  0.27629569244770441  0.28499077036572207
  0.29244055655759854  0.30045285281764722  0.31002127038172339  0.32050728795445599
  0.33150841851125784  0.34258672923208711  0.35156983516901030  0.35968490484694360
  0.36828722283604587  0.37793033959648492  0.38678423547287005  0.39535469497911169
  0.40412501712901261  0.41293756321485242  0.42270687301452076  0.43496575902505880
  0.44857651940755444  0.46170949427121649  0.47363561688422234  0.48399090080549834
  0.49381520038856991  0.50395791560582792  0.51521532462699027  0.52818005827569303
  0.54273900944467190  0.55704015054664735  0.56976927995834514  0.58058391560847145
  0.59002337200315713  0.59920433147193397  0.61064024995488275  0.62344034791150060
  0.63683027792727187  0.64899607186940089  0.65964454533874184  0.66959704810550214
  0.67872653604933264  0.68714872606244704  0.69708408016918810  0.70785029923149656
  0.71938517745929687  0.73043912954205081  0.74080940320522615  0.75161275914371717
  0.76251708786997241  0.77311376703570700  0.78353974947262273  0.79322462490604984
  0.80325306254574802  0.81319174689522300  0.82279739688436826  0.83202268311934457
  0.84167853179001229  0.85089335387035081  0.85990476560581164  0.86826567615559869
  0.87646823218398373  0.88458066797491486  0.89435132843818310  0.90394173078292517
  0.91333375339954048  0.92337959276309056  0.93497925804638282  0.94816604380938996
  0.96108183055078178  0.97391282860628947  0.98682623835254080  1.00000000000000000
 -0.00307255379935194  0.00928132216222288  0.01925967551351414  0.02761454282483409
  0.03642599891154895  0.04348115282488796  0.04957028582717198  0.05726444418145688
  0.06721567085767501  0.07855032458535112  0.09091809079630099  0.10412164804706554
  0.11684993335233777  0.12915242432572074  0.13883363509044686  0.14808338578688313
  0.15846996018400661  0.16871235110466504  0.18064793725023631  0.19463620211525773
  0.20905752288776047  0.22403924618255086  0.23950670111910591  0.25412289380670933
  0.26786284956164708  0.27998932624479200  0.29228332261600698  0.30512174270172865
  0.31791027108463488  0.33111337220388165  0.34335308625903138  0.35465435790515876
  0.36565574415261021  0.37718450219704247  0.38841104783481972  0.40027625988219412
  0.41177908235402444  0.42298033650673578  0.43440827615519817  0.44587917136891497
  0.45797852362008673  0.47057175439114174  0.48489507128947534  0.49959627729009437
  0.51243690068124881  0.52387600427141989  0.53518821369054981  0.54825862366668554
  0.56128911846379825  0.57459998812241975  0.58724870133091811  0.59959940476147111
  0.61002739079356449  0.62058020274444448  0.63153504264735494  0.64289084387013407
  0.65575657775021190  0.66854157964056038  0.67913030983651834  0.68913300531287880
  0.69826150964180511  0.70649469329094927  0.71397144612126495  0.72200841473924371
  0.73037837697000318  0.74036305645432587  0.75068572477943463  0.75889858112473685
  0.76602807473862167  0.77478346913640705  0.78365387222145111  0.79212636548935811
  0.80042592254887923  0.81017238986944329  0.81948744186356071  0.82921735282633968
  0.83968159693371902  0.84976317932758594  0.85925978148447391  0.87067478427260425
  0.88032365077060770  0.88957523534231753  0.89906820095871476  0.90842747763078313
  0.91833753385951333  0.92873557256437622  0.93847437951489721  0.94647075428398753
  0.95329774349932894  0.96027236161990281  0.96668667520869211  0.97264190325860633
  0.97896822316091181  0.98590698990180492  0.99281045740343299  1.00000000000000000
 -0.00264805801214885  0.00957179346078657  0.02104136857188300  0.02969654254590733
  0.03711611598374070  0.04507646458163424  0.05257741832251509  0.06161637000802796
  0.07131480124393855  0.08118448248362435  0.09158998109630179  0.10301610334589208
  0.11408431377975402  0.12515255495538827  0.13770120436866629  0.15071943190523007
  0.16272978940925434  0.17389811098938748  0.18489033043693145  0.19695933214103903
  0.20933547329895799  0.22106347786733613  0.23238711347718591  0.24322378503708167
  0.25468227999981552  0.26535124187568632  0.27529035779162220  0.28539708328314772
  0.29505273879310406  0.30460867592910384  0.31729793817534635  0.32928615178616288
  0.34074225624567800  0.35140484790507021  0.35975634609197310  0.36748215102684323
  0.37601610829772930  0.38489718992745531  0.39472038064277820  0.40450904039911606
  0.41485896633454050  0.42521748717464924  0.43567372399544735  0.44650586644494422
  0.45609284804673333  0.46503708166155316  0.47474518032452750  0.48597852982334999
  0.49821181306676354  0.50996949124355473  0.52269282667629013  0.53483240056439818
  0.54659521577953474  0.55827883192211492  0.56995812324064488  0.58195989034800999
  0.59430062153300056  0.60554502296809642  0.61544295678625649  0.62616499177798668
  0.63836160182945889  0.65022006017163647  0.66080685993487320  0.67094822644871377
  0.68135284264883511  0.69156418341741077  0.70155800793291134  0.71138281345784060
  0.72175587774801431  0.73274863654956046  0.74312022166160607  0.75267392176515713
  0.76130925728705767  0.76832893197854302  0.77644117643832389  0.78585786519152656
  0.79376461779852825  0.80202924633823225  0.81111294552682001  0.82088599565802989
  0.82957921324000350  0.83764972924117531  0.84591067395312025  0.85438741126492779
  0.86431773800254119  0.87529558333307933  0.88606336247892659  0.89678744523110976
  0.90794149225004217  0.91972183472858560  0.93306979913047505  0.94755666784409653
  0.96146605488898307  0.97469796324118829  0.98755265540805848  1.00000000000000000
 -0.00280109568477169  0.01003193281722269  0.02198001439627988  0.03292568417506946
  0.04274012077383207  0.05246469800187892  0.06191817620900150  0.07071850527773536
  0.08027384052298991  0.08976499744163681  0.09862529518823621  0.10772864173220746
  0.11716131317998650  0.12766001806695843  0.13897137217298908  0.15087770463247935
  0.16248353091919879  0.17400204989024215  0.18661444503991101  0.19879563412513426
  0.21069327247325936  0.22288029759221711  0.23500800961635826  0.24711865476868472
  0.25852943430160119  0.26983797379404190  0.28040003359015780  0.29022946489652612
  0.30028799666683642  0.31081216937261213  0.32104144537162838  0.33089598593723585
  0.34046892166353787  0.34997843298201875  0.36140638052812868  0.37344607065696966
  0.38396577805251547  0.39330296956339461  0.40255016025552459  0.41170010146983832
  0.42067709931467723  0.42884022038930925  0.43538479557701043  0.44208546300632789
  0.44764998993078681  0.45421329383810222  0.46178104137130693  0.46974859667290808
  0.47853949442810356  0.48768427847921575  0.49799262495632679  0.50803675366009360
  0.51894191731610906  0.52998955291629557  0.54133142347330565  0.55081699804531059
  0.56059407346877099  0.57022150373425817  0.58079688304219068  0.59221214988234905
  0.60360626489760993  0.61425798045378277  0.62510979490092400  0.63690202972764820
  0.65007004667788681  0.66383953614346847  0.67632214247301625  0.68840898901185177
  0.70095476889572328  0.71338134704792855  0.72475967299479394  0.73534983642842966
  0.74631030325539971  0.75848682916423471  0.77077380716285959  0.78249159609708219
  0.79309237372433683  0.80314334654673725  0.81373465498891984  0.82613382112177280
  0.84024270089409459  0.85447734591303415  0.86831879767018394  0.88127487892231615
  0.89282663091868808  0.90411054570788973  0.91565891227150065  0.92708825321160016
  0.93850767040617766  0.94893183450897145  0.95816003973881070  0.96714576314449874
  0.97567348788251607  0.98378726880755152  0.99142933147148171  1.00000000000000000
 -0.01802789079076202  0.30158922306005237  0.49380285387825329  0.60005162447558702
  0.63141379876871806  0.64514750272267785  0.65278214917760791  0.65855599732049952
  0.66359439360028538  0.66787565578702057  0.67165424547185282  0.67487549712761863
  0.67772423622829425  0.68070769202584325  0.68394536013877594  0.68728416818224669
  0.69071371693078765  0.69427082969634102  0.69818272246903501  0.70202423305153039
  0.70542378164249375  0.70849360516969884  0.71147301061211798  0.71430758588355303
  0.71691351222036337  0.71946870203334656  0.72192144178392814  0.72440344481503793
  0.72670901227473228  0.72908727338564405  0.73199174121892840  0.73469698305351194
  0.73682983900954890  0.73927855527881559  0.74153573339418855  0.74393129239165445
  0.74653528434788430  0.74934758359678511  0.75218699935826250  0.75482616221437893
  0.75714962229736604  0.75944798968115268  0.76189472311565754  0.76446634141265546
  0.76697350025734867  0.76944764212084960  0.77207726955643474  0.77497239881600166
  0.77810216826209833  0.78138276513116212  0.78483941004733848  0.78874913751375908
  0.79277524046656078  0.79646182058840820  0.80017285453175913  0.80381803595065360
  0.80741665465591295  0.81114400211949733  0.81494081908358484  0.81873069494463768
  0.82261034401380562  0.82658279667496659  0.83042237969968613  0.83423540148943787
  0.83803102965171250  0.84170550793196164  0.84513959340918599  0.84852288139995025
  0.85201150135282699  0.85563463635710379  0.85956534050241118  0.86365512123615751
  0.86778983786258779  0.87189080409958064  0.87582539558635575  0.87964258769213155
  0.88357048193094412  0.88764824267512199  0.89188374972213891  0.89621767977807898
  0.90040052482054078  0.90433625286933894  0.90800206568516895  0.91186004241065233
  0.91600913145613527  0.92112403725347791  0.92636058020389722  0.93127121733116847
  0.93600608940264740  0.94106018740187325  0.94675912331603240  0.95283516504631982
  0.95964194472088937  0.96759678205174304  0.97832884890839678  1.00000000000000000
 -0.02934373904269059  0.11297744580832952  0.22139518535916478  0.25927097715067626
  0.28082205910279506  0.29946139994061582  0.31721206363036664  0.33217339402019097
  0.34553803898310370  0.35807568097945625  0.37170479507775683  0.38238636321462521
  0.39131619146283908  0.39912810018036138  0.40708138232126895  0.41548749846495275
  0.42540647889557598  0.43549104274858169  0.44507026218806639  0.45396152859804279
  0.46244361233566134  0.47073064165583117  0.47755167944118010  0.48255212405461234
  0.48731804999461864  0.49272633730306720  0.49956761321824772  0.50778310842743068
  0.51631264924532294  0.52411527700010541  0.52976124257090451  0.53463073394751670
  0.54004385685679746  0.54614013386049487  0.55259590978746975  0.55919923183016240
  0.56560757422245123  0.57064913188166266  0.57529751360331216  0.58051742785802407
  0.58682539536485256  0.59339173459435512  0.59992030263726404  0.60657297129993837
  0.61274746069918895  0.61855652519819637  0.62435627792542714  0.62987837573888927
  0.63517777707960632  0.63998121085887583  0.64484319679103219  0.65012986244120397
  0.65510494796495478  0.65973911971209731  0.66407539895557732  0.66869068453961711
  0.67400743437457655  0.67965347553619626  0.68490713003790682  0.68970274937753939
  0.69427218409969649  0.69921099959099065  0.70441753602619950  0.70955808887270233
  0.71467801579988910  0.71967689205064933  0.72446323145186098  0.72909715637782657
  0.73343849749475165  0.73750120459595747  0.74158553041890418  0.74566671716974686
  0.74970901991087113  0.75422708351646706  0.75922819148424137  0.76437167414899088
  0.76964285278048705  0.77427098677014194  0.77869653264251815  0.78331423598923589
  0.78844516308476453  0.79373742688309123  0.79884902397969970  0.80412618049108286
  0.80973253923495847  0.81593645309273588  0.82199065132117466  0.82851177661999675
  0.83574827063628065  0.84304421764241522  0.85237155222636685  0.86316558724587256
  0.87449536744884226  0.88976432807361294  0.91449239994786635  1.00000000000000000
   3.4051993991951514E-010  -1.0000000000000000     
 F F F F F F F F F F F F F F F F F F F F F F F F F F F F F F F F F F F F F F F F F F F F F F F F F F F F F F F F F F F F F F F F F F F F F F F F F F F F F F F F F F F F F F F F F F F F F F F F F F F F F F F F F F F F F F F F F F F F F F F F F F F F F F F F
  <DiscreteSampler_grid>
  grouped_processes
  1 # 1 for a reference and 2 for a running grid.
  10 # Attribute 'min_bin_probing_points' of the grid.
  1 # Attribute 'grid_mode' of the grid. 1=='default',2=='initialization'
  0.0000000000000000 # Attribute 'small_contrib_threshold' of the grid.
  0.5000000000000000 # Attribute 'damping_power' of the grid.
 # binID   n_entries weight   weight_sqr   abs_weight
    13   10   2.766572377592905E-002   2.597800266963232E-003   2.766572377592905E-002
    14   10   2.766572377592904E-002   2.597800266963232E-003   2.766572377592904E-002
    16   10   4.945571435366911E-002   1.376007760438704E-002   4.945571435366911E-002
    17   10   4.945571435366911E-002   1.376007760438704E-002   4.945571435366911E-002
  </DiscreteSampler_grid>
