  0.03028051894800745  0.03766561916145347  0.04824416186817192  0.05897832798604292
  0.06982499066406715  0.08031893331494590  0.09117449902660746  0.10191989145333673
  0.11294742626387948  0.12427463375344525  0.13611147334707732  0.14742376663255360
  0.15769735175536981  0.16783767593970092  0.17888746325235361  0.19018958625609936
  0.20080478425182308  0.21083160244339108  0.22033864385235910  0.22961657975958119
  0.23883319212095586  0.24835260355274125  0.25810141107076584  0.26804731071479038
  0.27836466138071064  0.28915698668002116  0.30048498711556437  0.31208083307462842
  0.32365564071024355  0.33513744039649279  0.34609868274016697  0.35692829225277317
  0.36675348621585219  0.37655740125756643  0.38658810190310139  0.39636897095534335
  0.40599351300229730  0.41527326579347323  0.42554079221994667  0.43579583221574603
  0.44516891019674204  0.45439469003472727  0.46414309049096891  0.47434516744363042
  0.48488839971615194  0.49545336757089542  0.50561356459398887  0.51561260655657004
  0.52559472456167189  0.53584787890199770  0.54568715206027674  0.55541656452244259
  0.56563466330583601  0.57664583734322294  0.58720586297524313  0.59743714673547299
  0.60788590388555230  0.61889911798594566  0.62993065159291362  0.64089693890800070
  0.65149576231048922  0.66166186372806735  0.67153563569440788  0.68153608073769600
  0.69122825369620156  0.70098789501486447  0.71061233213643415  0.72002203838541290
  0.72882627305784797  0.73697751245352505  0.74516858227041316  0.75383691907694572
  0.76262316440681344  0.77119199661484572  0.77965945434021744  0.78783635193033574
  0.79677497017934373  0.80624268098878971  0.81587694538112254  0.82599053183859095
  0.83579562937910368  0.84542183413367600  0.85495839925788986  0.86455758098712476
  0.87419491067067590  0.88408391288301069  0.89434901558651558  0.90494869564100289
  0.91581556265812980  0.92627550049209417  0.93646599812317766  0.94632941201937837
  0.95593244286397561  0.96459898958063850  0.96901779450565373  1.00000000000000000
  0.00000008083327385  0.00000132271087870  0.00000394204313144  0.00000780490042612
  0.00001235312458561  0.00001711156488196  0.00002165830549549  0.00002575820747968
  0.00002919833351741  0.00003214104913153  0.00003434278531094  0.00003568747151138
  0.00003695259146529  0.00003811187248261  0.00003917645091525  0.00004014467416791
  0.00004101295107279  0.00004177892951788  0.00004247214128276  0.00004310809545728
  0.00004368818040177  0.00004421502382477  0.00004468519626727  0.00004510915743166
  0.00004549187717063  0.00004582228012736  0.00004612776410795  0.00004640946286278
  0.00004666617125820  0.00004688563235190  0.00004710223675542  0.00004730596299482
  0.00004747830657042  0.00004763610372470  0.00004778799614597  0.00004793413890537
  0.00004807480504428  0.00004821153038827  0.00004832228418326  0.00004843200272548
  0.00004853991575648  0.00004864500951912  0.00004874842035492  0.00004884893457023
  0.00004894877942346  0.00004904938502312  0.00004915004322147  0.00004925059268012
  0.00004935118686894  0.00004945246521795  0.00004955407224995  0.00004965802005245
  0.00004976240063968  0.00004986819272578  0.00004998552658924  0.00005012176228182
  0.00005026051479389  0.00005040109155388  0.00005054984874693  0.00005070141831316
  0.00005085770449137  0.00005104570879765  0.00005125564006574  0.00005148004190517
  0.00005171225791831  0.00005196705950889  0.00005227440846456  0.00005261085653544
  0.00005297820812544  0.00005338627670127  0.00005384355483640  0.00005435317750060
  0.00005492379482662  0.00005557798305395  0.00005628907156774  0.00005706808649003
  0.00005795256691226  0.00005892092949390  0.00006010827049908  0.00006173425202269
  0.00006369377570283  0.00006586448791550  0.00006832677480042  0.00007116580893777
  0.00007600597872059  0.00008347010754037  0.00009417770976552  0.00011124288210606
  0.00013732834867797  0.00018380004574674  0.00026745454034862  0.00044398042711847
  0.00093156652917447  0.00283150355542522  0.66032073852913409  1.00000000000000000
 -0.00212895879696945  0.00873360630624720  0.01874908591509182  0.02940065861146029
  0.04050043750160332  0.05110000988210855  0.06203613354701661  0.07393486746766421
  0.08569648711662613  0.09733147324273106  0.10982099524351673  0.12243039875664835
  0.13311840920869616  0.14318053780600554  0.15313658475006320  0.16347425894371173
  0.17413779684514546  0.18501314130348773  0.19685231140355336  0.20851844011517867
  0.22000662252098030  0.23174909655964518  0.24372847927130875  0.25534584188690562
  0.26620270563680132  0.27675834679986899  0.28738388218638844  0.29815773654753980
  0.30892228829818430  0.31926427852253264  0.32910151188945180  0.33887980777858517
  0.34875439047979040  0.35909106380483063  0.36994626835061178  0.38051894561654365
  0.39039571552329194  0.39994054029384379  0.40961571586194817  0.41987269940506305
  0.42965311253850480  0.43931053240481438  0.44860375309290684  0.45746482690589457
  0.46629461728874949  0.47522948643335478  0.48498273229810679  0.49493465279770438
  0.50527780982821469  0.51584514128990855  0.52631422738607270  0.53674746590762501
  0.54737233706740984  0.55763561710513987  0.56768884915769513  0.57774873702003915
  0.58871750473305140  0.60114815180109038  0.61309129048878797  0.62524813012775837
  0.63801221626088767  0.64936060589946565  0.66010719040231158  0.67059782413274094
  0.68108471045737196  0.69129887846429194  0.70158306808939552  0.71209321223408795
  0.72291046149343052  0.73297553917686598  0.74223537033948206  0.75114459066117134
  0.76036027532897799  0.76988196515262475  0.77929881899976972  0.78830040719625694
  0.79750762907962636  0.80769855749176989  0.81774762617081387  0.82814459836883114
  0.83883239577088664  0.85047708725626536  0.86283419497664005  0.87466236655205598
  0.88636249085136132  0.89856428701911784  0.91104221498950744  0.92205573263667273
  0.93164811473599096  0.94071017841629034  0.94952710057198753  0.95789659709490205
  0.96639045826477499  0.97495753820354791  0.98569764721139697  1.00000000000000000
 -0.00268852225943269  0.00984508240108779  0.02034002730012361  0.03102340899244951
  0.04174827217395401  0.05270835340168162  0.06357405398374005  0.07426789815788966
  0.08477286154640194  0.09494581339780403  0.10517603503806054  0.11539184800504629
  0.12568825241898918  0.13628942211318465  0.14758407161447598  0.15957132006619570
  0.17062544733985821  0.18101068811607179  0.19098531580032510  0.20108180433591033
  0.21060602687240493  0.21982657091923313  0.22852083107533680  0.23789635654704863
  0.24782610842015496  0.25938369756276408  0.27037339424806678  0.28086520650604019
  0.29094573522179262  0.30148235291806819  0.31228611846130450  0.32322888405142991
  0.33471248940959258  0.34508188645834303  0.35573015943567826  0.36589838447354511
  0.37675604980214328  0.38728178422825660  0.39720963652782648  0.40752622572527658
  0.41775089803694421  0.42833788338184964  0.43919555083928008  0.45007028156820250
  0.46105930524769834  0.47148400567058912  0.48125174442327573  0.49125330673315715
  0.50076792407573645  0.51060082213590052  0.52059519954152789  0.53076970071642582
  0.54156326386365250  0.55255921649780637  0.56285882166371071  0.57335135370094836
  0.58345210825932758  0.59617963772806704  0.60825763840885749  0.61980683683409410
  0.63043242726858262  0.64037849312823392  0.65082178657203016  0.66127149672993479
  0.67148734733233828  0.68104855661063302  0.69131594407235697  0.70233886127541867
  0.71331281337968777  0.72401716834083252  0.73459153015357770  0.74506551103665475
  0.75548020096883084  0.76579679876108009  0.77617235412456653  0.78629122046274325
  0.79685898111917441  0.80743515960710299  0.81766987899526589  0.82745222084439274
  0.83742624403422616  0.84774248785294104  0.85807780336692097  0.86838241663596349
  0.87894092240556931  0.88989054692088598  0.90059424594929804  0.91111801514769442
  0.92189942972296890  0.93337210752134669  0.94471298591897657  0.95579218024557921
  0.96740468160563764  0.97912642137452865  0.98948654052231744  1.00000000000000000
 -0.00194504614918544  0.00716141840352485  0.01639537031959264  0.02597746453805849
  0.03663480803724750  0.04733249702775473  0.05832443109387477  0.06972952727414541
  0.08157427061896644  0.09345681302310786  0.10478019653649522  0.11605180967916878
  0.12688688971461898  0.13642253081660502  0.14614075773673499  0.15625016067074038
  0.16663927267393777  0.17722152720828188  0.18818713426150813  0.19914549138185481
  0.20985639246914897  0.22079128171449686  0.23153166288024662  0.24218096059251032
  0.25265034646175505  0.26355798522274321  0.27469040147223750  0.28497762487901290
  0.29526808550140360  0.30555843024687807  0.31589767734383600  0.32603752744677317
  0.33628144678058292  0.34789281022259794  0.36005021496156625  0.37263286013104974
  0.38534994818851814  0.39849318921451587  0.41210862175360974  0.42555841089275032
  0.43906355454849133  0.45212123461117099  0.46538624769373660  0.47866882120250809
  0.49175028065686904  0.50456476631922109  0.51701456351699360  0.52882544729884540
  0.54047309385509223  0.55251091158518806  0.56447483881494531  0.57623707623123144
  0.58772602658550588  0.59908463679891799  0.61017060121748412  0.62135728718784433
  0.63299368257857713  0.64514957765591530  0.65784137446266699  0.67017507610881921
  0.68133215687201487  0.69171658482222009  0.70126653873371991  0.71097164650881339
  0.72067050235261010  0.72996847038020163  0.73913184717266434  0.74828783218972517
  0.75781506003937371  0.76755932890973688  0.77702829167104082  0.78634796864046153
  0.79565756836195012  0.80483425003522457  0.81370225525500861  0.82221269564573440
  0.83067679033299768  0.83941381094017042  0.84815915831715794  0.85706323884927404
  0.86628225806061054  0.87610230665050592  0.88672280486619892  0.89736053440727148
  0.90680978372881815  0.91557454823956275  0.92406074680616146  0.93258880714708936
  0.94088854368366281  0.94926123298645060  0.95790164826675028  0.96670112023218946
  0.97537528915626148  0.98370594484165474  0.99184059175988659  1.00000000000000000
 -0.00267338342178975  0.00942200889033177  0.02013997022410368  0.03065947627614558
  0.04118426805849208  0.05090419559168491  0.06060106707095916  0.07041238177070773
  0.08038748911362527  0.09048297019892612  0.10038706925919764  0.11089132753660075
  0.12190052926254470  0.13230321872403475  0.14249016194994882  0.15314118762702256
  0.16450502650202548  0.17542749519963760  0.18623748813498031  0.19684615420468213
  0.20700655516011132  0.21677452660117960  0.22656304582372633  0.23607683726276979
  0.24559600675692306  0.25520538048714536  0.26519881688861091  0.27525055528389580
  0.28497269620576537  0.29473140931658426  0.30592460496152180  0.31723163840257917
  0.32866435983907893  0.33910360422784608  0.34837682029922851  0.35786450551847948
  0.36682325469055543  0.37601292170633321  0.38573352970835695  0.39591562587848705
  0.40652561565544165  0.41718602737412974  0.42769507939911150  0.43840505005945274
  0.44952327923686336  0.46101623913971335  0.47207847696652994  0.48261436193297291
  0.49308548563327492  0.50389157361874282  0.51513788391083681  0.52584116161753602
  0.53620807443206975  0.54660549695963467  0.55712964150048083  0.56701203723934923
  0.57619993892049126  0.58553308792482461  0.59497528402024724  0.60457039796156942
  0.61449730821071902  0.62488510647433182  0.63586823871908782  0.64703817654069318
  0.65847959157149283  0.66990649029872007  0.68075056856340976  0.69119462402166376
  0.70185111172768511  0.71286696254527104  0.72405834197050412  0.73525596899161194
  0.74630654394067997  0.75764602435757022  0.76911182279555967  0.78006621972504508
  0.79097023402762645  0.80198598511401420  0.81297732068249651  0.82409641138981748
  0.83541143097159731  0.84733574308935355  0.85919709774529063  0.87097101432288349
  0.88200711681782784  0.89325369464800097  0.90500795176688842  0.91672158262218650
  0.92683271718110416  0.93699270196959028  0.94776196348098340  0.95868982673037406
  0.96894861464209048  0.97850447954861675  0.98939488834755296  1.00000000000000000
 -0.00280388176640808  0.01216450910698822  0.02460605651382115  0.03681656515477311
  0.04852692411522586  0.05992441908556115  0.07126136017467877  0.08233742786384972
  0.09350475575936103  0.10501440283832866  0.11686632315322813  0.12882427053992093
  0.14060672204713318  0.15213500776328587  0.16354937430548910  0.17555181867718428
  0.18772660760224885  0.19954856140436006  0.21110027802395023  0.22201740331565722
  0.23295227008559077  0.24346870627428749  0.25342646082837861  0.26316006788386276
  0.27241358615528261  0.28128095551626442  0.29013342335299158  0.29902217246198320
  0.30817506349434504  0.31737084174266333  0.32618526737528697  0.33544047490546275
  0.34539835741431746  0.35511317343836701  0.36393396825414631  0.37250984106265494
  0.38143900505566847  0.39069734958767588  0.40007348550154920  0.40899076552616881
  0.41776844849169692  0.42677800478260586  0.43592408691150569  0.44513276302573107
  0.45436651664348293  0.46364558747506096  0.47306270670557077  0.48289686911698726
  0.49338753446700584  0.50388321032991024  0.51387039527255784  0.52401838452292870
  0.53438528167229404  0.54416474279996585  0.55316863530415372  0.56203344924917520
  0.57036662341362665  0.57861823680886848  0.58713110609751173  0.59529951051788277
  0.60364848736434484  0.61213359415636859  0.62066071783769017  0.63000520401877336
  0.64058625854857087  0.65156410469614701  0.66225933213107202  0.67367285036428448
  0.68612024637007174  0.69662282571820910  0.70699743684167315  0.71746415555486920
  0.72748931193593469  0.73729129251704018  0.74749818471018348  0.75907480627205082
  0.77100466112428634  0.78232776654693392  0.79346412996874371  0.80478599452825805
  0.81594875690050583  0.82685944757304564  0.83777624185869304  0.84903616526121373
  0.86048814228500814  0.87208193517030386  0.88350399181611305  0.89489434198415885
  0.90683436126205264  0.92016832038537066  0.93420080827601304  0.94826780306115432
  0.96202778186485571  0.97542121113736779  0.98821384326245088  1.00000000000000000
 -0.00315622350253217  0.01078184038558362  0.02218798941356723  0.03358109544476601
  0.04487279553024452  0.05624913757376658  0.06727563659387958  0.07779005095623077
  0.08789767048094049  0.09787723868531260  0.10785683604903837  0.11768594849320227
  0.12713340098626838  0.13645697280282557  0.14634894240738228  0.15741884481657417
  0.16882243490673723  0.17961197091187603  0.19057671338779331  0.20205749686422841
  0.21380030026142677  0.22558893225665677  0.23693367407605784  0.24777056051118326
  0.25850246408207284  0.26926548071634787  0.27940507277078330  0.28898778893210081
  0.29890926714313559  0.30952938053704920  0.32041870129575450  0.33114919801738574
  0.34215756415698600  0.35318832984558435  0.36407771350176588  0.37491753006365408
  0.38602578155740336  0.39732944247832896  0.40841887561334828  0.41884620961264690
  0.42829585750551630  0.43797993519294420  0.44754203358112388  0.45716010900211362
  0.46703359014161694  0.47677812917933821  0.48753663492468591  0.49824520151134061
  0.50874132384408521  0.51936529027992173  0.53047422317456339  0.54160942798900003
  0.55208741480156454  0.56221281302546544  0.57228114456009926  0.58229387275142697
  0.59246166279035728  0.60324188449006966  0.61480345181527418  0.62668306045899902
  0.63870814635680906  0.65084420819798849  0.66294825462263396  0.67447767636029543
  0.68512162234877305  0.69555875147330504  0.70545320841457126  0.71459966308899170
  0.72321815380495524  0.73201080294805743  0.74105106851816094  0.74988532951478937
  0.75914373916680600  0.76878297998343448  0.78088136519252782  0.79321567912520852
  0.80475885063784069  0.81574784694381386  0.82609219437045667  0.83595415380642424
  0.84546529848898155  0.85518632545237838  0.86527157464610571  0.87575692841827135
  0.88714410456648796  0.89841932427732796  0.90959915223514676  0.92017382309084927
  0.93000508801220483  0.94023378767738408  0.95050565326276515  0.96026330999229315
  0.96958630783190813  0.97886892222727973  0.98938946776390913  1.00000000000000000
 -0.00104852937861133  0.28158886538977135  0.40495201511914614  0.47697165305002531
  0.52146981715977725  0.54567436161617933  0.55660116159377737  0.56463171203654583
  0.57102777884787304  0.57689613652447624  0.58230457165489657  0.58704582056426913
  0.59151675282730631  0.59591136534736233  0.60031036530075033  0.60461355558152785
  0.60855600485030381  0.61262987226776666  0.61678485877790457  0.62107720578699877
  0.62540058708736157  0.62958150537010105  0.63358093854212572  0.63733462302581967
  0.64084307784902206  0.64426540829786549  0.64787433240837478  0.65171708837606290
  0.65567629804309246  0.65968978993095717  0.66372045326344808  0.66759919563565651
  0.67166711654748024  0.67578207401321466  0.67986192129721901  0.68395864011757790
  0.68800070519728818  0.69193630107675486  0.69581631013745171  0.69973648983211489
  0.70367476539032781  0.70755734785738889  0.71137771857579246  0.71510135408130537
  0.71883701064852223  0.72256867703973382  0.72628649822811153  0.72988135147334909
  0.73338688611277358  0.73699709019620052  0.74059577664944554  0.74417734082550413
  0.74787362488000031  0.75156639211943965  0.75544445088570800  0.75933830869427776
  0.76319292485839174  0.76703206381345423  0.77077639405485676  0.77445920288986925
  0.77816006701679163  0.78191880804890634  0.78576860000519189  0.78983917808116899
  0.79423053833361712  0.79879338229132657  0.80343720789135575  0.80804124601709393
  0.81279102272974790  0.81748667590782775  0.82226935555205394  0.82710959257911187
  0.83179144159567209  0.83654868215789047  0.84136160188573883  0.84628637093913017
  0.85139605525298279  0.85655868783990430  0.86175265927664113  0.86695671461625379
  0.87225028130654914  0.87774365283806266  0.88341816216628699  0.88901345032729195
  0.89450960264430968  0.90027096780901672  0.90623173862317774  0.91239849291774755
  0.91909691715949604  0.92639517137225513  0.93449359150844113  0.94347635626543480
  0.95333112615297677  0.96441437490899107  0.97887401027547349  1.00000000000000000
 -0.02240266259440593  0.13157989059339689  0.18268668350860218  0.21199213870479425
  0.23379134407254246  0.25250534147600440  0.26883696352771830  0.28259801895437664
  0.29561111987806776  0.30787920823263909  0.31957044371771615  0.33125834729944592
  0.34336450011539904  0.35466123904557179  0.36470773670952017  0.37421253267334015
  0.38383632403915485  0.39302183653699846  0.40178692342482342  0.41042435815964912
  0.41919506065871087  0.42852227042793145  0.43748237316177135  0.44606917665833135
  0.45462081266523402  0.46276049112177969  0.47051146768500912  0.47814312096550893
  0.48568527627789931  0.49312245660565751  0.50052735758322986  0.50784417895621770
  0.51513086337457070  0.52215767424093928  0.52909564209780457  0.53594579172901458
  0.54257422383940901  0.54911582242219947  0.55549566025263675  0.56188967141497403
  0.56793164076147107  0.57384492917488705  0.57984366227582140  0.58569746760508434
  0.59137599289150400  0.59706378825116146  0.60257260354898945  0.60827084104545770
  0.61373685726252247  0.61922114049498123  0.62463302123645537  0.63001510250401571
  0.63523460970337176  0.64040375602509847  0.64539317637056393  0.65058777823403990
  0.65583960480559778  0.66102207578711014  0.66617272527611182  0.67141759359112685
  0.67669905900994087  0.68183082243797577  0.68699630697452263  0.69260221912664577
  0.69850115412101688  0.70443158654947724  0.71010828359401912  0.71554527227208564
  0.72091779710811155  0.72641295449796606  0.73200357602462007  0.73762248056273616
  0.74354575766955211  0.74896889592096050  0.75440752777045372  0.76006877467196265
  0.76589817729817988  0.77182312815406118  0.77771026350547701  0.78349988068785403
  0.78923641176590087  0.79494041779006619  0.80111428818679709  0.80728493186881700
  0.81429968160063870  0.82202324155605178  0.83034941417219821  0.83939360648041828
  0.84916131707080145  0.85826012246630845  0.86719511213589284  0.87832578711279408
  0.89071737726149325  0.90433799836223594  0.92682495632141326  1.00000000000000000
   2.0626937023117336E-012  -1.0000000000000000     
 F F F F F F F F F F F F F F F F F F F F F F F F F F F F F F F F F F F F F F F F F F F F F F F F F F F F F F F F F F F F F F F F F F F F F F F F F F F F F F F F F F F F F F F F F F F F F F F F F F F F F F F F F F F F F F F F F F F F F F F F F F F F F F F F
  <DiscreteSampler_grid>
  grouped_processes
  1 # 1 for a reference and 2 for a running grid.
  10 # Attribute 'min_bin_probing_points' of the grid.
  1 # Attribute 'grid_mode' of the grid. 1=='default',2=='initialization'
  0.0000000000000000 # Attribute 'small_contrib_threshold' of the grid.
  0.5000000000000000 # Attribute 'damping_power' of the grid.
 # binID   n_entries weight   weight_sqr   abs_weight
    13   10   3.378658217425203E-002   5.711637011183812E-003   3.378658217425203E-002
    14   10   3.378658217425203E-002   5.711637011183812E-003   3.378658217425203E-002
    16   10   4.457152115839728E-002   1.024237489887128E-002   4.457152115839728E-002
    17   10   4.457152115839729E-002   1.024237489887128E-002   4.457152115839729E-002
  </DiscreteSampler_grid>
