  0.00007143759615541  0.00007246373022672  0.00007415107284232  0.00007584565727578
  0.00007761521092338  0.00007962912293473  0.00008180923054697  0.00008415648257626
  0.00008675613591745  0.00008934173255081  0.00009117527501991  0.00009206553683953
  0.00009223405240508  0.00009232975014065  0.00009237641871099  0.00009239439803311
  0.00009240927434805  0.00009241980183428  0.00009242747867221  0.00009243316138276
  0.00009243726338453  0.00009244109988521  0.00009244317007900  0.00009244508361671
  0.00009244685455978  0.00009244841520843  0.00009244979204525  0.00009245103134537
  0.00009245215831694  0.00009245315566949  0.00009245415302204  0.00009245508947850
  0.00009245602409132  0.00009245697313684  0.00009245795437225  0.00009245893560766
  0.00009246007644704  0.00009246126363594  0.00009246264373711  0.00009246415041006
  0.00009246590315209  0.00009246778899033  0.00009246984532196  0.00009247343384798
  0.00009247747842632  0.00009248298417112  0.00009249020964379  0.00009250000637557
  0.00009251509132414  0.00009253496737730  0.00009257813406459  0.00009268198444976
  0.00009304187737208  0.00009447987613281  0.00009791065367821  0.00010229028414411
  0.00010715789665905  0.00011293651402248  0.00012094014599547  0.00013067998614500
  0.00014241632637806  0.00015653769571502  0.00017348709866968  0.00019384302956799
  0.00021957595713542  0.00025107805384086  0.00028800966081908  0.00033136102424381
  0.00038277200401548  0.00044270868174130  0.00051064086637343  0.00058542454639559
  0.00066952377215565  0.00076018494000439  0.00086483013933154  0.00098751425759144
  0.00111735565709609  0.00125769962350540  0.00140831230546499  0.00157072968503762
  0.00174011497205043  0.00192335791875330  0.00214423707404874  0.00240638607923460
  0.00269246933985223  0.00303532964541562  0.00340726998620319  0.00383284579327156
  0.00431801515688029  0.00488586790695763  0.00562201919112496  0.00656477516852928
  0.00827461434556177  0.01095828624570484  0.31475338788275414  1.00000000000000000
 -0.01013963779583484  0.03986750633782530  0.06186903283479839  0.07609518999919100
  0.08773232499875819  0.09836702451801781  0.10844524374269250  0.11779824432439265
  0.12849979072091836  0.13983582659350230  0.15098349909496267  0.16239010289187703
  0.17416044066291117  0.18623019735506671  0.19843128483350966  0.20927567344211800
  0.21879466477487894  0.22811594095209065  0.23784910972625495  0.24833015849978132
  0.25958629080656642  0.27098041206388640  0.28173345063544231  0.29151330510126067
  0.30119767651334223  0.31119868321597838  0.32195828103693785  0.33350633262833768
  0.34528626416120256  0.35675206584871638  0.36767530966300899  0.37810868399957143
  0.38803879627438453  0.39797183650111673  0.40804025630892071  0.41823556993295902
  0.42886741311591037  0.43976795697090898  0.44816429850071332  0.45616308331749655
  0.46412130723013717  0.47239364613232571  0.48183429323916732  0.49136308719083105
  0.50055236260071423  0.50836863129381049  0.51591375232671188  0.52372828547246308
  0.53335220162174157  0.54423005256029899  0.55430374114052705  0.56457448172369362
  0.57599208842842431  0.58814967328983914  0.59886496245793575  0.60771195342005957
  0.61627376124300826  0.62469259966733315  0.63510082322799744  0.64701849752203955
  0.65654535712773676  0.66730149645516001  0.67663761736098127  0.68578373082247424
  0.69679738530438939  0.70806776285850770  0.71844979433935185  0.72914548777482346
  0.73939404009845000  0.74956764748326743  0.75959086671487619  0.76847327678576149
  0.77773943974965809  0.78709670452923575  0.79826910658394956  0.80945202588642906
  0.82164612618253396  0.83152036257899287  0.83998680105546286  0.84800442526986675
  0.85572089415583386  0.86456764874470893  0.87518961143864638  0.88621085398634225
  0.89770331492808553  0.90749055514634624  0.91547195058419384  0.92428910566803080
  0.93338589269271177  0.94448852499870295  0.95688135084850634  0.96803279009583054
  0.97688779110142909  0.98508489867679083  0.99279629945459613  1.00000000000000000
  0.00000099542255819  0.00000291026074997  0.00000432512389656  0.00000604300439548
  0.00000801774724219  0.00001019946932785  0.00001265426471440  0.00001522547498237
  0.00001781580324444  0.00002056415663512  0.00002325774265801  0.00002566955573283
  0.00002783871272877  0.00003011516120250  0.00003264165558496  0.00003499194637874
  0.00003735117682390  0.00003970637784596  0.00004189846171432  0.00004424982643018
  0.00004669785490870  0.00004902858462853  0.00005131938266874  0.00005372984395815
  0.00005630765969674  0.00005922700285345  0.00006249035854142  0.00006580897557964
  0.00006907768903379  0.00007258558103265  0.00007642476722945  0.00008019825930372
  0.00008385631045435  0.00008768861344583  0.00009175956826200  0.00009613593404132
  0.00010073598161623  0.00010563402022265  0.00011092179109522  0.00011651564698714
  0.00012227319979553  0.00012794888792694  0.00013347116111691  0.00013917132402376
  0.00014530158476743  0.00015169221922280  0.00015862605835132  0.00016566512794278
  0.00017267704756186  0.00018000854785770  0.00018774902614001  0.00019614430613160
  0.00020538669404312  0.00021525473378165  0.00022546992153599  0.00023650260747397
  0.00024782152780230  0.00025852044422879  0.00026874860400439  0.00028021553028691
  0.00029387508688468  0.00030977071802742  0.00032779606207465  0.00034805184875400
  0.00037034452051046  0.00038887705073393  0.00040807848282590  0.00042823383323634
  0.00044929670032450  0.00047149435963121  0.00049403534985036  0.00052279337867598
  0.00055695177594274  0.00058910282050415  0.00061572677153814  0.00064232056793296
  0.00066883011040632  0.00069443069523586  0.00072016926948210  0.00074888199261289
  0.00079948050114115  0.00086179524360778  0.00092917424019303  0.00100088142873676
  0.00107987391303238  0.00116571823378827  0.00125705489173064  0.00135216284703871
  0.00145113146144446  0.00155577799805524  0.00169248244811072  0.00184841211943421
  0.00199691767347658  0.00219206162784587  0.23191528152168561  1.00000000000000000
 -0.00113507030413803  0.00527118926977301  0.01235602480418470  0.01998764830419918
  0.02832119673641768  0.03666517190614303  0.04533008571575474  0.05357906588752689
  0.06185526005258389  0.06985794616237775  0.07734884440371902  0.08494192310838006
  0.09303596200272120  0.10168566687818865  0.11094885033152981  0.11969344959095676
  0.12734632655164724  0.13471550236418889  0.14297568986781542  0.15098744697502109
  0.16110239092389028  0.16953817885209019  0.17749289921139597  0.18618927304082894
  0.19494573499716936  0.20263343663836264  0.20957280430112613  0.21678978955071140
  0.22441008534275095  0.23309988331049136  0.24228693811958929  0.25101431605575097
  0.25911777552626675  0.26758972556078864  0.27701633134551468  0.28657761805773946
  0.29485258753284777  0.30245686774849756  0.31034844511333565  0.31862905625004806
  0.32730160716124462  0.33655670125485920  0.34666370844569788  0.35702336781954702
  0.36724763847489489  0.37745280868095860  0.38793543552588194  0.39856003622099978
  0.40865261444380041  0.41774478666870968  0.42663842592666468  0.43634205590925801
  0.44721594758627115  0.45917497524067091  0.47159028660063590  0.48365918293850141
  0.49505549272975052  0.50559918228054501  0.51714039196507156  0.52987799907410360
  0.54389848708089861  0.55826574774625859  0.57205006572309081  0.58512799969880069
  0.59790323097627385  0.61104963766678366  0.62502519108391086  0.63957014785256738
  0.65326336071607560  0.66440182980238571  0.67555492261539807  0.68637746826201584
  0.69687476203473320  0.70790584674609769  0.71946467186424823  0.72968655109052116
  0.74126828493900809  0.75381728158326411  0.76704134635813015  0.77990724713265125
  0.79106974363426652  0.80080539447725041  0.80995457175071484  0.82052797588789406
  0.83224124593874271  0.84542758659546124  0.86032977402982169  0.87579878921596732
  0.89114114137021139  0.90686307174020020  0.92259084707070516  0.93823640523447038
  0.95380514677059125  0.96927734865906012  0.98474257535647103  1.00000000000000000
 -0.00254185325714053  0.00933934976123567  0.02132238690730207  0.03209893233523892
  0.04239223240148877  0.05311183923237534  0.06412320242041038  0.07511846684210585
  0.08430252829219391  0.09234874547926508  0.10177245698204956  0.11136194034210228
  0.12288578951971993  0.13589028769538955  0.14836954476580483  0.16125318415637915
  0.17450791943421481  0.18758802110748665  0.19986116171379587  0.21171740048840285
  0.22319207730162990  0.23482794230344475  0.24673242571138573  0.25858698526647345
  0.26990395547391066  0.28063935234326753  0.29123076226322647  0.30146108716326564
  0.31162701592574998  0.32223292730076653  0.33296235607428615  0.34329776652129751
  0.35409498152436036  0.36480506532074342  0.37394184333179004  0.38245127599172501
  0.39106921116765359  0.40059377738290364  0.41216174891871382  0.42374460130474695
  0.43464378835764272  0.44511668156973899  0.45578140979317633  0.46604449759432248
  0.47584946640505155  0.48572683857654309  0.49575050154383221  0.50619943000257028
  0.51734058569902397  0.52861597507867186  0.54090802064589605  0.55290531196730131
  0.56387992255322217  0.57438970213234852  0.58423251224783257  0.59409813087905339
  0.60435079434243999  0.61415104787415997  0.62464978995758835  0.63520945701424902
  0.64515400427534542  0.65566081159646727  0.66635947940520290  0.67633169700058182
  0.68633664471679157  0.69627426316598939  0.70681013302638296  0.71848340379815590
  0.73084510814595560  0.74234929904411551  0.75214103298954149  0.76206106815218944
  0.77176544737425146  0.78084997818044588  0.79047666742401768  0.80106092354139069
  0.81168044035606601  0.82144801544831392  0.83054650995689139  0.83966234142291907
  0.84903670477695770  0.85911893140370765  0.87004721639176219  0.88173058257212023
  0.89280852751458573  0.90229966719721277  0.91128405431725712  0.92044958304927227
  0.92949557348263590  0.93798868144972181  0.94747519151956872  0.95655724788001162
  0.96867989104887253  0.97895110309263023  0.98967886163892016  1.00000000000000000
 -0.00133612945042472  0.00605222080702698  0.01323824872070453  0.02101795889798414
  0.02966807671235467  0.03808686678282924  0.04701860904953953  0.05703960176203916
  0.06773119369379761  0.07872491003395236  0.08862769893023674  0.09600142143375014
  0.10348886905145277  0.11148639054669650  0.12088863233777146  0.13235249522100939
  0.14366718043326568  0.15444370881510536  0.16499788079856156  0.17583257371380512
  0.18730709800745285  0.19804093450751878  0.20752962629489907  0.21769110188651972
  0.22925893745771186  0.24104901165959181  0.25418317710700034  0.26899272482050895
  0.28364138810714290  0.29638058218263014  0.30617529565357604  0.31688072455293859
  0.32770742432952099  0.33816083616360954  0.34881994798534127  0.36077874872431914
  0.37390099702805180  0.38683719564454921  0.39938118535121192  0.41302019934038842
  0.42793688622176418  0.44290288690599855  0.45697700127687241  0.47018357057005006
  0.48301567624787395  0.49538115326999166  0.50688799059798151  0.51805582975320374
  0.52941972125022640  0.54152376096442534  0.55405640686611501  0.56695449341605086
  0.57978117929450124  0.59180909598040421  0.60302262289245112  0.61380074595307643
  0.62497528701280414  0.63636315547806099  0.64621671487033661  0.65576902131246306
  0.66596961302041036  0.67604620840965390  0.68719300062496014  0.69837227034776761
  0.71012179535103737  0.72150672291311158  0.73125889340344408  0.74016969800501831
  0.74849051444192261  0.75726753696731242  0.76747599445059533  0.77861120478994583
  0.79034611540671751  0.80227776022974395  0.81413901190276283  0.82583994450765652
  0.83714953071378195  0.84796113772762438  0.85812603193094739  0.86751997290971450
  0.87642711634527204  0.88525719847530848  0.89433217903831819  0.90392076069599248
  0.91335662647904181  0.92216732841641247  0.93011802081619144  0.93755005038843020
  0.94484852012512333  0.95287317409668659  0.96143985256999931  0.97003358846403298
  0.97838204958979846  0.98630722325377729  0.99356961089583451  1.00000000000000000
 -0.00233166188032752  0.00947141493453497  0.01981397883198456  0.02869647086038233
  0.03851516223888116  0.04938422760902348  0.06039167384106107  0.07185586021517253
  0.08314456792439413  0.09481189994284056  0.10605622047248230  0.11695534246667245
  0.12730382520357211  0.13692247987069775  0.14555393160031291  0.15482469821936856
  0.16440417291161621  0.17424669718491548  0.18547525838998685  0.19626083507388561
  0.20618330443951544  0.21577590969543678  0.22568205618775466  0.23653117308230356
  0.24747048694958224  0.25828214638292329  0.26884478460119693  0.27892843697325392
  0.28868263596123483  0.29812510084215055  0.30856113195236334  0.32062068880885375
  0.33330444538271747  0.34514451324794460  0.35732314731378778  0.36957508442706105
  0.38147416305988874  0.39313129128938684  0.40322658954748208  0.41198396332355025
  0.42048049379139679  0.42891355853099622  0.43828448209834536  0.44950662053011653
  0.46186732262024371  0.47394669794612104  0.48530421044089511  0.49647818510992170
  0.50763552901868947  0.51957692461709315  0.53116692798499365  0.54212649395091828
  0.55251754853523927  0.56212025022034662  0.57215665650770087  0.58198686198796779
  0.59094592552192560  0.60023991750965777  0.60961201661647602  0.61997110928799970
  0.63096939143529585  0.64088220609542168  0.64951624255636908  0.65877705952021093
  0.66903564379902725  0.67806324162031939  0.68858578574371110  0.69923986915905267
  0.71032483588373618  0.72363836491720890  0.73561569834905438  0.74665450106249243
  0.75668738917891543  0.76687285023546681  0.77716107925977906  0.78814861940488534
  0.79967095723227699  0.81160816837545480  0.82301159503629129  0.83384488797768830
  0.84420881613484144  0.85490005460657015  0.86606332077240500  0.87732840276529400
  0.88841893024238594  0.89961858374018755  0.91120725349655374  0.92285768858424977
  0.93372064163240642  0.94304119388020013  0.95224815218047754  0.96284139332490848
  0.97361754315801419  0.98324735696465537  0.99183507175136765  1.00000000000000000
 -0.00189429240800554  0.00805509245658170  0.01875024464289570  0.02956811789561372
  0.04190148507939922  0.05288597510653646  0.06365346745672054  0.07446128725188231
  0.08580970180587937  0.09780604558684478  0.11013211121333619  0.12234345721000164
  0.13338881398228411  0.14385679094088039  0.15365502076742110  0.16303040279033948
  0.17307376164846977  0.18335787618525803  0.19385497175381902  0.20414683941705472
  0.21446114996169563  0.22587667958324117  0.23764744249003558  0.24949742634519489
  0.26119427443631477  0.27264975606264186  0.28438401748557862  0.29631515827332555
  0.30818428264365438  0.32074012319376022  0.33374764897856052  0.34668170667552822
  0.35951669440561518  0.37153508153249432  0.38368569311392359  0.39171511198059933
  0.39979512286574570  0.40886459514765683  0.41907662207155622  0.43054628471274364
  0.44347974506945659  0.45579116237540979  0.46851700672582963  0.48100822727517389
  0.49277067772166383  0.50351747816138004  0.51343976805658209  0.52274102426576718
  0.53197048111945133  0.54018224612176446  0.54607708510229203  0.55284758251902655
  0.56247815254904976  0.57304770436622687  0.58219043348141841  0.59134684639874546
  0.60119402954717704  0.61187365983365671  0.62221828509086818  0.63047303155379852
  0.63882122459711954  0.64809747954546815  0.65650269554999963  0.66412027130988771
  0.67169646850802489  0.68052013473171602  0.68937925937944666  0.70028241016554060
  0.71112662257098314  0.72168813814510524  0.73255735923201937  0.74348279683467322
  0.75486166494514806  0.76669280447809951  0.77902724931525014  0.79075664273533175
  0.80265261799043808  0.81420183569457494  0.82575603455420032  0.83731845429843021
  0.84897454318638821  0.86064204184739745  0.87200256332119930  0.88306202634025044
  0.89398167221093450  0.90474544060866102  0.91534110954293069  0.92587864342753656
  0.93603780254503299  0.94528947605979674  0.95371064164039387  0.96173224265834656
  0.97025045939928667  0.97975305629657683  0.98968105382848004  1.00000000000000000
 -0.00521749133320579  0.27014870863933815  0.45214890092871507  0.57721030386248862
  0.62515502877634577  0.63735630195105342  0.64585347654356851  0.65224535591300692
  0.65787206620834615  0.66300205747710272  0.66733623496808847  0.67102437827319550
  0.67479829030031857  0.67865618263015726  0.68194508129342279  0.68492614766021709
  0.68793970912229907  0.69096766177316493  0.69441030797453362  0.69797867233789046
  0.70158477060478919  0.70516759470751988  0.70873691314927845  0.71234147659841129
  0.71599268923123338  0.71969069498787908  0.72333454811133702  0.72687507809836349
  0.73037980084764431  0.73384157855015553  0.73712180308380126  0.74032065978739847
  0.74342917522049112  0.74647058712890857  0.74900344439707467  0.75182992109985225
  0.75471790353815316  0.75774716121523422  0.76084858588717397  0.76414113332188516
  0.76754017792291895  0.77082448075360011  0.77379608440874259  0.77652088766958449
  0.77916227290937590  0.78186482889547304  0.78468008118464971  0.78738096456688844
  0.79000264194962821  0.79266891672843642  0.79541089502769180  0.79833833787772501
  0.80133943999096768  0.80442177014472593  0.80780719804260925  0.81145809438374761
  0.81497460098900953  0.81818197757198541  0.82141828801323757  0.82472576073796700
  0.82769581668335790  0.83059119798546255  0.83330742176295280  0.83614918509569480
  0.83933607439903246  0.84270472155348375  0.84626613202461665  0.84993909967712877
  0.85366007209052908  0.85732435661765161  0.86102844162185999  0.86467114688277635
  0.86807689335145455  0.87129041930098317  0.87450268086432803  0.87819487736236823
  0.88228705759151049  0.88661980271596774  0.89120385338263830  0.89564575524242351
  0.90000880605748690  0.90427249444699498  0.90866095228962840  0.91299398911396235
  0.91736888356936153  0.92169963300762503  0.92616050360997093  0.93119074970898086
  0.93657471172879492  0.94203200131511644  0.94750149515932225  0.95295064865109924
  0.95926241225667508  0.96771908841851473  0.98007009384104071  1.00000000000000000
 -0.04486949305561056  0.14103820958884034  0.22870158919593531  0.25205546144513546
  0.27242043331569499  0.29108398193452500  0.30852829137634041  0.32343095624524759
  0.33627121460313569  0.34806884044999142  0.36003190013069175  0.37082376324827315
  0.38144410664450706  0.39149572103051528  0.40128339923236334  0.41034648929406264
  0.42084232928947590  0.43057296519386973  0.44131133315928461  0.45145297355930358
  0.46028033851591582  0.46812523633228437  0.47616774531808015  0.48365169483152343
  0.49191162641934438  0.50066135382625321  0.50926961320901032  0.51784466513654326
  0.52632161351423246  0.53411855625179339  0.54133904331799854  0.54797654861381584
  0.55399990039551472  0.55981964324534461  0.56594689345896210  0.57213805234569270
  0.57812351531549178  0.58413813106874823  0.59043648717629649  0.59700919450492951
  0.60353038199694631  0.60946903826004994  0.61470254845661776  0.61967160450303704
  0.62469187998029774  0.62944901710383272  0.63429353607207284  0.63941899744626529
  0.64412592267349411  0.64836297486498273  0.65261423172815825  0.65717343162499520
  0.66172347637335172  0.66647188600344864  0.67175566711060275  0.67712932580698626
  0.68246154057719677  0.68777032532374782  0.69281445578585943  0.69764688037034783
  0.70212241670757436  0.70642999262723349  0.71060480116702296  0.71495637413506163
  0.71946709856742486  0.72392508202421046  0.72828631822407919  0.73251156187797684
  0.73743574380033317  0.74234697365192182  0.74724360273068380  0.75197641497875567
  0.75621893601308721  0.76053342335710927  0.76479559780132134  0.76942293531415840
  0.77444982294074860  0.77970207158667237  0.78467393637701754  0.78932312080372224
  0.79403373731198124  0.79876605649279153  0.80390372788801334  0.81005794910100615
  0.81707554354122736  0.82411935618748888  0.83014986337442132  0.83531297850967634
  0.84119710257207747  0.84853143558090505  0.85722454201949916  0.86630272464431157
  0.87526574791898570  0.88670872709561044  0.90485854736579951  1.00000000000000000
   2.9594160513229754E-010  -1.0000000000000000     
 F F F F F F F F F F F F F F F F F F F F F F F F F F F F F F F F F F F F F F F F F F F F F F F F F F F F F F F F F F F F F F F F F F F F F F F F F F F F F F F F F F F F F F F F F F F F F F F F F F F F F F F F F F F F F F F F F F F F F F F F F F F F F F F F
  <DiscreteSampler_grid>
  grouped_processes
  1 # 1 for a reference and 2 for a running grid.
  10 # Attribute 'min_bin_probing_points' of the grid.
  1 # Attribute 'grid_mode' of the grid. 1=='default',2=='initialization'
  0.0000000000000000 # Attribute 'small_contrib_threshold' of the grid.
  0.5000000000000000 # Attribute 'damping_power' of the grid.
 # binID   n_entries weight   weight_sqr   abs_weight
    13   10   4.040481437064831E-002   4.338492270935132E-003   4.040481437064831E-002
    14   10   4.040481437064833E-002   4.338492270935142E-003   4.040481437064833E-002
    16   10   6.248434833515807E-002   2.079888745472056E-002   6.248434833515807E-002
    17   10   6.248434833515809E-002   2.079888745472058E-002   6.248434833515809E-002
  </DiscreteSampler_grid>
