  0.00007141254562846  0.00007216723753669  0.00007268156410390  0.00007307699415554
  0.00007343521797127  0.00007387433542984  0.00007436615085553  0.00007486774774325
  0.00007542487463888  0.00007585492913572  0.00007627672538988  0.00007670129038956
  0.00007713634026730  0.00007764084707082  0.00007812745406949  0.00007864086073545
  0.00007919826755326  0.00007979182443413  0.00008049307230505  0.00008114654961753
  0.00008162638103165  0.00008207219549664  0.00008253068634955  0.00008297833423602
  0.00008353384059521  0.00008418263614442  0.00008485408204145  0.00008554214793357
  0.00008619627715684  0.00008681369739457  0.00008741196925947  0.00008802481155815
  0.00008874942470910  0.00008962322880596  0.00009018442990175  0.00009060977663368
  0.00009107802240566  0.00009154732022947  0.00009189598401739  0.00009211402589299
  0.00009231153426048  0.00009250835109407  0.00009270479349356  0.00009290644008031
  0.00009311523522869  0.00009341884923876  0.00009391926230637  0.00009440113529085
  0.00009520158509737  0.00009613900465883  0.00009702187311265  0.00009790951980194
  0.00009898581446478  0.00010014612590199  0.00010137654279472  0.00010273031893040
  0.00010405587322953  0.00010530207502109  0.00010672869427356  0.00010807152838376
  0.00010912567202948  0.00011034905054359  0.00011169817112059  0.00011350696309830
  0.00011582239567778  0.00011815890297904  0.00012095879215457  0.00012374309523350
  0.00012707779713330  0.00013117019012887  0.00013509736215881  0.00013898171271740
  0.00014325065220097  0.00014750719641247  0.00015166284796253  0.00015715132352429
  0.00016654538067101  0.00017799489702951  0.00018905373186419  0.00019765878529144
  0.00020437474470552  0.00021133088949766  0.00022002228192937  0.00023104260815716
  0.00024631657751573  0.00026420178009143  0.00029575476357785  0.00036052988507157
  0.00045197868656015  0.00050890976718261  0.00058960034448884  0.00072044807665470
  0.00091829737878702  0.00132565049870801  0.14918454841628820  1.00000000000000000
  0.00008185079861133  0.00008808008979654  0.00009353526971443  0.00009840032492747
  0.00010306347517690  0.00010710005240997  0.00010980191230620  0.00011186444575691
  0.00011406463876215  0.00011627585212841  0.00011835086310231  0.00012082706207441
  0.00012324011888085  0.00012598146715794  0.00012916091547427  0.00013308593831348
  0.00013701062343994  0.00014094572708172  0.00014640699820943  0.00015093918635529
  0.00015534170073559  0.00016002717571311  0.00016532927942656  0.00017006528239696
  0.00017365650240441  0.00017644515301993  0.00017958452156841  0.00018286305168957
  0.00018545967723980  0.00018763569583323  0.00018981435251613  0.00019270781027822
  0.00019786388811599  0.00020398095966824  0.00020969261655412  0.00021592649332398
  0.00022357047237443  0.00023232196017393  0.00023989957789569  0.00025028929013295
  0.00026148666802465  0.00027434270497146  0.00028719740819021  0.00029804538918970
  0.00030731754144235  0.00031524763638446  0.00032332155204102  0.00033172194327835
  0.00034164943871031  0.00035070190231542  0.00036175906294964  0.00037483300512514
  0.00039444602107494  0.00041450627133062  0.00043223763676345  0.00044986325424335
  0.00046764862438000  0.00048403700178720  0.00049856842679414  0.00051115974811863
  0.00052490550247655  0.00053555453853805  0.00054812067648085  0.00056190957313027
  0.00057564440048212  0.00058562525397092  0.00059817229930627  0.00061268646593419
  0.00062826279021753  0.00064792041656307  0.00067460538799831  0.00069505169788421
  0.00071405180858245  0.00074416512713223  0.00079229970128493  0.00089257091338887
  0.00100305565994899  0.00110593403061607  0.00122537492462073  0.00130570072036273
  0.00136665223236771  0.00144244267452455  0.00153951541186148  0.00167274963038422
  0.00180384499556805  0.00216811055032154  0.00237841181432078  0.00256225627920208
  0.00285088123389614  0.00323630738092749  0.00441370772074634  0.00532921073591717
  0.00639623929665153  0.00939045469322694  0.17359869712379222  1.00000000000000000
 -0.00238111098485359  0.00929279381875137  0.02202241432277832  0.03468467934951760
  0.05023264213073851  0.06805422734868223  0.08319466270827751  0.09772975528366627
  0.11297749588469722  0.12563147300367980  0.13398573246216902  0.14273635958248024
  0.15436224148840300  0.16539359736814321  0.17570832953019747  0.18434040713385885
  0.19277672349682001  0.20156084190050236  0.21050349969501767  0.21898195952959953
  0.22840768040608267  0.23833551000320866  0.24989858510637852  0.26244878098920432
  0.27312229796240117  0.28273025170209032  0.29462568190613747  0.30577658100747668
  0.31372247178355855  0.32051318465829381  0.32621322036971295  0.33289693797848519
  0.33930518730779025  0.34549472369125500  0.35068392147585720  0.35769418021187099
  0.36521131654491173  0.37257139388881810  0.38692778098715824  0.40059783647664032
  0.41498596786748559  0.42875228626194345  0.44293031603208277  0.45758607028198339
  0.47491968650804023  0.49075100134647104  0.50243276974863760  0.50700906466646944
  0.51298286537956939  0.52034645168653082  0.52900198557802591  0.53821774737223027
  0.54680803144260726  0.55483715227692887  0.56267088183539749  0.57114587500119196
  0.58190577769064333  0.59303438462898361  0.60396573397464870  0.61591900022966073
  0.62762452254932899  0.63729350894164738  0.64879833866535364  0.66117166062119281
  0.67273874819672286  0.68101869952212546  0.69064969694176537  0.70470168474299100
  0.72208094602628592  0.73724224481009093  0.74710991774875035  0.75479201921595507
  0.76134969630798388  0.76779846512116467  0.77998353889422689  0.79027307632964627
  0.79858465634382148  0.80839553464480662  0.82294401636022230  0.84114643501464237
  0.86070940209849256  0.87793128369954831  0.89346996022157010  0.90001906748323623
  0.90769349521093434  0.91348131024790913  0.91884095987983849  0.92469332530150905
  0.93196997455498964  0.94546399946904680  0.96078859925177396  0.96532356247310658
  0.96988805283493895  0.97506790822037948  0.98320471188803404  1.00000000000000000
 -0.00552538801019015  0.01904384546529004  0.03476371257222795  0.04634793255505218
  0.05556582201768364  0.06528135143456412  0.07536808205161606  0.08630606837203850
  0.09468459556376134  0.10399453393823023  0.11735248487912175  0.12822743271835921
  0.14020700169233627  0.15083136047711465  0.16032429409268739  0.17034744735055743
  0.18116556114483295  0.19274968491988476  0.20392744668327425  0.21676488340074726
  0.23254733934075228  0.24526594781476926  0.25585271833094997  0.26543924562259624
  0.27521949920021116  0.28387409425890764  0.29465865220872661  0.30474549567329495
  0.31234292946508674  0.31814393577161199  0.32512495422067633  0.33292332694861043
  0.34011212290598858  0.34743530526344035  0.35682089233960690  0.36613410175185712
  0.37748242687270173  0.38917833869945190  0.39826582847971165  0.40548491831172939
  0.41266195576076542  0.42107356094456144  0.43533053147081263  0.44946189491335470
  0.46161753603387840  0.47410196004128247  0.48758144537924869  0.50399375913832434
  0.52676393662617216  0.54714485336576990  0.56379445501233505  0.57622184986201241
  0.58646484850730984  0.59701502626421377  0.60321787550692507  0.60971633970776840
  0.61652526382485207  0.62359668973147797  0.63127097436048463  0.63986991883532973
  0.64895557904336199  0.65627106199414409  0.66308080360045396  0.66933927273286875
  0.67494250285677371  0.68124571739609763  0.68953913471901696  0.70203511236403593
  0.72080768799063066  0.73943193330069135  0.75540039283978810  0.76415445357196188
  0.77487275935727673  0.78364383193057607  0.79620404530698974  0.80631604761157305
  0.81449805621885696  0.82232353259338742  0.82981545390524114  0.83733399236828332
  0.84791828277589110  0.85993142863274885  0.88007307005496127  0.89281874348999979
  0.90174702024782505  0.90922447201168688  0.91754959803150971  0.92528208939763135
  0.93278530400691018  0.93961773053178876  0.94584875161970516  0.95300070796733838
  0.96467918808180186  0.97765164560984397  0.98912806992445623  1.00000000000000000
 -0.00265911009514534  0.01301720406897439  0.02684925734748846  0.04099365454537005
  0.05098114227209120  0.05983259269373949  0.06847360927112579  0.07728768195646704
  0.08799497160467648  0.10100095798005154  0.11776579317028110  0.13275325210644784
  0.14229205912147141  0.15201300754636837  0.16132875524312965  0.17177146090347761
  0.18099103372981534  0.19143750518763231  0.20110093496552200  0.20745920315379834
  0.21218450544016165  0.21647874282573099  0.22062516265140583  0.22609705043849368
  0.23255206576837950  0.24357622159891090  0.25820570984698271  0.26919717573324414
  0.28031764124124753  0.29043235038833459  0.30113316220610375  0.31488259790421186
  0.32858155445463505  0.34265060624310545  0.35354896690546822  0.36007330826017186
  0.36575510708645137  0.37151234184180054  0.37903952343235664  0.38880402944182724
  0.39857456318222934  0.40456798661929866  0.40985238342959834  0.41519922163601752
  0.42638778131598254  0.43908643024033883  0.45027999746585989  0.46304207561009059
  0.47909184782849779  0.49271179279165844  0.50577310313799650  0.51923795733252409
  0.53292483328807216  0.54894314149364998  0.56360754339076147  0.57385856348881681
  0.58613245061692276  0.59691505682672630  0.60475203896403706  0.61294772522632357
  0.62115559203003712  0.63692299039560918  0.64621901831860884  0.65570386583613993
  0.66482210146974630  0.67382330212866182  0.68709839316168841  0.70414910910805484
  0.71576499752521650  0.72590509785153667  0.73527216302326037  0.74418018756829396
  0.75271864803105171  0.76076778557802616  0.76944035239940045  0.78179921482191950
  0.79468681708602518  0.80428104484996876  0.81320856414334630  0.82383059674228054
  0.83435972047332885  0.84690568099543073  0.85652048801499148  0.86549887968544303
  0.87523261795990226  0.88251024313870707  0.88982304843316329  0.89830995071456843
  0.90758547907778153  0.91903977794104386  0.93118053651451582  0.94643521647762408
  0.95860670484091792  0.97095814303382233  0.98502201346557905  1.00000000000000000
 -0.00226093471239309  0.01282813647676309  0.02737727032186561  0.04111624779255513
  0.05123714073274768  0.05838769176737752  0.06513020181940529  0.07334979282308529
  0.08209570134425687  0.09437079350043177  0.10996427109898681  0.12542818157392849
  0.13788015439143050  0.14948622396198141  0.16097405117494346  0.17255818060784311
  0.18320986119887858  0.19443112921223615  0.20415056506477700  0.22193393685666682
  0.23590056945480517  0.24370863474114846  0.25166652253121852  0.25938282261965084
  0.27247030587179527  0.28734086429820016  0.29928188451155485  0.30984935859998236
  0.31941501531119437  0.33028571059013467  0.34122353637249087  0.35244888910567490
  0.36568904573248839  0.37641927229999067  0.38699159382092646  0.39564615242391293
  0.40397943649404872  0.41554289964413887  0.42747688933514105  0.43956824207956713
  0.45157625389241957  0.46520764991719915  0.47731498687294821  0.48880628512959856
  0.49920645327017105  0.51143916218327767  0.52320102863701246  0.54390292644926919
  0.56183060620636516  0.57461177304507294  0.58509053080837314  0.59526430307680001
  0.60727336736074877  0.61377759433716172  0.61676575223698860  0.62110745473869433
  0.62516465126673604  0.63137870220406356  0.64054279486952204  0.64981624990149034
  0.66755441967612794  0.68483153884287751  0.70067272307178252  0.71448321945572479
  0.72408886053681254  0.73269945581124862  0.74081774500272346  0.74847477300813703
  0.75481917087222117  0.75958897376879320  0.76551892230823426  0.77167079059673460
  0.77800720593618644  0.78421730062266148  0.79011328932388736  0.79568178699657566
  0.80134643352208212  0.80824117293813968  0.81634001644338916  0.82412811414822795
  0.83175221159202140  0.83955633937569885  0.84889683065554367  0.85946950416899281
  0.86916737978474812  0.87945091253499053  0.88908663734934823  0.90034355511864106
  0.91440550726365766  0.92333363571599170  0.93298303850975361  0.94081285983909013
  0.94981482282236929  0.96109036066027886  0.97247751691157958  1.00000000000000000
 -0.00153131886476673  0.02821780427090565  0.04848901335124894  0.06940316064647750
  0.08235252824515048  0.10278619908733064  0.12635532201600180  0.14617512264007235
  0.16214066305124000  0.17780361939379888  0.19609901918464212  0.20989656550343103
  0.22168109403556832  0.23230932769127763  0.24207305868727219  0.25434176363044053
  0.26986457755091575  0.28444865862719504  0.29706709329487796  0.30845182351083683
  0.31752922428726488  0.32454217949931080  0.32980392493514815  0.33643117805931627
  0.34125724947199398  0.34553682193289298  0.34963482526776007  0.35378465828822470
  0.35861018807297590  0.36696531036993613  0.37566977232922510  0.38490279392866622
  0.39224785156073666  0.39890319243040223  0.40566966123732850  0.41272594447035904
  0.42072067272811037  0.42834686456851839  0.43554705216673301  0.44229316175797395
  0.44860532983862039  0.45368558881727949  0.45876982249688097  0.46731613379607068
  0.47619879636059181  0.48309647685861751  0.48840556909373156  0.49400578352331226
  0.49903987599284233  0.50383623240032849  0.50994089334243187  0.51845700187939658
  0.52526615057358628  0.53147945300925303  0.53780166642969196  0.54415842326267683
  0.55139159809524152  0.55886501611189598  0.56677761265571458  0.57397093134138033
  0.58057476392553564  0.58789609012278965  0.59260517967040771  0.59919051218007036
  0.60561797106108184  0.61278001464406195  0.61798286633437483  0.62352741420337232
  0.63026045997130853  0.63467836530783994  0.63911148985108024  0.64378240037151435
  0.64899284055933049  0.65483086365829946  0.66072279874262496  0.66661620796182053
  0.67294778155815516  0.68028551306689433  0.68845820029962534  0.70347732239970184
  0.71659934185181096  0.72884569292486023  0.74139935584064942  0.75423040276623587
  0.76928509727108008  0.78417503630666197  0.79985713656125990  0.81882775727895263
  0.83777506537492541  0.84978120787730638  0.86155537370832291  0.87483979552860847
  0.88846597558941698  0.91500633183753233  0.94831183982006539  1.00000000000000000
 -0.00157587829079965  0.00796040104409913  0.01644524016435398  0.02420865287051080
  0.03248608517206032  0.04024539263136376  0.04933750687603776  0.05984070986478450
  0.07049728720844400  0.08103592969523193  0.09362605427587323  0.10790993805417219
  0.11729116825193561  0.12420873876407700  0.13153011000347467  0.13912222750801168
  0.14678764794304663  0.15882160470369960  0.17059302335555884  0.18158649214934736
  0.19215770179753314  0.20138572427302787  0.21017831636899517  0.21947048868569208
  0.22995371834316070  0.24230884875685763  0.25785778824941435  0.26959881334461794
  0.27861974574945203  0.28884231735419136  0.30067228030584509  0.31213306547795150
  0.32357569945462866  0.33115545318777961  0.33682565100084960  0.34182550694328234
  0.34770998124846164  0.35451237138150660  0.36337561395357321  0.37121207452075355
  0.37866975745530473  0.38308168784779173  0.38770260728487849  0.39427274297808496
  0.40469091310479255  0.43008883368605444  0.44538222427786167  0.45504263148580565
  0.46171774883999461  0.46994336442105855  0.47647841831513260  0.48188618561535473
  0.48802623657562655  0.49493941057298796  0.51014710564946764  0.53034128108892575
  0.55039695656803012  0.56440266540239281  0.58084660300349356  0.59440221266537896
  0.61102942551010719  0.62789916405290336  0.64287181220891465  0.65693105053907563
  0.66838149905742383  0.67931301007556633  0.68976365775399406  0.69757267611346729
  0.70644322074458643  0.71607856039240647  0.72638869377636539  0.73593147101660816
  0.74518039093385036  0.75468766634968198  0.76624881330968053  0.77659335778707683
  0.79075197523280438  0.80645558901143322  0.81735732993014776  0.82811569576317601
  0.83596639299790088  0.84138333880454419  0.84873987962046682  0.85604548495372956
  0.86265038391719218  0.87252733939381233  0.88287524723189692  0.89341601988312924
  0.90449645309178694  0.91875055743415246  0.93835839386311659  0.95603383129211605
  0.96893604909816422  0.97964946520455776  0.98991618307170659  1.00000000000000000
  0.02881528584980817  0.58161871651220920  0.61054286450480488  0.62897437738651929
  0.64361768662676311  0.65207142208641111  0.66153868599105925  0.67648241730379899
  0.69181669947823410  0.70613614079645881  0.72038844232126686  0.72739631883245270
  0.73212285976783609  0.73660666726041057  0.74116931022517085  0.74465898923293605
  0.75045610469458790  0.75604577459076105  0.76176448152749787  0.76758407331815615
  0.77360714259752383  0.78553553406612231  0.79779258527871644  0.81104752725858897
  0.81760477178824631  0.82263788275769367  0.82739651178775708  0.83253175862896411
  0.83830973969572942  0.84977035689766112  0.86230893297509081  0.87130623820262032
  0.87669495251172824  0.88073141409400146  0.88481658908348071  0.89071360860733473
  0.89752706481782885  0.90232692452297680  0.90684734439694714  0.91078864652394564
  0.91481883130059705  0.91728676718714997  0.91941155334404967  0.92143840732350102
  0.92589493298776171  0.93037532499243802  0.93354546520628801  0.93654084454864350
  0.93916373560833000  0.94129612755732917  0.94307309181709642  0.94466482205852720
  0.94622200200246220  0.94808967659890508  0.95007871128847265  0.95204309223064010
  0.95409241917268617  0.95622150485335744  0.95829431634636830  0.95986071795256178
  0.96125834548490574  0.96257250902353575  0.96381942688950295  0.96500952098336157
  0.96619559897735152  0.96745980238751483  0.96875604351498468  0.97006570847098439
  0.97139822509636042  0.97270354931323599  0.97418295116579678  0.97537634186544675
  0.97646370817880401  0.97740642372755748  0.97823764120440337  0.97903998671935555
  0.97981867085451047  0.98050044227409794  0.98128557136669525  0.98213618882217479
  0.98296605601006215  0.98382819291322177  0.98477127594611724  0.98584627097323441
  0.98699440869751132  0.98801505794769329  0.98885879823556033  0.98971572039565814
  0.99058830230460926  0.99155435537360137  0.99258241221177335  0.99369804139980389
  0.99483518354792444  0.99622154436030119  0.99789036294131517  1.00000000000000000
 -0.02162819936438906  0.14833590031565411  0.20676167652542515  0.23228632509873529
  0.25069589854365487  0.26632216995491809  0.28894024410074687  0.31424949524601997
  0.33130840350679008  0.34519033029766327  0.35619994981782405  0.36804670654777344
  0.38182003207645332  0.39649093962644111  0.41015640060260455  0.42265377060521975
  0.43379599025445942  0.44585153195911592  0.45621825503677610  0.46537681517279184
  0.47471194845835257  0.48471232239883738  0.49394040936304917  0.50259291865642419
  0.51080876439121681  0.51744350100846459  0.52188895450762607  0.52679304593126031
  0.53144320660609001  0.53560564749895334  0.53988609828356893  0.54577477068215463
  0.55259505704154943  0.55934042914295845  0.56534962357027474  0.57065929975617069
  0.57515959568316988  0.57967673759987515  0.58447548227671220  0.58987002277424350
  0.59530522791982454  0.60180114728228173  0.61094801995166070  0.62143592542714632
  0.62911398412687403  0.63561253322170241  0.64199647831696127  0.64730318977011414
  0.65209934587816509  0.65717483034430058  0.66250194383229011  0.66802472611507702
  0.67387161146728558  0.67957056408385197  0.68489564724782281  0.69008919521603240
  0.69443721610655151  0.69889082318617735  0.70248248202752805  0.70632652394566053
  0.70997315225027646  0.71412458994224393  0.71895795028939946  0.72313086044936659
  0.72777503646533037  0.73428127626851847  0.74108402207805368  0.74794230313543408
  0.75446022346308073  0.76094685860440692  0.76837553389285185  0.77257479453874189
  0.77536126435568797  0.77758435819532601  0.77978460402587457  0.78175022037075370
  0.78387692498249095  0.78626457022373009  0.78968035416427240  0.79534900662057395
  0.79978715969211644  0.80380079299224227  0.80842679771180392  0.81477858334387043
  0.82118341887448520  0.82759660305390959  0.83380614690530330  0.84149005014308031
  0.85136251592236878  0.86399724697333835  0.87433031193710242  0.88335002420624720
  0.89232500772174994  0.90490763281590003  0.92342721155134555  1.00000000000000000
   2.4471211103413886E-012  -1.0000000000000000     
 F F F F F F F F F F F F F F F F F F F F F F F F F F F F F F F F F F F F F F F F F F F F F F F F F F F F F F F F F F F F F F F F F F F F F F F F F F F F F F F F F F F F F F F F F F F F F F F F F F F F F F F F F F F F F F F F F F F F F F F F F F F F F F F F
  <DiscreteSampler_grid>
  grouped_processes
  1 # 1 for a reference and 2 for a running grid.
  10 # Attribute 'min_bin_probing_points' of the grid.
  1 # Attribute 'grid_mode' of the grid. 1=='default',2=='initialization'
  0.0000000000000000 # Attribute 'small_contrib_threshold' of the grid.
  0.5000000000000000 # Attribute 'damping_power' of the grid.
 # binID   n_entries weight   weight_sqr   abs_weight
    13   10   4.455960075218720E-008   1.919198146040752E-014   4.455960075218720E-008
    14   10   4.455960075218717E-008   1.919198146040749E-014   4.455960075218717E-008
    16   10   6.204007323026713E-008   3.667488221667064E-014   6.204007323026713E-008
    17   10   6.204007323026710E-008   3.667488221667062E-014   6.204007323026710E-008
    22   10   6.689025827935248E-008   4.302266764659199E-014   6.689025827935248E-008
    23   10   6.689025827935245E-008   4.302266764659194E-014   6.689025827935245E-008
    25   10   1.417824091893936E-008   1.503400507835273E-015   1.417824091893936E-008
    26   10   1.417824091893938E-008   1.503400507835278E-015   1.417824091893938E-008
  </DiscreteSampler_grid>
