  0.00000011463414558  0.00000019600976588  0.00000056782995206  0.00000252168212399
  0.00000921764167216  0.00001898721316938  0.00002768527084877  0.00003376883945348
  0.00003734677113933  0.00003965320808796  0.00004105231784799  0.00004207579437748
  0.00004295800259014  0.00004371894118539  0.00004427901913620  0.00004479240866519
  0.00004521942865505  0.00004559828262430  0.00004593732225566  0.00004624649390074
  0.00004652295191726  0.00004674747324171  0.00004692124226262  0.00004706636785659
  0.00004720045881905  0.00004732408391316  0.00004743925135449  0.00004755558045240
  0.00004767151384345  0.00004778598118801  0.00004790014851330  0.00004801260868957
  0.00004811485940922  0.00004820047303861  0.00004828044284694  0.00004836018243848
  0.00004843532998498  0.00004850505571589  0.00004857356217586  0.00004864363563758
  0.00004871439878887  0.00004877480911832  0.00004883307072253  0.00004888969390955
  0.00004894009162719  0.00004898497927705  0.00004902931573130  0.00004907538649005
  0.00004912646352361  0.00004918070287936  0.00004924022662125  0.00004930282430143
  0.00004936216685466  0.00004941712472330  0.00004946643897284  0.00004952172715604
  0.00004957877483526  0.00004963720256581  0.00004969981144809  0.00004976736517132
  0.00004983766723949  0.00004990870631980  0.00004998134792606  0.00005006530978707
  0.00005015371030211  0.00005024729999741  0.00005034886831241  0.00005046099101315
  0.00005058029891707  0.00005070209182051  0.00005083011255554  0.00005097306450212
  0.00005112673652404  0.00005129649782638  0.00005147759205372  0.00005167281584001
  0.00005188390501574  0.00005212406010912  0.00005239880647719  0.00005272752459584
  0.00005311056619270  0.00005349045975417  0.00005398764492256  0.00005471524071210
  0.00005559318447486  0.00005673129630347  0.00005854119713492  0.00006145294243609
  0.00006580323646378  0.00007274267980173  0.00009216905231101  0.00015531155866851
  0.00051778070603468  0.00234654336674386  0.67830651263569219  1.00000000000000000
  0.00007102072981171  0.00007418677148431  0.00007746610518633  0.00008102357128008
  0.00008498512964778  0.00008891797597585  0.00009166875973675  0.00009235321306246
  0.00009248035038228  0.00009252034387434  0.00009254412612281  0.00009255700244765
  0.00009256626202572  0.00009257085114488  0.00009257482125290  0.00009257778508509
  0.00009258051934400  0.00009258213687746  0.00009258375441091  0.00009258537194437
  0.00009258679928738  0.00009258821685166  0.00009258963441595  0.00009259108636074
  0.00009259257806810  0.00009259406977546  0.00009259568234134  0.00009259798167449
  0.00009260028100764  0.00009260390018698  0.00009260819428759  0.00009261331375661
  0.00009261903106180  0.00009263070496982  0.00009265178521490  0.00009268440228543
  0.00009275692808659  0.00009300723560547  0.00009422453155197  0.00009858910753518
  0.00010520510038378  0.00011309649979688  0.00012292976423694  0.00013414158972830
  0.00014738209392786  0.00016314637213853  0.00018086974143808  0.00020081502240023
  0.00022451965226755  0.00025163430628174  0.00028021882148860  0.00031140830913954
  0.00034452605646677  0.00037867978145409  0.00041326316079576  0.00045294451063902
  0.00049505466736260  0.00053957084318847  0.00059007338863303  0.00064015509707691
  0.00069464657797705  0.00075424796891042  0.00081225364233763  0.00087676903856453
  0.00094742664907811  0.00102321622957832  0.00109847397633609  0.00117144280468541
  0.00124478039153021  0.00132749942815875  0.00141350185210331  0.00150657854941407
  0.00161484770093453  0.00171223349819189  0.00182129873852873  0.00192939683449436
  0.00205685951010041  0.00219396866026236  0.00235007889807082  0.00253804255468317
  0.00272623267555362  0.00291464525296556  0.00311621159049601  0.00332343382023369
  0.00356291582720810  0.00384643547910329  0.00417601150600792  0.00455371629406384
  0.00504347267879286  0.00563410368751933  0.00629395887957703  0.00727928105244389
  0.00901590706116975  0.02273960205823211  0.09489071616981092  1.00000000000000000
  0.00000032278505974  0.00000313462067546  0.00000561479515196  0.00000816586914022
  0.00001083762994535  0.00001376009241330  0.00001648048724219  0.00001907120518927
  0.00002166128611590  0.00002374934893273  0.00002538322261829  0.00002665688783041
  0.00002837247026600  0.00003053175800050  0.00003270536970293  0.00003465423646924
  0.00003662997354339  0.00003864272346887  0.00004100209958276  0.00004361305498704
  0.00004614185158041  0.00004873381600470  0.00005132971374006  0.00005390153827254
  0.00005635447913048  0.00005881847713040  0.00006116016323561  0.00006409233051485
  0.00006717961615829  0.00007020558677839  0.00007330362749790  0.00007648359615673
  0.00007955897440836  0.00008264266623437  0.00008586497593866  0.00008922324728938
  0.00009287491608139  0.00009724022924212  0.00010164470985341  0.00010671620594530
  0.00011207399939911  0.00011785373904846  0.00012388999451206  0.00013021498835890
  0.00013694382053729  0.00014406340644556  0.00015172092150285  0.00015944461498071
  0.00016730697481204  0.00017552791930067  0.00018317407761841  0.00019126250946933
  0.00020155080640809  0.00021358741667673  0.00022615797976640  0.00023919744903403
  0.00025239367714738  0.00026728266630494  0.00028427331806313  0.00030161941544500
  0.00032011892970443  0.00033938051676546  0.00035922314540633  0.00038179639420296
  0.00040471498118431  0.00042629593765249  0.00044157324358403  0.00045605863782012
  0.00047092749838171  0.00048333326924824  0.00049947242012253  0.00051922982126197
  0.00053940802271425  0.00055925085328163  0.00058385858853330  0.00061356379716805
  0.00064284525076806  0.00067909936367040  0.00072359234260307  0.00077157637022118
  0.00082691982167262  0.00089484869015300  0.00096537967032741  0.00105233081536241
  0.00114692128137932  0.00123802941738452  0.00132127669466278  0.00141168892511191
  0.00150403714493012  0.00160031511765948  0.00172850620388344  0.00190735639460922
  0.00218129523805109  0.11559303539365035  0.38707785521881838  1.00000000000000000
 -0.00207864054107971  0.00647630843178509  0.01643423743117650  0.02670544294187578
  0.03648179102857562  0.04878683198020046  0.06098623630543661  0.07120886564146561
  0.08102349789398844  0.09075914375473496  0.10176237281381546  0.11450345727145379
  0.12815938563339277  0.14160964653434999  0.15517264794630209  0.16771948163656669
  0.17743524773056302  0.18653137030091882  0.19591752697967080  0.20419950560887959
  0.21316425239440090  0.22340443211869163  0.23460557637321114  0.24605081042839239
  0.25739931679350297  0.26902793248761475  0.28318276191996483  0.29756719443694307
  0.31055756959764241  0.32247474166266649  0.33496335434136182  0.34794296291317550
  0.36002168163700321  0.37191086997434664  0.38348548298625224  0.39460570833160891
  0.40738062581897577  0.42048768069854714  0.42943165260549260  0.43704990514848430
  0.44748706359051621  0.45912972017342552  0.47456454638680717  0.48922537256445325
  0.50221523217783182  0.51357337576313389  0.52511493154815347  0.53781973797245941
  0.54971716825108297  0.56044080908231864  0.57036993104943656  0.58027799796300417
  0.59104392636593850  0.60141977558904192  0.61174217602932657  0.62240665017312402
  0.63290610362203192  0.64336890296416516  0.65412512757001307  0.66468225075654885
  0.67533996548871111  0.68664503921914166  0.69980973320981443  0.71312971673385384
  0.72427580871674380  0.73332602041285078  0.74136125637192318  0.74843560166280010
  0.75494779807943346  0.76251505293354038  0.77027105501348025  0.77978683894558209
  0.79025399133712415  0.79991466314412107  0.81001499518994602  0.82055208675404767
  0.83161622383931311  0.84306517466855568  0.85435944439327416  0.86484048956864112
  0.87450630112063277  0.88400418728323826  0.89368387905233082  0.90326637382636055
  0.91246893353523295  0.92187556880319421  0.93133821066590361  0.94032422635363211
  0.94881294109541925  0.95727747244919548  0.96588923302067153  0.97352932101363210
  0.98038471690994611  0.98698687477427216  0.99343869976631072  1.00000000000000000
 -0.00248561892124941  0.00905435265561774  0.01927249916773553  0.02753047548290855
  0.03571481434739376  0.04349320695633510  0.05180600212848068  0.06232774642197782
  0.07584276750530039  0.08870217766570648  0.10329692094820372  0.11601367922635077
  0.12786127269867581  0.13919535574007771  0.15018223015637006  0.16072800057697387
  0.17141499138930616  0.18176719330007521  0.19202763918177146  0.20345673956556942
  0.21310941586774546  0.21959297141862213  0.22686727804848289  0.23488592485916590
  0.24468999270340122  0.25319135407772281  0.26194375541358750  0.27053198660157118
  0.27942326889711050  0.29024483419046854  0.30218863373661614  0.31461306625149371
  0.32733806817380218  0.33927107316216532  0.34962609791400762  0.35908017348840837
  0.36781456190876105  0.37686767626058093  0.38595824317587113  0.39540557104486224
  0.40583486462073298  0.41572570345437804  0.42541814105254833  0.43519100785615938
  0.44578899151678586  0.45719802358968797  0.46872661924532366  0.48047844702448056
  0.49254103086732559  0.50443770350936767  0.51587266248243624  0.52690347273023919
  0.53834500780756556  0.55012949309954862  0.56204772179393769  0.57539618152573913
  0.58668998230080371  0.59745918946930843  0.60791145887172382  0.61894487262800091
  0.63065610001938721  0.64207149405866648  0.65272569431072358  0.66342281541428283
  0.67546958184741801  0.68868299766965968  0.70195843874048214  0.71449500154049872
  0.72592393778104536  0.73684455310618757  0.74730241279383913  0.75686657556608061
  0.76547928022512279  0.77345938000613090  0.78142121516592333  0.79049733573661929
  0.80139484536020189  0.81237462216562295  0.82282124001401302  0.83364352971763767
  0.84323029998992349  0.85218791127663995  0.86158438559196726  0.87277375473764318
  0.88555089204574167  0.89806115304138878  0.90959612931100176  0.91998403154120567
  0.92917971053541226  0.93929780124748052  0.94974858363996806  0.95884700257089217
  0.96788076505985476  0.97704820142353743  0.98642179109859596  1.00000000000000000
 -0.00133576568000031  0.00636442660443074  0.01494200958662406  0.02447335712680744
  0.03322021969955825  0.04121616469733883  0.04948316941358380  0.05838572932218439
  0.06787518463768757  0.07748957083369767  0.08588797111143892  0.09383339673571257
  0.10224849728715732  0.11159030509063902  0.12223881144238880  0.13290003890925353
  0.14230570506290335  0.15095907450199084  0.15991741686392244  0.16970072892498719
  0.17990922936347287  0.19025539591881860  0.20043387994981138  0.21033527435828420
  0.21966543882968714  0.22818759149183948  0.23679228198591332  0.24631110524477418
  0.25647470808017203  0.26621400818239088  0.27519814831112838  0.28385386101122462
  0.29241831091141696  0.30037323550850609  0.30843044192080071  0.31764558960493899
  0.32668104667737036  0.33740202575493405  0.34792195010788290  0.35864021478858471
  0.37027292307118237  0.38224799420546762  0.39440123218482998  0.40603068119929087
  0.41667033558390948  0.42672613185013175  0.43727414123738173  0.44868667736248263
  0.46016029659141411  0.47097676952762574  0.48094770398223297  0.48986859207511935
  0.49850049756671516  0.50636397230354091  0.51428963394233407  0.52050734290333089
  0.52558306647552866  0.53148723689055788  0.53910480955110684  0.54771402507554767
  0.55711234916904762  0.56757924072760790  0.58021290665503322  0.59021717084822145
  0.60091006294406546  0.61356549317715048  0.62479504617494031  0.63492244015705568
  0.64384047582450810  0.65303345823291814  0.66394739550746895  0.67603787877754284
  0.68922434908340902  0.70269598251337417  0.71527450597256337  0.72737527583164241
  0.73917650216090347  0.75118211741331431  0.76367475095680071  0.77643041400489909
  0.78873792661720299  0.80058807604153592  0.81203666325326407  0.82290483544503812
  0.83404956230192129  0.84635276375398605  0.86010507629246991  0.87531652825564210
  0.89174794067402263  0.90818913029254988  0.92461418636562520  0.94080720068045576
  0.95650013049381366  0.97167138440414480  0.98630723473296478  1.00000000000000000
 -0.00186828125870951  0.00752413438480225  0.01759734817260979  0.02734778719734364
  0.03601765290827033  0.04431014397312064  0.05365637845577646  0.06453650868413167
  0.07620448356369648  0.08779801517815043  0.09993026165003682  0.11185051933679768
  0.12019616203994152  0.12958506817258605  0.13758603819650059  0.14600707355772941
  0.15643290478040378  0.16911778999540752  0.18183435490292332  0.19343158006870600
  0.20344850096386102  0.21462877116904711  0.22595675501522552  0.23583865839356608
  0.24496355139981799  0.25422996880288884  0.26435720440044325  0.27827059737699622
  0.29162997889225700  0.30328130651497370  0.31456455978852554  0.32450057413791233
  0.33440842378452246  0.34114947558231662  0.34768531522202017  0.35550225500809401
  0.36645655113555892  0.37826359808473775  0.38865030479696461  0.39810095670496698
  0.40659570861556477  0.41520638345818078  0.42477771529101982  0.43567946716412959
  0.44725016483066093  0.45760697012089752  0.46718560627002764  0.47606299054661805
  0.48478004059659191  0.49382751258654661  0.50368943988777048  0.51373027532689741
  0.52379496940550463  0.53330430621413161  0.54339639096326797  0.55449019340792616
  0.56540213943020223  0.57742884414048745  0.58935373694391135  0.60145737774743191
  0.61445235061812331  0.62763572457453232  0.64009038057732670  0.65079999114254294
  0.66072417986189591  0.66967311957673681  0.67834884182292932  0.68714064606136183
  0.69627226587443714  0.70636929074814081  0.72006681771870984  0.73227893320993864
  0.74246010696510967  0.75184203723359189  0.76244907624538483  0.77426514211006003
  0.78588698453991301  0.79786295625279624  0.81050451789920841  0.82349602957206525
  0.83636291660728446  0.84824489727744823  0.85853318782935084  0.86789105751888229
  0.87750044817046591  0.88752845600233554  0.89726547048194571  0.90698669683897959
  0.91788602064770131  0.92908617954462414  0.94080593721831696  0.95279874227444472
  0.96456733706024878  0.97586681015271315  0.98722123575443810  1.00000000000000000
 -0.00344245895035283  0.01109265367238355  0.02416573327545780  0.03660520811272514
  0.04873112677587611  0.06089654473416982  0.07195717326143830  0.08116982771383061
  0.08958665454995682  0.09840345243265775  0.10918942548191643  0.12052586596253968
  0.13177852154571393  0.14339015079433867  0.15513646198468042  0.16620979155288199
  0.17648666543299077  0.18705451065447115  0.19815203459544251  0.20858989165409550
  0.21756815028908028  0.22564760540250933  0.23553564611460770  0.24380347007079192
  0.25180012214984299  0.25916756122377771  0.26855093028133731  0.27876803588621418
  0.28894637245649912  0.30010096744814235  0.31132354011070190  0.32182751978122959
  0.33214031459910792  0.34280114475819806  0.35445884017974333  0.36755598206517165
  0.38144182222802936  0.39447248921659417  0.40470568720219202  0.41310740497131776
  0.42162759461823124  0.43095374452857266  0.44119241023954281  0.45162848302581743
  0.46073166264323451  0.46867424579693084  0.47663900639490542  0.48509295168378952
  0.49469959905992772  0.50348689155672777  0.51261015463351323  0.52300714497150602
  0.53175727147574980  0.54314685073117297  0.55423291727033308  0.56510088271850090
  0.57693403547584288  0.59042094264516276  0.60407691186002954  0.61544345231945530
  0.62591640322123487  0.63520507854289765  0.64381862159384307  0.65380307335680654
  0.66420980010640973  0.67339298324157071  0.68251149223752783  0.69265093892678620
  0.70253923409600549  0.71206774843181009  0.72187156334798352  0.73257976045531203
  0.74407442824720826  0.75631943410148672  0.76898130466070214  0.78163606550123155
  0.79428565330112344  0.80646430329016183  0.81647644546715192  0.82588632746716417
  0.83469968067695566  0.84363383663313907  0.85286104045489797  0.86259164262479837
  0.87297982074608893  0.88293653546806306  0.89244194959778445  0.90250900147208091
  0.91343839795910831  0.92531730154192071  0.93786147435737732  0.95019626206464236
  0.96201426587975591  0.97418123474617735  0.98684479808426961  1.00000000000000000
  0.06700355595043768  0.14601445015362652  0.21015582271173169  0.26075956324261240
  0.30505540778387852  0.35832329880472602  0.41657516065802686  0.46616486280048586
  0.50111047802170616  0.53053538914273235  0.59115395413667271  0.62807142416185224
  0.64392524819497343  0.65153900930609743  0.65637518046990229  0.66058394658484565
  0.66460369433751587  0.66841198416958947  0.67248759887702081  0.67608591900758108
  0.67957889597135557  0.68282348221521272  0.68587772785377377  0.68888044807832904
  0.69193852946568590  0.69507245616202218  0.69830104754228373  0.70194108033988800
  0.70595538424724036  0.71008585906242039  0.71401381052622459  0.71737940566114555
  0.72057664219445106  0.72381546372612371  0.72715254245510230  0.73018162728367464
  0.73294028999332095  0.73574418981821199  0.73874833838507936  0.74194121092858489
  0.74528672644153060  0.74906360076202638  0.75309417856283123  0.75677327249662796
  0.76006151925248577  0.76294663964430598  0.76581004107923523  0.76889430134813364
  0.77222601139603786  0.77564359331945487  0.77890800954713235  0.78201508601557224
  0.78536992751788670  0.78891012013216477  0.79236124489343429  0.79594344009300466
  0.80018403229166724  0.80394779086276957  0.80757360878400353  0.81136364099161618
  0.81535722797549737  0.81954664875044059  0.82372679809185934  0.82764291873535023
  0.83122989415442972  0.83444360895664660  0.83739398992528091  0.84043801846924615
  0.84376013295623442  0.84714631416330588  0.85061391842489653  0.85372285716302787
  0.85760404649240296  0.86193544986699833  0.86626218879314032  0.87068366592892532
  0.87521364481991626  0.88003774976652738  0.88525864401582954  0.89074773825050868
  0.89637953028535922  0.90206631055356656  0.90737209541908503  0.91183998929710286
  0.91566602425081800  0.91927516098316908  0.92304793429821752  0.92727341733598989
  0.93190817230732770  0.93685433667091034  0.94312257616978479  0.95081756425163155
  0.95928499363164110  0.96886063656059795  0.98111903106191656  1.00000000000000000
 -0.03974673724191731  0.15306650336990438  0.21420069473834100  0.24046567682626102
  0.26257094974156325  0.28079874776452868  0.29678703224591907  0.30908452574070172
  0.32135208954359806  0.33379434068337305  0.34660058814788725  0.35822848904717930
  0.36820206608473943  0.37764673984664276  0.38646019385423352  0.39409113087562303
  0.40112502322104604  0.40696622902354118  0.41306062645710229  0.42046839715282019
  0.42768113575217698  0.43431126194604608  0.44079372269945655  0.44600436073314376
  0.45242719724851516  0.45989300363898766  0.46685340689849986  0.47441876331367278
  0.48280403925036502  0.49119993928696876  0.49954618379266363  0.50764449583736593
  0.51366456604245692  0.51940118480058295  0.52490099579167704  0.53052018308059146
  0.53619178630687725  0.54194736963425372  0.54787068817930262  0.55353315299111727
  0.55939499365670764  0.56499178197382649  0.57074754937052019  0.57671846912729097
  0.58222806538502059  0.58693309711643815  0.59194588341298049  0.59695091171386350
  0.60226220592026725  0.60774363443716650  0.61261553222820286  0.61738557470978483
  0.62200725462300266  0.62687333367699893  0.63183274715134652  0.63601756440591928
  0.64041240403397492  0.64480507674288379  0.64945676190047597  0.65404553000722987
  0.65844185455649562  0.66217515583102604  0.66570193172857495  0.66935521546216414
  0.67309094466064268  0.67682772241197908  0.68075447223614893  0.68505234200877529
  0.68965314588623405  0.69417560788705668  0.69850288482886691  0.70284229974188461
  0.70621797504945749  0.70958352381296474  0.71329134535902849  0.71701058002623985
  0.72056144589818716  0.72457046501434308  0.72892341422316664  0.73338895329833309
  0.73795980361906288  0.74300506666250243  0.74866254523795805  0.75419541747875485
  0.75907708096891613  0.76345839895758383  0.76760915182853617  0.77145195401273736
  0.77527685798535573  0.78072041620955424  0.78826576441651075  0.79740433490957252
  0.80991956070131721  0.83086097833126926  0.88226337562158086  1.00000000000000000
   2.7570022084097471E-010  -1.0000000000000000     
 F F F F F F F F F F F F F F F F F F F F F F F F F F F F F F F F F F F F F F F F F F F F F F F F F F F F F F F F F F F F F F F F F F F F F F F F F F F F F F F F F F F F F F F F F F F F F F F F F F F F F F F F F F F F F F F F F F F F F F F F F F F F F F F F
  <DiscreteSampler_grid>
  grouped_processes
  1 # 1 for a reference and 2 for a running grid.
  10 # Attribute 'min_bin_probing_points' of the grid.
  1 # Attribute 'grid_mode' of the grid. 1=='default',2=='initialization'
  0.0000000000000000 # Attribute 'small_contrib_threshold' of the grid.
  0.5000000000000000 # Attribute 'damping_power' of the grid.
 # binID   n_entries weight   weight_sqr   abs_weight
    13   10   2.665713786962325E-003   2.288582198925295E-005   2.665713786962325E-003
    14   10   2.665713786962324E-003   2.288582198925293E-005   2.665713786962324E-003
    16   10   2.068131554157000E-003   1.964149171430106E-005   2.068131554157000E-003
    17   10   2.068131554157000E-003   1.964149171430105E-005   2.068131554157000E-003
  </DiscreteSampler_grid>
