  0.00007144665044415  0.00007259121492673  0.00007447234034532  0.00007638078160070
  0.00007848774343792  0.00008060968709555  0.00008284198717490  0.00008537375163648
  0.00008817765523885  0.00009098262068093  0.00009213227846438  0.00009244032978232
  0.00009250258407866  0.00009252860053099  0.00009254605184399  0.00009255777500447
  0.00009256500370362  0.00009256979708329  0.00009257346251321  0.00009257600511783
  0.00009257782516321  0.00009257941287385  0.00009258072732397  0.00009258189903131
  0.00009258285581266  0.00009258366407922  0.00009258444436839  0.00009258503001105
  0.00009258556421278  0.00009258606515455  0.00009258653657473  0.00009258698960788
  0.00009258736937997  0.00009258774461759  0.00009258811115743  0.00009258847229049
  0.00009258882751857  0.00009258918989267  0.00009258955802219  0.00009258993657679
  0.00009259032085580  0.00009259072330350  0.00009259113548732  0.00009259162779561
  0.00009259215368076  0.00009259272368936  0.00009259332958190  0.00009259407691155
  0.00009259497694161  0.00009259592837289  0.00009259722673680  0.00009259870991312
  0.00009260041923448  0.00009260243257011  0.00009260467043828  0.00009260844900960
  0.00009261393822886  0.00009262205757711  0.00009263420481413  0.00009265300145846
  0.00009270955764318  0.00009286028013798  0.00009335766289668  0.00009574694158098
  0.00009959848365248  0.00010419449164620  0.00010961356263086  0.00011708131370471
  0.00012738291273284  0.00014005122615980  0.00015560611539741  0.00017421884162087
  0.00019737309639049  0.00022814439118658  0.00026819995681399  0.00031823663185684
  0.00037587490722290  0.00044547034382886  0.00053804971540674  0.00063984248379735
  0.00075944760285114  0.00091326145296023  0.00110943873640303  0.00133652414867966
  0.00159218334420403  0.00189601246879248  0.00222786814474470  0.00262352016734635
  0.00312838708798287  0.00373161498788132  0.00442764425010235  0.00531599143796025
  0.00730257980710138  0.02895115746823937  0.07634826199758755  1.00000000000000000
 -0.00588219900141504  0.02447558197768556  0.04368837063267306  0.05643442083605450
  0.06705754155203349  0.07732016790546102  0.08747185821233239  0.09874374121034463
  0.11136113771739764  0.12427638274117329  0.13741468637942711  0.15102942209624406
  0.16453210822074563  0.17567261693901437  0.18398519620927814  0.19213427964122801
  0.20063359929451388  0.20985515906831512  0.21870834415839469  0.22786309110382474
  0.23834466683719968  0.24650216619205925  0.25321964986722073  0.26166147588732264
  0.27031732084076249  0.27761989801097142  0.28508217833102500  0.29488163154462615
  0.30674989213583703  0.31904930566562190  0.33094188953548853  0.34204951474196627
  0.35252658290023481  0.36304824562222654  0.37394427196858332  0.38496918453717255
  0.39603921511639212  0.40753168693150438  0.41970007397862213  0.43209599029644896
  0.44355324407021413  0.45351968796996772  0.46331476399861454  0.47285606889824167
  0.48194890121907968  0.49148635547780628  0.50164829908716912  0.51241589795456044
  0.52345713801131444  0.53451249578615656  0.54514200918963340  0.55710630594494848
  0.56848049358151886  0.58134671595072862  0.59347865903476316  0.60530469142252297
  0.61710223227992167  0.62867806942146631  0.64013081913424652  0.65172258634044988
  0.66358648031956291  0.67564422550152681  0.68766175137592789  0.69945579477868480
  0.71082528943158474  0.72115794098396646  0.72907076418428896  0.73565857955338609
  0.74417759073275402  0.75262021208245233  0.75935688258564893  0.76653337534401211
  0.77566043375246108  0.78403469503809076  0.79225570240679521  0.80217932785704416
  0.81259861225737451  0.82309337244134750  0.83266137430283704  0.84158861127105555
  0.85196131702980982  0.86383977097994136  0.87229056314659981  0.88025268003298762
  0.88880353270915391  0.89751550831995697  0.90744550911166788  0.91840717707456598
  0.92912552569531426  0.93932555685739094  0.94936114025260898  0.95979025982285382
  0.97084166964351803  0.98108881103531875  0.98995738272258038  1.00000000000000000
  0.00000059905018193  0.00000413235924379  0.00000663577718009  0.00000930286809708
  0.00001227895255995  0.00001541221718497  0.00001843158428681  0.00002146137732431
  0.00002450994644874  0.00002739658947576  0.00003012312862698  0.00003263721076489
  0.00003510656841089  0.00003767118036135  0.00004021685009858  0.00004280785931283
  0.00004535448949172  0.00004776725888015  0.00005019948304523  0.00005264298671047
  0.00005530732956328  0.00005818777560701  0.00006110196135692  0.00006382455675296
  0.00006658823041615  0.00006960622141001  0.00007263681479312  0.00007587391289902
  0.00007942448101431  0.00008321593006896  0.00008729811167531  0.00009190881900077
  0.00009671805787868  0.00010152363634517  0.00010637157226946  0.00011114923867841
  0.00011617879498503  0.00012185874262089  0.00012810374842108  0.00013461890266521
  0.00014101267621329  0.00014735089439017  0.00015396471001974  0.00016052507006457
  0.00016700298734300  0.00017305292627887  0.00017956454545658  0.00018732785260763
  0.00019648584231411  0.00020625450071382  0.00021643999807218  0.00022684429841003
  0.00023641892513896  0.00024474449984632  0.00025329288864907  0.00026240623834179
  0.00027071706460744  0.00027977014670256  0.00028804396629454  0.00029784012464670
  0.00031379133230525  0.00033051937054756  0.00034649171361207  0.00035939071221934
  0.00037724865396244  0.00040159843182916  0.00042595861075383  0.00044873595065177
  0.00047398489034708  0.00050617928761242  0.00054257041337578  0.00058093910989884
  0.00062281112948492  0.00066909381284998  0.00071877355776868  0.00077693513374350
  0.00085895638918164  0.00093412133380184  0.00100869874125853  0.00108417280424203
  0.00118482681814899  0.00129946874059309  0.00141852639109521  0.00155412262208740
  0.00172311276144740  0.00192162798367124  0.00211055959620869  0.00229239390775083
  0.00251901048975949  0.00267858705667754  0.00282687452222476  0.00541164096711674
  0.01599433141091072  0.06497168194414778  0.12324889197439906  1.00000000000000000
 -0.00151618026564430  0.00622748654013630  0.01573454975528684  0.02425808673420391
  0.03465939564546845  0.04484193169617654  0.05470458335711652  0.06364603447559396
  0.07225305008540131  0.08123949289911188  0.09020087523089304  0.10048646867491745
  0.11089162489978298  0.12158221365616337  0.13236850902138403  0.14329068858250885
  0.15396020578705208  0.16387699448830767  0.17316364790216610  0.18178687003164826
  0.19029807066486029  0.19974408315303613  0.20927866121922908  0.21908412846955777
  0.22988485420574764  0.24077593996819480  0.25080096783939487  0.26029256996044037
  0.26969316022512835  0.27918796467344997  0.28926322565483592  0.30024064404676154
  0.31136817735242867  0.32152829460337728  0.33064255390535718  0.33956915776645064
  0.34876694341783582  0.35830986746826327  0.36859032211360793  0.37813183168935061
  0.38657519308387045  0.39441815697032123  0.40183539089755332  0.41180321903955874
  0.42296326019376052  0.43295988082543468  0.44294260079414344  0.45472075028209319
  0.46806287250889439  0.48164729709355619  0.49508746480369903  0.50570398581473064
  0.51537048632045412  0.52534894879119676  0.53594742655804906  0.54736888598763755
  0.55859515101773671  0.56819439859082910  0.57679036493565683  0.58501751565903704
  0.59364670864691227  0.60251320204080350  0.61178056815787507  0.62024919943932277
  0.63212378404562009  0.64742293362179515  0.65971239426727679  0.67190931384955754
  0.68302019815059245  0.69358840640055641  0.70363480348259322  0.71363262641771230
  0.72386517724199595  0.73435334726708257  0.74434332914190660  0.75397464243921897
  0.76477062527516826  0.77716434725023975  0.78995563480328623  0.80240737483047186
  0.81539058247478213  0.82959439623448172  0.84371490392652493  0.85812097591798908
  0.87249853450100967  0.88577062841118870  0.89825698298538903  0.91014066429479668
  0.92119868064386534  0.93183827989650847  0.94052235003425211  0.94904579511529041
  0.96163459384914440  0.97436529514830961  0.98449543838245224  1.00000000000000000
 -0.00307780769102288  0.01041806255550669  0.02199555052884261  0.03273382728651505
  0.04292825790320746  0.05264695678138023  0.06311290905655212  0.07392921875240371
  0.08471524759014433  0.09639949674790413  0.10761130694214331  0.11785078802121260
  0.12759379134292259  0.13699418727337706  0.14634363105710241  0.15464151748702135
  0.16384956230571310  0.17458504035941488  0.18499785123967130  0.19622383963876297
  0.20723855107986947  0.21698863518247272  0.22668083387316232  0.23522491230917919
  0.24387181821368509  0.25220952283465503  0.25970014393482138  0.26713315972535540
  0.27656274876457065  0.28839629540685319  0.30025711968137703  0.31071321205986402
  0.32111680404918452  0.33093537379414562  0.34009187933280227  0.35018224172102136
  0.36083169699423628  0.37273245101551283  0.38572366636172312  0.39741498325699731
  0.40772231226116812  0.41837574956606111  0.42932136465601278  0.43936809612023231
  0.44868157817347631  0.45863198489695406  0.46872201736099928  0.47857587207149765
  0.48911500122375268  0.50087347430709006  0.51319828675223678  0.52336871580823940
  0.53047049504749411  0.53698067140981209  0.54415777507315988  0.55248644670127456
  0.56278886773720083  0.57385128811539821  0.58496651102554786  0.59559074983025950
  0.60580914340837555  0.61587040723895548  0.62534262001918262  0.63533667573827080
  0.64577895249613526  0.65664857550865330  0.66875476328306604  0.68065132210775825
  0.69230529696162113  0.70465833125459154  0.71757890134774982  0.73070933504617330
  0.74375968284234883  0.75650851231135108  0.76891777903737091  0.78084141597787249
  0.79217512866749129  0.80336489340119799  0.81470511290853320  0.82583470620118515
  0.83681684521266486  0.84775571060586208  0.85845584862285895  0.86952397663484227
  0.88069516532677916  0.89168249888883044  0.90253869573033263  0.91345823173801954
  0.92386398170181405  0.93353224017208525  0.94369642674896426  0.95452334955041773
  0.96520912562755135  0.97612128593229863  0.98799639900787750  1.00000000000000000
 -0.00287230610434002  0.01002078093701918  0.01905216419444918  0.02798296815297929
  0.03559145240609751  0.04136094334011005  0.04739966090618708  0.05419200136472195
  0.06037189654625442  0.06653008284990237  0.07344371694340501  0.08036716383715058
  0.08956632394473819  0.10040199854110055  0.11104050782974381  0.12095709998778915
  0.13148972775135967  0.14342328861279172  0.15388330185136537  0.16160818366782517
  0.16927190909491058  0.17722742436308403  0.18609619587186657  0.19557752870264958
  0.20764807193575133  0.22197086439401897  0.23571296263121622  0.24930462381719767
  0.26296916344776960  0.27627151646763892  0.28892963898471302  0.30115559572913719
  0.31238531247103168  0.32171530545762539  0.33089487393826950  0.34108742502570477
  0.35147721843585367  0.36276699652446492  0.37515744265180712  0.38923221209022180
  0.40425497915975045  0.41964205338972210  0.43501913705361578  0.44982939689712897
  0.46377416096458984  0.47708636379386626  0.48923308767256601  0.50190100040675856
  0.51627258327350778  0.52918378542618405  0.54045270715992411  0.55128765235386223
  0.56244189445360748  0.57486110136635415  0.58813541896764443  0.60114888642882836
  0.61377265251783364  0.62672779880554752  0.63940887479162667  0.65169325779275211
  0.66313932290779243  0.67351011070987832  0.68382216131670803  0.69374127765853466
  0.70365973085968880  0.71407344714075027  0.72466967406665872  0.73598174207381162
  0.74752065941770396  0.75868999057672992  0.76950596095774004  0.78017134902340490
  0.79040834016465733  0.80028527468035549  0.80993914126324584  0.81944445153601586
  0.82794365313112883  0.83640061711544955  0.84533150264412971  0.85446769006344259
  0.86372877713203144  0.87338225046497575  0.88294743355582428  0.89227330582665088
  0.90173346706914626  0.91118688652819968  0.92056597890323977  0.93009082736618109
  0.93964492573211822  0.94889833099181642  0.95794916627069338  0.96673334320940818
  0.97526655032211673  0.98363687828216761  0.99190081452204659  1.00000000000000000
 -0.00266363569627292  0.00941555601317706  0.02244337367567619  0.03492283538856771
  0.04681829229965688  0.05815822201356716  0.06860047985474076  0.07754427657579659
  0.08775211495544739  0.09790942317524282  0.10715606689996589  0.12076462003626467
  0.13356293379620982  0.14548100168982606  0.15732459020457124  0.16938871472592043
  0.18174375729905143  0.19378089201546525  0.20462264275226635  0.21436793283670080
  0.22397762793966453  0.23457406390928398  0.24675687683130612  0.25967742220295337
  0.27202909520498991  0.28327491381386294  0.29345435999788722  0.30313363270937682
  0.31298155610715112  0.32313341610978213  0.33353390135506483  0.34434690295910686
  0.35658548329545475  0.37018181238442882  0.38246681731969356  0.39295580316679357
  0.40297838634191163  0.41254351308159071  0.42197946082214011  0.43161906248584814
  0.44113760784271566  0.45028477761417002  0.45947884115311111  0.46901932068361268
  0.47823567179312704  0.48592795846027659  0.49290761509289160  0.49996222957404046
  0.50812872645006635  0.51958731118148171  0.53154359848467814  0.54247914916291884
  0.55505815083286958  0.56665285228922591  0.57743243620475504  0.58849895512198891
  0.59930418561073684  0.61139855660003539  0.62477401137842370  0.63757952999129119
  0.64831383338967685  0.65809194477258393  0.66790456612084037  0.67736122755104311
  0.68674431999620467  0.69723293151247290  0.70932294204320345  0.72187118433259978
  0.73362561650818625  0.74415752987966810  0.75410135498839992  0.76462419330106568
  0.77619942322610491  0.78802612111947867  0.79969226874700761  0.81082823469345811
  0.82134542592291582  0.83117604606191497  0.84103398604142199  0.84982752061675215
  0.85774034361850815  0.86598410819981386  0.87456633476324253  0.88323749379055616
  0.89154604758438272  0.89918570425467703  0.90572132823678186  0.91203779743708713
  0.92088339888944548  0.93307159587716926  0.94491997731461852  0.95585366668406813
  0.96683282400639203  0.97849220276066051  0.98886761088542086  1.00000000000000000
 -0.00306767892630350  0.01024975565781758  0.02229905144408494  0.03435323736667471
  0.04672888565486354  0.05936444182047539  0.07225811914236759  0.08535815015579833
  0.09843631850841010  0.11138395470350250  0.12463442713137562  0.13764863459085339
  0.14966129973490758  0.16116822798418917  0.17202431613041816  0.18290428726335869
  0.19365239440855272  0.20405414297035357  0.21535926988935797  0.22716516641834716
  0.23880092594274988  0.25045359065284223  0.26231721900734467  0.27405612661422274
  0.28498825333642613  0.29580647962049511  0.30669706272402603  0.31587703407819490
  0.32428260981816492  0.33103285832040169  0.33935708157166244  0.34898872668123671
  0.35651856102635932  0.36304803732191887  0.36945865317688753  0.37769384915734638
  0.38811820001778247  0.39893608578130474  0.40906230815865863  0.41847242261961654
  0.42716403888219001  0.43548643800428499  0.44464604527218532  0.45549070992946089
  0.46723806339521529  0.47925994756593548  0.49123452764340803  0.50272744362766286
  0.51455246476538807  0.52660993666578682  0.53893014622763080  0.55161332937069363
  0.56365605533178020  0.57578712853822167  0.58834246575669003  0.60124139316878011
  0.61388638586802935  0.62534862030300953  0.63691366428094975  0.64813049380718768
  0.65737151721201248  0.66526292155597377  0.67198590332941910  0.67854658469121509
  0.68561900331714787  0.69433602474665046  0.70429925819894412  0.71479896839781787
  0.72528982448065626  0.73601329369272295  0.74647513191360026  0.75592424893812704
  0.76478368017156806  0.77386840853089534  0.78390514173497816  0.79622835533019587
  0.80582788542377648  0.81623304477664882  0.82737980670880429  0.83833583297713032
  0.84934674605942051  0.86081037621977019  0.87248042336820775  0.88416944846176337
  0.89530874680182482  0.90508140643423840  0.91376174477062844  0.92170037030176910
  0.92853881640111802  0.93659015482569474  0.94625243898423628  0.95558853627384610
  0.96544506055317458  0.97668731921490393  0.98827178900584534  1.00000000000000000
 -0.00408582219840221  0.30179490673037040  0.47350376299250829  0.60086171544360523
  0.63258898662085172  0.64362116281768234  0.65067995654877009  0.65582244236872433
  0.66089094089491696  0.66590661576308430  0.67055392949666603  0.67502110379385849
  0.67928246156564065  0.68319464251442208  0.68683142653729579  0.69026124722560223
  0.69337003913030293  0.69628810230105920  0.69916877492184948  0.70221662463584011
  0.70547349145383775  0.70856221753474924  0.71156582968679127  0.71445442132387993
  0.71717630777060337  0.72022646451461159  0.72338900225646163  0.72653581218400831
  0.72967877537738646  0.73253338553338199  0.73528350912069085  0.73809832764406813
  0.74093324015737638  0.74361733226522442  0.74638387615214574  0.74945564120362240
  0.75261898796391069  0.75583507020961660  0.75932582931790604  0.76261623852664417
  0.76585676166629024  0.76905285429006720  0.77218145669153337  0.77523554967044228
  0.77819634515074798  0.78097131546926557  0.78355355879935307  0.78611454585150720
  0.78887056479551720  0.79182525622194422  0.79472176571323727  0.79752698246609122
  0.80053265106751792  0.80380923214519806  0.80715151309364197  0.81050681882832676
  0.81418771305986559  0.81847700543688595  0.82216552349825511  0.82553608969907022
  0.82887394061583952  0.83234054618459286  0.83601187006309652  0.83965506605874141
  0.84343415179366010  0.84700750896370103  0.85030740391392368  0.85346475274950795
  0.85708612042200427  0.86052970639624793  0.86354304099020607  0.86648471302194108
  0.86999965878929408  0.87342146377747487  0.87790339779954063  0.88241333221701479
  0.88702590754839472  0.89170805927049179  0.89639374830432972  0.90106292160673274
  0.90579434173789064  0.91072583245639838  0.91490739235031726  0.91810969735471926
  0.92133016057580386  0.92453507419522052  0.92882076443873174  0.93455572317950453
  0.94001673050614543  0.94516638826856114  0.95134917041122691  0.95788688274423073
  0.96471519711964737  0.97221268608423872  0.98147257234930352  1.00000000000000000
 -0.02952664364542459  0.18686507027962992  0.24257964651623437  0.26347127206048954
  0.27752552885756393  0.29119964011039090  0.30827112621482300  0.32436560045021479
  0.33878103488564121  0.35259331638287983  0.36565389536597220  0.37753489879195073
  0.38856110711497005  0.39920245653030106  0.41002765430277366  0.42108656805399985
  0.43166564924375478  0.44101802943473517  0.44811823385859040  0.45404937688152691
  0.46071225711478164  0.46771020794865276  0.47420909326923688  0.48104905106430973
  0.48756439838985782  0.49289238584711825  0.49807670574385199  0.50482370364627727
  0.51206372800812183  0.51917602436909804  0.52660104245557549  0.53408850957883569
  0.54133587532199701  0.54818884728112172  0.55470185953478912  0.56084152266390130
  0.56697311533199102  0.57294070458194224  0.57879278352830466  0.58515049854188750
  0.59209560592523702  0.59877909380941940  0.60509416399200466  0.61109276380713295
  0.61693165759830226  0.62276082435180313  0.62866962570080231  0.63475266790929941
  0.64097501933943779  0.64722253307162514  0.65338898105275067  0.65935330872008324
  0.66499857556806519  0.67032810844133406  0.67543793661283114  0.68075485346146358
  0.68592341369697507  0.69098860591351907  0.69579425119776162  0.70037214513775659
  0.70503408497933728  0.70975451226181718  0.71428549403884101  0.71845144827399676
  0.72234452817878914  0.72624597270343272  0.73028310267332563  0.73413603782383496
  0.73801987192481844  0.74244077168666356  0.74693989064076804  0.75143836930157359
  0.75613206419128698  0.76101028108469215  0.76579309162153419  0.77056060109872404
  0.77541580246053576  0.78039572324016837  0.78545942376159839  0.79058504086332726
  0.79652721712813013  0.80285973984071168  0.80928587870130730  0.81562368299491617
  0.82157823851283940  0.82595859659080351  0.83064483476770057  0.83613649601929330
  0.84160379540394137  0.84698516737153628  0.85319716601217310  0.86344369516163899
  0.87672727202696232  0.89003459824745179  0.90728305470799664  1.00000000000000000
   3.3789507790785193E-010  -1.0000000000000000     
 F F F F F F F F F F F F F F F F F F F F F F F F F F F F F F F F F F F F F F F F F F F F F F F F F F F F F F F F F F F F F F F F F F F F F F F F F F F F F F F F F F F F F F F F F F F F F F F F F F F F F F F F F F F F F F F F F F F F F F F F F F F F F F F F
  <DiscreteSampler_grid>
  grouped_processes
  1 # 1 for a reference and 2 for a running grid.
  10 # Attribute 'min_bin_probing_points' of the grid.
  1 # Attribute 'grid_mode' of the grid. 1=='default',2=='initialization'
  0.0000000000000000 # Attribute 'small_contrib_threshold' of the grid.
  0.5000000000000000 # Attribute 'damping_power' of the grid.
 # binID   n_entries weight   weight_sqr   abs_weight
    13   10   1.369206676163041E-001   8.701387348295928E-002   1.369206676163041E-001
    14   10   1.369206676163038E-001   8.701387348295921E-002   1.369206676163038E-001
    16   10   1.096488991375147E-001   5.857428994538173E-002   1.096488991375147E-001
    17   10   1.096488991375138E-001   5.857428994538037E-002   1.096488991375138E-001
  </DiscreteSampler_grid>
