  0.00007140401594316  0.00007256204773094  0.00007438165353873  0.00007624229944342
  0.00007826855069244  0.00008068285673360  0.00008350952876010  0.00008661469870580
  0.00008954535191296  0.00009157152047576  0.00009214013527945  0.00009230730778971
  0.00009236424167614  0.00009238942536933  0.00009240754294999  0.00009242008606786
  0.00009242787100174  0.00009243447344507  0.00009243805539065  0.00009244122137593
  0.00009244399936628  0.00009244635332139  0.00009244832517339  0.00009245000265009
  0.00009245168012679  0.00009245307119642  0.00009245445807495  0.00009245584495348
  0.00009245724950726  0.00009245865544100  0.00009246006137473  0.00009246176280745
  0.00009246349309788  0.00009246555829163  0.00009246801670079  0.00009247112531805
  0.00009247472567359  0.00009247882367393  0.00009248352018476  0.00009249242370133
  0.00009250491272285  0.00009252410399893  0.00009255249677936  0.00009261884646974
  0.00009277425900314  0.00009320951339551  0.00009486176269916  0.00009810688858813
  0.00010304490035006  0.00010896416277863  0.00011591452926856  0.00012435673520776
  0.00013469987020697  0.00014699951992268  0.00016155687300283  0.00017886747597463
  0.00019953294845516  0.00022358680818731  0.00025144328272281  0.00028487663589390
  0.00032279858341267  0.00036525790067589  0.00041248247309286  0.00046341860209526
  0.00051788961264467  0.00057999418973315  0.00064922909348026  0.00071732568838546
  0.00079140132452354  0.00087732351641659  0.00096887620736239  0.00106943784885504
  0.00117108084463322  0.00128193660140959  0.00139941707902840  0.00152268611514023
  0.00165298689696111  0.00179513833805588  0.00194581550033913  0.00211348015080761
  0.00228706821297786  0.00245964945884312  0.00264354713472509  0.00285286647401681
  0.00308979591128593  0.00337700994539765  0.00371251879923825  0.00411581377967489
  0.00454563033728697  0.00503964988048252  0.00559740086631130  0.00620865562651270
  0.00689692907257378  0.00795020190916428  0.27706885744987736  1.00000000000000000
  0.00000004604521345  0.00000229668804122  0.00001338653160022  0.00002847535705529
  0.00003498955104904  0.00003814533706410  0.00004005697564656  0.00004157345116774
  0.00004290258127320  0.00004393112408050  0.00004454816910072  0.00004503958271864
  0.00004547353900731  0.00004584877206885  0.00004614341309062  0.00004637511635718
  0.00004661166537278  0.00004683090227842  0.00004703072893881  0.00004722479835066
  0.00004738079016930  0.00004751333237253  0.00004763325536639  0.00004775058850041
  0.00004786765116097  0.00004797269862397  0.00004806976705815  0.00004816198079997
  0.00004824828361155  0.00004832392301102  0.00004838929995400  0.00004845446489893
  0.00004851663800622  0.00004857541076597  0.00004863873711019  0.00004870485331304
  0.00004877095733510  0.00004883321518338  0.00004889175787608  0.00004894975897066
  0.00004900543992660  0.00004905610770861  0.00004910631649474  0.00004915682434200
  0.00004920860673873  0.00004925898436523  0.00004931353825386  0.00004936978344785
  0.00004942377503448  0.00004947408973325  0.00004952265974463  0.00004957256641947
  0.00004962555138451  0.00004968237369334  0.00004974232634696  0.00004980529587963
  0.00004986371888534  0.00004992681599790  0.00004999333003184  0.00005006197610073
  0.00005013245248406  0.00005020734172588  0.00005028851578494  0.00005037781486068
  0.00005047665996845  0.00005058137902207  0.00005068665005773  0.00005079635811107
  0.00005092486445261  0.00005106777587087  0.00005121484369431  0.00005137556882698
  0.00005154362530691  0.00005172052440974  0.00005191743058868  0.00005213930342684
  0.00005238392330725  0.00005266383818747  0.00005298477082932  0.00005331494619034
  0.00005370143246597  0.00005422533589357  0.00005492664572655  0.00005582768187379
  0.00005696581483444  0.00005848247262551  0.00006085374286634  0.00006475352115637
  0.00007113735217809  0.00008420803019793  0.00010632672370189  0.00016763127269418
  0.00036780103426470  0.00174950888118319  0.22502252043374549  1.00000000000000000
 -0.00000018664509289  0.00000153723991211  0.00000247751738841  0.00000352765653831
  0.00000517046061548  0.00000726738760043  0.00000965846422879  0.00001212199099624
  0.00001452548440999  0.00001710111928118  0.00001983599181732  0.00002264137009317
  0.00002563900822470  0.00002835087353215  0.00003079462074142  0.00003311700765513
  0.00003537738359957  0.00003756318889496  0.00003984233634557  0.00004222845313576
  0.00004465582956581  0.00004713723116439  0.00004970434168025  0.00005203375686108
  0.00005435481031130  0.00005659352364517  0.00005861534872009  0.00006070969590994
  0.00006299927100577  0.00006528373833282  0.00006768709738189  0.00007004187123884
  0.00007256468631521  0.00007568242629944  0.00007883930583561  0.00008183206104362
  0.00008474548236772  0.00008800531895632  0.00009221474067611  0.00009667381594921
  0.00010112834813475  0.00010556312885894  0.00010963397043870  0.00011357599193454
  0.00011774388883571  0.00012288411366670  0.00012920387543993  0.00013579467140746
  0.00014357706025018  0.00015195476879575  0.00015976514655733  0.00016749170180200
  0.00017564203722733  0.00018378024208832  0.00019180964836320  0.00020048539312214
  0.00020918189125586  0.00021815890746330  0.00022823112074291  0.00023998373326785
  0.00025254699515269  0.00026600251783253  0.00028013354766950  0.00029409291538383
  0.00030868034083752  0.00032441622603669  0.00034069573188357  0.00035868865893221
  0.00037847075529820  0.00039845337525809  0.00041750794193791  0.00043566636140494
  0.00045467214518053  0.00047553843407014  0.00049905992777226  0.00052531728269851
  0.00055283187266717  0.00058885582537629  0.00062861475854019  0.00067164623171649
  0.00071690407133517  0.00076608559574077  0.00082115488532428  0.00088257105362661
  0.00094815244918336  0.00101892447947978  0.00111770450144367  0.00125241592366346
  0.00139427373458111  0.00155357671563206  0.00170793896901498  0.00185264223289061
  0.00212778756026602  0.04084904077953064  0.10312645458108941  1.00000000000000000
 -0.00106764090263349  0.00513532355717404  0.01256971222326053  0.01933239221757635
  0.02546422407410461  0.03171649297814724  0.03859553504893379  0.04607315691038825
  0.05409194745686283  0.06324797503046364  0.07300621864753984  0.08183253752005944
  0.08895246499055424  0.09595061833622751  0.10369882025153586  0.11360991212415394
  0.12318066752064538  0.13212893387286181  0.14099224066055288  0.14855516847608405
  0.15601683392092475  0.16415659220537071  0.17355324672525033  0.18375091770030383
  0.19394968503339713  0.20351745287852299  0.21271108041686343  0.22218814488800417
  0.23223349251340186  0.24252136484619752  0.25193800566065494  0.26118395692118246
  0.27119257191457313  0.28180466493382217  0.29175065912549042  0.30012550193272886
  0.30824965162516355  0.31651777883709931  0.32466320141331412  0.33424741861019158
  0.34394378442271545  0.35421492381587172  0.36477464378545416  0.37489177262671175
  0.38547287008981668  0.39663179795842557  0.40782189838570082  0.41891803563649033
  0.42985130887957235  0.44062625609755274  0.45157923505790326  0.46256717478217924
  0.47280188179628008  0.48286743717817870  0.49384476005984901  0.50497773677023294
  0.51645543417693085  0.52948429563652111  0.54420214087813268  0.55864273808385068
  0.57255058442544160  0.58520142825593890  0.59618704649533771  0.60629078641657741
  0.61666051473144412  0.62787765829986486  0.63800257349450784  0.64743168129625539
  0.65840847226178456  0.67120246691870988  0.68584816361967638  0.70073966621714012
  0.71360444657816169  0.72417988394338006  0.73422317656992064  0.74480551096703373
  0.75654381642299384  0.76909817103872435  0.78213510622223670  0.79590670501285976
  0.81041820511727714  0.82523802528605905  0.83958387530706657  0.85157219006495266
  0.86132870497800107  0.87090118576611586  0.88126056673917397  0.89111811377848382
  0.90212023172281963  0.91183486044485629  0.92075412886320962  0.93041272952623966
  0.94170243856543212  0.95641069752425167  0.97559549986975003  1.00000000000000000
 -0.00144539050519485  0.00635258775320067  0.01418430071184489  0.02285583198237799
  0.03236694797588889  0.04192410209511500  0.05300294987442852  0.06348331707389324
  0.07280379952061547  0.08297806475651240  0.09444614521265440  0.10571249785459588
  0.11402147068613111  0.12071182837872624  0.12850440237795305  0.13816727646063104
  0.14903433871204055  0.16047713487489590  0.17216496199644132  0.18419448608091790
  0.19644562579003269  0.20863602891470398  0.22089377726139295  0.23318589410499738
  0.24524638668746940  0.25717185787548702  0.26830430005310485  0.27871724642923040
  0.28837775344253536  0.29647465969149933  0.30601899432546587  0.31638709728944453
  0.32806588237589762  0.34079306609935356  0.35335829556376136  0.36638724589703370
  0.37596199558880822  0.38403237780978794  0.39194336965970211  0.40073694283945299
  0.40805380822146869  0.41713086262624427  0.42630057274517774  0.43613451612443582
  0.44735037383993448  0.45934087265745860  0.47021994273212103  0.47976579948553555
  0.48945371822214806  0.50055611369727560  0.51289664914286559  0.52560217636874906
  0.53854120591486454  0.55141829772793638  0.56319731270838802  0.57451877426974873
  0.58562508499329236  0.59682937061303210  0.60859059995231835  0.62020242687480509
  0.63149034114597746  0.64244053887073815  0.65107742207005459  0.66008422519871535
  0.66983408160139724  0.67992366909862501  0.68994891474341458  0.69943395655213525
  0.70958236381153983  0.72155676190517448  0.73462330028998502  0.74812447319499020
  0.76079156476524601  0.77290939563718142  0.78431343694869515  0.79502283776399285
  0.80471930342009046  0.81392744288841445  0.82014593985488471  0.82889713898804873
  0.83789871873404698  0.84818231189336812  0.85930109332031013  0.86951689149955103
  0.87971528114712949  0.89032464125423327  0.90053235667536602  0.91117610261795123
  0.92188214422558223  0.93300061454641581  0.94578434635264330  0.95867972839468252
  0.97013245109128066  0.98046830686521524  0.98956929339953970  1.00000000000000000
 -0.00208626643358015  0.00762977342474230  0.01716098095911953  0.02579831786878475
  0.03699614084986787  0.04935789531026077  0.06027015082276803  0.06837846464024831
  0.07571930942542994  0.08241243272347222  0.09033451575007843  0.10057451513820458
  0.11368186324567116  0.12406999987825404  0.13497614828586033  0.14530325844368108
  0.15602297431715834  0.16803716045073877  0.18203763942779574  0.19688132310458212
  0.21041459567121715  0.22223920373803652  0.23449910829244416  0.24416106991019920
  0.25377249743977959  0.26523505512613965  0.27720341584584646  0.28944266849375205
  0.30252505736767776  0.31549407626908288  0.32863773032575627  0.34194697261655682
  0.35505584684716063  0.36808527215364822  0.38125880433000359  0.39400679416713641
  0.40547087755936817  0.41538556199520338  0.42587179628827304  0.43772875518162174
  0.44894172389786491  0.45986379478698847  0.47450859237277876  0.48780197596176128
  0.49972468893117883  0.51259218931195172  0.52490349021437754  0.53705349670510394
  0.54826616008304518  0.55982204318366724  0.57270327266394272  0.58679401002585962
  0.60166586991043236  0.61623426141615012  0.62957127191640005  0.64190383152054353
  0.65396294368898200  0.66517466125730229  0.67575070600807230  0.68627142463793855
  0.69747861949733136  0.70992576844366628  0.72221430023861510  0.73342202279761182
  0.74349253439214846  0.75243336900645319  0.76325671069981316  0.77522894084678107
  0.78502416234385020  0.79456356633988823  0.80366518953974297  0.81123074757472768
  0.81888625335369070  0.82668507213152931  0.83392852566810849  0.84133052101975447
  0.84864291269133241  0.85628902844531840  0.86353506323094309  0.87189594541160098
  0.88125773671398855  0.89123793905600213  0.90181902519093593  0.91060834347141550
  0.91863413615642331  0.92650612613578920  0.93390890631126000  0.94077864829944491
  0.94757664301903866  0.95486732209230074  0.96286310296386557  0.97113263978278197
  0.97877174145442181  0.98578398540757806  0.99308133045690350  1.00000000000000000
 -0.00195503471682894  0.00765280654125079  0.01804416612721102  0.02835970153435032
  0.03842654044693124  0.04962233071444734  0.06089335735704844  0.07254740033460105
  0.08454164395688124  0.09634711448779033  0.10690607892543626  0.11618760401444354
  0.12462567187410729  0.13334676399659640  0.14115094027694677  0.15037266856590920
  0.16104156275562287  0.17283659158387932  0.18593538565798859  0.19766194887558292
  0.20834509864474152  0.21870846966035809  0.22734221432231563  0.23693256656887940
  0.24832038229772033  0.25982613997035447  0.27005901530250720  0.28116886948754821
  0.29108767634567134  0.29948898997045403  0.30884102188370599  0.31755255610425176
  0.32664509646260154  0.33675780464913180  0.34764478436052743  0.35934683510234949
  0.37206764730004332  0.38361764374425000  0.39370568331692646  0.40395957811856276
  0.41433646191590168  0.42523917179192594  0.43813108011454460  0.45079578794256242
  0.46266205479903350  0.47131471307287170  0.47937957592583930  0.48741179679980434
  0.49640848825167622  0.50617319908773772  0.51612710722032573  0.52706577130015420
  0.53924716987525223  0.55248498643413924  0.56626836425158866  0.57643266962312056
  0.58530008730061500  0.59276906065409718  0.60054367512773554  0.60997081473850767
  0.62095025720305863  0.63185774738104994  0.64302598273382494  0.65450159899439619
  0.66658683913648853  0.67981947050348612  0.69360123432691656  0.70637581396892790
  0.71648779341930013  0.72701664954414469  0.73832956438958441  0.74978031137998402
  0.76038111304693867  0.76998022774748598  0.77956336180969099  0.78853365447831636
  0.79800243741037580  0.80837474671642429  0.81948529360018330  0.83041082813054823
  0.84146818999778061  0.85264653668131152  0.86419119464916627  0.87559346961301632
  0.88594275213219120  0.89591192130442565  0.90606852292277962  0.91620936398400032
  0.92679894596188894  0.93727542065305747  0.94721631841858445  0.95769298687470772
  0.96808927580124349  0.97892205974785029  0.98907646729178267  1.00000000000000000
 -0.00316253159031357  0.01033159959420449  0.02346554752844734  0.03618708099045905
  0.04734919791642351  0.05585940734404568  0.06362144637647138  0.07035150628622978
  0.07897600322610357  0.09010267173291539  0.10105716039715007  0.11134079421385520
  0.12180582680061938  0.13186077046000166  0.14260252844756624  0.15526764827711700
  0.16716518331423791  0.17596811771591442  0.18486071945072857  0.19449643281190387
  0.20580969383807790  0.21803559703157946  0.23028045095035579  0.24372799109837895
  0.25650441425330256  0.26807084584432739  0.27778945282887241  0.28753374754519090
  0.29659676087442177  0.30505126038647989  0.31468986664087240  0.32651191380137118
  0.33931642306459348  0.35171120741851009  0.36305219951400380  0.37350986032030126
  0.38349374404660502  0.39325852360394897  0.40258606881412817  0.41202087531864168
  0.42176642153080363  0.43238370783716262  0.44341046816088608  0.45491240489325330
  0.46709290485620969  0.48003438828672107  0.49251941158983020  0.50349181939140430
  0.51451963866740047  0.52449877095995856  0.53232363443800290  0.54150517896179862
  0.55122016398992990  0.56197594483776137  0.57263291991656495  0.57993470862707230
  0.58552902738854273  0.59355797276538480  0.60244014779507293  0.61268562653279435
  0.62438759158837254  0.63594656655006943  0.64707202547348119  0.65777637808296607
  0.66747999465396579  0.67777021857382080  0.68907871035280333  0.69912212576251498
  0.70887964213839672  0.71888969781241607  0.72845789963895236  0.74002169549366348
  0.75247586910473896  0.76388583165551949  0.77438674711930267  0.78434793725549412
  0.79517662486020724  0.80663088798642113  0.81693378657619098  0.82746857912096627
  0.83888836894928698  0.85039328260252800  0.86156836326934183  0.87228453666366823
  0.88366663435307591  0.89581758490445007  0.90735010344540068  0.91821864783220619
  0.92898153015236706  0.94019825886377906  0.95116870628759509  0.95955117760338982
  0.96824229498242975  0.97658850184297219  0.98603977423644951  1.00000000000000000
  0.03671598162044077  0.08968834714576095  0.14941057787637091  0.26346247949955731
  0.42268988963418730  0.55915413163305561  0.60956733516414430  0.62840208941594289
  0.64141576337033890  0.64816984864789362  0.65367799362910783  0.65871581556853820
  0.66345246808598168  0.66806162026521432  0.67251397849078853  0.67665969683838767
  0.68049326158541823  0.68396004764221763  0.68729888654194415  0.69068124173240331
  0.69430672836640450  0.69796942331626521  0.70140433337013341  0.70461779285165727
  0.70768421915941282  0.71058459071043878  0.71317103469823995  0.71560299460832444
  0.71825765247118445  0.72107300332916213  0.72403538620465058  0.72687779823209453
  0.72971079553934703  0.73282032961186561  0.73578129287204230  0.73860737831098511
  0.74152599073961800  0.74446511223704703  0.74722512344533309  0.74980475372033817
  0.75257592401713447  0.75558493868732080  0.75868684698574440  0.76172851368495065
  0.76483182708304309  0.76799944515247465  0.77105964476805211  0.77406271711834918
  0.77706094077944599  0.78010212613064878  0.78317243149387028  0.78628814450763018
  0.78955263050401425  0.79291128340929007  0.79616609362177437  0.79937224544922736
  0.80257899137866184  0.80565715817037542  0.80863159005914942  0.81153570434375888
  0.81447052629183436  0.81767097704936809  0.82112578177391238  0.82420130839933758
  0.82693721869387649  0.82957093093234913  0.83235980099861873  0.83556245008616392
  0.83942685865348188  0.84348772613445544  0.84742365834952160  0.85134864160277257
  0.85512532643106398  0.85880480975810103  0.86250050059959404  0.86619748266997432
  0.86989892464035701  0.87364362269962126  0.87738948131296279  0.88128578303294725
  0.88561031022734682  0.89016117432783226  0.89475363091075366  0.89928158422642479
  0.90410464773328725  0.90943120201380145  0.91529079130738078  0.92143614216193370
  0.92784216076388315  0.93459788906431096  0.94133134211539149  0.94764180347658999
  0.95521658218753069  0.96381444934101923  0.97776989396504277  1.00000000000000000
 -0.04452055325296063  0.18719012987760245  0.25203396004640655  0.27666401992325862
  0.29176656037836340  0.30587634191502988  0.31817829079705184  0.33045732281612067
  0.33953961381761433  0.34804049515192387  0.35781110232221380  0.37000390363598928
  0.38328757258249113  0.39590905032653501  0.40754640153859434  0.41848810487994820
  0.42923000347655316  0.43989273745119295  0.45016730188010490  0.45966598368992173
  0.46856826668942708  0.47688406756813234  0.48463875935996781  0.49282206658028327
  0.50085425169765552  0.50846535951309624  0.51558531794201379  0.52238360710289644
  0.52933794540814105  0.53697743842061862  0.54438055435791022  0.55115991023865130
  0.55797926208486326  0.56545915475069308  0.57294144951902559  0.58021558098317694
  0.58696883171567449  0.59306670878225853  0.59879703525159877  0.60430419303319594
  0.61030185158885741  0.61566027643337873  0.62089110431150885  0.62522526184331051
  0.62923990319678069  0.63360218528364609  0.63849862968053794  0.64360394109238384
  0.64844965030951307  0.65318514400449412  0.65775896244139109  0.66252697176635611
  0.66721400761910377  0.67197345226162419  0.67675040647227591  0.68147477962952252
  0.68629514771507683  0.69146504514493468  0.69663001418392412  0.70190491007920885
  0.70622391861308209  0.71065334776141198  0.71515521611508059  0.71935710460256841
  0.72324534769707416  0.72694475458746721  0.73069691408935289  0.73482134291455659
  0.73919878082456469  0.74360758201469124  0.74797817276917022  0.75235962324863881
  0.75670812857076741  0.76065973856614144  0.76457861760330958  0.76870400326862154
  0.77241466248980606  0.77639996447713233  0.78111345862767001  0.78633122654521992
  0.79195718268088267  0.79778824267514348  0.80330470510324314  0.80854151650167994
  0.81391525956801736  0.81949260024754700  0.82569408620666451  0.83239794360036334
  0.83963550407411336  0.84791183957849670  0.85778219334236783  0.86945239027096477
  0.88232927610361767  0.89665858305601409  0.92354304318254643  1.00000000000000000
   2.9223876891465923E-010  -1.0000000000000000     
 F F F F F F F F F F F F F F F F F F F F F F F F F F F F F F F F F F F F F F F F F F F F F F F F F F F F F F F F F F F F F F F F F F F F F F F F F F F F F F F F F F F F F F F F F F F F F F F F F F F F F F F F F F F F F F F F F F F F F F F F F F F F F F F F
  <DiscreteSampler_grid>
  grouped_processes
  1 # 1 for a reference and 2 for a running grid.
  10 # Attribute 'min_bin_probing_points' of the grid.
  1 # Attribute 'grid_mode' of the grid. 1=='default',2=='initialization'
  0.0000000000000000 # Attribute 'small_contrib_threshold' of the grid.
  0.5000000000000000 # Attribute 'damping_power' of the grid.
 # binID   n_entries weight   weight_sqr   abs_weight
    13   10   1.254853404344541E-002   2.930643382424110E-004   1.254853404344541E-002
    14   10   1.254853404344534E-002   2.930643382424100E-004   1.254853404344534E-002
    16   10   7.114000580152930E-003   2.009501509910238E-004   7.114000580152930E-003
    17   10   7.114000580152925E-003   2.009501509910239E-004   7.114000580152925E-003
  </DiscreteSampler_grid>
