  0.00007131732344838  0.00007303827774549  0.00007498509957216  0.00007704073173292
  0.00007953313300626  0.00008252940803224  0.00008603440942021  0.00008983040787834
  0.00009199580419624  0.00009245026591632  0.00009252336865311  0.00009254783709526
  0.00009255884537664  0.00009256604144071  0.00009257115683525  0.00009257483838811
  0.00009257719213611  0.00009257895343905  0.00009258044453906  0.00009258176342674
  0.00009258273755031  0.00009258362176372  0.00009258438338545  0.00009258500702111
  0.00009258559107778  0.00009258610502191  0.00009258655531863  0.00009258698067955
  0.00009258739439194  0.00009258778034714  0.00009258815190965  0.00009258850899742
  0.00009258886405921  0.00009258921811746  0.00009258958853255  0.00009258996260140
  0.00009259036349791  0.00009259077035766  0.00009259119321182  0.00009259169385963
  0.00009259224417089  0.00009259282957635  0.00009259352092548  0.00009259430051118
  0.00009259515281064  0.00009259622131771  0.00009259756984156  0.00009259928881906
  0.00009260143127253  0.00009260408164107  0.00009260801226553  0.00009261401948667
  0.00009262247599330  0.00009263456837114  0.00009266142073786  0.00009274990743608
  0.00009321857348487  0.00009550237906312  0.00010106571995695  0.00010854588108267
  0.00011809017136569  0.00013089480952775  0.00014768139966006  0.00017096571894953
  0.00020242930813974  0.00024310757916205  0.00029465354597681  0.00035595171952346
  0.00042774609453223  0.00051029659190222  0.00060412514510650  0.00070750395192838
  0.00081779651054051  0.00093464635560297  0.00105513444026170  0.00118948242760465
  0.00132987993254942  0.00146780413450213  0.00161103368134562  0.00177047758162636
  0.00194098437471440  0.00212952197052335  0.00233831396340449  0.00257671555590005
  0.00283889281342466  0.00311852126621649  0.00343464565203762  0.00383288641286563
  0.00434130305608235  0.00497458930098933  0.00572765929992650  0.00664229274793980
  0.00833766370806207  0.02104275557264419  0.06046809491774907  1.00000000000000000
 -0.00657976440703998  0.02733232523958437  0.04743204569538276  0.06264945304159737
  0.07667092542399245  0.08904563208008083  0.10107568630369167  0.11291160758897664
  0.12449804939457092  0.13591375801822630  0.14697111921481504  0.15705245151812458
  0.16580888544454309  0.17375631827981158  0.18201007165725713  0.19094136714170779
  0.20051635751876909  0.21099861467652981  0.22231781814009588  0.23387891480436585
  0.24541205920211567  0.25739227118751751  0.26930499374283151  0.28045118851484685
  0.29099723514744835  0.30091729214341456  0.31034196132526626  0.32060586140360597
  0.33164946953848690  0.34275490058444585  0.35389287450207879  0.36506758878994078
  0.37590621858366713  0.38616132370328793  0.39600550970286752  0.40594026549615619
  0.41575232444092053  0.42551278016148969  0.43473570349437585  0.44353443719160196
  0.45222337223231257  0.46129358302278128  0.47065318344685436  0.48044133501505393
  0.49017915116298272  0.49937192267435360  0.50811928192878664  0.51722970450692329
  0.52711106874721103  0.53789337832952699  0.54926282488166933  0.56055297384375480
  0.57158018013715794  0.58198750143576239  0.59180329763951400  0.60207784508493056
  0.61211333855761041  0.62184281295874766  0.63219266083662129  0.64221227008434234
  0.65220500982056773  0.66258416374682549  0.67311562999490759  0.68345016785265877
  0.69359318374129308  0.70362953321436139  0.71519370120827508  0.72700827059757833
  0.73883425352510212  0.75062487498492714  0.76188984158734452  0.77199619157778221
  0.78146165353255448  0.79023021484253186  0.79806419124148653  0.80701051779622823
  0.81633417716746082  0.82490277979989157  0.83398765031988231  0.84334273685422845
  0.85510088285798080  0.86561397950343266  0.87655810600553141  0.88768148510427702
  0.89890128173102735  0.91025799790946038  0.92156778679195028  0.93279014980276054
  0.94393820661611294  0.95468319325241935  0.96414675223441992  0.97245997490931479
  0.98066360820921483  0.98838726945774213  0.99488595142911140  1.00000000000000000
  0.00000008605328455  0.00000217465790253  0.00000308935727911  0.00000393996623033
  0.00000479307552317  0.00000628634833304  0.00000775204020051  0.00001010730617565
  0.00001371844949135  0.00001735137928334  0.00002062090220881  0.00002398633396089
  0.00002740794043662  0.00003075846000012  0.00003403679178680  0.00003726063986028
  0.00004049748270081  0.00004386282374895  0.00004727847107143  0.00005061501349756
  0.00005389615136806  0.00005716892734644  0.00006040925122983  0.00006399713130855
  0.00006766977770752  0.00007156543176035  0.00007566043972066  0.00007961202557142
  0.00008343286193010  0.00008768912197707  0.00009235209264904  0.00009727501225995
  0.00010254720718396  0.00010844759392767  0.00011485852240503  0.00012157074715716
  0.00012846011133305  0.00013568288016130  0.00014333799454814  0.00015086598293414
  0.00015765437704593  0.00016477300331000  0.00017275081084600  0.00018056566963232
  0.00018805797147716  0.00019625672422271  0.00020607537998773  0.00021663585991581
  0.00022721943548051  0.00023739534822774  0.00024737199529408  0.00025871036993617
  0.00027126835000020  0.00028399558181122  0.00029795010068031  0.00031432032272716
  0.00033302614645953  0.00035433995222362  0.00037833231160708  0.00040096317607196
  0.00042375388280434  0.00044767996102043  0.00047186364507516  0.00049890812611077
  0.00052734534144002  0.00055677256816355  0.00058784510549641  0.00061967857187481
  0.00065604654434028  0.00070090826999622  0.00074731495312083  0.00079516513614114
  0.00084503921442836  0.00089736552100129  0.00095200643027789  0.00101288869596234
  0.00108134419719779  0.00115320744591381  0.00122632725590945  0.00129610124399279
  0.00137465007348834  0.00145716103094615  0.00154280485687539  0.00163518572960174
  0.00173402303152302  0.00183564651821750  0.00194670766441968  0.00208987360668388
  0.00223458169360493  0.00239665818801420  0.00260176548431912  0.00327130464103799
  0.00540570974639118  0.01118727563715134  0.03512555638883966  1.00000000000000000
 -0.00230677140053078  0.00854597698886621  0.01712689563037183  0.02606440904869057
  0.03453273740828036  0.04203512046213020  0.04906882135328568  0.05639669341149537
  0.06341387590647493  0.06962620836237532  0.07667188770187464  0.08554081345039205
  0.09466017337410751  0.10401112642262986  0.11365683816474031  0.12257674885137106
  0.13038569116268897  0.13798927839452246  0.14574550278121928  0.15437104134816482
  0.16259789712192491  0.17133229321697876  0.18090350638588792  0.19063866215888906
  0.20009511909261504  0.20906662812441021  0.21792944187162230  0.22562364109464866
  0.23317060031916417  0.24181567369827256  0.25097331197451106  0.26052847982238619
  0.27037968238784066  0.27994432617704251  0.28934691822849057  0.29826632507205503
  0.30700809092603421  0.31446185007544325  0.32121341625042038  0.33001205337514572
  0.34025448799984520  0.35071075660978845  0.36126877841807731  0.37207389080200159
  0.38320287760306432  0.39457754323035810  0.40586931753403682  0.41703257514558512
  0.42836113133241627  0.43987491909972115  0.45172482453397794  0.46266133021026967
  0.47260868904789766  0.48279259384941237  0.49266210873787603  0.50270135892695567
  0.51359077571804290  0.52404839823202032  0.53432368179927059  0.54552906247262523
  0.55747690702113939  0.56949000109267645  0.58080367428930479  0.59082165677631771
  0.60023869247186667  0.61022165523905725  0.62167421608214379  0.63439582609168921
  0.64733426702892127  0.66011326296818751  0.67238695836972429  0.68452882170518636
  0.69732866657177017  0.71004073930107547  0.72286728744179940  0.73571930189862134
  0.74838355391814682  0.76085660871292182  0.77318021869526599  0.78520923512483953
  0.79729771483833400  0.80965711296765408  0.82218674898359323  0.83508278831301352
  0.84836303656977075  0.86172383696753285  0.87517737245161809  0.88886777045907572
  0.90287692355237448  0.91696824622340356  0.93089496985911457  0.94480068212429191
  0.95880171122215563  0.97260924555309825  0.98636103451999435  1.00000000000000000
 -0.00297783725938956  0.01153741423937078  0.01883812297260570  0.02834297973987001
  0.03754995442326980  0.04659874194371463  0.05674342599164644  0.06706568624467661
  0.07773799973764933  0.08874262547202183  0.09917740744420575  0.10892645316763339
  0.11871492641570520  0.12865879486820367  0.13888984372827062  0.14973144229765614
  0.16095923750328897  0.17202196630818239  0.18375912969938910  0.19584128072943494
  0.20715926117000244  0.21829454960991099  0.22894340235923766  0.23936274188426199
  0.25102575934568355  0.26279845180119543  0.27395419119403724  0.28464727129724759
  0.29439807155143710  0.30444354708459492  0.31447803956463910  0.32423608854650443
  0.33455100801001075  0.34624947354986652  0.35776984308189763  0.36889119953897559
  0.38002706483585380  0.39110019108860727  0.40206607266783606  0.41231428582318469
  0.42263032535461914  0.43251010535821588  0.44251807185852055  0.45359123196008172
  0.46557702114102612  0.47783073672122589  0.48992418838379531  0.50119032710407918
  0.51283145664278718  0.52470332565112743  0.53622410248865993  0.54704265569861743
  0.55682460889842134  0.56606091343459830  0.57561890459365705  0.58670260209744896
  0.59857428020677217  0.60919718682964585  0.61844690662899404  0.62812828994821146
  0.63686702707004517  0.64635742062422130  0.65621836390499355  0.66633166029744839
  0.67638759059475928  0.68602135179674195  0.69536609526453197  0.70508284531393239
  0.71533306646099215  0.72435724507680022  0.73257406614693088  0.74166125759484058
  0.75301867372084696  0.76576787986085715  0.77837677677231709  0.78979178766670521
  0.80080916372302580  0.81139208654031325  0.82168609810757831  0.83243337951804353
  0.84181277273799515  0.85195609476080636  0.86240387577630440  0.87234893363654908
  0.88210022738646998  0.89179246660856137  0.90153085124090937  0.91264264196199030
  0.92355686812503857  0.93479248124217817  0.94636074765211875  0.95749127567781955
  0.96924144152021541  0.97826420702518624  0.99011728601624771  1.00000000000000000
 -0.00172686481149525  0.00629880910315554  0.01619343354729536  0.02582218536650513
  0.03571118672175411  0.04688967240419965  0.05858372204599616  0.06915322255560996
  0.07871562351838383  0.08821387382622933  0.09820598781945294  0.10883404030890106
  0.11975633556460760  0.13086339532875194  0.14222629420564775  0.15391426571045075
  0.16559552116442303  0.17668518810954767  0.18725949384565807  0.19820610464795962
  0.21083367209090545  0.22387545378013782  0.23621694025639353  0.24838181555351446
  0.26134030161438671  0.27501030194282822  0.28872169035450035  0.30205267889830817
  0.31512833588583367  0.32870398843972137  0.34278416661686367  0.35678816148394571
  0.36996819963538918  0.38183249746833392  0.39352265887006471  0.40542134974051519
  0.41795794859466251  0.43139294069516565  0.44475401434441203  0.45786877231951162
  0.47118452600265931  0.48357026312904733  0.49589461682219521  0.50906008060003261
  0.52196111943560075  0.53330866943058863  0.54433557469091187  0.55682203016007359
  0.57030900879616409  0.58338255077882817  0.59544901699671482  0.60752381419413903
  0.61949617055222628  0.63141500369396408  0.64328842734434044  0.65533889631159736
  0.66733928324655056  0.67881331634103959  0.68965236130391150  0.70045204579288689
  0.71056156879850507  0.72004809245524770  0.72889370023726796  0.73777927044407510
  0.74686049995300963  0.75590646647621340  0.76624202699446831  0.77715038439020578
  0.78798266657452964  0.79805254213411314  0.80750414441959240  0.81639704905119226
  0.82466068990258656  0.83316636963061330  0.84102762051236923  0.84771986313445213
  0.85461593247773204  0.86229750150445816  0.87091354741201688  0.87937052887286871
  0.88688928522131383  0.89398521691971955  0.90092077193093867  0.90800626194426692
  0.91536916428040271  0.92271450858169735  0.93042570979876160  0.93838894215395396
  0.94661490472958365  0.95507939537169906  0.96337397808796121  0.97121004737575423
  0.97850723875284040  0.98537818850856029  0.99235722989889585  1.00000000000000000
 -0.00255130720582516  0.01013846983333160  0.01823901598531742  0.02538213073110480
  0.03357375285096209  0.04287810653814433  0.05260253237909387  0.06294542786544555
  0.07372055182392449  0.08435446037129755  0.09483385815358364  0.10537457035981125
  0.11586501533908233  0.12656508888977921  0.13793075535560648  0.14948247453149949
  0.16045183590421985  0.17113454247769166  0.18196031297838589  0.19258851022771423
  0.20300898164127193  0.21373827769127293  0.22452329134118884  0.23528894662177666
  0.24632124706783270  0.25726158433066793  0.26838054004198791  0.28012241696162143
  0.29147183811846988  0.30342159968798621  0.31490226546206823  0.32565063805899741
  0.33636263838031316  0.34659506833050302  0.35686889507700564  0.36727988386655575
  0.37794105749821072  0.38879411895287375  0.39923408886589917  0.40947474652455773
  0.41796990437889819  0.42660877801775599  0.43902075220259484  0.45103240919690601
  0.46376348455380317  0.47595859510369559  0.48781011928024659  0.49867219518290817
  0.50831670628920156  0.51646124368786750  0.52420764767910322  0.53288943637861230
  0.54179978319438027  0.55042431619459731  0.56044623950902062  0.57249380114119086
  0.58474027623170388  0.59606779148934108  0.60624917354415431  0.61617092079261604
  0.62657618574812002  0.63680289821749192  0.64752171001096404  0.65898784470921246
  0.67038006035996656  0.68110580267906029  0.69154405831948274  0.70225566360327718
  0.71388222527967293  0.72645184895853454  0.73944929162657103  0.75207936382278218
  0.76445899751071544  0.77393952963152568  0.78285911497692684  0.79317314909939252
  0.80298570041649620  0.81248622981130947  0.82216527668513051  0.83166343007580934
  0.84096822681510741  0.85064739775426812  0.85986220969483906  0.87005977500333254
  0.88014061423603485  0.89116098524710341  0.90243015809107829  0.91403666676796569
  0.92553278245480364  0.93579717918245697  0.94660102202319296  0.95742926633015857
  0.96678741579406258  0.97715807442156322  0.98758823389311312  1.00000000000000000
 -0.00217462830919671  0.00851402917880580  0.01943278487800869  0.03008813164276181
  0.04125435190741220  0.05176756460729857  0.06214545807526409  0.07221630148248064
  0.08065769807765943  0.08924023457971994  0.09948819823191118  0.11086880734971014
  0.12157323371502020  0.13194870830103739  0.14150450597288811  0.15225788370665452
  0.16254202524647718  0.17255353929442402  0.18292683516859254  0.19365917216882725
  0.20444354533378337  0.21541249767883314  0.22703250208198808  0.23860470836800365
  0.25041419182630220  0.26059036070515101  0.27055165950805754  0.28036547319601995
  0.29063979225985720  0.30125842307490946  0.31170588563507801  0.32165323161565751
  0.33008157360180829  0.33845758002935383  0.34875853665328821  0.35959623599166590
  0.37108628954893835  0.38324224469895268  0.39432282774690225  0.40531867261056909
  0.41654905085270533  0.42756259125373336  0.43857385679218147  0.44951737545514553
  0.46042948046762477  0.47143764048418968  0.48198688777641624  0.49095959939186906
  0.49923175401720143  0.50741258765288377  0.51706758524678420  0.52787057133579629
  0.53846605615267984  0.54875517384717210  0.55854764835651283  0.56803503298091407
  0.57706103183779345  0.58581950958172113  0.59475183283858413  0.60388285157665622
  0.61346939008268087  0.62360173777872185  0.63390885093296268  0.64491813301375744
  0.65683257230175951  0.66929664197075189  0.68189978174382448  0.69443365738646534
  0.70686942693663835  0.71918850565887371  0.73134415744957126  0.74348351142433478
  0.75583929047604281  0.76807549458837310  0.78096152400545293  0.79251616869309627
  0.80258320801358995  0.81253880478195484  0.82114971619489585  0.82934197692054135
  0.83800076358209619  0.84755874579067880  0.85811045348789383  0.86923544148353393
  0.88023079608463117  0.89093495783479504  0.90168793734952035  0.91231102147829624
  0.92308392403679629  0.93428706899658864  0.94613138966409127  0.95753146783063714
  0.96844717443899286  0.98045452995215576  0.99008072200522101  1.00000000000000000
  0.02219428045151461  0.37513088882690193  0.57078496917124433  0.62318072055655305
  0.64004694873427781  0.64768321436324883  0.65328780941102205  0.65840847980619022
  0.66324451366597770  0.66784254618038974  0.67233739637204992  0.67653373642105663
  0.68027439760122155  0.68380360796912110  0.68726567507230507  0.69060773808314835
  0.69369144141215133  0.69638126117177690  0.69895168378926031  0.70164866707966889
  0.70464700902130495  0.70764748370609731  0.71041318952574639  0.71316002452559590
  0.71592050681576569  0.71877338912828004  0.72171944618564599  0.72472522560742036
  0.72779968756394320  0.73093088989087474  0.73407806108079243  0.73721730304967281
  0.74036635859919198  0.74357617843573487  0.74668983673436051  0.74962017047530893
  0.75253603916458178  0.75548902570954080  0.75848531154145660  0.76140505358799071
  0.76416006753811438  0.76673396601496502  0.76930128212581605  0.77196858942598212
  0.77462982612973519  0.77725322180358192  0.78010443140729735  0.78322528756459775
  0.78637420352068621  0.78931120519609266  0.79209996506887914  0.79489242153671902
  0.79749008935452825  0.79978862227190306  0.80239741951087196  0.80513921522582055
  0.80804827012203784  0.81118076983208220  0.81447100645411197  0.81785040036369916
  0.82133331779959995  0.82490923595762877  0.82851236616531765  0.83209601455840876
  0.83541934303827492  0.83851616776592031  0.84175225358729600  0.84501544569047760
  0.84837404042695130  0.85194445681289133  0.85579153305981748  0.85954130391746475
  0.86314372456058330  0.86642605202972023  0.86980817255943721  0.87363449782317093
  0.87815920787752066  0.88159335912057302  0.88494464971307407  0.88850726411637537
  0.89197594076901487  0.89578649124191800  0.89983268000696393  0.90411021294370875
  0.90882667951193996  0.91396320150102706  0.91929537478112056  0.92449300909733334
  0.92967693126850837  0.93512031852990052  0.94091610950376781  0.94773943449585585
  0.95583510053822685  0.96559017385914081  0.97930338524087646  1.00000000000000000
 -0.04221800727352686  0.17277044439937567  0.24454627410002547  0.27288383585516524
  0.29475656829717600  0.31190545318026647  0.32725408332414541  0.34201287102743266
  0.35640106015734974  0.37068700825900863  0.38355927840697740  0.39545415752228424
  0.40685480082949638  0.41792615118793924  0.42851345137893715  0.43820462332911181
  0.44726115306539482  0.45602629253667260  0.46359670355466853  0.47047096297786783
  0.47739257975985278  0.48574674719997024  0.49420859055531818  0.50205121806233211
  0.50939130626085094  0.51692286750755290  0.52488960502110860  0.53269468883211613
  0.54000331646604571  0.54667704712103571  0.55238823272392634  0.55798501131375566
  0.56416450370923610  0.57064858878114333  0.57697076899408428  0.58337199836310527
  0.58959142009022225  0.59595001721518714  0.60223452712044889  0.60803929355110653
  0.61367023944722465  0.61936259069826771  0.62462372462001836  0.62947666759656973
  0.63407872347320871  0.63880176315869641  0.64465020468086265  0.64968651057880322
  0.65404755047882779  0.65865585493347389  0.66368091294190157  0.66884981355912854
  0.67384946363378906  0.67863535747047676  0.68308891775142588  0.68733564104039624
  0.69170228586359372  0.69615934206994667  0.70076174983064599  0.70549720263764704
  0.71041690041485017  0.71535361877563142  0.71993777613131904  0.72436379085841751
  0.72886369579791321  0.73282324942117272  0.73691463172779814  0.74162738353527846
  0.74671623751334004  0.75186401664689695  0.75680730110704342  0.76142614581803925
  0.76574646008131941  0.76999375072342169  0.77400848140445067  0.77779131384836764
  0.78125213128465776  0.78432382203946438  0.78786232854798188  0.79214514862968299
  0.79659820809590143  0.80072392421011351  0.80530084630877485  0.81000676960182316
  0.81463066910662241  0.81995126398344997  0.82594882792791324  0.83209669652857676
  0.83857506284240879  0.84542127361187924  0.85316153785686411  0.86246100553447691
  0.87360094712385850  0.88745876843916649  0.91427888173111083  1.00000000000000000
   1.6727079692807251E-010  -1.0000000000000000     
 F F F F F F F F F F F F F F F F F F F F F F F F F F F F F F F F F F F F F F F F F F F F F F F F F F F F F F F F F F F F F F F F F F F F F F F F F F F F F F F F F F F F F F F F F F F F F F F F F F F F F F F F F F F F F F F F F F F F F F F F F F F F F F F F
  <DiscreteSampler_grid>
  grouped_processes
  1 # 1 for a reference and 2 for a running grid.
  10 # Attribute 'min_bin_probing_points' of the grid.
  1 # Attribute 'grid_mode' of the grid. 1=='default',2=='initialization'
  0.0000000000000000 # Attribute 'small_contrib_threshold' of the grid.
  0.5000000000000000 # Attribute 'damping_power' of the grid.
 # binID   n_entries weight   weight_sqr   abs_weight
    13   10   3.908027804715619E-001   4.841266208325091E-001   3.908027804715619E-001
    14   10   3.908027804715619E-001   4.841266208325089E-001   3.908027804715619E-001
    16   10   4.558282214993444E-001   5.757611544706811E-001   4.558282214993444E-001
    17   10   4.558282214993447E-001   5.757611544706830E-001   4.558282214993447E-001
  </DiscreteSampler_grid>
