 -0.00053180013689007  0.00252007980201015  0.00744838056830462  0.01612747727266692
  0.02610579724625556  0.03485600182752064  0.04280450279155580  0.05142319888358188
  0.05996398324500982  0.06966829438668980  0.08146460404820502  0.09393983973106565
  0.10591550065329004  0.11686800170213864  0.12725674640525630  0.13735986020787516
  0.14641864188118972  0.15531240951102315  0.16502922904788764  0.17486204665810059
  0.18508020306615652  0.19590622478367536  0.20675032983401900  0.21751680910903207
  0.22875078741924937  0.24094946571709031  0.25369614547637914  0.26585629361198831
  0.27762166311474834  0.29014548038106686  0.30108840340068266  0.31200474228519121
  0.32345224398686023  0.33400242762702431  0.34471154206365845  0.35594703383561105
  0.36791440254074564  0.38063724586229386  0.39366471107020801  0.40645451574663605
  0.41900235832185873  0.43147184015384710  0.44398205063257579  0.45631044033442192
  0.46850326297637912  0.48104048566532609  0.49366033619842775  0.50505187625942916
  0.51503780424816858  0.52553647385845159  0.53643642017498094  0.54868867277889111
  0.56014097524371409  0.57111308422289919  0.58216905355648929  0.59205766150861605
  0.60117653869578291  0.61033577065495648  0.61947094903736033  0.62891847865897466
  0.63811603651453053  0.64684852526728687  0.65597384341409981  0.66565618124421422
  0.67488612195807307  0.68369439840763446  0.69317143517515278  0.70228150132081746
  0.71120046559381556  0.72077736902403855  0.73075793307517345  0.74108265372476478
  0.75179724809790238  0.76277671182427165  0.77371351103747954  0.78449098384116545
  0.79547050873531289  0.80558349667652329  0.81502472897920275  0.82583749618617686
  0.83858195862822771  0.84996144028615206  0.86070121718054082  0.87084077914609170
  0.88178116692081709  0.89394972064603362  0.90753686283445878  0.91721465757187182
  0.92717786672738656  0.93906930468307792  0.95048071816951352  0.96089786806731770
  0.97190429476226448  0.98227977450609461  0.99013655365211650  1.00000000000000000
  0.00007089549548807  0.00007456993346162  0.00007842731087002  0.00008196821390331
  0.00008571613492038  0.00008929932883249  0.00009165995786871  0.00009217396542092
  0.00009233266165141  0.00009238353314942  0.00009240618886491  0.00009242194415436
  0.00009242793910328  0.00009243303604755  0.00009243716612672  0.00009244037871968
  0.00009244311801086  0.00009244513696881  0.00009244677967512  0.00009244836590177
  0.00009244947594576  0.00009245050328268  0.00009245145819376  0.00009245232682700
  0.00009245317322239  0.00009245391786294  0.00009245465581452  0.00009245536041552
  0.00009245606579694  0.00009245677592846  0.00009245749601351  0.00009245828215819
  0.00009245910005822  0.00009246002258598  0.00009246099538587  0.00009246201839240
  0.00009246329967110  0.00009246482703176  0.00009246662897246  0.00009246867534132
  0.00009247143780364  0.00009247471253854  0.00009247930028347  0.00009248597182273
  0.00009249557988131  0.00009251134692224  0.00009253721639576  0.00009258207955285
  0.00009273867474609  0.00009353909828710  0.00009612292393978  0.00010117927558438
  0.00010739598521139  0.00011497463184179  0.00012481407176472  0.00013603667436879
  0.00014847594018095  0.00016261165083240  0.00017851935060406  0.00019616518942915
  0.00021620296233788  0.00023836012177196  0.00026367092259436  0.00029161149220547
  0.00032210651946461  0.00035424211562067  0.00039145551700296  0.00043821205407870
  0.00049117823224850  0.00054529162270649  0.00060719554576495  0.00068236189163382
  0.00076969261768796  0.00086965104373376  0.00098394305515960  0.00108810542743547
  0.00118938953654177  0.00129319255666171  0.00138350579360844  0.00148497488315979
  0.00160833877477886  0.00174409500427377  0.00188814988160236  0.00204569119547378
  0.00222240964228041  0.00242650000942395  0.00264502671777567  0.00288190210222656
  0.00311409620990345  0.00340123713496468  0.00377081815878361  0.00410462785459126
  0.00438170626086300  0.04772945154324822  0.09260488742841157  1.00000000000000000
  0.00000010703589945  0.00000345420905422  0.00000543834174159  0.00000687078888618
  0.00000867359864005  0.00001082543647273  0.00001308599396361  0.00001563153680494
  0.00001809918552304  0.00002068467499129  0.00002321242487800  0.00002570515601424
  0.00002812196595921  0.00003053041796529  0.00003280590409657  0.00003508094132691
  0.00003753481146137  0.00003984208857076  0.00004201663302011  0.00004406119732837
  0.00004626176143662  0.00004835064527661  0.00005043297628388  0.00005200129636487
  0.00005395653736875  0.00005673383664383  0.00005995853711802  0.00006308482207660
  0.00006643911682801  0.00006998128003410  0.00007340367537579  0.00007680748098334
  0.00008001358624568  0.00008342673898647  0.00008661704512504  0.00009029708528267
  0.00009439075436152  0.00009879673235697  0.00010351668118443  0.00010860657579092
  0.00011469081563232  0.00012129224281549  0.00012803769344465  0.00013528702347099
  0.00014274125423590  0.00015040474497576  0.00015852147402439  0.00016772883054528
  0.00017767246962177  0.00018782227768265  0.00019875058316700  0.00021075128981818
  0.00022255721401769  0.00023306769652009  0.00024421708119876  0.00025594677681905
  0.00026787624951438  0.00028125056234358  0.00029531117117868  0.00031027731995360
  0.00032556371935268  0.00034442197562965  0.00036541987598065  0.00038773544651387
  0.00041126089336546  0.00043605823585499  0.00046067479960734  0.00048120138102108
  0.00049542872713941  0.00051517727608031  0.00054117294092643  0.00056675189481396
  0.00059554018876511  0.00062074623581219  0.00064009889525409  0.00066105862595889
  0.00068008469095762  0.00070502019778492  0.00075110268418465  0.00080679319557084
  0.00086157148130121  0.00091426494471494  0.00096797405808238  0.00103064202493868
  0.00111216548912509  0.00121069337612677  0.00132233453713956  0.00144719048134667
  0.00158561885301985  0.00174353871710904  0.00192237716517752  0.00214897399236604
  0.00362806787131989  0.00993639084252061  0.02099767914080090  1.00000000000000000
 -0.00118063747728462  0.00498720466181441  0.01316668439852161  0.02190171255269292
  0.03065288235057881  0.03917055114168931  0.04796451253742926  0.05895338947975079
  0.07162968735838138  0.08504518809822002  0.09876319863022345  0.11238785975546248
  0.12593580671362298  0.13982156664657372  0.15440493446845249  0.16957273742065884
  0.18462501631139269  0.19840194693014820  0.20972768575821685  0.22085447986107851
  0.23209056721703247  0.24205564681083566  0.25185279341977967  0.26203125340242867
  0.27289616763852720  0.28596051558826380  0.30062391485557377  0.31528018003575620
  0.32963014209288971  0.34419056435255946  0.35869929906159698  0.37203123994697213
  0.38344197994179269  0.39409364331603569  0.40408013367999729  0.41250953817665253
  0.42391544768869838  0.43654592869021319  0.44730787216656254  0.45770862660340378
  0.46902524899782305  0.48263686751706802  0.49653542601208789  0.50929646345821900
  0.52158772077463578  0.53329206926436601  0.54516445604072572  0.55788495931645266
  0.57175218354902402  0.58487028503142391  0.59762271511875709  0.61073722186205659
  0.62378894994303424  0.63531759962881762  0.64571617063692810  0.65582728166069570
  0.66544319096099447  0.67792149960077019  0.69170382556600585  0.70469840570119147
  0.71489606263379268  0.72476003512497522  0.73450209070520767  0.74286206907081154
  0.75459386231657355  0.76601293588530706  0.77643134177589812  0.78622147810683318
  0.79610881009920076  0.80675027044160874  0.81616994637100926  0.82339433899973902
  0.83076021974126535  0.83834993626134535  0.84541405756523602  0.85257932736188990
  0.86033147842312074  0.86795930919590980  0.87522633780948389  0.88325606271572610
  0.89109480300024246  0.89811928632490257  0.90535083443084574  0.91275608652924878
  0.91975850544238702  0.92724756803360109  0.93594471216507080  0.94518403330275247
  0.95444113290095323  0.96310710193916982  0.97102283449571092  0.97853481597122449
  0.98480851604651765  0.99006653350624119  0.99485883716597734  1.00000000000000000
 -0.00133385928495660  0.00658807139128980  0.01487128502312214  0.02323481195642681
  0.03168809290969403  0.04053973189815964  0.05128238016479088  0.06372134426057449
  0.07614388946043527  0.08739278024439369  0.09885991067395675  0.11000632780566502
  0.11995455783282118  0.12888181513173053  0.13724595774462903  0.14531422483214226
  0.15358764293850666  0.16228017231648931  0.17106184115112869  0.17988668624625412
  0.18811421567342149  0.19768263431721764  0.20763084121287045  0.21826421826460068
  0.23008589874991056  0.24190463425407316  0.25272890223507427  0.26338762471250199
  0.27371505692910086  0.28449343117149167  0.29603326486500015  0.30780268925598697
  0.32018425663327749  0.33332192931802201  0.34592819475039543  0.35742301108828739
  0.36850268050572355  0.37946534563440260  0.38977733824157862  0.39968230922559611
  0.40983078211481960  0.41875448126881160  0.42790681225610760  0.43728575204378051
  0.44780750081548815  0.45953606999437085  0.47121663507067801  0.48158462314912415
  0.49077530157780946  0.49971506908699392  0.50678387985256579  0.51307392794098583
  0.52136533276264951  0.52920748855474009  0.53940611493199941  0.55274105558690478
  0.56597694031906853  0.57946067199416351  0.59314142396825376  0.60666504209709582
  0.61961551163532602  0.63138643294812558  0.64202301844865428  0.65226718194888289
  0.66275002101070679  0.67445109531931402  0.68737993709001588  0.69999279121114910
  0.71231294871052708  0.72372896023771194  0.73447202601462203  0.74505398565611380
  0.75578067054930087  0.76699549245381216  0.77887276817739881  0.79081736443595585
  0.80217715458839689  0.81303792066554270  0.82274916810626264  0.83227723505340845
  0.84166204097009789  0.85298914478974008  0.86514035104733977  0.87729082972836092
  0.88906491510980634  0.90039000397401814  0.91146373571231853  0.92305348089623407
  0.93472893284289860  0.94504219790288757  0.95430234956474735  0.96362060391468340
  0.97212221693764478  0.98083339741443065  0.99053414540240170  1.00000000000000000
 -0.00228167426200755  0.00837203504641844  0.01727778787577943  0.02533732470973307
  0.03381131700842100  0.04287205987667971  0.04911720752305140  0.05431276626462950
  0.06023174529150320  0.06759280483337694  0.07519860258141652  0.08310257419438286
  0.08987172622125951  0.09689199880308300  0.10446260056371157  0.11162999008796215
  0.11866797632237625  0.12645141129882262  0.13440016485585596  0.14225282525802183
  0.15076268695648329  0.15956719424768559  0.16869955343298659  0.17791747300092889
  0.18700336593678119  0.19592591981870550  0.20414820429202180  0.21204245375014394
  0.22127026501538155  0.23243936064703655  0.24370691846774506  0.25479622946352271
  0.26521711009051413  0.27502550565433243  0.28399064209662533  0.29249721603043810
  0.30193241434246193  0.31252695373620776  0.32408660638467701  0.33600820816833998
  0.34746507526475839  0.35858504733325047  0.36989068264474650  0.38122365361884852
  0.39200508288792979  0.40232490520257636  0.41249110879003847  0.42282207169843822
  0.43372388630433184  0.44496708109005234  0.45590334307478408  0.46664709654999215
  0.47797921978716484  0.48906297190591963  0.49921535193126620  0.51017447699653318
  0.52161212990639605  0.53345049126020028  0.54567972610640614  0.55838763454416840
  0.57078611800517731  0.58259935957642595  0.59417423416105486  0.60528906805307103
  0.61584456288964307  0.62598447966988779  0.63662713085209921  0.64644782036244952
  0.65706148838533596  0.66946981605337263  0.68294880959339954  0.69471280697044635
  0.70751094641867385  0.72044711404786022  0.73267235417109144  0.74515569960675487
  0.75919059197911709  0.77162756993567094  0.78144214238141552  0.79113465233873903
  0.80231601289934174  0.81261702026474181  0.82541930627265570  0.84022776859255299
  0.85518747827658625  0.86859244380411116  0.87986602380086842  0.89078503444831025
  0.90253334715469069  0.91487455684272401  0.92761215091581462  0.94036875082146765
  0.95306084874679331  0.96601309296684823  0.98055697751350079  1.00000000000000000
 -0.00249281128967712  0.00962764883767071  0.02009293274980820  0.03065008049811152
  0.04186946049893033  0.05383520232847992  0.06618844891869159  0.07814600928776178
  0.09051852647800604  0.10307075691509607  0.11475808934671677  0.12463038118901920
  0.13344406898031011  0.14219358082013517  0.15068463501720850  0.15975553031714076
  0.17123420804841735  0.18411361526236944  0.19626994673202944  0.20667967351995997
  0.21597793207896604  0.22523063864272619  0.23449138116254964  0.24532424161004107
  0.25793427403674601  0.27049629875112108  0.28194221361304639  0.29144406861867656
  0.29956293842958559  0.30785614016064172  0.31584987361746014  0.32375990676435545
  0.33207060270677680  0.34130367775194070  0.35042662757999787  0.36106036995016605
  0.37379551945602912  0.38779822525323404  0.40206014282956987  0.41498735150046129
  0.42751986864479918  0.43937874486817730  0.45048292986288541  0.46163740280482940
  0.47210082046503599  0.48149769459339453  0.48966057967169391  0.49733760048323961
  0.50562048448093266  0.51480865920067653  0.52541446277315373  0.53643900351919993
  0.54684059822382913  0.55747332143132544  0.56790165106063695  0.57588444099896963
  0.58509015322973867  0.59402714223879605  0.60311502946146089  0.61363970832778281
  0.62453550944008418  0.63502283939767712  0.64604718167959396  0.65654573896368396
  0.66624102412250930  0.67606876022605822  0.68653387677674238  0.69787217935037793
  0.70930431202738042  0.72045113664968297  0.73182013714305960  0.74378318150654665
  0.75576988166070747  0.76708834623417410  0.77793872910113115  0.78865350089669006
  0.79922993955692012  0.80946628849190216  0.82005698565893914  0.83102313771205527
  0.84226148813953738  0.85059172617258638  0.85946557113338351  0.86958660376323416
  0.87935962898810494  0.88977489207819194  0.90174542918217959  0.91304920112358579
  0.92395615726445668  0.93559428705604564  0.94683706039119830  0.95768468143611662
  0.96884478077848268  0.97997311681262689  0.98972280576619265  1.00000000000000000
 -0.00168544494541843  0.00685932629922896  0.01780318332458463  0.02806310950868394
  0.04041809371237940  0.05159957295742552  0.06206408264857541  0.07178215046506248
  0.08168773130608337  0.09084907133227059  0.10409743882538217  0.11389381571434726
  0.12615416297605547  0.13665133551044947  0.14552845197956085  0.15441427363943186
  0.16472933100153103  0.17694325795111748  0.18701516409881933  0.19642680686017808
  0.20572506022831447  0.21400063515202150  0.22358366743213506  0.23446235279604707
  0.24450110704068914  0.25406415684333511  0.26463592681073217  0.27552756695935843
  0.28753797845940238  0.29938411911652502  0.30834924493231486  0.31603477540267283
  0.32470187317815730  0.33353173321151203  0.34411922996917066  0.35771033133535007
  0.37235718015791514  0.38589123617722215  0.39775013776960466  0.40919392374419239
  0.42086547480072306  0.42923419779709210  0.43707281435671586  0.44668412744929448
  0.45577134037011252  0.46249632553093861  0.47037927748808173  0.47996430597812034
  0.48846207562922778  0.49791078541311218  0.51030618909717784  0.52420382303789159
  0.53725924913468348  0.55043234431558352  0.56337736456179244  0.57542759663343490
  0.58651940345673836  0.59683964798917377  0.60753008416596455  0.61888326765136914
  0.62908910935817497  0.63706482916832774  0.64444409824219850  0.65371088424275325
  0.66462536444997145  0.67478352648644124  0.68526494852081621  0.69524999513125718
  0.70573677296932025  0.71625973892180250  0.72754381819313307  0.73841493312020257
  0.74831745817622008  0.75758032596390223  0.76748691208793518  0.77677847624767893
  0.78636256692895679  0.79660666797722213  0.80835696728297934  0.82074927566749245
  0.83243533358292754  0.84384785596352163  0.85515342382559534  0.86664930753946801
  0.87880480205684630  0.89163574267734291  0.90436381542135291  0.91603189650518690
  0.92701062135446022  0.93675314020297973  0.94737253260527943  0.95727834402724066
  0.96820126470398871  0.97948506571161431  0.98937021964012406  1.00000000000000000
  0.18226605291464773  0.26577239911100048  0.33335625443587047  0.37800179991351296
  0.40197237764243315  0.41981159842976956  0.43707592719508020  0.45870893399636603
  0.48835021880833440  0.52224013034989447  0.54368789753666780  0.56540660818385813
  0.59732879169192210  0.62836356524050052  0.64497978582424731  0.65295132142664070
  0.65823619982686021  0.66261028864675853  0.66591464148967028  0.66958406834754625
  0.67339516856930226  0.67748436025266745  0.68132401580723678  0.68492238815086337
  0.68867654662043210  0.69257483476613269  0.69637773194260832  0.69984509840468767
  0.70268965459734911  0.70530948842225372  0.70792722466570424  0.71097937285848178
  0.71449450270624548  0.71786164794097018  0.72096686163631096  0.72411938699436962
  0.72710335414328253  0.73008904707319078  0.73344098229799337  0.73673763771437983
  0.73999677182255641  0.74352536315691209  0.74711826054764752  0.75065806706743932
  0.75401840937797004  0.75730158148403237  0.76058238933564049  0.76381913641995380
  0.76725484190908266  0.77094466347152046  0.77458368602445238  0.77801839912677595
  0.78152533161678639  0.78501291304355991  0.78829762995951469  0.79188992415920967
  0.79572928411577670  0.79981210076309728  0.80412403029433976  0.80864837673185719
  0.81326581215631488  0.81803510630734300  0.82212262228137767  0.82578850082365995
  0.82943918829098617  0.83308309400771086  0.83666715024567873  0.84041086166722534
  0.84464703331143032  0.84914014516737624  0.85356800944921229  0.85773553048039575
  0.86163183359255446  0.86555948037310548  0.86948152013498681  0.87352539509890825
  0.87803631160497075  0.88292426468457708  0.88792446743772835  0.89300976076378269
  0.89827340751904283  0.90363047344016967  0.90887753998352061  0.91450688532270430
  0.92050397610458501  0.92587685110480999  0.93018123116926577  0.93424761756360575
  0.93926827081380604  0.94412777473259257  0.94872490019262157  0.95486382743144405
  0.96154549892834451  0.96983123896811629  0.98239838278417324  1.00000000000000000
 -0.04110780244029558  0.17238348911589857  0.20780118719714888  0.23283124930938454
  0.25478111493935657  0.27442914876731039  0.29133374836724796  0.30732172409597858
  0.32063376693816936  0.33351469862379807  0.34589442202612142  0.35758217931987879
  0.36768600933994833  0.37577885394843552  0.38366823730272426  0.39232967581044165
  0.40050233895865128  0.40973558912344110  0.42003066587168958  0.42994313140630414
  0.43938820329897338  0.44880839299090719  0.45814024876292414  0.46693473135528757
  0.47497680805786519  0.48209157217039622  0.48751841195095630  0.49306747108562660
  0.49946906335390190  0.50577401938507083  0.51134249082881245  0.51746358575960583
  0.52456162314774579  0.53159634854092452  0.53791066362804785  0.54345914678123164
  0.54812452606375350  0.55249383632964844  0.55778772239786256  0.56380681993439030
  0.56962008820186438  0.57502776469397854  0.58037058905083794  0.58558897246079433
  0.59080420626983066  0.59617108942433272  0.60172843396201392  0.60750221493799883
  0.61316784187129880  0.61854187487965140  0.62379391711453691  0.62876421715728892
  0.63331146343000533  0.63772189250658029  0.64195916455201929  0.64658357181367476
  0.65162553492434427  0.65665272530095720  0.66144004786736366  0.66622122458886857
  0.67128866698346223  0.67650243476543448  0.68141603609264667  0.68550919965728963
  0.68936255514581890  0.69319559218826776  0.69663772724182105  0.69975655131344194
  0.70263149013775561  0.70537448232680378  0.70974276999098518  0.71486564836959499
  0.71982235482097634  0.72436464271204704  0.72846505322703758  0.73224114820288788
  0.73573277589822905  0.73902346447213840  0.74249713323141509  0.74635358328211676
  0.75066543615936521  0.75598340982156786  0.76186835682389586  0.76783923999532055
  0.77371624446432774  0.77962726874823796  0.78586768936120110  0.79357958435616371
  0.80132234531110957  0.81053142364975617  0.82140612917779199  0.83395464704699818
  0.84591241386871263  0.85726188444088858  0.90677859607196620  1.00000000000000000
   2.4105935575783213E-010  -1.0000000000000000     
 F F F F F F F F F F F F F F F F F F F F F F F F F F F F F F F F F F F F F F F F F F F F F F F F F F F F F F F F F F F F F F F F F F F F F F F F F F F F F F F F F F F F F F F F F F F F F F F F F F F F F F F F F F F F F F F F F F F F F F F F F F F F F F F F
  <DiscreteSampler_grid>
  grouped_processes
  1 # 1 for a reference and 2 for a running grid.
  10 # Attribute 'min_bin_probing_points' of the grid.
  1 # Attribute 'grid_mode' of the grid. 1=='default',2=='initialization'
  0.0000000000000000 # Attribute 'small_contrib_threshold' of the grid.
  0.5000000000000000 # Attribute 'damping_power' of the grid.
 # binID   n_entries weight   weight_sqr   abs_weight
    13   10   5.728503455411665E-001   1.340661677971426E+000   5.728503455411665E-001
    14   10   5.728503455411665E-001   1.340661677971426E+000   5.728503455411665E-001
    16   10   1.170118886368788E+000   5.737376455552611E+000   1.170118886368788E+000
    17   10   1.170118886368788E+000   5.737376455552612E+000   1.170118886368788E+000
  </DiscreteSampler_grid>
