 -0.00106906725622793  0.00442235491946190  0.01109551840135276  0.01982723298516373
  0.02928639575838631  0.04201631247361597  0.05516974647831500  0.06748874066233682
  0.07949227759553580  0.09128674555685526  0.10251226617966332  0.11318626002960112
  0.12332391611627457  0.13332545784657926  0.14411166276337531  0.15507652105899600
  0.16591003649074926  0.17712341530805553  0.18914399381340824  0.20068089551068805
  0.21150384277467019  0.22222538627379523  0.23318543409386644  0.24546589228343926
  0.25892923923190897  0.27224778194909616  0.28455531313436866  0.29513040692632653
  0.30501288509554048  0.31587107625631561  0.32685836166258847  0.33854164304089490
  0.35062800916838804  0.36314409563179434  0.37596623751585101  0.38810795285630972
  0.39956186790667642  0.41033383082579855  0.42054557248077457  0.43100429994697664
  0.44152451700902640  0.45187870382574502  0.46138741507143483  0.47334100799666784
  0.48447376598344549  0.49408954947790812  0.50267199468864532  0.51210287567969415
  0.52202531574470268  0.53198983582751425  0.54298600350112158  0.55322463908034103
  0.56357209886267479  0.57410282237890042  0.58479860461825417  0.59448258770012974
  0.60224630226291653  0.61123947712133508  0.62007849581086727  0.62819326744704529
  0.63722012489135849  0.64541331455837714  0.65387079452559116  0.66289490733495082
  0.67227329857667750  0.68261552724203844  0.69404466300515488  0.70578146110983320
  0.71538683459936092  0.72336628564574013  0.73135462723966649  0.73952178012953240
  0.75023282785054801  0.76251804192167938  0.77600245747907060  0.78864445091066948
  0.79955124008709388  0.80936475989543277  0.81854436903158423  0.82858000002012777
  0.83889924728029530  0.84945688815634313  0.85886630944460840  0.86871159448873425
  0.87925163909256621  0.88904852302880211  0.90007133689345520  0.91274219860756578
  0.92608944799750925  0.93945698568909664  0.95223569705139188  0.96460395644816566
  0.97550472027264368  0.98518064527643046  0.99237168997345115  1.00000000000000000
  0.00007091909592012  0.00007450143729476  0.00007831050339744  0.00008234102476238
  0.00008679634145444  0.00009060680378182  0.00009206839649413  0.00009229161334499
  0.00009236415553924  0.00009239388170692  0.00009241197733542  0.00009242358483333
  0.00009243094469670  0.00009243585746375  0.00009243992704720  0.00009244332106312
  0.00009244574540557  0.00009244772633197  0.00009244962877348  0.00009245111198349
  0.00009245257518512  0.00009245396791824  0.00009245528741374  0.00009245660690924
  0.00009245797816818  0.00009245936560206  0.00009246081385680  0.00009246255556527
  0.00009246435258611  0.00009246660498838  0.00009246951032618  0.00009247315818994
  0.00009247733300030  0.00009248264317453  0.00009249231450691  0.00009250669570802
  0.00009253040039684  0.00009258087694893  0.00009275384423779  0.00009354586780768
  0.00009682471338249  0.00010288447502061  0.00011053189936348  0.00012042197589016
  0.00013191622589185  0.00014533174914238  0.00016038852897333  0.00017673501629630
  0.00019422990806504  0.00021359424212593  0.00023672303010234  0.00026240210175809
  0.00029069621076681  0.00032059802942386  0.00035227080688633  0.00038713201905290
  0.00042500160377141  0.00046648738468110  0.00051298726589386  0.00056454485929141
  0.00062206029701342  0.00068722750211883  0.00075613364570966  0.00082458054980143
  0.00089795558632790  0.00098054888434840  0.00106655295945509  0.00114809362397527
  0.00123427379916215  0.00133225866146025  0.00143572634078660  0.00153734084474397
  0.00163802046828140  0.00174869488907324  0.00186637964592239  0.00198294817135381
  0.00209727448123406  0.00222629545616649  0.00236851946313846  0.00252182806342878
  0.00268016838849053  0.00284265004273811  0.00301290806217234  0.00319105773370707
  0.00338682950186823  0.00360985124667752  0.00386640175964131  0.00416130781896317
  0.00449269066857508  0.00496397338889176  0.00587163820950323  0.00725385825724057
  0.00964882464074617  0.01532102678438112  0.05412637008943483  1.00000000000000000
  0.00000052547876937  0.00000327781153386  0.00000443235844995  0.00000611694627193
  0.00000801442047308  0.00000998003598437  0.00001210883181209  0.00001423433123918
  0.00001654244192091  0.00001881877085756  0.00002090912450088  0.00002317087648575
  0.00002558366460452  0.00002786392699350  0.00002985962938629  0.00003139372561785
  0.00003343063579514  0.00003589829317201  0.00003819419349901  0.00004037693860235
  0.00004268647976410  0.00004514286124248  0.00004780307247591  0.00005062180973451
  0.00005345262783713  0.00005639195324208  0.00005957133907407  0.00006296409149356
  0.00006665871532606  0.00007062461115717  0.00007408945364831  0.00007696521335341
  0.00007970282488930  0.00008242561380421  0.00008583181187648  0.00008972906383101
  0.00009415126732479  0.00009859081290384  0.00010323676252552  0.00010790704524408
  0.00011279073588849  0.00011828063275338  0.00012448476899012  0.00013100383545616
  0.00013757605384438  0.00014495711920481  0.00015331925858297  0.00016174860312690
  0.00016980172643318  0.00017777397618305  0.00018591940309388  0.00019462763114853
  0.00020390426526606  0.00021464864567599  0.00022714747552989  0.00024066476750231
  0.00025480965905957  0.00026908474772995  0.00028433312220645  0.00030211583834666
  0.00031736293070662  0.00033270764485496  0.00034811881377016  0.00036493210328505
  0.00038126287173274  0.00039702262967979  0.00041678089423634  0.00043967261396899
  0.00046438879808165  0.00049177745191225  0.00052227467937696  0.00055596670739312
  0.00059366722216046  0.00062099209861780  0.00064413820160006  0.00066251902146136
  0.00067933459701122  0.00070042584147575  0.00073157366863292  0.00076391544638713
  0.00079536010043784  0.00082758609022809  0.00086190858061972  0.00091602041761634
  0.00099843630037471  0.00108803684479373  0.00118155741142849  0.00127973639281812
  0.00138964831991497  0.00153731338660576  0.00172014705277823  0.00195659480425235
  0.00227707412809746  0.00687223680037295  0.05561268080070873  1.00000000000000000
 -0.00179327199883858  0.00644190814424444  0.01531881049938120  0.02310210322853732
  0.03216917132692228  0.04266746065843142  0.05371822017028507  0.06463698119357106
  0.07484419396200347  0.08392322019954042  0.09216704027716487  0.09972717143036643
  0.10816800348652106  0.11844563153568759  0.13103169657185365  0.14226567035700682
  0.15344417446730649  0.16563554668049657  0.17742819460456372  0.18935391219926048
  0.20201696532869037  0.21474571050157573  0.22684826205490524  0.23774155277382253
  0.24978752393321424  0.26360084029712944  0.27624506327647957  0.28840303779505561
  0.30153379803547015  0.31554475681990968  0.32948507704266572  0.34336055828409845
  0.35797401691597336  0.37239076484552108  0.38490852337044879  0.39644667778924741
  0.40746536119877058  0.41879709975181961  0.43249606875276309  0.44634712667507548
  0.45896516237839591  0.47074869664505908  0.48228300278333414  0.49376267601574686
  0.50548646367223327  0.51776966601948149  0.53039583448347072  0.54312462679558249
  0.55488177337167932  0.56504662664947436  0.57442636627704591  0.58423244071185187
  0.59647141038799723  0.61007215989355423  0.62422065901834378  0.63761494331202273
  0.65013183150049936  0.66220395111171726  0.67445205478122827  0.68695200224684516
  0.69873561169677378  0.70960435017393819  0.71998847999551874  0.73056482897621389
  0.74139478788172442  0.75225415116096672  0.76283950386780319  0.77352927359786539
  0.78401692188573313  0.79332569081968340  0.80246103482546338  0.81111997305476169
  0.81931095887952288  0.82810200412041168  0.83722031395612651  0.84724775613107839
  0.85789226085758263  0.86766424962099553  0.87610629390094785  0.88411355553949089
  0.89224273096886808  0.89945576555408391  0.90697764617728094  0.91487638271333849
  0.92334229143148983  0.93172933158921867  0.93928157887536035  0.94681152577701755
  0.95410799386265466  0.96100056295949676  0.96660375967155043  0.97303945543207182
  0.97936345957829563  0.98587720649883837  0.99221421460756865  1.00000000000000000
 -0.00188475366371974  0.00770842639825909  0.01787441946499433  0.02822792821544531
  0.03925673772712356  0.05017419463707847  0.06097376200963387  0.07013429230237976
  0.07882449703639685  0.08800830575117063  0.09760104468955696  0.10775087406308242
  0.11871673068515919  0.13036636092167353  0.14288298688557513  0.15683178725848049
  0.17107644112673254  0.18473818541101397  0.19755015876782037  0.20929837097325185
  0.22028361114606540  0.23101139996529982  0.24155870648611522  0.25246357782200174
  0.26430621082704331  0.27529579754900535  0.28336532927272051  0.29083217280619028
  0.29894214446343775  0.30893953577134825  0.32041556777118496  0.33077506642158810
  0.33964299798946990  0.34841610387228605  0.35664186277114751  0.36437787352681994
  0.37285940282613739  0.38212644135048779  0.39048347237404329  0.40008521383497253
  0.41009865054433764  0.42073681877994890  0.43199103769954866  0.44352260982605535
  0.45455478345644679  0.46527701677364153  0.47555753928983152  0.48633181759606453
  0.49817615327592069  0.50915375921216832  0.51914268785127360  0.52911926387106789
  0.53815173530942439  0.54817899617917909  0.55895819375834876  0.57032574953057158
  0.58204075681350165  0.59357461062275285  0.60477846975144200  0.61563290911180790
  0.62660570922383463  0.63769023492661037  0.64982063819250280  0.66230549295262064
  0.67386456878142953  0.68422232600028787  0.69432845822532863  0.70546093118813935
  0.71771991708128358  0.73060026777566001  0.74364757954536598  0.75651506282668401
  0.76909567539585677  0.78141389851057341  0.79326952644279214  0.80439066789387781
  0.81513523784872244  0.82482427582563878  0.83270413063104964  0.83933498881055657
  0.84694431974450213  0.85602248801815362  0.86485557041701255  0.87312448516811159
  0.88201439388435832  0.89156257127649274  0.90393787865678155  0.91698773818894996
  0.92657354877935272  0.93725739270356756  0.94838736519700573  0.95938128245995991
  0.96939719825432080  0.97957780943752526  0.98835597153228583  1.00000000000000000
 -0.00180104001697656  0.00755702023097036  0.01555369403923515  0.02322971100031233
  0.03124201549309997  0.04016735320910901  0.05016858375967341  0.06077728885468370
  0.07103618219685305  0.08095096288747786  0.08990540825285744  0.09865175499071613
  0.10719908742247414  0.11568976152289492  0.12420046262901965  0.13310301436160207
  0.14297936637786623  0.15283936824029931  0.16143614870743087  0.16941238889436355
  0.17742289445047957  0.18620386000406275  0.19590552082400819  0.20562857040444366
  0.21433134874153159  0.22230974890508837  0.23030335868735527  0.23825282629707284
  0.24642658264887290  0.25478059399350822  0.26361706190487899  0.27197662147160795
  0.28184050716378656  0.29257381243804115  0.30347826657178240  0.31391754721630072
  0.32416347388912559  0.33380306873939541  0.34311265614390762  0.35270855163705012
  0.36239196837541271  0.37139892506611683  0.38218332679684858  0.39412771204987662
  0.40598758680184133  0.41742616268470650  0.42857029174913591  0.43966957307999205
  0.45109030301421543  0.46270797897596716  0.47430481114446554  0.48554798850823183
  0.49615839417764790  0.50590127408895225  0.51496949754406807  0.52344336714242667
  0.53354068978506031  0.54513349190877769  0.55619026478269773  0.56748282979661746
  0.57831020411470424  0.58919831645413734  0.60101058342781810  0.61277396276767027
  0.62317337900828662  0.63323136920325640  0.64341492070578399  0.65497701384338114
  0.66792724514832424  0.68062840883831766  0.69246506295942700  0.70388058132627906
  0.71542311094207534  0.72762640812846435  0.74034528648524467  0.75204295314955893
  0.76175461017914259  0.77070200681733647  0.77945263474507775  0.78966139367726640
  0.80219382252866800  0.81641282458499165  0.83127944906866558  0.84544870529035876
  0.85753198059756519  0.86753173957521279  0.87763759716275347  0.88904426421551330
  0.90053186685763698  0.91097757197407392  0.92192854530836343  0.93523321107461721
  0.94981929120824338  0.96470555517105017  0.98088719776744382  1.00000000000000000
 -0.00262223431898072  0.00976438078998258  0.02070245356740096  0.03100263342879096
  0.04157680206851946  0.05369871063307999  0.06653737925632738  0.07822417111255427
  0.08845231339470921  0.09823104963270800  0.10796523709708625  0.11777862073502500
  0.12775551592946535  0.13825092061374802  0.14872749806291552  0.15848074067556342
  0.16688238443070716  0.17409489286017368  0.18219870083107506  0.19101655293627515
  0.19933175083404758  0.20871593475011602  0.21921013626429267  0.23023033089376918
  0.24073496932186395  0.25005801003509820  0.25917019615807257  0.26900567081219218
  0.28006201919008977  0.29212204083335219  0.30475604781141796  0.31769794991243350
  0.33035040515517972  0.34139939271760805  0.35110206656379200  0.36085080652177859
  0.36920336037486789  0.37867026262341397  0.38864189458205561  0.39989987374101771
  0.41222028766950586  0.42432722666858708  0.43610255036863255  0.44807940377037303
  0.45919825639406048  0.46919089272893622  0.47934920513390927  0.49028628011046066
  0.50030815865065914  0.50968879690206415  0.51951264067921443  0.52935145760765834
  0.54038280638587199  0.55086020775187772  0.56202156882857157  0.57251318274728713
  0.58199274103955534  0.59106564709861198  0.60012979315744908  0.60906501007027669
  0.61807280184151403  0.62794890116458268  0.63780136285160904  0.64821050137908953
  0.65961405435234677  0.67142256358465613  0.68294927147669016  0.69386547319915393
  0.70447318122425961  0.71536272944547741  0.72684639830270981  0.73850074775724384
  0.74941997362069412  0.75944696215218610  0.76943914812135850  0.78028039968641005
  0.79241193595264126  0.80550469788618351  0.81778004907290924  0.82990996565907427
  0.84155981346850872  0.85269870366021983  0.86267908903992607  0.87416633514630471
  0.88325781398278069  0.89190136213472548  0.89998926565958504  0.90887599168685518
  0.91825407289126193  0.92924977369569739  0.94186299897954451  0.95473977925662290
  0.96659774124586029  0.97726682605447757  0.98875195401847737  1.00000000000000000
 -0.00182024456311339  0.00755969903374304  0.01796955465447819  0.02651680833756959
  0.03864871398437035  0.05022740444905833  0.06143430995579555  0.07236100155623644
  0.08241660095720199  0.09207000808906653  0.10221782180470566  0.11233728389774959
  0.12296744541148789  0.13242678668456992  0.14222710776335343  0.15245494197762016
  0.16396586835546187  0.17653578103882855  0.18872700604445705  0.20081658519896517
  0.20938106922597360  0.21793440793199151  0.22658515106053800  0.23521495079243931
  0.24574176040169970  0.25828337735810947  0.27022383612586920  0.28136172341798432
  0.29182847003096607  0.30216107126525815  0.31324867901929182  0.32472054115148108
  0.33626506383000382  0.34785375702219640  0.35937695176402484  0.37126049380467152
  0.38351298783515764  0.39551980638639195  0.40688897740101315  0.41767983296408456
  0.42814271696300799  0.43870619502347835  0.44932484967001385  0.46111169103958888
  0.47379838626911952  0.48453321829022383  0.49538189267957161  0.50430812512408285
  0.51256436258104210  0.52178437441328585  0.53257080002898782  0.54379045903363188
  0.55530635809803919  0.56630885387425733  0.57627561641948244  0.58598837973484474
  0.59528596690046254  0.60375859181901592  0.61266704788513071  0.62342679885399166
  0.63534748286178455  0.64789171159025427  0.65966524041541608  0.67096126810124168
  0.68214065137411384  0.69261944063100656  0.70317921399172079  0.71406922817866714
  0.72489678079523645  0.73559523058352494  0.74479854083920294  0.75311408946252356
  0.76113642872574905  0.76880966678317886  0.77781101232554517  0.78741898305956226
  0.79586586245607971  0.80404108296155530  0.81306562649983083  0.82362211086302872
  0.83413158471272753  0.84493423867127326  0.85646737368437231  0.86861828262677221
  0.88108119750514136  0.89347195306866478  0.90540958733638754  0.91654998625893602
  0.92793820581044151  0.94031551230760280  0.95229083062250364  0.96259719085357420
  0.97114687877384409  0.97984920468562364  0.98955764385705702  1.00000000000000000
  0.15405758232347966  0.19943350922603026  0.31930480267261269  0.41386153144522453
  0.46206312724967802  0.47518547020350727  0.48582451549800759  0.49803864404546205
  0.51312527225900928  0.52338485892037145  0.53698237237312063  0.56667723930459435
  0.60727193971832361  0.63561275308630683  0.64593537323766459  0.65130470797955753
  0.65617603122907964  0.66121793111292093  0.66564509219015111  0.66986358631275955
  0.67379878458704268  0.67731457678473106  0.68061491115281447  0.68391499975606185
  0.68744386584124229  0.69113065555503728  0.69469380774422407  0.69809323795110456
  0.70169422086785382  0.70565768254421668  0.70950168853862183  0.71291293277252088
  0.71603525184656613  0.71893458629791607  0.72210201833796239  0.72563511254448931
  0.72939288773950472  0.73303535631738803  0.73604866854793283  0.73876614730581236
  0.74171986100381171  0.74470458106731763  0.74760165911256460  0.75088945242627581
  0.75428913528935371  0.75802259890701829  0.76160397749743891  0.76457949324053354
  0.76716010575033633  0.76991890289501697  0.77286505705122810  0.77583016096646396
  0.77866375373513719  0.78159169010524243  0.78527810581826629  0.78942786352918282
  0.79349157998677344  0.79738701845839832  0.80149145298888314  0.80566107302721357
  0.80980415310744625  0.81370668079875985  0.81745357025090892  0.82105881445900508
  0.82445173937029748  0.82776393054817543  0.83107012156984228  0.83462012694740129
  0.83838412307171328  0.84216008354214800  0.84599897367989041  0.85012653169149355
  0.85443272735829401  0.85875995756493562  0.86315246848906424  0.86773556685654674
  0.87249952081693560  0.87743416764783555  0.88270041475199601  0.88822976993351099
  0.89369607051681066  0.89860458527256060  0.90361580013008036  0.90901134401424222
  0.91434717685006694  0.91929095405286387  0.92376120485686120  0.92816363838249349
  0.93246354934671494  0.93664518899126481  0.94218441552775278  0.94849316544120099
  0.95586105859075554  0.96591997544792119  0.97939612227424333  1.00000000000000000
 -0.03856185731085401  0.15960699483296237  0.20228049306144827  0.22992733938541587
  0.25124986580481268  0.27097384147614328  0.28756799842525682  0.30296129161515650
  0.31702511453584808  0.32906473702355099  0.33985304634412433  0.35076743774713148
  0.36130429888110394  0.37098630558004164  0.38000518265050209  0.38884075573757393
  0.39678069033574048  0.40621185012249217  0.41295770815616789  0.41988542762492870
  0.42698731151865055  0.43405309367530293  0.44123848929673043  0.44836041357759154
  0.45565031187003252  0.46354803336440842  0.47150600001941706  0.47939371596175268
  0.48732337219238137  0.49529935037718553  0.50306074146872171  0.50994585440137763
  0.51544690712189212  0.52013287813900155  0.52492740963156126  0.53054170693185732
  0.53643492231629208  0.54245971830053075  0.54810331042718308  0.55358315793190360
  0.55833987671403640  0.56263159787175676  0.56721616524229190  0.57158332814168578
  0.57619325698552060  0.58162410866085212  0.58718502756181412  0.59223037148582403
  0.59692624605191935  0.60127649252020654  0.60510339373202482  0.60876344855200515
  0.61269183612905265  0.61678663383339938  0.62136347248610491  0.62662238018243688
  0.63223237458279380  0.63800058332932175  0.64385902368281012  0.64959141719790259
  0.65491579901919483  0.66008847886232547  0.66452103362328840  0.66827962907769412
  0.67214501102119240  0.67590672770305316  0.68018952459379045  0.68384935167777361
  0.68831094575990892  0.69280131364436370  0.69699840122396872  0.70103490343090158
  0.70492672337231976  0.70888182829845781  0.71254077201610300  0.71725860379376638
  0.72236210139920354  0.72724001607340083  0.73203192492953040  0.73680264433129361
  0.74113821077398800  0.74510005106313026  0.74933426060409680  0.75389982569942338
  0.75870303797823990  0.76377606102051399  0.76915592076529982  0.77539211327291835
  0.78237867613600254  0.79000232504921519  0.79862354207044006  0.80769552780591392
  0.81872212249265830  0.83631646531094561  0.88579999100396278  1.00000000000000000
   2.4091671595248548E-010  -1.0000000000000000     
 F F F F F F F F F F F F F F F F F F F F F F F F F F F F F F F F F F F F F F F F F F F F F F F F F F F F F F F F F F F F F F F F F F F F F F F F F F F F F F F F F F F F F F F F F F F F F F F F F F F F F F F F F F F F F F F F F F F F F F F F F F F F F F F F
  <DiscreteSampler_grid>
  grouped_processes
  1 # 1 for a reference and 2 for a running grid.
  10 # Attribute 'min_bin_probing_points' of the grid.
  1 # Attribute 'grid_mode' of the grid. 1=='default',2=='initialization'
  0.0000000000000000 # Attribute 'small_contrib_threshold' of the grid.
  0.5000000000000000 # Attribute 'damping_power' of the grid.
 # binID   n_entries weight   weight_sqr   abs_weight
    13   10   1.320783147529366E-001   6.474484324236525E-002   1.320783147529366E-001
    14   10   1.320783147529361E-001   6.474484324236493E-002   1.320783147529361E-001
    16   10   1.653630434806757E-001   7.971512397158174E-002   1.653630434806757E-001
    17   10   1.653630434806751E-001   7.971512397158095E-002   1.653630434806751E-001
  </DiscreteSampler_grid>
