  0.00007140735703340  0.00007257013016361  0.00007457452281300  0.00007672155804438
  0.00007898812510927  0.00008123713699824  0.00008351110071152  0.00008605441057061
  0.00008886206144503  0.00009138562928129  0.00009229761460399  0.00009243068307822
  0.00009249641784460  0.00009253169783739  0.00009255014094555  0.00009255964729515
  0.00009256546130899  0.00009257019052455  0.00009257399808548  0.00009257651483944
  0.00009257879871256  0.00009258045526786  0.00009258164165437  0.00009258273942593
  0.00009258370295610  0.00009258461586218  0.00009258535779011  0.00009258609223284
  0.00009258669057951  0.00009258728892618  0.00009258785167359  0.00009258839506863
  0.00009258893846690  0.00009258949020208  0.00009259004193725  0.00009259062611292
  0.00009259126040126  0.00009259190401316  0.00009259269383155  0.00009259350162329
  0.00009259444406224  0.00009259544821198  0.00009259655152045  0.00009259826391820
  0.00009260029202539  0.00009260279704860  0.00009260602075250  0.00009261032415421
  0.00009261604328609  0.00009262320237563  0.00009263224927485  0.00009264979609035
  0.00009269049582284  0.00009279806213612  0.00009331424450607  0.00009524242654879
  0.00009947438564600  0.00010420816330136  0.00010936693833905  0.00011679522401459
  0.00012748200039684  0.00014040568251953  0.00015702693678591  0.00017901715719851
  0.00020639728050039  0.00023518981027154  0.00027062997180163  0.00031562309261432
  0.00036754691855377  0.00041932115193511  0.00046836637292425  0.00052105440096356
  0.00058510622473049  0.00066172384203304  0.00074347543833838  0.00083744184108923
  0.00095709450715800  0.00109264206003400  0.00122001780111896  0.00132331418002832
  0.00142855735031164  0.00155316743041337  0.00172105783596296  0.00193514759304385
  0.00219245296503131  0.00243091024220664  0.00261418679800631  0.00281000821073238
  0.00309730759738207  0.00359122190974309  0.00427263406857251  0.00541742797466972
  0.00711670127190584  0.00900429741084257  0.13816220337100357  1.00000000000000000
 -0.00733898289005995  0.02983441864054035  0.05325004107045857  0.06888751826141389
  0.08172869038466991  0.09422009139397228  0.10674847943506337  0.11883910605640444
  0.12936639622783228  0.13879958419847541  0.14808709144855739  0.15754900178534770
  0.16784705319114451  0.17973019974997739  0.19258401099621417  0.20587428089622339
  0.21930851262640355  0.23254983383777530  0.24481046152245078  0.25461705809004331
  0.26340204535649564  0.27222806202792477  0.28280453112758058  0.29563234774962399
  0.30871179308929197  0.32014787216648782  0.33116458827450307  0.34240461353874913
  0.35445166496266889  0.36639547310798343  0.37718858062304633  0.38766517584571469
  0.39825610476075757  0.41005703782293296  0.42195408702944609  0.43158848753379786
  0.43965062943882205  0.44736773324707924  0.45501260526531290  0.46406461872563892
  0.47497121741477633  0.48644039718502957  0.49797064828365933  0.50954467345428434
  0.52135541848444733  0.53242000287727509  0.54239978239988407  0.55059460236504754
  0.55977474859152909  0.56909231674258087  0.57680616484823566  0.58435721202555158
  0.59287616264867327  0.60135132520795809  0.61076695063037523  0.62001146520836581
  0.62827146914399834  0.63684259837342183  0.64660322345996835  0.65716588194301517
  0.66825941417493251  0.67934931012270283  0.69077374226417776  0.70110974732341680
  0.71005647341151834  0.71780620570180098  0.72577621378829194  0.73337315272166925
  0.74124306532969553  0.75026301097149473  0.75915290701769877  0.76812086943073388
  0.77833445621839425  0.78957713541012553  0.79968392882669359  0.80853013437175458
  0.81738140492738853  0.82716382980998637  0.83753848611030490  0.84842454228154918
  0.85873709592978031  0.86907708179455967  0.87876076909169709  0.88775116080461502
  0.89642723088976317  0.90749495292672455  0.91894306181862984  0.92920621871753684
  0.93895791827218200  0.94789941324845506  0.95595239192610948  0.96376834681663948
  0.97263117068071714  0.98249448468078415  0.99155064781942559  1.00000000000000000
  0.00000080489033513  0.00000356509289637  0.00000530498975119  0.00000733356218170
  0.00000942017897737  0.00001201810329740  0.00001489866922345  0.00001795788731774
  0.00002118206524708  0.00002475616172640  0.00002846190566887  0.00003209847801823
  0.00003538319809459  0.00003801235726744  0.00004085482262196  0.00004398461949085
  0.00004674922019154  0.00004930680735015  0.00005199045027589  0.00005477974619648
  0.00005805455490800  0.00006166927504874  0.00006548857487439  0.00006969802233884
  0.00007423832282163  0.00007873371577545  0.00008313690672090  0.00008764956502295
  0.00009229424860584  0.00009707710446348  0.00010183324929910  0.00010623964563058
  0.00011059494329154  0.00011541267640175  0.00011995026892607  0.00012398276018273
  0.00012799210092898  0.00013273287749606  0.00013814498909052  0.00014399107288772
  0.00015002320489116  0.00015639694095554  0.00016406937336222  0.00017314613249853
  0.00018307667655805  0.00019338533518561  0.00020362755955896  0.00021373256919300
  0.00022268096472906  0.00023072239147451  0.00024005235637314  0.00025012194635956
  0.00026101560559953  0.00027083797470463  0.00028099603599679  0.00029427412496625
  0.00030847064028519  0.00032455879361239  0.00034139588694578  0.00036104884307556
  0.00038109246833348  0.00040378929082992  0.00042753404451985  0.00045095570891269
  0.00047161789118029  0.00049108084410372  0.00051028906241435  0.00052949164257937
  0.00054976439757752  0.00057404469984138  0.00060100160466080  0.00062300345372788
  0.00065346589496742  0.00069139469728964  0.00073412623652034  0.00077601902632984
  0.00082420111289863  0.00087590289726174  0.00092856127960445  0.00098287092357735
  0.00103291853844468  0.00107296922493647  0.00112378676655126  0.00119285470746522
  0.00128225931835797  0.00139394798591068  0.00153643927799620  0.00171114870392928
  0.00193961886786908  0.00224247816247607  0.00258781154437373  0.00296616798087688
  0.00961039221959910  0.01976495139610655  0.03084819702535621  1.00000000000000000
 -0.00166270389319610  0.00670747708316332  0.01657216045634893  0.02725385804121425
  0.03510960415358251  0.04287216330262799  0.05065737471636288  0.05915444994129940
  0.06850304569522569  0.07730719878969133  0.08538096564519813  0.09401034131610260
  0.10305065353769703  0.11179350373454051  0.12042099447822287  0.12953158691004915
  0.13814373548955405  0.14552310492941087  0.15183331071216086  0.16076467897718655
  0.17154308070665777  0.18262038118073937  0.19352964755536717  0.20355470711028673
  0.21271241185236700  0.22156852496665227  0.23057677124934697  0.24012199254450084
  0.24976950012015148  0.25922525204590441  0.26885492433058739  0.27892227657790580
  0.28909002136129996  0.29829545087383463  0.30706461038461785  0.31652179896762911
  0.32612975056028798  0.33604236763221101  0.34702816875518055  0.35820265845192922
  0.36854846212737785  0.37792604712623612  0.38647329965397603  0.39538832876446584
  0.40486530984128638  0.41478882248438004  0.42412121386002111  0.43271240113319187
  0.44164076044115774  0.45106820581465412  0.45987120430803208  0.46878915290251544
  0.47527486225815563  0.48085841769075943  0.48858756498321182  0.49840792288943186
  0.50948279924443929  0.52074128006316156  0.53258527726471039  0.54548467250922317
  0.55851359082603980  0.57088200859208382  0.58258086102671047  0.59382733108248298
  0.60451871537438251  0.61507054243205994  0.62640025877311334  0.63867761289907976
  0.65114539621604539  0.66346820550977903  0.67543912821888752  0.68661028660458800
  0.69735720537945611  0.70826320997438463  0.71927380037931954  0.73082841073803095
  0.74227031186815440  0.75343722921880085  0.76356473661141500  0.77462210040974466
  0.78651420080852996  0.79900390310955227  0.81157224812432138  0.82374572889007525
  0.83547132775456356  0.84734568375139241  0.85854147359640143  0.87122993525606895
  0.88640562484781416  0.90038140881701101  0.91379671559776321  0.92944551878415249
  0.94694275791380045  0.96488536691086613  0.98257049820263287  1.00000000000000000
 -0.00123198055333669  0.00630669722636432  0.01620220970169371  0.02534155030975589
  0.03380941021056671  0.04284198012160857  0.05269792467840204  0.06323125177953533
  0.07602240326570583  0.09050028363820106  0.10339661851898969  0.11600540190837623
  0.12878241479317942  0.14157706597358305  0.15551300907414178  0.16650499259984525
  0.17668710422966599  0.18541166142074339  0.19490777306970378  0.20421207571494462
  0.21338540386011137  0.22257783784292173  0.23258915701049096  0.24324503027615341
  0.25388808973395804  0.26551419306931151  0.27830633959027307  0.29241727057236921
  0.30567732249797308  0.31776763229360883  0.32825299606577385  0.33727260685866522
  0.34549861904908996  0.35555649293336372  0.36452669127740656  0.37326885703247670
  0.38320248057624090  0.39247998229933978  0.40058899380332541  0.40968079964785120
  0.41959417341881106  0.43017467474316345  0.44094603036050872  0.45206972893947783
  0.46340773736353102  0.47457429425354630  0.48533700115985701  0.49655463201193356
  0.50899157732061417  0.52220763989427632  0.53555552542758911  0.54846322827331895
  0.56033243406632383  0.57175467638756139  0.58385874564978568  0.59682596517498065
  0.60964698997905697  0.62098255967069249  0.63044749341050987  0.63938889472814864
  0.64934809706469621  0.65899760368404059  0.66740812760271384  0.67532030999552584
  0.68513945775547835  0.69603308503279615  0.70758161807361963  0.71924153168470017
  0.73043622315010848  0.74145656490281941  0.75275852736379500  0.76413937234598450
  0.77528561983550559  0.78626396474353655  0.79690957397641904  0.80730996608510885
  0.81737798680657658  0.82738091828163007  0.83697136742552125  0.84648674968363169
  0.85689181146599658  0.86826693157459123  0.87903738386179620  0.89087652986661769
  0.90335663516190434  0.91573344089927011  0.92736762237091797  0.93694672896205244
  0.94438304295310105  0.95227917149056951  0.96157051987429909  0.96968693526945193
  0.97593102046760083  0.98288842168766788  0.99070038055665577  1.00000000000000000
 -0.00238550836943262  0.00733015993526803  0.01779196171023795  0.02545981403195040
  0.03351060987759766  0.04221984003855957  0.05083503492877764  0.05761703748596667
  0.06529377318800654  0.07399266025145836  0.08214983723742436  0.09096567881163513
  0.09997407234869715  0.10981080173638970  0.12139278263796530  0.13387217658844108
  0.14658412003145818  0.16040409585507401  0.17495228524648898  0.18868298494378011
  0.20160099916201921  0.21437231614803354  0.22748683019325588  0.24088245080124737
  0.25425198856222353  0.26708850776598447  0.27920379854201560  0.28985416240739098
  0.29965089444611143  0.31055469674407760  0.32185943150191254  0.33348907029002212
  0.34539317775738382  0.35738230459838216  0.37339668228338674  0.38950758645294709
  0.39993063654306238  0.40850807243552856  0.41931932646081632  0.43061366376687127
  0.44211152539003912  0.45152668079309455  0.45945178581256474  0.47319483014668762
  0.48876301196767930  0.50376856670421788  0.51750475898202930  0.53010498453770294
  0.54160384726914934  0.55315273469730764  0.56642698327834129  0.58225776423050779
  0.59531753390388331  0.60670099337394079  0.61779598353221965  0.62733791264268690
  0.64055799460028495  0.65231376403004715  0.66542545666528718  0.67933384398296304
  0.69289878792707704  0.70563295042809104  0.71871278996797572  0.73129636461128578
  0.74236836308076137  0.75237752261761193  0.76211939126510242  0.77220518842113228
  0.78290261122354132  0.79399024278633989  0.80520673571394974  0.81672518593968246
  0.82814262252403581  0.83905216356479484  0.84894064175979045  0.85841795105097041
  0.86751081237542782  0.87601398032352262  0.88427542883091659  0.89274951070043684
  0.90120704710148269  0.90909341349509953  0.91751126313692000  0.92555913499319586
  0.93271076820732524  0.93922561970094987  0.94513272196089293  0.95154235355166128
  0.95899172055110138  0.96631995475970223  0.97404937978162875  0.97944800457141457
  0.98422924932309042  0.98971113581610870  0.99507780166794468  1.00000000000000000
 -0.00337478217453979  0.01045450830466689  0.02381556506858236  0.03651407190276896
  0.04824487820199833  0.05906676190413257  0.06967078930998119  0.08024513623091085
  0.08995391232651305  0.09904823022728100  0.10776218438930273  0.11615756697996550
  0.12535256524259497  0.13596077617382971  0.14706619534589652  0.15781959032578494
  0.16841883260348783  0.17872946326226719  0.18856517563881811  0.19895300371644054
  0.21011386228655854  0.22189844018866051  0.23400635971769332  0.24589762063274137
  0.25739522118961827  0.26927100275320165  0.28088400162922195  0.29085077792616870
  0.29952703054420160  0.30781528156998028  0.31666619099186538  0.32778659996121190
  0.34012405872564672  0.35306142446492161  0.36502370787916916  0.37561196286584858
  0.38627914046729261  0.39769522855147660  0.41005020269739573  0.42266967596135474
  0.43492004145651209  0.44607400389907742  0.45626764584851059  0.46690645810638759
  0.47731734712696933  0.48738065806369119  0.49797446554795194  0.50859571825891148
  0.52017158410451603  0.53231637851105118  0.54321734257842125  0.55414753249926052
  0.56489919033272240  0.57481305981037023  0.58661004386744753  0.59722731126407536
  0.60701683623417702  0.61690896732661693  0.62586215476537677  0.63402128391314472
  0.64304466517924541  0.65380943656789148  0.66410995444887266  0.67274765127400027
  0.68267353762861060  0.69216503997484025  0.70164398417367113  0.71209866597431193
  0.72444169653872681  0.73727410313706720  0.75024641116450652  0.76437531173871176
  0.77723488385995321  0.78732432621749404  0.79695074847646652  0.80699877786332097
  0.81408232171898909  0.82251458549137368  0.83021161293457069  0.83782193826235185
  0.84399493699573214  0.84986508395761085  0.85508872891801446  0.86079448811835180
  0.86868350315803988  0.87842883626435420  0.89003676074360638  0.90202400356221890
  0.91393234644361965  0.92615878252584294  0.93891067919500804  0.95195891591768733
  0.96490875729509706  0.97732304358183808  0.98797335680401754  1.00000000000000000
 -0.00309074640547989  0.01068858684971352  0.02272988058774949  0.03380417305939588
  0.04516622033367507  0.05694600182778627  0.06847135004538744  0.07762965598796319
  0.08630481304324937  0.09509564100124246  0.10260118820003064  0.10992973361689790
  0.11897441892150604  0.12844781661543339  0.13734963651195536  0.14692948281534290
  0.15728190908088077  0.16757102568980320  0.17807092382983189  0.18856852473349642
  0.19820334388673017  0.20869155810393444  0.22073804522224680  0.23363887470121103
  0.24655389759510132  0.25974837640301279  0.27210368337529728  0.28181896778624577
  0.29297879713535091  0.30353168386597634  0.31377278377585799  0.32857027348612872
  0.34152311514702322  0.35303754949040994  0.36224860211260862  0.37124186630355610
  0.37865496377987773  0.38599125443891236  0.39550639024702444  0.40752673703339970
  0.41985430390843331  0.43128169967555774  0.44501971256361289  0.45507107080888987
  0.46364648738227826  0.47264765723618790  0.48215102409396010  0.48988584292243098
  0.49767670683088205  0.50708775361309388  0.51737931577806551  0.52698375134781394
  0.53589863717897845  0.54533762888631188  0.55474769527574908  0.56764196360418684
  0.57907449137321909  0.58909330766005985  0.60009740807850553  0.61193175378617326
  0.62417925286609333  0.63673814157889341  0.64921659664611930  0.66129049411984753
  0.67278656415418181  0.68398987390960431  0.69566094960946245  0.70767869838883390
  0.71974022205579558  0.73048190853842787  0.74011374893196269  0.74980346081806992
  0.76019095880624055  0.77087045650544506  0.78050976482669410  0.78989744969665132
  0.80051423386099740  0.81171640468101924  0.82177366140248009  0.83159640125856049
  0.84273710150968228  0.85464778524163609  0.86590274296693126  0.87725960215800325
  0.88872455027158614  0.90074269588055478  0.91192043131813816  0.92244280910432064
  0.93299403081357990  0.94449375120810897  0.95590251809831250  0.96434620731084064
  0.97253948839929460  0.98189595957425446  0.99191789901447636  1.00000000000000000
 -0.00770235274009060  0.36543429526493920  0.53785511577144529  0.60977351941488678
  0.63350928173044307  0.64533431043967460  0.65086310492443000  0.65547221990338100
  0.65939119124447143  0.66272306619692301  0.66652503552881048  0.67012699189715663
  0.67334417242709899  0.67663089514325114  0.67988415141888492  0.68307917896283687
  0.68654892791817612  0.69021276968741563  0.69387605667789398  0.69745225683968193
  0.70091499456521267  0.70429976973688824  0.70778798700278500  0.71189854616700365
  0.71591126232179414  0.71996604033690437  0.72399094275061449  0.72783802712499857
  0.73136518750085378  0.73450328639642848  0.73769564368443108  0.74091282477808729
  0.74377712788759187  0.74671985967177690  0.74958692746011213  0.75230078286113666
  0.75506268940371302  0.75787153207946112  0.76055272432378573  0.76319144778349957
  0.76590013744761387  0.76868585280781765  0.77157312233348641  0.77458634502793267
  0.77745058612314866  0.77962528043814960  0.78177992080554071  0.78393648761934176
  0.78598221719272388  0.78799535733222537  0.78995205646356681  0.79224211806209643
  0.79478313767435382  0.79735634406025691  0.80001578470917800  0.80284364377191741
  0.80575302860336606  0.80840577382564738  0.81092269018353480  0.81330052046824330
  0.81582161793183638  0.81914740438141598  0.82301509697357444  0.82699827513348223
  0.83088099257499926  0.83456113673979915  0.83795513026389590  0.84129161815591647
  0.84506053585330443  0.84876708532669565  0.85232472501267864  0.85576087369343501
  0.85970440658034908  0.86406852306949078  0.86867053623172563  0.87335568958348064
  0.87804250097159742  0.88288630008565416  0.88783889231857094  0.89260443983654969
  0.89724832771073715  0.90160928818130903  0.90513757630431602  0.90812048350218544
  0.91157073677803513  0.91519382398564686  0.91947356748832210  0.92407260127665880
  0.92890663185405220  0.93392077481318336  0.94041397882183286  0.94801824191263584
  0.95656346636606404  0.96580812783810810  0.97823369826980811  1.00000000000000000
 -0.04836394086791301  0.17885775722528169  0.25127391808758337  0.27943123581563811
  0.30399506089343648  0.32580891441228566  0.34497451813975677  0.36159696130092500
  0.37516691264289381  0.38619369856944047  0.39716527495100157  0.40928871424842195
  0.41965439055609355  0.42777988973888931  0.43625705737053716  0.44431428104085913
  0.45214889376661466  0.46060883629756483  0.46932442611089786  0.47790742045332396
  0.48685847131103915  0.49595723890064786  0.50460083931238231  0.51258085895706662
  0.52016960147038771  0.52795357062380921  0.53565927850101147  0.54363499964501827
  0.55242974357497943  0.56109264964166783  0.56951943278999517  0.57800446036447051
  0.58636403904923129  0.59436946916067623  0.60133385771825787  0.60762848945980619
  0.61383689501209660  0.61955646610171078  0.62507454731244105  0.63061998705749456
  0.63550433057788835  0.64005895705932458  0.64471547708265275  0.64918609849955544
  0.65379489597226148  0.65870887824680902  0.66372895473662408  0.66825852060340696
  0.67231598285608374  0.67646701272583798  0.68061697225696760  0.68537882125305838
  0.69086956662751986  0.69639982852823779  0.70146029930015552  0.70594056142295747
  0.70969812948822519  0.71328046355812946  0.71730793920946090  0.72144025039540438
  0.72539104606509219  0.72944174068010670  0.73337244424096837  0.73696184917201124
  0.74013229126149249  0.74308113659992669  0.74583777097259840  0.74982804291034533
  0.75421739253689291  0.75806636453909215  0.76112350765208481  0.76440051569933443
  0.76821922774096307  0.77273901333564976  0.77763588829795871  0.78264354218606846
  0.78759865940068141  0.79268161842569107  0.79804490220921698  0.80326678576620825
  0.80880632622290760  0.81438619367526499  0.81934925934798331  0.82394324088168591
  0.82892561903670592  0.83434987809764094  0.83993351104617431  0.84579040112218395
  0.85288774110539634  0.86176026432523267  0.87216611765764851  0.88371863712386378
  0.89647583912498019  0.91140532007922714  0.94020616032116400  1.00000000000000000
   3.3303102148973815E-010  -1.0000000000000000     
 F F F F F F F F F F F F F F F F F F F F F F F F F F F F F F F F F F F F F F F F F F F F F F F F F F F F F F F F F F F F F F F F F F F F F F F F F F F F F F F F F F F F F F F F F F F F F F F F F F F F F F F F F F F F F F F F F F F F F F F F F F F F F F F F
  <DiscreteSampler_grid>
  grouped_processes
  1 # 1 for a reference and 2 for a running grid.
  10 # Attribute 'min_bin_probing_points' of the grid.
  1 # Attribute 'grid_mode' of the grid. 1=='default',2=='initialization'
  0.0000000000000000 # Attribute 'small_contrib_threshold' of the grid.
  0.5000000000000000 # Attribute 'damping_power' of the grid.
 # binID   n_entries weight   weight_sqr   abs_weight
    13   10   2.725821276687580E-002   1.764176650417706E-003   2.725821276687580E-002
    14   10   2.725821276687574E-002   1.764176650417700E-003   2.725821276687574E-002
    16   10   6.578809102412772E-002   1.150412488248288E-002   6.578809102412772E-002
    17   10   6.578809102412760E-002   1.150412488248286E-002   6.578809102412760E-002
  </DiscreteSampler_grid>
