  0.00007141139950080  0.00007262074426234  0.00007465486673151  0.00007661088574450
  0.00007875799919836  0.00008107770631705  0.00008356248824205  0.00008636816849160
  0.00008951119857349  0.00009159881447442  0.00009220708079092  0.00009233588545716
  0.00009237864339639  0.00009240297291731  0.00009241572258152  0.00009242455734670
  0.00009243113881077  0.00009243601445942  0.00009243969442696  0.00009244240266774
  0.00009244482758805  0.00009244662037627  0.00009244812572300  0.00009244940844866
  0.00009245055486986  0.00009245165737173  0.00009245261310597  0.00009245355036337
  0.00009245441088570  0.00009245524734998  0.00009245608814387  0.00009245693391660
  0.00009245779243417  0.00009245870382946  0.00009245963613321  0.00009246078837578
  0.00009246198328590  0.00009246330654838  0.00009246474621439  0.00009246647246740
  0.00009246892104617  0.00009247170455401  0.00009247543582472  0.00009248032976758
  0.00009248699223539  0.00009249600370055  0.00009250875252823  0.00009253330739415
  0.00009257811232806  0.00009268322157179  0.00009307529683166  0.00009441149922345
  0.00009796594703537  0.00010279649411588  0.00010833269086360  0.00011513980684827
  0.00012379963704485  0.00013439870028650  0.00014789895395084  0.00016393202846927
  0.00018360970390606  0.00020919710188732  0.00024024929096823  0.00027737678787003
  0.00031899997540047  0.00036842113764929  0.00042469207874796  0.00048792710179038
  0.00055646167712649  0.00062793961651936  0.00070379823384323  0.00078938369421458
  0.00088317505321197  0.00098230603284048  0.00109071252635177  0.00121192736509696
  0.00134719909567983  0.00150772306380177  0.00168093718758750  0.00185837719527987
  0.00203302278763872  0.00220639386278780  0.00239074741513384  0.00257876766878140
  0.00281526573489700  0.00308905412023381  0.00338784577643697  0.00372514165883539
  0.00413640064972085  0.00469714294188237  0.00544072600498707  0.00643651854015500
  0.00809716097033131  0.01065574852459079  0.27154263420044383  1.00000000000000000
  0.00000003678965150  0.00000229400331631  0.00001279186373354  0.00002654415216409
  0.00003431562951934  0.00003739637599978  0.00003967305557446  0.00004127821061978
  0.00004254705437992  0.00004353741031458  0.00004427129176039  0.00004486273770629
  0.00004533605460608  0.00004573222379887  0.00004608243097958  0.00004638629707038
  0.00004664407947122  0.00004688352078679  0.00004710581826665  0.00004728854020790
  0.00004741043723175  0.00004750870956811  0.00004759038739712  0.00004766504324822
  0.00004774452684247  0.00004783225323326  0.00004791912230621  0.00004800081158100
  0.00004807842568686  0.00004815210400950  0.00004822155114956  0.00004829438783162
  0.00004837127758311  0.00004844659431505  0.00004851804621010  0.00004858771808528
  0.00004865348612144  0.00004871641813607  0.00004877784299311  0.00004883808755504
  0.00004889621707899  0.00004895007034951  0.00004900354762369  0.00004905712719558
  0.00004910726548562  0.00004915401070323  0.00004920100404212  0.00004924784120351
  0.00004929782792206  0.00004935008738654  0.00004940502186962  0.00004946229109376
  0.00004951960091232  0.00004957348463906  0.00004962060880095  0.00004966401970917
  0.00004970760076000  0.00004975322790804  0.00004980037139032  0.00004984678789553
  0.00004989401827089  0.00004994539307252  0.00005000560209972  0.00005007844545071
  0.00005015384530396  0.00005023128092791  0.00005031587689529  0.00005040704126097
  0.00005050522733912  0.00005061328417038  0.00005073133134418  0.00005085693360712
  0.00005099055351307  0.00005113949199219  0.00005130634152186  0.00005148896930919
  0.00005169071155864  0.00005191811327456  0.00005218911138826  0.00005254011480653
  0.00005294648162209  0.00005343879083197  0.00005403641630047  0.00005479095406897
  0.00005582617207852  0.00005733805967527  0.00005965424343980  0.00006296909207594
  0.00006734092332416  0.00007537754564098  0.00010044002953292  0.00019781191765497
  0.00059710072128911  0.00228756341744026  0.18667142011632237  1.00000000000000000
  0.00000028292217771  0.00000228130056928  0.00000367585506914  0.00000553113100446
  0.00000789906140198  0.00001080187788796  0.00001371805925617  0.00001652705097593
  0.00001927925894970  0.00002203666318358  0.00002487958630649  0.00002778832155629
  0.00003059809434057  0.00003340169482807  0.00003621067482771  0.00003896817876187
  0.00004125329148728  0.00004306620393605  0.00004495851359844  0.00004663134065113
  0.00004850661664654  0.00005073338169240  0.00005304113827640  0.00005519351330880
  0.00005753652533362  0.00006021986941832  0.00006317709325955  0.00006641946128012
  0.00006988068186597  0.00007320644522648  0.00007657350258853  0.00007985326792552
  0.00008330997278954  0.00008711136267639  0.00009136918036523  0.00009575382937985
  0.00009944299195747  0.00010297592764576  0.00010670387684436  0.00011063831014473
  0.00011563792694158  0.00012153384425976  0.00012766877353144  0.00013358799325789
  0.00013882159383912  0.00014363198900452  0.00014891307629197  0.00015464854693120
  0.00016076345657090  0.00016774059857926  0.00017553197946619  0.00018399554155223
  0.00019268580785908  0.00020104336432447  0.00020890566281511  0.00021857818581424
  0.00023251378446695  0.00024970363903891  0.00026618890466924  0.00027958880184346
  0.00029050062055186  0.00030262523677545  0.00031638065056903  0.00033266840015969
  0.00035133609620390  0.00037433811713064  0.00040147298155845  0.00043008306621941
  0.00046193607102405  0.00049674616544456  0.00053231200133731  0.00056711485570185
  0.00060083751111242  0.00063400656279840  0.00066768047843414  0.00070120449704889
  0.00073658194907209  0.00077233039258698  0.00081042943057555  0.00085370463049963
  0.00090471796290104  0.00096503583948043  0.00102789544196375  0.00109255505148098
  0.00116452671146933  0.00124446718850753  0.00132937947885647  0.00144075820086063
  0.00157458127050615  0.00170954478874918  0.00220050069068710  0.00405773725001950
  0.01514339591169665  0.05706737862273491  0.09760436750895882  1.00000000000000000
 -0.00260507701521028  0.01050508077324324  0.01526235930295534  0.02165312843033552
  0.02765985747373422  0.03399685082191946  0.04197114285183250  0.05118415849267683
  0.05978599468117700  0.06825904057225407  0.07672194030883450  0.08534061371922047
  0.09458330833662569  0.10397562344576804  0.11304051175575792  0.12166837648043466
  0.12995782273609216  0.13816337170897716  0.14673779187235511  0.15632060527742159
  0.16524952708106119  0.17319401417778221  0.18091367057097432  0.18922398639211502
  0.19757115544970322  0.20473502503643315  0.21212105031782300  0.22027351335259876
  0.22915076354565284  0.23873786813500322  0.24855189542937745  0.25820407675144125
  0.26794470773421153  0.27730018539760282  0.28522452048734892  0.29229662434822412
  0.29968763683636740  0.30737248013913349  0.31717920768681718  0.32824250547948841
  0.33909797614465798  0.35048405725587295  0.36230345085448584  0.37373493522392964
  0.38446877811869473  0.39491383443262823  0.40541618200412682  0.41625109982356656
  0.42704613308359535  0.43681784576509125  0.44544794933278903  0.45418103846962965
  0.46463764635193355  0.47557957243909416  0.48616309052566758  0.49670205316779320
  0.50816650046843026  0.51877864204750779  0.52911728482616338  0.53961638555979896
  0.55054738066938502  0.56219017891724521  0.57476187023854286  0.58762044878613939
  0.60034996045356648  0.61297332536854754  0.62540240458109819  0.63758213301204092
  0.64992886226133528  0.66267571490610244  0.67624790718230143  0.68946214954608465
  0.70126765213742870  0.71255851179665142  0.72296318569084328  0.73534540801738479
  0.74927210744774830  0.76203269127861928  0.77218858495092080  0.78066399074196902
  0.78966180566654776  0.79894820955034429  0.81082715497847202  0.82325815976980321
  0.83657725232672719  0.84950375208231776  0.86254971972187588  0.87628771833343921
  0.88985637838060627  0.90465228335299908  0.91987330970537151  0.93468043763228859
  0.94955672738630847  0.96513710587850554  0.98167000987282815  1.00000000000000000
 -0.00192021859945460  0.00768872703061347  0.01838248835337872  0.02856313675154777
  0.04024187602945570  0.05164646434551727  0.06289709778064882  0.07375131284238319
  0.08428585160442006  0.09412035257741547  0.10394879998851421  0.11396233505161721
  0.12507727842607644  0.13679337764879454  0.14817646545444282  0.15922681796600921
  0.17032049378803077  0.18177084737022137  0.19368572735737938  0.20595287749977309
  0.21781595339940144  0.22890119428700967  0.23947599784607229  0.24931596035201631
  0.25737760101742896  0.26464019099248165  0.27271484357659093  0.28163505109015430
  0.29037165556828370  0.30310780050916819  0.31595528842496740  0.32738762644671326
  0.33804271329951430  0.34817126509510476  0.36029946980055488  0.37181805066513207
  0.38232842631577396  0.39322215594295756  0.40415679482302946  0.41624737660393768
  0.42824681991905095  0.43914181331767738  0.44948713421278319  0.46009528865390048
  0.47135297249501268  0.48290855939570554  0.49464814261749102  0.50694926420189168
  0.52006362841067244  0.53343443694348602  0.54545820942452350  0.55675318547499586
  0.56752182850345756  0.57837389835238517  0.58979393961728710  0.60085949684318363
  0.61219286923104677  0.62335116753975350  0.63387477712852669  0.64364738810031963
  0.65228676029939481  0.66053026058446052  0.67000136875433980  0.68129117867835920
  0.69258065303487448  0.70386491416930685  0.71539496776520084  0.72703007446768231
  0.73910530419753306  0.75168942821288254  0.76162190314047518  0.77141809552070106
  0.77887405472193105  0.78426718200354117  0.79042712299237283  0.79656881573792970
  0.80460518629008193  0.81337668483376924  0.82519556061230293  0.83792032907033909
  0.85019719591992904  0.86222600417996265  0.87337175594485372  0.88300918820376506
  0.89121212257991134  0.89969032462340315  0.90926607878902743  0.92025154215173466
  0.93249120426647758  0.94393092132035061  0.95459014400750641  0.96513940015982547
  0.97529520094247812  0.98457785996213010  0.99275868197687356  1.00000000000000000
 -0.00201804589956914  0.00719853900102141  0.01766255062556421  0.02825604406703010
  0.03904504349779683  0.05036112138458211  0.06189711793540857  0.07294812813645007
  0.08332098950139899  0.09305181911850477  0.10283677581714015  0.11138739518543220
  0.11996259092241948  0.12819338262412108  0.13595668101267000  0.14639218626128339
  0.15950587497447832  0.17340216388090282  0.18679797450897781  0.19954953209936091
  0.21217499069313214  0.22474900244308973  0.23736622191355650  0.24968775897310594
  0.26187625410098347  0.27383740792213501  0.28591864484185148  0.29782609233370727
  0.31037636923199863  0.32289747987173800  0.33657252213235145  0.35321732989001797
  0.36961449050622414  0.37838254266903387  0.38896639497449226  0.39888274997755108
  0.40973622057037717  0.42175645799189215  0.43399751241933460  0.44689539415970297
  0.46063378479638184  0.47372826801756746  0.48550939505892077  0.49720793954407599
  0.50954368659776050  0.52276407911886424  0.53611473876136950  0.54862296771859165
  0.56055534888022751  0.57259510465958774  0.58524831792851317  0.59856777665955374
  0.61211501382223932  0.62529863341704928  0.63764910731900148  0.64922223743291985
  0.66053006822662297  0.67248343324495319  0.68537325573455510  0.69791787349857315
  0.70986264148828182  0.72108451081270464  0.73199628677649575  0.74288322034718979
  0.75316386030893645  0.76218513294731816  0.77062977830671731  0.77890302554129387
  0.78777565221255741  0.79695061254873856  0.80602375060202547  0.81464373518923605
  0.82277969331506795  0.83070294456545990  0.83916192453665839  0.84678382154162735
  0.85278068594964362  0.85864846210354473  0.86497200320088652  0.87290307956852076
  0.88113893197666360  0.88741728652055274  0.89262011596845958  0.89815023672372296
  0.90535406158951748  0.91286657552073969  0.92117372720573132  0.93083673430579938
  0.94030399728448710  0.94946361540522273  0.95811795163811053  0.96656761771959321
  0.97499108453470040  0.98335635881928651  0.99165201356852073  1.00000000000000000
 -0.00175308184242133  0.00754554094044628  0.01849272887240310  0.02916495298309875
  0.04012497753845626  0.05346565684618093  0.06476952083736852  0.07639299330212097
  0.08834645516016569  0.09966321257428315  0.11018982081162546  0.12097702877435555
  0.13223237047989500  0.14323631788176835  0.15413125159200247  0.16519596435184919
  0.17680424981809362  0.18877822639380104  0.20081352828664778  0.21297086239855892
  0.22530025226075306  0.23758904459547500  0.24970309355648629  0.26154708704972013
  0.27266564858337999  0.28331599084869408  0.29412708648338642  0.30577045562017946
  0.31654567580844478  0.32609984086783061  0.33550245346274443  0.34488284905633404
  0.35395003648560763  0.36223549732095361  0.37006951359353069  0.37767311791924285
  0.38630637641637749  0.39561100341639954  0.40436079840167116  0.41353899859669963
  0.42302562390221776  0.43282110939767471  0.44233615028921203  0.45469353577148997
  0.46738968726500069  0.48034370532002862  0.49357831445355765  0.50727093321680561
  0.52112698583440298  0.53382538058385554  0.54483217872463807  0.55533231996587307
  0.56491254417969694  0.57556414730707961  0.58733956175352298  0.59906858544878960
  0.60974885885008201  0.62026778967208129  0.63153897689746996  0.64259767132746370
  0.65287779720626715  0.66274608548843317  0.67258686494530484  0.68292098994025907
  0.69435605841835124  0.70555262117414719  0.71641360541046428  0.72635027693892840
  0.73579069409108167  0.74555634411784932  0.75599641354054381  0.76699158143405166
  0.77743194128368132  0.78721313085794220  0.79715990236801537  0.80729648544329113
  0.81634081954932569  0.82561812777725219  0.83571630936848629  0.84596456251956154
  0.85619540878187694  0.86710276702654698  0.87825208410246769  0.88870605421615545
  0.89783882219973210  0.90528458888196217  0.91252105157457797  0.92046308694962009
  0.92852633520760275  0.93603884369272250  0.94658573085480013  0.95835481728672123
  0.96878512507786074  0.97924025864365227  0.98974058087753669  1.00000000000000000
 -0.00255006670565165  0.00934746316432786  0.02147428960447867  0.03347872158070005
  0.04502782751618582  0.05644171798392794  0.06714750666586293  0.07802221490343229
  0.08976624540419577  0.10189456608908379  0.11415805998211630  0.12621685626099113
  0.13738081854001802  0.14764644886548234  0.15781767359955723  0.16866793125061375
  0.17884518030023447  0.18844026295996333  0.19862565224409631  0.20869240811352041
  0.21847216132373556  0.22856326121728199  0.23839364266721971  0.24707375539442744
  0.25526354290598657  0.26346954344347118  0.27061090294501200  0.27856612448679735
  0.29021969574894385  0.29957721507470442  0.30594471418000946  0.31190457457545595
  0.32060308235744089  0.33074520789341250  0.34016102611322008  0.34962466762177047
  0.35972969154214013  0.37099005070520102  0.38261925152092513  0.39427089985724889
  0.40476967378856965  0.41627098027972070  0.42628956979271115  0.43453360540284475
  0.44208546951550293  0.44970564036104821  0.45756469600500205  0.46680464113014575
  0.47705338443356093  0.48726565275338107  0.49863308256994698  0.51137322402781149
  0.52425287649173347  0.53621400404180730  0.54750980400863536  0.55900352893904826
  0.57031047386650402  0.58073621830010680  0.59123812658687425  0.60155010701480149
  0.61275182627748670  0.62478208174814576  0.63726037331422514  0.64928822297369682
  0.66103875213628893  0.67276022429187787  0.68427857722367791  0.69554111007693886
  0.70685034843137273  0.71841364740120162  0.72989354515084581  0.74046565153132349
  0.74994590229371749  0.75957512296138785  0.77009441997242400  0.78105791195057939
  0.79167653081615885  0.80178501549038250  0.81177322313713562  0.82183910406897243
  0.83188280786056357  0.84200916187873975  0.85260203907215437  0.86389269698233784
  0.87581122915125387  0.88770519751131760  0.89891234129314401  0.90950399023859752
  0.92082860695362667  0.93354675851631697  0.94471578904416698  0.95507060141098654
  0.96565866408843148  0.97678521945675312  0.98833977617646895  1.00000000000000000
  0.01272534018593839  0.17559130808344420  0.27850343712622033  0.44351692436987711
  0.57021828900555149  0.62124768446899392  0.63872448303347085  0.64769723419595304
  0.65304147020617243  0.65787984701665914  0.66209986727617587  0.66585052781394050
  0.66961759097063200  0.67354403458120893  0.67772430320146226  0.68194878434514816
  0.68569406666897481  0.68921297978581875  0.69260540613171639  0.69559973963965560
  0.69825986190975353  0.70096312642898462  0.70367175412763294  0.70636091850193061
  0.70927190188869382  0.71257740400231340  0.71601309897166854  0.71919983738596605
  0.72241237433206429  0.72567347578193975  0.72891096769617569  0.73197266590855925
  0.73481007946935717  0.73764665399871077  0.74037768664731474  0.74310905922801174
  0.74582363197781976  0.74852010191183938  0.75139926065099449  0.75487149380744178
  0.75810079193863777  0.76138766444227179  0.76463516451023850  0.76782098353566297
  0.77092686179553316  0.77398725393201384  0.77707444940847947  0.78015347041421435
  0.78324406237656718  0.78652844455995963  0.79001354221916087  0.79342413517663646
  0.79653684786837931  0.79930449202855935  0.80204736425163281  0.80481803595986356
  0.80776070581162795  0.81067710214728017  0.81348195040255755  0.81640673935112740
  0.81973066916874360  0.82337416921254358  0.82721835892522411  0.83106701772913683
  0.83505706006828684  0.83896442101280988  0.84252443551262923  0.84579083558919965
  0.84865698019603608  0.85148703751689581  0.85469559841769160  0.85843678077356522
  0.86217093481797513  0.86561522781135658  0.86918004690241191  0.87225261598076798
  0.87502266046448074  0.87796194018462292  0.88095058824829775  0.88450791021479924
  0.88862461946819205  0.89289463954483361  0.89738427654573416  0.90214425002956777
  0.90706491183894833  0.91216118653010481  0.91757590489576868  0.92322515641003255
  0.92908213623743385  0.93535630494180988  0.94224071722398040  0.94920509097763683
  0.95684388052031699  0.96581271657689416  0.97932477022584608  1.00000000000000000
 -0.03770809797913991  0.15124703338996373  0.23403837022913396  0.25962976545817712
  0.26971438178981183  0.28552535507702997  0.29906074244954489  0.31247996004229955
  0.32733755131647113  0.33959426231178352  0.34886388023668363  0.35861848613599578
  0.37075328266527069  0.38234412486016750  0.39023588580648577  0.39714799354975788
  0.40382270054839464  0.41181643371927734  0.42157385936426112  0.43185606355471168
  0.44162490616071615  0.45083814980149406  0.46031020703548198  0.47008985431268696
  0.47967841426059821  0.48903607694654633  0.49810495226918244  0.50674818550315515
  0.51430388595922005  0.52118530022779508  0.52756385115264415  0.53403912956557364
  0.54086166518552625  0.54779071458023609  0.55486585611383876  0.56187249151076413
  0.56882471217238118  0.57555892700400446  0.58215171814654354  0.58869478172402612
  0.59533076143557051  0.60193422230843097  0.60827369996297354  0.61441518929263539
  0.62052952344387213  0.62654229137215633  0.63230009861833758  0.63764689825406329
  0.64253584000801078  0.64730214728583790  0.65191530626911509  0.65590855197053044
  0.65979683098158026  0.66379771299053292  0.66804569612507581  0.67229485236384545
  0.67760207959452923  0.68325061538306175  0.68847025542415097  0.69344546743069302
  0.69848313922449368  0.70368374344876283  0.70907034976854388  0.71474836435001143
  0.72039116997024388  0.72512543341116442  0.72965966457990583  0.73433648114155348
  0.73849013898217108  0.74199808899004127  0.74551424801941901  0.74890624103953995
  0.75184060462744229  0.75504724677402679  0.75825135002633659  0.76182689808516235
  0.76623205868839628  0.77086621386355880  0.77546160864826286  0.78022749969278093
  0.78503155140885694  0.78980202666693777  0.79485984346980432  0.80046306883262031
  0.80638326381148584  0.81225571000531649  0.81828502850959117  0.82492330474390718
  0.83176664286913182  0.83934829436414371  0.84853550692489310  0.85876699085524666
  0.87198027781500564  0.88648407588610389  0.90839272049592668  1.00000000000000000
   2.9355259588011817E-010  -1.0000000000000000     
 F F F F F F F F F F F F F F F F F F F F F F F F F F F F F F F F F F F F F F F F F F F F F F F F F F F F F F F F F F F F F F F F F F F F F F F F F F F F F F F F F F F F F F F F F F F F F F F F F F F F F F F F F F F F F F F F F F F F F F F F F F F F F F F F
  <DiscreteSampler_grid>
  grouped_processes
  1 # 1 for a reference and 2 for a running grid.
  10 # Attribute 'min_bin_probing_points' of the grid.
  1 # Attribute 'grid_mode' of the grid. 1=='default',2=='initialization'
  0.0000000000000000 # Attribute 'small_contrib_threshold' of the grid.
  0.5000000000000000 # Attribute 'damping_power' of the grid.
 # binID   n_entries weight   weight_sqr   abs_weight
    13   10   2.153499034665313E-002   1.158172010390304E-003   2.153499034665313E-002
    14   10   2.153499034665297E-002   1.158172010390301E-003   2.153499034665297E-002
    16   10   1.479669412478456E-002   1.122480862453279E-003   1.479669412478456E-002
    17   10   1.479669412478452E-002   1.122480862453276E-003   1.479669412478452E-002
  </DiscreteSampler_grid>
