  0.00000009089529817  0.00000025881981508  0.00000051063506520  0.00000252513394514
  0.00000954642106427  0.00001943182883212  0.00002860598233879  0.00003465605894403
  0.00003793761436253  0.00004000918041655  0.00004128763624445  0.00004229362208291
  0.00004336285022959  0.00004423197565706  0.00004465398181062  0.00004503467990719
  0.00004531754916058  0.00004560609216709  0.00004588599273880  0.00004615299043406
  0.00004640558526206  0.00004663220336436  0.00004681593904195  0.00004696830347663
  0.00004710086514080  0.00004722598366976  0.00004735423569721  0.00004748360573425
  0.00004758392093997  0.00004767038132815  0.00004775538313015  0.00004783736447867
  0.00004791415743590  0.00004798402222847  0.00004805164574006  0.00004811813418083
  0.00004818709153571  0.00004825262008793  0.00004831403053365  0.00004838358966198
  0.00004845886294784  0.00004853720902937  0.00004861660100024  0.00004869925060236
  0.00004877965505155  0.00004885468224165  0.00004892605481615  0.00004899665152047
  0.00004906710922323  0.00004913749914231  0.00004920847875208  0.00004928198338094
  0.00004935369739844  0.00004942490086173  0.00004949572596738  0.00004956624752710
  0.00004963675508428  0.00004970850956572  0.00004978178428002  0.00004985644257401
  0.00004993319878546  0.00005001323920317  0.00005009693047236  0.00005018662568125
  0.00005028140773596  0.00005038050148674  0.00005048433197289  0.00005059301899501
  0.00005070938553649  0.00005083947190174  0.00005098625531465  0.00005114531526512
  0.00005130117990745  0.00005144343759509  0.00005159520185602  0.00005176454511342
  0.00005193430716510  0.00005210197433379  0.00005229518590021  0.00005251806621152
  0.00005275446581121  0.00005297155894575  0.00005346464025721  0.00005408813921028
  0.00005482598616828  0.00005574119755232  0.00005679527433393  0.00005816844961481
  0.00006024250032365  0.00006328970495688  0.00006753921024512  0.00007803461920010
  0.00013349309026761  0.00037487418535699  0.35541255667332872  1.00000000000000000
  0.00007022568634767  0.00007745738352106  0.00008186616240862  0.00008555491358611
  0.00008913071822803  0.00009184512675810  0.00009239664917290  0.00009250349627453
  0.00009253907522048  0.00009255199334635  0.00009256160239674  0.00009256831550800
  0.00009257262168590  0.00009257582041985  0.00009257817635487  0.00009257971656665
  0.00009258100806329  0.00009258212292096  0.00009258306744908  0.00009258387714349
  0.00009258458300832  0.00009258521404841  0.00009258578565381  0.00009258626972691
  0.00009258671497673  0.00009258713980872  0.00009258754807947  0.00009258793754125
  0.00009258831066475  0.00009258867730447  0.00009258904061649  0.00009258940522400
  0.00009258978617258  0.00009259017523038  0.00009259058401174  0.00009259100754000
  0.00009259144188026  0.00009259199345285  0.00009259257181010  0.00009259317980013
  0.00009259393510417  0.00009259477343205  0.00009259576529356  0.00009259696188737
  0.00009259834415908  0.00009259999671157  0.00009260179637524  0.00009260524755459
  0.00009260972347442  0.00009261628041952  0.00009262613345944  0.00009264086581937
  0.00009266331758053  0.00009274218963656  0.00009326186608485  0.00009557531226070
  0.00009997008547356  0.00010504200822860  0.00011072274757947  0.00011930247173606
  0.00013108057335186  0.00014582699724971  0.00016403767008943  0.00018561460496807
  0.00021215844382146  0.00024317908379673  0.00027850328742532  0.00032213245167914
  0.00037720509825282  0.00044489848741220  0.00052369463554722  0.00061154533704696
  0.00070054759184028  0.00078942577209822  0.00088677587534611  0.00099536781117990
  0.00110893029356962  0.00122366039816833  0.00133114640037717  0.00145138324159032
  0.00160582063564970  0.00179072549806913  0.00199751982981924  0.00222059605737692
  0.00244857160775414  0.00266792346116426  0.00293878951156918  0.00325228863465231
  0.00363965307032257  0.00420336602157870  0.00495649333683305  0.00598191083336019
  0.00715148059998686  0.08695389694625885  0.30724761944224349  1.00000000000000000
 -0.00000022820593649  0.00000418489663614  0.00000763106093486  0.00001188315906630
  0.00001560702571557  0.00001851065058770  0.00002118907381872  0.00002384349009743
  0.00002614154215497  0.00002830140665385  0.00003044465867612  0.00003261599875976
  0.00003489460825575  0.00003714934195970  0.00003930965478725  0.00004149761175503
  0.00004373250374827  0.00004593338314956  0.00004804663406797  0.00005017360976457
  0.00005237852968708  0.00005455713633767  0.00005669610316530  0.00005910180408851
  0.00006183115572517  0.00006424159185820  0.00006660134564625  0.00006974053836055
  0.00007360791641897  0.00007631054895776  0.00007851465674679  0.00008059324277626
  0.00008271675230034  0.00008516536391574  0.00008778813104058  0.00009023004075900
  0.00009296012818833  0.00009624769554731  0.00009955806271350  0.00010276248958449
  0.00010624526368768  0.00010961269008112  0.00011309518888968  0.00011662190945747
  0.00012026947374545  0.00012396681862004  0.00012732851811495  0.00013064546126668
  0.00013396886675622  0.00013746882077985  0.00014153588760591  0.00014513606253247
  0.00014898107956856  0.00015315154297870  0.00015744623590783  0.00016182173477966
  0.00016635100664431  0.00017037408034819  0.00017735844853658  0.00018507485448939
  0.00019232383008412  0.00019958188507803  0.00020717443545629  0.00021476287362959
  0.00022300111635592  0.00023095665638882  0.00023883211204838  0.00024846712377059
  0.00025915764942198  0.00027124152055367  0.00028633601513043  0.00030465914254810
  0.00032519497256650  0.00034789247023586  0.00037166689200189  0.00039654956051042
  0.00042392327758510  0.00045476655758367  0.00049263078545396  0.00053336292436770
  0.00057673555152066  0.00062092310323275  0.00066553527958609  0.00071935887414210
  0.00077666981954616  0.00083378344420809  0.00090597636361071  0.00099618238726016
  0.00109222792462740  0.00121022398252238  0.00134906452722025  0.00154892409371734
  0.00177037999681507  0.01947354642075789  0.17059445137299356  1.00000000000000000
 -0.00329523934306677  0.01013483356739596  0.02255269699330569  0.03394143965276503
  0.04465775761416101  0.05570052166657043  0.06762048623777499  0.07981873928131450
  0.09214472618834513  0.10394736851992777  0.11599741944627109  0.12944016108368345
  0.14254563077705121  0.15464319953489136  0.16635150754385217  0.17820957320108138
  0.18991037139456948  0.20258094518268613  0.21526394083073866  0.22792952550956996
  0.24042553954296164  0.25300705808529522  0.26728734696863532  0.28210966530234638
  0.29633600319806525  0.30973397389217205  0.32237361956318483  0.33317031224204741
  0.34114180144147171  0.34951019939532241  0.35812271686551134  0.36613286826464220
  0.37427421072982747  0.38303648800459339  0.39220487128139087  0.40459108023443729
  0.42218150033178703  0.43863601523040480  0.45422011439136611  0.46893983395187022
  0.48258845263532657  0.49506994285319117  0.50678654234094689  0.51819874236381214
  0.52905810974751022  0.53729953157440635  0.54511919439792023  0.55260096907735545
  0.56043799770789660  0.56817117652779081  0.57559339819929156  0.58434361873554319
  0.59425537002089712  0.60409831616622245  0.61051499894732186  0.61863800326959939
  0.62783157155166991  0.63693143687860865  0.64521498729297455  0.65561122716264830
  0.66845077905240835  0.67968236103990931  0.68875642916265900  0.69771949488215312
  0.70679153575187526  0.71553394361797029  0.72327772262396628  0.73118812821580237
  0.74256535830676029  0.75441630574428487  0.76494040869613167  0.77548580031612613
  0.78594125321093256  0.79593833847231876  0.80576377150903000  0.81568658087577828
  0.82537437684935799  0.83495038698686752  0.84493568692768617  0.85550918599680559
  0.86640625548474182  0.87713131895200147  0.88713694039371149  0.89590841210687455
  0.90590453550821703  0.91648501232543622  0.92449713531342659  0.93251154650207857
  0.94055672989957850  0.94850316315518379  0.95630355463802463  0.96423623771565492
  0.97269269929722557  0.98165336031614847  0.99085355301172373  1.00000000000000000
 -0.00324018937878338  0.01175908180859674  0.02132711998175070  0.02780323582177467
  0.03546799027651294  0.04318694798712271  0.04976373819596885  0.05707409240570568
  0.06564207687953641  0.07347746878757240  0.08072948271642079  0.08997697916965737
  0.10182813726900662  0.11467590975506434  0.12766967328634560  0.14079129943995125
  0.15413638002202135  0.16762512288346038  0.18087777691988141  0.19335882340107771
  0.20490101344235617  0.21600607877446693  0.22659355244153068  0.23654190250306129
  0.24650342590610774  0.25598394942433850  0.26521649000093805  0.27494698008447699
  0.28569001457515136  0.29449937843741902  0.30106175099376081  0.30859173016702357
  0.31669170472928854  0.32437532090850885  0.33240691755664586  0.34051108749887227
  0.34918714799029882  0.35853414417970747  0.36810454657150182  0.37705641368376441
  0.38537982375329988  0.39306815130414419  0.40227576206225202  0.41434272819775414
  0.42815148061849367  0.44267317071403567  0.45708382723753832  0.47060637494094187
  0.48295565894487080  0.49485059390889236  0.50696678367780090  0.51942762457347491
  0.53226236136220828  0.54539865677427601  0.55885720481710432  0.57226397616201008
  0.58351638909485937  0.59074669780853306  0.59926253241318683  0.60740673313615534
  0.61512764629661554  0.62243099044088945  0.63045718060411893  0.63765217296485377
  0.64904557540084262  0.66345006346959812  0.67587189833532679  0.68685632033692479
  0.69744345042059697  0.70787225510534535  0.71886518540399669  0.73094761316712098
  0.74377559752724365  0.75650047449458868  0.76934389326330943  0.78246390833376467
  0.79517947780944187  0.80724350941277689  0.81859933958198960  0.82916382341375616
  0.83923112871230787  0.84891702135483338  0.85779061384267330  0.86701488598572640
  0.87593755374586824  0.88459222366866741  0.89507668805316365  0.90642885429704001
  0.91829873069426904  0.93079393608696759  0.94356953630806761  0.95612136156733674
  0.96796038206651935  0.97878410647111946  0.98937251442909424  1.00000000000000000
 -0.00204433475747070  0.00748047952417269  0.01762257469666506  0.02761400911847742
  0.03755584129484513  0.04750384395038745  0.05710832190366242  0.06633461450441755
  0.07590963176675805  0.08624194142687984  0.09722508217048027  0.10914359806906371
  0.12078184387866067  0.12968919599114873  0.13673455811820640  0.14475983594682071
  0.15275631258175892  0.16014319887224168  0.16750793154345825  0.17544340019716742
  0.18335324995276062  0.19050048737532146  0.19889780155291073  0.20814082724459615
  0.21726558102863994  0.22658639509306366  0.23569580373009719  0.24499257644666694
  0.25555708306146951  0.26743779749440577  0.28039750737289237  0.29418128119443249
  0.30581915120620518  0.31784833384148503  0.32974292312143805  0.34209254680267798
  0.35347335567112648  0.36308814980840481  0.37243967373620324  0.38170522051828598
  0.39007569581993679  0.40078153697357355  0.41224647284324151  0.42431698108777161
  0.43819610735016862  0.45155512592751601  0.46120882717731199  0.46863542736599506
  0.47683471533288641  0.48543292762289963  0.49199765775558069  0.49886615660947570
  0.50756313933398622  0.51773395020738877  0.52933980814431325  0.54160579557951494
  0.55390801194412020  0.56594877889121109  0.57786875013523809  0.59011010401121911
  0.60313494304790927  0.61675435712166404  0.63065602481724747  0.64533601097202076
  0.66021149736819418  0.67440110504549033  0.68830846454599881  0.70184803589162437
  0.71510338021763287  0.72856828978032728  0.74293348636022105  0.75233675548273926
  0.75981348435939366  0.76796239655894816  0.77724279780785321  0.78630761811933336
  0.79393208591751308  0.80124169291174596  0.81129567696002225  0.82402914951743522
  0.83641723767681675  0.84863814406883353  0.86195537914813747  0.87566275241927738
  0.88819345885611189  0.89881129936295956  0.90960516614036646  0.92207491466422509
  0.93493287740079156  0.94466286183726123  0.95317510677398831  0.96278742206811319
  0.97227303069513693  0.98113859936923631  0.98931395279395973  1.00000000000000000
 -0.00332247420535420  0.01085215230457247  0.02319696570282129  0.03426344805093742
  0.04492720468597591  0.05586153438956309  0.06778537383845638  0.08094354781953497
  0.09447719300862552  0.10697016653701262  0.11791957458261737  0.12796321439004812
  0.13784950178789052  0.14909886940894895  0.16120411566371617  0.17247145729470031
  0.18344676431937890  0.19526030044538381  0.20870265688329287  0.22353489139635335
  0.23800709206868315  0.25249849039128852  0.26632713990579432  0.27844695259024410
  0.28850379267318910  0.29708848884822392  0.30490945168861661  0.31336139150527692
  0.32207128586648309  0.33055386973181894  0.34174063960273987  0.35415494946302717
  0.36694858025162652  0.37928720787895620  0.39082290513649659  0.40247782737129190
  0.41464400786917577  0.42690378641238669  0.43920819127961991  0.45110564786744894
  0.46255729168090221  0.47403075007755591  0.48556655325036879  0.49702112252448322
  0.50900096413167373  0.52125958253697990  0.53296859992699797  0.54436762988859244
  0.55605503808164281  0.56777403993138575  0.57940225316116434  0.59125840173927136
  0.60274017589780260  0.61310508866621294  0.62243495216068800  0.62906830090519883
  0.63534076273130291  0.64183970541509272  0.64842911046597684  0.65519150333361531
  0.66225242032819642  0.67270164987633585  0.68357692650784208  0.69242771125940294
  0.70121295651167959  0.70932635233154373  0.71713349943521165  0.72522829120051890
  0.73314934602885640  0.74284231237848708  0.75308154652867343  0.76322083281539188
  0.77336193826850452  0.78369021439971986  0.79406789302398095  0.80530660420681321
  0.81737160012297139  0.82922761031326564  0.83829391737688286  0.84486022411970829
  0.85330015217785793  0.86208304159038329  0.87021281027292652  0.87880516008846499
  0.88712538871456426  0.89396678653771866  0.90255387675890264  0.91342957856447526
  0.92494587156914676  0.93692865194727371  0.94941539655509033  0.96037347497417225
  0.97082374332000165  0.98123879218417842  0.99072502092610926  1.00000000000000000
 -0.00286336606771317  0.00985741573222204  0.02131439864445525  0.03269535293059143
  0.04408475943996670  0.05550837877791912  0.06709327211741964  0.07927811792609049
  0.09183079097610147  0.10409005996199117  0.11591322963144432  0.12729674876450775
  0.13807211868320113  0.14880379201343241  0.16003796344671831  0.17124677735720228
  0.18246576368666456  0.19436452676248112  0.20509728679922840  0.21296012127279301
  0.22044348006508119  0.22904772795545872  0.23748368021038066  0.24553789132600426
  0.25363144756168360  0.26076482717216892  0.26808598446943505  0.27475614795076320
  0.28341031979836684  0.29260270885679046  0.30240104450877869  0.31298142069626922
  0.32357119113204019  0.33459439957419307  0.34639945238964120  0.35778195271535573
  0.36667517097477614  0.37403688083066161  0.38162951099468345  0.38926406608382019
  0.39706899099877341  0.40485868849796947  0.41268796757600518  0.42180062321820044
  0.43171694936410726  0.44170355711215864  0.45207373202091611  0.46329439614406442
  0.47487500599556293  0.48504121347344292  0.49354147409728583  0.50026199975597585
  0.50662141343890188  0.51273415221742558  0.52102361161205646  0.53144522398315297
  0.54207615761989025  0.55300891623490211  0.56397325846918966  0.57598829988011158
  0.58847215547179244  0.59975945546081810  0.61089398053876764  0.62266582154469696
  0.63431158314301395  0.64674102702850811  0.65978816801035267  0.67298306170334332
  0.68610607330555906  0.69900032615305940  0.71142794236431806  0.72350261284367368
  0.73597260868183112  0.74896264704290882  0.76095205073360017  0.77233115303573630
  0.78319949819557788  0.79415454128203700  0.80533037912529770  0.81649514568212134
  0.82774502312232445  0.83906298398278423  0.84973135035726610  0.85953109584735798
  0.86937958972848295  0.87950694121670858  0.88988524106774436  0.90115352732792930
  0.91332338640702337  0.92554948180883156  0.93792182650675882  0.95067000415070746
  0.96318990554385042  0.97526908374452137  0.98745084488874479  1.00000000000000000
  0.02130750943100618  0.18864568596995135  0.26989755110583752  0.33422025594597254
  0.40020158886530205  0.45388409050404804  0.49253762764369091  0.52178724543876109
  0.55086115825690030  0.59205505338532072  0.62288709441017398  0.63540831854652224
  0.64543708667050936  0.65178098445191923  0.65565197405937958  0.65897788557296089
  0.66150965040710841  0.66458015373520674  0.66784511976587868  0.67072549213540333
  0.67395305028708041  0.67864514915684404  0.68384707980859549  0.68865145395450245
  0.69304818182048122  0.69736930564193966  0.70174312623208057  0.70610268717079616
  0.71015503155213100  0.71394954532459765  0.71773212719122903  0.72160608391153114
  0.72541925865242907  0.72907491108676004  0.73295924419790037  0.73693334178023162
  0.74091287560255092  0.74494486801140380  0.74900943618897764  0.75316727625766144
  0.75741585717455662  0.76167903876187704  0.76587529926592157  0.76986097689101674
  0.77378029176374041  0.77764875641470788  0.78147378815110424  0.78533000776335693
  0.78913446979510204  0.79244068772963494  0.79492274285650655  0.79716981600988834
  0.79952788240583472  0.80191968448101580  0.80432803362314920  0.80675708615339492
  0.80911926381101251  0.81177347686827317  0.81501625457759430  0.81854386707823279
  0.82206605446623182  0.82563346558373152  0.82956490988037446  0.83364283666570149
  0.83807742281292086  0.84255413237188770  0.84685693696115005  0.85101132560489012
  0.85519113982512185  0.85955762086621590  0.86404906489167832  0.86815675586243246
  0.87226782895297017  0.87605123992568623  0.87940629970393180  0.88245144708792866
  0.88593469542106595  0.88979959506706041  0.89344257116522996  0.89686350938691195
  0.90023990467837622  0.90388927731934599  0.90774117515940089  0.91172114634135748
  0.91578654078388921  0.91992652599942581  0.92454379921663254  0.92969178188444068
  0.93485111495226247  0.94030348487338322  0.94679361163435771  0.95426710019637617
  0.96153438082168174  0.97126035861702054  0.98435315793979494  1.00000000000000000
 -0.03738974847886729  0.15745455662142904  0.21699081043313304  0.24559384443260632
  0.26764087804427972  0.28524431386866866  0.30203172511098697  0.31676749103960283
  0.33004916735165912  0.34289984682081293  0.35381568667595292  0.36125426777672232
  0.36822545909979093  0.37592319096616406  0.38296452028807948  0.39000427399719262
  0.39750876916059574  0.40451225901449361  0.41095829369493725  0.41781877003369366
  0.42647073119854639  0.43554446698895999  0.44476072903616409  0.45374195832229253
  0.46101446842982680  0.46677949358901671  0.47232638844679808  0.47759931543788753
  0.48255367977547370  0.48721989826204881  0.49280847377244663  0.50024960698666299
  0.50839071188658669  0.51633252598514967  0.52386896376713965  0.53083693554433753
  0.53728426762976766  0.54342681611023891  0.54830175793781954  0.55287085550529336
  0.55779733065052695  0.56284363379925395  0.56635765605097643  0.57023251835175726
  0.57405591576864190  0.57740926241796198  0.58096215021434450  0.58559237711804946
  0.59041095492208895  0.59524763040455198  0.59985331095457350  0.60423663317043352
  0.60863651157586163  0.61300993866015463  0.61756205903397676  0.62243953524116780
  0.62728401967826919  0.63193887239934532  0.63617943601556448  0.63994369738014034
  0.64394395939963955  0.64832008951776376  0.65285366322455829  0.65732734983918528
  0.66193759365913674  0.66667318289164390  0.67160430184973030  0.67660473580600888
  0.68131172035923937  0.68567130501774431  0.69003498994960977  0.69462278315938009
  0.69939539893662328  0.70426732116328927  0.70927161739955702  0.71456065926414791
  0.72016414244221760  0.72599661340769805  0.73231913472085963  0.73851436023108430
  0.74414466111313426  0.74986242506628598  0.75618211100793087  0.76222498610101319
  0.76810397810933229  0.77305931079309453  0.77956056737856860  0.78646289590802843
  0.79328425286779891  0.80142556382746954  0.81181752305453425  0.82364148100387524
  0.83459404267977699  0.84870610997766593  0.90601267261447060  1.00000000000000000
   2.7426968853744220E-010  -1.0000000000000000     
 F F F F F F F F F F F F F F F F F F F F F F F F F F F F F F F F F F F F F F F F F F F F F F F F F F F F F F F F F F F F F F F F F F F F F F F F F F F F F F F F F F F F F F F F F F F F F F F F F F F F F F F F F F F F F F F F F F F F F F F F F F F F F F F F
  <DiscreteSampler_grid>
  grouped_processes
  1 # 1 for a reference and 2 for a running grid.
  10 # Attribute 'min_bin_probing_points' of the grid.
  1 # Attribute 'grid_mode' of the grid. 1=='default',2=='initialization'
  0.0000000000000000 # Attribute 'small_contrib_threshold' of the grid.
  0.5000000000000000 # Attribute 'damping_power' of the grid.
 # binID   n_entries weight   weight_sqr   abs_weight
    13   10   7.234649619146977E-003   1.637484663067800E-004   7.234649619146977E-003
    14   10   7.234649619146977E-003   1.637484663067800E-004   7.234649619146977E-003
    16   10   1.161591710546144E-002   6.777989825355365E-004   1.161591710546144E-002
    17   10   1.161591710546144E-002   6.777989825355363E-004   1.161591710546144E-002
  </DiscreteSampler_grid>
