  0.02395508420578099  0.03215137137034745  0.04052396005586747  0.04923628262025453
  0.05802513120450184  0.06754491107718205  0.07803991292364384  0.08839711835727465
  0.09863499492199310  0.10891802838268937  0.11918854789128899  0.12942070944817977
  0.13972038780609761  0.15014476090687351  0.16052123202245017  0.17074571598707269
  0.18088135303534608  0.19111079417243235  0.20131097980968049  0.21145781983715312
  0.22167002565149940  0.23209176638005122  0.24263690171351002  0.25317200391843864
  0.26350646110511827  0.27385744916593485  0.28413628823418524  0.29438236431195069
  0.30456590095488711  0.31496358603449398  0.32534145097026718  0.33562913400622346
  0.34571547835203842  0.35586596473593324  0.36612505422678643  0.37634180267512329
  0.38648284991204218  0.39663590893114270  0.40697331924015850  0.41744544655472143
  0.42784442936813211  0.43808223613105096  0.44809907168089735  0.45804945619739135
  0.46801925464967664  0.47802072238585813  0.48793844573841522  0.49771346389079862
  0.50749076478666721  0.51743543641177703  0.52746541109532286  0.53756484824441064
  0.54771406725583149  0.55808437576145220  0.56840674355993803  0.57864399489445772
  0.58867944150525997  0.59872120535916074  0.60876649189818255  0.61885388390223783
  0.62901340037786402  0.63929586184790432  0.64963371170775686  0.65980905040204074
  0.66991678426916712  0.67992618704446750  0.68996074961226161  0.69988231650879518
  0.70987724294969923  0.71997244646410175  0.73021275906860650  0.74043682433201774
  0.75079699748524997  0.76129911013103557  0.77162665651678086  0.78173212461468666
  0.79183363278690910  0.80186940537249307  0.81205481370359833  0.82211089367146661
  0.83220434204456462  0.84246425147302828  0.85271755487910406  0.86315767379930597
  0.87341961928792333  0.88355311437594042  0.89348799260484180  0.90368528598132725
  0.91403259750101484  0.92460782414694420  0.93512278857978071  0.94573095849976796
  0.95653712172318839  0.96605558035174166  0.97098294835469401  1.00000000000000000
  0.03091930494812685  0.03653375794996849  0.04562308381036992  0.05633006545551916
  0.06666931776768611  0.07720175686235958  0.08750090570705134  0.09767805666924449
  0.10783205785560342  0.11830565160841999  0.12877126525668184  0.13926247622319185
  0.14963304279634976  0.15972288845384430  0.16971543426012070  0.17974893937740938
  0.18982935921621591  0.19989831572069833  0.20988852817806136  0.22011480245583481
  0.23027568636338139  0.24032509534750021  0.25030798463150483  0.26038698327970283
  0.27047549613114796  0.28039854450451851  0.29028539892853211  0.30015571689806853
  0.31005424665766429  0.31992716258275616  0.32989541481339918  0.34006802392238239
  0.35037984765526320  0.36061649441987315  0.37090722038080015  0.38134410011035463
  0.39171405360069822  0.40172278037388331  0.41148441688206816  0.42133051951005818
  0.43128296621241941  0.44133258269848274  0.45136658861456708  0.46146285857039049
  0.47154071559335842  0.48175587780291068  0.49200522312112110  0.50223135095577542
  0.51235735326786025  0.52261308128919381  0.53309965443348184  0.54354708573764565
  0.55397776878146876  0.56425695047554592  0.57453593430929184  0.58469182749539383
  0.59485736394327415  0.60482711137291245  0.61479249243591094  0.62461338787666743
  0.63451805769331637  0.64434940932962614  0.65417061797290488  0.66386128414997347
  0.67360028955593743  0.68365954781822447  0.69296565305482249  0.70184550474897089
  0.71074150108881851  0.71932006278375404  0.72947703932994490  0.73963671568008049
  0.74988677798574521  0.76036335953802325  0.77081207138949981  0.78117311456371241
  0.79138910330514745  0.80165185622787871  0.81188559534641602  0.82214852057559618
  0.83234895465453029  0.84254267449147935  0.85280274052824478  0.86308780871551727
  0.87327440246970323  0.88338680389272550  0.89350068227480473  0.90375386208887076
  0.91397509561731816  0.92429533112378082  0.93468178168063110  0.94520777810802814
  0.95588146758604420  0.96487778202607610  0.96898775319019814  1.00000000000000000
 -0.00194605961479063  0.00828568694760277  0.01729800880220103  0.02669546676921667
  0.03641906934755652  0.04621790538226835  0.05606985224605473  0.06609343988459879
  0.07646619643096811  0.08709087023195333  0.09777973376224276  0.10819814949295531
  0.11855646278958923  0.12917418527071034  0.13999892981181356  0.15082371176516382
  0.16164027359620253  0.17281008179089946  0.18429161204559832  0.19593954381337597
  0.20783019626052718  0.21985066971146403  0.23195380161757184  0.24395430064597032
  0.25592966856838911  0.26825508603204917  0.28066556735217996  0.29252170494858487
  0.30307266752093925  0.31377617633576937  0.32494662690767434  0.33719476383989838
  0.34943660590437797  0.36166405620625219  0.37402660240955132  0.38645415148708345
  0.39880433500873697  0.41108219843296850  0.42344738381350977  0.43605569640679709
  0.44887694623815466  0.46172456738236489  0.47441964231982170  0.48695978642464388
  0.49942700078100960  0.51181291631245374  0.52410864707273552  0.53632219936455539
  0.54852593403955074  0.56062558284628949  0.57231028303502718  0.58398184033353817
  0.59549803178621230  0.60709264245855887  0.61857617550120969  0.63001838501767338
  0.64117639097883328  0.65227794918147608  0.66348921934265437  0.67465061574109042
  0.68562004223794248  0.69633141747404703  0.70700086837739828  0.71750453313332252
  0.72789645267856562  0.73805551882460452  0.74817152687678379  0.75824659094448299
  0.76822328066952450  0.77813762824269195  0.78792536203792196  0.79763770893385499
  0.80711148234763785  0.81650662883940994  0.82564149201594383  0.83471339336241424
  0.84366926858872249  0.85263335529003925  0.86162307385171955  0.87062650181501555
  0.87937573754687393  0.88804524693971854  0.89651424622036391  0.90480559519481096
  0.91301049893279429  0.92131593572281623  0.92964395629932262  0.93793317513666796
  0.94619604687470282  0.95432847844065749  0.96224455720590152  0.96995401620050281
  0.97757127258706844  0.98507830044468148  0.99248880872642498  1.00000000000000000
 -0.00246871774929520  0.00958734496403491  0.02004292441821681  0.03080481762515837
  0.04149480027399863  0.05193314720008917  0.06250841761098078  0.07331660098797439
  0.08420489952510919  0.09504398365271843  0.10581340324345687  0.11646948835410290
  0.12706376115596130  0.13757865733199512  0.14812009286765157  0.15869835932907880
  0.16929036084735807  0.17991709344796386  0.19053735498591881  0.20120623825779987
  0.21182045272577554  0.22242937547268285  0.23311194964437792  0.24432111737168472
  0.25551064648156996  0.26683145927170343  0.27775491597713553  0.28867120039567179
  0.29925649471762539  0.30971039289185676  0.32018006317861669  0.33048584688820132
  0.34072192387635253  0.35099020055411062  0.36144588769380942  0.37202677462361605
  0.38239031354133451  0.39265798839534577  0.40314640269119523  0.41371828891600376
  0.42435722903887230  0.43491513949532640  0.44549498137603261  0.45603394277630616
  0.46641947665374428  0.47684309206488840  0.48727028240192960  0.49756961643077141
  0.50801364293124318  0.51835381245111134  0.52879582565705707  0.53929231135260702
  0.54983717731901594  0.56042642555314803  0.57084868939347166  0.58135603594285834
  0.59201379413978805  0.60267921599455176  0.61331497710381033  0.62389748596374184
  0.63471809461146522  0.64551209684825550  0.65635633637399671  0.66715591494540016
  0.67808496564949250  0.68901605559226298  0.69952880204262735  0.70885255410577552
  0.71786522967508282  0.72684295183316339  0.73668520593300646  0.74704312415700469
  0.75729081576428880  0.76761091898207545  0.77798452695973752  0.78834086890020916
  0.79882856846542549  0.80947752700229203  0.82005095449632970  0.83048895262173716
  0.84072523764846974  0.85102949433154185  0.86169484080398207  0.87247845514594968
  0.88326853092557145  0.89398193409889271  0.90473569542614429  0.91573004895610666
  0.92642772454514466  0.93714512334471145  0.94749271537589919  0.95780581897391481
  0.96815906194710166  0.97867811757164558  0.98935775302168638  1.00000000000000000
 -0.00257577767952120  0.00985164029680426  0.02023008094835190  0.03117562298244105
  0.04199453767060231  0.05288720609892596  0.06369317717406300  0.07450578776836353
  0.08541576794890635  0.09611722960300506  0.10666177965807375  0.11712964656986249
  0.12758135054452827  0.13820396805157670  0.14855825045800292  0.15904206516691677
  0.16940091443981650  0.17994202182968522  0.19054765206456900  0.20102599021214926
  0.21135192574976477  0.22176457311678294  0.23246307784323017  0.24337764918570329
  0.25399647847598933  0.26440559584937484  0.27481618287397308  0.28523881174023175
  0.29579425887280825  0.30629055566331304  0.31707356746994747  0.32787959982487647
  0.33842021689240981  0.34857768556744323  0.35904571263096002  0.36962833647651722
  0.38026787746917340  0.39086636388657958  0.40157194388919926  0.41220311226204542
  0.42122440442657283  0.43016007988431454  0.43908491621858953  0.44890858080328699
  0.45943506259605482  0.46990021248066588  0.48039516798558907  0.49070766495126916
  0.50102232847574535  0.51136393528668345  0.52180757447521919  0.53219686183547199
  0.54260625477538105  0.55311264850193542  0.56359985271368263  0.57389527923044237
  0.58415946275745290  0.59431594880921923  0.60462961617201871  0.61508625095941238
  0.62578643006705603  0.63641686972073941  0.64716124082278426  0.65799882847826252
  0.66896598336833091  0.67969766687805711  0.69044778064045209  0.70118463863457192
  0.71188959728899848  0.72226109172532149  0.73254117792978468  0.74267235842793655
  0.75286298080432934  0.76319923298030834  0.77370178698657133  0.78444388515384500
  0.79520113519869018  0.80614207876750399  0.81705790463542283  0.82783737064305041
  0.83858040828976432  0.84927054571452476  0.85976085012369274  0.87024521043117120
  0.88089532498069034  0.89191763569793436  0.90284558348373789  0.91361805589929679
  0.92435624644685344  0.93509601895429240  0.94598134940401069  0.95682311577972412
  0.96769647646207024  0.97845476681510501  0.98923257530787079  1.00000000000000000
 -0.00216375514524675  0.00944224941853266  0.01934448020044875  0.03003148715884037
  0.04039111150507640  0.05075185695193161  0.06121104806605460  0.07194200759451012
  0.08253967042332012  0.09328066484830029  0.10400170145383100  0.11492406644198284
  0.12564316722143190  0.13621262291945660  0.14680302584330093  0.15775300270915052
  0.16883960223146682  0.17990112171767070  0.19090195002815633  0.20181773584150936
  0.21268231022963011  0.22332122982462860  0.23395700684052753  0.24485661322912944
  0.25584020460449347  0.26683202028708375  0.27773028643792869  0.28860154552593764
  0.29929307989380760  0.30974239157152328  0.32013484055966118  0.33046858371749394
  0.34079524923439619  0.35106068822015957  0.36148120887593288  0.37195689178534203
  0.38258575937786016  0.39324104884546601  0.40400207648048764  0.41474840483156056
  0.42541843681284314  0.43592317435902594  0.44629675756798770  0.45666544350433269
  0.46709256436746638  0.47758724170397021  0.48819641689018889  0.49891562213124901
  0.50983730459286236  0.52072320255603421  0.53149552504615871  0.54217545408832857
  0.55265216041629361  0.56305217412350617  0.57322048215037780  0.58361065308477966
  0.59422842172263435  0.60501964279453779  0.61586688630516073  0.62666162530630287
  0.63746691239647946  0.64837346499198867  0.65919064791606474  0.66973562644298479
  0.68003476822949904  0.69042471694842622  0.70093608694220200  0.71137364843459461
  0.72170613255569338  0.73190924880808428  0.74202011561351855  0.75244288477868171
  0.76181734923264033  0.77088523100488615  0.78000469805676254  0.78931835817736573
  0.80028619882485708  0.81110168122226622  0.82178414573076053  0.83251724115657322
  0.84326689389517084  0.85408595645714169  0.86477905734594152  0.87536039243438102
  0.88599362804579684  0.89656609251610386  0.90709551232919783  0.91763899196705356
  0.92807453185924826  0.93834209545019764  0.94842364628770226  0.95849762686654205
  0.96871139969941078  0.97895096351563293  0.98946006578149692  1.00000000000000000
 -0.00272342301140107  0.01107599996462071  0.02234888491168502  0.03430495466719957
  0.04601832530827953  0.05791258357284965  0.06986725357605678  0.08208768288571824
  0.09408561667231893  0.10591489372111758  0.11739940119644884  0.12793772803560474
  0.13716805211004957  0.14637263589453417  0.15568775665884771  0.16584249685752231
  0.17626860803310099  0.18653438050962334  0.19671152352408128  0.20695719222899706
  0.21725585642041614  0.22735930180520703  0.23707839429830313  0.24663013104540402
  0.25615192102176720  0.26569059137279505  0.27518947661309107  0.28455043847872252
  0.29387218717351316  0.30318176686736825  0.31253916130108195  0.32199015134719206
  0.33155125264862928  0.34116458322080279  0.35074371287072448  0.36028612616431049
  0.36983338239409619  0.37942776536645850  0.38900863094935401  0.39851235232134380
  0.40787165475908127  0.41709553085787082  0.42621139691792942  0.43529194986117520
  0.44447262622932088  0.45376965440799033  0.46308834078988353  0.47248115467179502
  0.48190548501384445  0.49131938292754612  0.50079336406463726  0.51026031820544582
  0.51976923971694933  0.52917170146112291  0.53856107801879116  0.54798603277456626
  0.55728299663693459  0.56658899157447729  0.57590773719718946  0.58538885981498945
  0.59511402187696827  0.60488613919620304  0.61473859322665592  0.62458504399035752
  0.63468473044085649  0.64467705473252868  0.65461626321605737  0.66459161122246990
  0.67492285728086854  0.68552731614610707  0.69604661126370826  0.70659185272014469
  0.71708657011200427  0.72764973727638782  0.73821111653169291  0.74877584822753196
  0.75988569288348262  0.77119101608311180  0.78297650859615764  0.79468782982520514
  0.80636106677774144  0.81792951523235247  0.82946887877180009  0.84123415426933701
  0.85314855528509026  0.86533054055401959  0.87778243665051847  0.89032325409852620
  0.90302823692402301  0.91590557606225353  0.92908538365331295  0.94239146259069295
  0.95586630099159975  0.97008716611830614  0.98477622918963981  1.00000000000000000
 -0.00231175814232441  0.00954974821405783  0.01963173217010358  0.02985178396532853
  0.04009156614809745  0.05060875493920651  0.06109976801413027  0.07152350054751616
  0.08201579768290466  0.09270181710631308  0.10332824819276000  0.11383561125394082
  0.12446816228471268  0.13504038998096918  0.14549355024293020  0.15577821634247013
  0.16613092706863247  0.17662403618563607  0.18708698549879407  0.19763936034801302
  0.20823568097270387  0.21898148611628038  0.22967333146033517  0.24023884255565744
  0.25078815931972653  0.26128984521651660  0.27182596618994587  0.28239679440447368
  0.29297491159998057  0.30352251907802985  0.31422412241606312  0.32514232757577716
  0.33606089206960199  0.34667426916527466  0.35723810886460389  0.36800573487796684
  0.37882709087121841  0.38962076547183899  0.40033334101939833  0.41090937883745077
  0.42143527177746748  0.43203810003330823  0.44273296165541398  0.45342589957999380
  0.46405064828447834  0.47463644337675776  0.48539544379370603  0.49623159337780698
  0.50715159287405043  0.51743544087433935  0.52648060848384981  0.53576037159298506
  0.54489266727134678  0.55484258990311386  0.56566793805824511  0.57647511149730024
  0.58738809147133630  0.59815721226254304  0.60883445741577302  0.61951098059742216
  0.63002675855370482  0.64046832317418156  0.65081211436542497  0.66119510744602317
  0.67159545098678741  0.68195470616086906  0.69233348678840834  0.70275103378520665
  0.71327600485871590  0.72386231134830104  0.73440740058879561  0.74492454072712733
  0.75556520079860923  0.76614031842927532  0.77690273898961215  0.78766896678537335
  0.79857760250528409  0.80941523432034312  0.82006439180814594  0.83075981396674126
  0.84112224335258401  0.85139690961020897  0.86191393576323283  0.87248557052793108
  0.88293947795788497  0.89307059340193684  0.90347223108953845  0.91387640224262934
  0.92450910019814270  0.93505739641625851  0.94603695243826069  0.95704075030193014
  0.96790054619574117  0.97874634970359486  0.98946674763525810  1.00000000000000000
  0.02665603907384037  0.04663442932534606  0.06596264801089585  0.08290350521980339
  0.09129472565865532  0.09655576846323237  0.10895643117210944  0.12415793798277495
  0.13743627247777040  0.14908801035064428  0.15984118906155204  0.17002473126950216
  0.17973816294059078  0.18904650815235574  0.19809525982349868  0.20702073696010564
  0.21587996769787532  0.22468794010649740  0.23335773131705342  0.24180017081842106
  0.25005995864253466  0.25809643151327005  0.26599165224091903  0.27371768379145334
  0.28134559679047300  0.28896863106767384  0.29669463044159899  0.30434095091994107
  0.31197553469386763  0.31961593025941609  0.32734221039738370  0.33502645564109651
  0.34261568448206009  0.35019650653826706  0.35777447539268220  0.36530607060818249
  0.37276536181054359  0.38018385992697973  0.38760027765064525  0.39504583946464389
  0.40253270658027657  0.40999997916229131  0.41748453396022378  0.42493694651600100
  0.43244460560936382  0.43995593638850472  0.44754031150584367  0.45516090940037185
  0.46282664294768555  0.47046187519861760  0.47815899225680947  0.48600162577962008
  0.49395448000998504  0.50193841606309064  0.50995359415671637  0.51808031857440662
  0.52630239647234156  0.53453927158804759  0.54277580708362039  0.55105347970413865
  0.55938100501343513  0.56771237557776555  0.57605777986014395  0.58443577777680089
  0.59291143086630460  0.60140425102352801  0.60999689676611046  0.61871402996033598
  0.62763885862037616  0.63676630766006603  0.64603436227148348  0.65544040621586763
  0.66487934383921832  0.67443703164384539  0.68406573561583139  0.69399369296289448
  0.70405943932913828  0.71424569111742986  0.72461776434305436  0.73531274645473899
  0.74624304317427903  0.75724534963292323  0.76831454649418973  0.77972828306158315
  0.79159565894005179  0.80391412355667713  0.81649482824926523  0.82954349564677032
  0.84314561718560599  0.85763580781879978  0.87293353040373578  0.88943940247299302
  0.90769612743864381  0.92878714833185183  0.95618251662446196  1.00000000000000000
 -0.02104084553445888  0.13870762217888022  0.18285544463537945  0.20988418517875210
  0.23157392809308633  0.25045786590977381  0.26735512026767061  0.28294960395248936
  0.29723332661724872  0.31040353701587686  0.32273244905302534  0.33449337429387671
  0.34574035786359236  0.35650019490838170  0.36687424461837909  0.37697180207122255
  0.38675330842218236  0.39627341015051193  0.40550560945996089  0.41455410441671270
  0.42341986992061947  0.43209896155266136  0.44058681983760217  0.44887455893253470
  0.45709310859751578  0.46495963597392992  0.47271247686168782  0.48022139929184815
  0.48756327064533750  0.49486931147512969  0.50206900258971288  0.50914478793520057
  0.51612646030954124  0.52305695619994463  0.52988236412699785  0.53658553001467812
  0.54316954114838756  0.54964908868698792  0.55604470746678969  0.56235894599135616
  0.56861309731682574  0.57479705062153807  0.58095593349566832  0.58698465994794669
  0.59289582040051936  0.59884040893611390  0.60478627027702170  0.61074986227581307
  0.61666263424809964  0.62250111786995777  0.62829634561644043  0.63405263619814123
  0.63977852458309081  0.64540546619110339  0.65088823112453464  0.65630060957483105
  0.66170888596282795  0.66718486768291074  0.67250905391851978  0.67786614959917690
  0.68314575379695408  0.68837402981787454  0.69334876671825019  0.69799522368625966
  0.70257524796044368  0.70716264936133078  0.71186370395113208  0.71690181829610433
  0.72211660600703953  0.72732797730899257  0.73258766430964872  0.73789079186924222
  0.74319037560691237  0.74849701397968682  0.75380276508259680  0.75922504060150264
  0.76474448515630467  0.77033697311483118  0.77593443512229365  0.78155203267581519
  0.78721230801529340  0.79299359067487385  0.79895943580049222  0.80509672850910319
  0.81141787665515097  0.81802167519865066  0.82490737226071553  0.83223091946104477
  0.84041230935510891  0.84918914702097281  0.85859425682699164  0.86903401045527384
  0.88145520430174251  0.89768524393871951  0.92371174602322259  1.00000000000000000
   6.4580786209891267E-012  -1.0000000000000000     
 F F F F F F F F F F F F F F F F F F F F F F F F F F F F F F F F F F F F F F F F F F F F F F F F F F F F F F F F F F F F F F F F F F F F F F F F F F F F F F F F F F F F F F F F F F F F F F F F F F F F F F F F F F F F F F F F F F F F F F F F F F F F F F F F
  <DiscreteSampler_grid>
  grouped_processes
  1 # 1 for a reference and 2 for a running grid.
  10 # Attribute 'min_bin_probing_points' of the grid.
  1 # Attribute 'grid_mode' of the grid. 1=='default',2=='initialization'
  0.0000000000000000 # Attribute 'small_contrib_threshold' of the grid.
  0.5000000000000000 # Attribute 'damping_power' of the grid.
 # binID   n_entries weight   weight_sqr   abs_weight
    13   10   2.085889533588848E+000   7.736346147155830E+000   2.085889533588848E+000
    14   10   2.085889533588847E+000   7.736346147155833E+000   2.085889533588847E+000
    16   10   2.653030691915712E+000   1.209694957145744E+001   2.653030691915712E+000
    17   10   2.653030691915711E+000   1.209694957145744E+001   2.653030691915711E+000
  </DiscreteSampler_grid>
