  0.00007135212595951  0.00007263658517413  0.00007479590075851  0.00007705727860244
  0.00007952864044405  0.00008212043331939  0.00008507114774177  0.00008833171251461
  0.00009083921474149  0.00009202787383866  0.00009228047196456  0.00009235905421394
  0.00009238926975867  0.00009240804291406  0.00009242039394581  0.00009242853887753
  0.00009243379347505  0.00009243717816477  0.00009244017206135  0.00009244268087664
  0.00009244467248586  0.00009244641117062  0.00009244779629742  0.00009244894446078
  0.00009245004039597  0.00009245094365995  0.00009245176313558  0.00009245250602386
  0.00009245322477504  0.00009245391215282  0.00009245456037128  0.00009245518174694
  0.00009245580038990  0.00009245641770309  0.00009245705062766  0.00009245768905458
  0.00009245841736883  0.00009245916561270  0.00009245996899934  0.00009246085036394
  0.00009246184148391  0.00009246305693792  0.00009246440659081  0.00009246593558904
  0.00009246779777411  0.00009247008015437  0.00009247282686869  0.00009247656505863
  0.00009248201876282  0.00009248925965787  0.00009250089689483  0.00009251836228105
  0.00009254998828411  0.00009264663790320  0.00009309819395422  0.00009505836929844
  0.00009916057803629  0.00010460877208319  0.00011108725833319  0.00012025854458471
  0.00013233627990527  0.00014747383967816  0.00016754676527565  0.00019346098946129
  0.00022490172752641  0.00026557201509476  0.00031496092301796  0.00037092979671043
  0.00043143363772193  0.00049821349714556  0.00057117513311001  0.00064639697000417
  0.00073252704140455  0.00082687228415073  0.00093151622855692  0.00105468821793152
  0.00119195921372590  0.00133650894554306  0.00149275230735579  0.00168547808369675
  0.00189301042019643  0.00209735955256656  0.00231680108193967  0.00254529062752490
  0.00280148271791397  0.00312267423091299  0.00346835517315711  0.00379626792474733
  0.00414020704754107  0.00453473196235224  0.00502670069324017  0.00582708649530201
  0.00738648294298935  0.01002497397263927  0.09734492209220974  1.00000000000000000
 -0.00810334632695385  0.03110496375887705  0.05447978850970922  0.06966031809708305
  0.08406497268857345  0.09818229642656244  0.11200854705653880  0.12558683580060528
  0.13887064404221938  0.15175434335400931  0.16433165881438278  0.17710686461094771
  0.18972338218748561  0.20160997703411590  0.21216852436138317  0.22181119466887822
  0.23117169472309262  0.23970012780284669  0.24876197217202645  0.25798193946699949
  0.26566402456403698  0.27330378534456312  0.28109722390979397  0.28800963157923765
  0.29446235006462851  0.30243800485567229  0.31332165228881570  0.32460677333666849
  0.33611780538819569  0.34731946030914901  0.35847885054686229  0.37021777976175141
  0.38192721035035676  0.39352218653885768  0.40510242129512491  0.41689354111549531
  0.42854243520378016  0.43947055546234320  0.44987572537851006  0.45992427680253634
  0.46985574430179200  0.48043385782094061  0.49078842141271639  0.50009868441717720
  0.50927305915862964  0.51819115043211439  0.52710370171161747  0.53684619767474018
  0.54702814516527187  0.55724724127733838  0.56782750996243325  0.57878745430524547
  0.58964109239061890  0.60016596795136012  0.61062137735620037  0.62118134541623504
  0.63195424101021602  0.64276945434376953  0.65344017886031847  0.66391839163753241
  0.67429042817839413  0.68386233645331118  0.69269078411578033  0.70163156300794194
  0.71053816968531336  0.72010619351084271  0.73088379533030179  0.74192345289733796
  0.75188493576444226  0.76078736330791741  0.76918605367608095  0.77798257654725733
  0.78779885927347926  0.79831357064699704  0.80879075796546840  0.81933518874262234
  0.83027815989343179  0.84177317294742071  0.85373977205944707  0.86586111593191195
  0.87762652682103126  0.88916105108985866  0.90067593608579088  0.91193629257267361
  0.92324110861157360  0.93404344031275566  0.94377252347403684  0.95223175710773611
  0.95819724673722018  0.96420141823208405  0.97066722594051846  0.97693147669911096
  0.98405761804560710  0.99075362920721277  0.99597049020680406  1.00000000000000000
  0.00000058289769528  0.00000253463862895  0.00000335395331049  0.00000440314661965
  0.00000554093790693  0.00000708368450777  0.00000890104387580  0.00001124706896378
  0.00001408054288232  0.00001718168551221  0.00001987932199279  0.00002204696881243
  0.00002423711350342  0.00002698311703913  0.00003038728745082  0.00003369793542251
  0.00003674367263088  0.00003955936331288  0.00004174821656895  0.00004393623427466
  0.00004627822283516  0.00004845487844957  0.00005045889594236  0.00005289821583999
  0.00005583895469211  0.00005896502380999  0.00006238658475997  0.00006632238739602
  0.00007011092886205  0.00007364194351090  0.00007698559622020  0.00008055793490680
  0.00008417178887200  0.00008767701363140  0.00009156670481054  0.00009552431015692
  0.00009945990890947  0.00010385921322559  0.00010899326602786  0.00011467422783425
  0.00012076353210094  0.00012722241377970  0.00013414534074998  0.00014080371864591
  0.00014651684577761  0.00015183420405932  0.00015831399220991  0.00016586826588269
  0.00017403412264434  0.00018204762080850  0.00019079978860602  0.00020117582889801
  0.00021270001975848  0.00022684590995678  0.00024323988770933  0.00026010194119231
  0.00027746885958737  0.00029554196610518  0.00031454824036634  0.00033477575030226
  0.00035602336337174  0.00037889658866899  0.00040181373776367  0.00042503107496371
  0.00044916400699832  0.00047453087435956  0.00050131128857860  0.00052920569719090
  0.00055723892712858  0.00058514058778127  0.00061348281462890  0.00064187990810327
  0.00067138807350849  0.00070326613247814  0.00073919845704848  0.00077490160202542
  0.00080764390553241  0.00084189427290148  0.00088115693943651  0.00092910313093908
  0.00098063186140738  0.00102096762494076  0.00106563351694756  0.00113777683778208
  0.00122744045075591  0.00133696885518854  0.00148956633441027  0.00158920810094059
  0.00166458502989916  0.00187634156223006  0.00232057267827403  0.00285910645722728
  0.00451375267517396  0.01021761726204266  0.02627289412962904  1.00000000000000000
 -0.00258257021505634  0.00966383970683590  0.01685009517731288  0.02448752241721869
  0.03263998232809304  0.04093806919830584  0.04996616685371830  0.05914669757538483
  0.06794566973336971  0.07773212387663930  0.08784464644001712  0.09886908981552774
  0.11017873137836792  0.12109442187316478  0.13072476371918343  0.13872479744783828
  0.14658704118621613  0.15526628183655483  0.16450537355987091  0.17371173751335167
  0.18319738110871348  0.19337639927022751  0.20422503277129295  0.21592024598545281
  0.22704015391116480  0.23708506256277856  0.24691645057555930  0.25559706682614153
  0.26346518463521457  0.27209612841148750  0.28046797661605605  0.28872421194261455
  0.29790457336993359  0.30895470713434248  0.31897231049327091  0.32886973336378994
  0.33858779964074287  0.34828560691382709  0.35825362092490565  0.36849440101617081
  0.37813115116828072  0.38710202890910406  0.39519267256316315  0.40264799898379600
  0.41212711000793811  0.42282842605208532  0.43182972491717120  0.43813676468329515
  0.44560675813683093  0.45359924130379387  0.46169619286177321  0.47181937439702581
  0.48245137970362201  0.49339038250230705  0.50494862445741084  0.51557817329202993
  0.52497295893194951  0.53451490727536533  0.54557060788981515  0.55640865942951645
  0.56734519849603549  0.57841461283487094  0.58880855025216072  0.59891793202214216
  0.61233359079875394  0.62365039670594724  0.63238952373484225  0.64042500918799394
  0.64924768564143109  0.65719972461193521  0.66608586200343900  0.67473403528844900
  0.68449467985727230  0.69656604723296534  0.71018713360802366  0.72445646261784480
  0.73669896752935882  0.74783209541563689  0.75887039482558882  0.77100272716884066
  0.78383688013099673  0.79654235587468958  0.80932365774729254  0.82197402417001020
  0.83448938837399522  0.84734657902173005  0.86063570967966030  0.87384740753736112
  0.88697287780034872  0.90181394870199494  0.91699582455799411  0.93208709832624936
  0.94774895073031706  0.96427558343441855  0.98167570551549688  1.00000000000000000
 -0.00301370353941371  0.01022757422693709  0.02191490762298414  0.03320445937769725
  0.04258330468720093  0.04917506872088288  0.05612936300903328  0.06308629679388403
  0.07022923483091867  0.08036711835498703  0.09235427641754190  0.10380179437444931
  0.11499924647040069  0.12571792809568158  0.13633103438472374  0.14729668030416207
  0.15852937884029725  0.16956807789995840  0.17975620569277695  0.18958074080765269
  0.19922418074893189  0.20832653969002335  0.21646244976118906  0.22610387067545828
  0.23823660100430455  0.25062842413851399  0.26297941256320806  0.27514997198418290
  0.28708356731939910  0.29875626993776927  0.31035653729320911  0.32193472824773350
  0.33378754509471903  0.34702261817800861  0.35848755534094628  0.36813356567809274
  0.37713755763816192  0.38677003851532482  0.39717733340793449  0.40814204345214816
  0.41952169293288522  0.43121676199384562  0.44284065837813663  0.45436750455606434
  0.46608880650985257  0.47773403693516470  0.48920692010609101  0.50062670135650922
  0.51191117214858062  0.52307212471031983  0.53460441557160399  0.54664800594831364
  0.55876999665945526  0.57052901206825934  0.58181768739316897  0.59288977215115590
  0.60337192751729884  0.61277893178669107  0.62291812090628562  0.63375406197595896
  0.64404702402059544  0.65415988560937166  0.66428992469596515  0.67421341875631124
  0.68402771550647457  0.69335389897438471  0.70278565164239259  0.71309084683449697
  0.72363597884779851  0.73494048674049284  0.74659706013553828  0.75830556369997693
  0.77030126071326277  0.78235879882397219  0.79395178767548424  0.80424984614144779
  0.81366477262624137  0.82349755960238458  0.83404239669745528  0.84515923655901781
  0.85582984438914367  0.86450757678024348  0.87233191222626083  0.88025093608361149
  0.88852291350112900  0.89754127808298068  0.90692696106209014  0.91603739967245168
  0.92646620804010149  0.93807673784454537  0.94808566665531291  0.95693332510567841
  0.96691272558131447  0.97775789216209275  0.98894268402574159  1.00000000000000000
 -0.00170601416154447  0.00684188088444000  0.01437547644713796  0.02281083918516867
  0.03234890295664386  0.04235545652548419  0.05345039227980267  0.06547539280966716
  0.07760175056599780  0.08947532361196193  0.10074112076525692  0.11174584701435322
  0.12273620320727739  0.13387175032402246  0.14539495457428095  0.15804810939899927
  0.16965714921627811  0.18083777686736005  0.19218121586670098  0.20345598369247037
  0.21534922040028487  0.22743529841038712  0.23950629832785414  0.25151782998585354
  0.26479296431366306  0.27813616942529129  0.29066618276203077  0.30432889603869823
  0.31832204965696109  0.33096655625446841  0.34321133822820143  0.35558522743377780
  0.36782495820085798  0.37975299369037741  0.39075785710284661  0.40253605629145572
  0.41488082697329121  0.42472588068536882  0.43508987558515028  0.44677335155166231
  0.46054681835006639  0.47439758839516577  0.48672369221862599  0.49957378787313172
  0.51214979525847193  0.52588896242282923  0.53891768751028912  0.55115484081372035
  0.56325956401568955  0.57501085967230781  0.58700155564909651  0.59910030427942129
  0.61076161913989679  0.62277031567881724  0.63436080611488210  0.64431637960071164
  0.65403452301943688  0.66457427094806998  0.67567982742037191  0.68710545255904021
  0.69889588638680922  0.71104811746159513  0.72343329130463196  0.73573356960289948
  0.74762865059764794  0.75885222056621326  0.76948164844479350  0.77873335205223071
  0.78775747955044995  0.79649903593611593  0.80397823711410354  0.81111408649709704
  0.81818480231818802  0.82650372640850323  0.83649652312670775  0.84601199859271259
  0.85496111824331267  0.86382830811866096  0.87080241529732216  0.87650400059175260
  0.88281738870889670  0.88941126430681172  0.89569318601705650  0.90182126583368305
  0.90829731367827404  0.91306372709540240  0.91965104233461792  0.92819712909983976
  0.93782164263614287  0.94796149206558022  0.95738364071705495  0.96624474096526469
  0.97484192576278172  0.98330901297298912  0.99167053337189282  1.00000000000000000
 -0.00274988564218119  0.00935324961483493  0.02169993204926748  0.03433827937634724
  0.04708191838314640  0.05960847105477150  0.07158800880448453  0.08299262539021490
  0.09383313175934233  0.10413493478483014  0.11371884188229466  0.12356678590805777
  0.13405387864988921  0.14485213263164368  0.15595698534614535  0.16702148627752181
  0.17778750588510114  0.18841914789979072  0.19898794450698465  0.20766927102929519
  0.21437753698524153  0.22240876890162511  0.23291433263587824  0.24295639559850926
  0.25272316387234944  0.26266831596448442  0.27366703448809582  0.28520310269626220
  0.29661530360582966  0.30802716504359068  0.31919142964380415  0.33031397256975975
  0.34111992306894923  0.35169979776243560  0.36213011409488227  0.37247688436106957
  0.38236494450924635  0.39036547287117068  0.39692065354583883  0.40339867099877846
  0.40982948715120110  0.41704817533470318  0.42697395617308515  0.43784770848936277
  0.44906979212013404  0.46179074934481384  0.47494306589327201  0.48577117005796860
  0.49398584738611523  0.50180538894249138  0.50929604836286513  0.51605592822617841
  0.52231834225876528  0.53132483594496049  0.54400172224811794  0.55582533622286656
  0.56662456075383516  0.57710981188908872  0.58800215605790795  0.59883925442451524
  0.60859100403993249  0.61716472875747352  0.62619137915606349  0.63609439755283714
  0.64572665982755906  0.65400968006015625  0.66281374393330761  0.67525701422249151
  0.68916060429958503  0.70076094555173696  0.71123229901751361  0.72136481005427500
  0.73160394626635739  0.74206742575681117  0.75305361557892903  0.76437956214409453
  0.77580040069265677  0.78760686094364873  0.79951850997840290  0.81143116150136763
  0.82357041660953267  0.83585617090483777  0.84748344981545143  0.85829231477692192
  0.86871455208039061  0.88001242140247926  0.89241949902511108  0.90526331265760329
  0.91797171152832713  0.93016965274571162  0.94198875009186989  0.95342015406608704
  0.96449584892597406  0.97590829749207031  0.98809443954447118  1.00000000000000000
 -0.00405287267900404  0.01379459684332866  0.02165495330938700  0.02906691824594004
  0.03671070102382700  0.04402466942417399  0.05072709939239804  0.05760836555171969
  0.06554146212164014  0.07503503526078302  0.08750748433874873  0.09909303294903329
  0.11040051032886444  0.12106814226188120  0.13207099357105243  0.14396403134076807
  0.15628979695501274  0.16862530530901651  0.18072547588472823  0.19236190994683086
  0.20354192498434048  0.21431776849657774  0.22495675751525390  0.23575789933716054
  0.24683565878944563  0.25824475975805922  0.26984315644724527  0.28123106790026614
  0.29191958436248433  0.30214949552856474  0.31107623434699760  0.31954961917417907
  0.32826525461957901  0.33715902930010944  0.34714943592106767  0.35807609373606436
  0.36936946244276175  0.38143618914235683  0.39236132700968424  0.40305792608892660
  0.41370691040278290  0.42445058774423094  0.43618320648624798  0.44770901766251503
  0.45881998162444071  0.47009412199721134  0.48145099383953249  0.49173926514974159
  0.50075522752237567  0.50954797295474230  0.51855292999282321  0.52899773854879972
  0.53980431264185147  0.54932367510623026  0.55863375299071238  0.56825678436679217
  0.57772849342324484  0.58694610381010337  0.59601304461460913  0.60552726460292994
  0.61554551351278464  0.62591429332799364  0.63576235394412772  0.64571060538438441
  0.65602105107145758  0.66681087194677680  0.67772928686911893  0.68840293519083928
  0.69919807545311685  0.71035109090246351  0.72188215735223182  0.73388325773252805
  0.74587189857954539  0.75613192987269973  0.76425509744507647  0.77290482913734115
  0.78245915022934698  0.79282277677579105  0.80292011708341493  0.81226441448611475
  0.82170118910856049  0.83209699041024843  0.84319302456239675  0.85371536516936330
  0.86468268522557512  0.87681805059458684  0.88891864827640199  0.90090290352308366
  0.91327292506839930  0.92580424572479580  0.93825560049604451  0.95084239058919917
  0.96355298903892417  0.97572509714050770  0.98735529341764705  1.00000000000000000
 -0.01635710344268697  0.31979345663066705  0.49492231411177706  0.60621604039258603
  0.63612821691925381  0.64431642275971390  0.64943768980456373  0.65406966066984862
  0.65789767827866130  0.66096861290435704  0.66484123182590560  0.66960371831740384
  0.67406112314252531  0.67816457384921247  0.68198289176940929  0.68554886638157941
  0.68893029153290708  0.69216321946148041  0.69547516511720808  0.69851986286259171
  0.70255658269541676  0.70625390194176429  0.70956605787461591  0.71256961349337777
  0.71542414847200275  0.71829277001069591  0.72117189005305582  0.72400787997659588
  0.72671142825426549  0.72958225123488762  0.73260306849676604  0.73564479591802689
  0.73872003889589877  0.74176054378732881  0.74463760802394285  0.74736929175688682
  0.75007590380703437  0.75281921516108929  0.75559598483944046  0.75851190193059337
  0.76154230945816836  0.76448507032085478  0.76734641503085455  0.77017410024194088
  0.77288033921596966  0.77559412917518555  0.77832637942382632  0.78108804577455115
  0.78395729127980174  0.78676726654234685  0.78961724805783662  0.79258540399973154
  0.79546712948852194  0.79823045658299363  0.80102568947678621  0.80397406043326136
  0.80700292721609912  0.81015368744361083  0.81341698318453104  0.81654982023504019
  0.81941564588386917  0.82213644917866469  0.82492285846762103  0.82773846142304353
  0.83043431610988749  0.83302252919264685  0.83614744252136652  0.83976658500514767
  0.84350381664758056  0.84735305368257385  0.85121833291913074  0.85509754024292373
  0.85889355434046288  0.86263389380386735  0.86640023314075909  0.87013881953227767
  0.87402062028773908  0.87838916600521633  0.88319200621490779  0.88794247540434157
  0.89247571532389847  0.89701326923370805  0.90162072564340567  0.90620562717702080
  0.91083468371082865  0.91598734834853934  0.92152792744611411  0.92730091020432615
  0.93324450591628350  0.93951927948950176  0.94591771763407950  0.95212030341867970
  0.95977898601391454  0.96812743733164530  0.97905202825119941  1.00000000000000000
 -0.02876563854933594  0.14147796608146201  0.23208340690720872  0.26831385163336452
  0.29083245186804790  0.30709020247682817  0.32119790920381025  0.33499730613776607
  0.34726731326864163  0.35837290356255563  0.37050793725808939  0.38305260079182057
  0.39416913020668315  0.40433825282808822  0.41413283651427146  0.42209381869716039
  0.42815340722641115  0.43534841665262708  0.44236957273838301  0.44915086809445687
  0.45634498895093623  0.46564445184141079  0.47550609337559890  0.48445588841602555
  0.49363995730046695  0.50103895859465775  0.50859550867333225  0.51679299914102250
  0.52387591511945830  0.53023291783071547  0.53677416478235263  0.54313589992829503
  0.54806326352750179  0.55282532794893102  0.55856884085421665  0.56480194039775000
  0.57058792915951473  0.57655858593402998  0.58284244631827098  0.58891437687038894
  0.59452366948396307  0.59961477303264976  0.60506946825834673  0.61136785944201399
  0.61804256076986464  0.62455063092047747  0.63065051293640573  0.63654533474219388
  0.64210463001285789  0.64729162023337028  0.65240685726129799  0.65763436383852292
  0.66264541238960228  0.66727194186997296  0.67190383135137011  0.67683727805399663
  0.68166790807213595  0.68658668774870257  0.69153693975602382  0.69645276778629295
  0.70115701840399158  0.70584828846998204  0.71072754756002499  0.71557275414065646
  0.72030183369580736  0.72506120634193572  0.72991357699410442  0.73471809334227323
  0.73946660473118619  0.74433385570564892  0.74954022429857825  0.75514148029029093
  0.76027070772108829  0.76546432925923236  0.77066249632642636  0.77561739102837801
  0.78031766506286093  0.78492232226155390  0.78956236549837300  0.79442694645866752
  0.79983772104403206  0.80585095756929648  0.81225509836162746  0.81886626131747864
  0.82532609513752864  0.83119833806307031  0.83576672548655528  0.83963349208128468
  0.84456625839957344  0.85057682305362270  0.85747902898442363  0.86559629002306182
  0.87603989098931989  0.88857909625963405  0.90976839792525821  1.00000000000000000
   2.9739456419774788E-010  -1.0000000000000000     
 F F F F F F F F F F F F F F F F F F F F F F F F F F F F F F F F F F F F F F F F F F F F F F F F F F F F F F F F F F F F F F F F F F F F F F F F F F F F F F F F F F F F F F F F F F F F F F F F F F F F F F F F F F F F F F F F F F F F F F F F F F F F F F F F
  <DiscreteSampler_grid>
  grouped_processes
  1 # 1 for a reference and 2 for a running grid.
  10 # Attribute 'min_bin_probing_points' of the grid.
  1 # Attribute 'grid_mode' of the grid. 1=='default',2=='initialization'
  0.0000000000000000 # Attribute 'small_contrib_threshold' of the grid.
  0.5000000000000000 # Attribute 'damping_power' of the grid.
 # binID   n_entries weight   weight_sqr   abs_weight
    13   10   9.589575130719451E-002   3.575045355138093E-002   9.589575130719451E-002
    14   10   9.589575130719459E-002   3.575045355138103E-002   9.589575130719459E-002
    16   10   2.249513943209877E-001   2.244599620398688E-001   2.249513943209877E-001
    17   10   2.249513943209880E-001   2.244599620398696E-001   2.249513943209880E-001
  </DiscreteSampler_grid>
