 -0.00099943653415017  0.00427960283747474  0.01090118715035759  0.01971900274401316
  0.02922606577621967  0.03963422506467693  0.05125403883322137  0.06349428440095641
  0.07593542088018075  0.08596753517471213  0.09606330865565366  0.10555697249883747
  0.11517135406176830  0.12622419816828578  0.13833049730247535  0.15068072981742639
  0.16294144919916820  0.17527339416699148  0.18746495051300757  0.19907045223198655
  0.21077959803841320  0.22315687034149970  0.23534426860480731  0.24590546781511033
  0.25522274183651888  0.26515926196232836  0.27525953876845993  0.28480458099868650
  0.29512015930570307  0.30541650886303695  0.31384763242339075  0.32187185677681962
  0.33161998500424084  0.34202955726143053  0.35293536957867999  0.36361573010489290
  0.37419740422869863  0.38377427029723532  0.39357369816812571  0.40352181011262733
  0.41316076848138245  0.42201173720310559  0.43602632113031875  0.44922351139081440
  0.46299720950894890  0.47658150044424136  0.48985964760545925  0.50283345835835025
  0.51532900521065406  0.52717784314763005  0.53832538007936537  0.54906604883558863
  0.55967395377897178  0.57063967345813349  0.58137756196852730  0.59270936323186851
  0.60420781089666653  0.61576491221011687  0.62743349787497660  0.63907710929525718
  0.65066423052599265  0.66161530874852659  0.67320939582346806  0.68442026166066972
  0.69673944665513798  0.70954792552553003  0.72086004301240669  0.73040763966822408
  0.73911537876841726  0.74734267489551542  0.75495044036636616  0.76394405442529367
  0.77460782016725771  0.78533935804749111  0.79426527011072734  0.80217248875259151
  0.81268589225067600  0.82479557535436909  0.83547555731049683  0.84560009051776330
  0.85671095020564636  0.86718283358330539  0.87662551366241415  0.88477484638876158
  0.89324211376440799  0.90217123073787509  0.91129688751595717  0.92058892842443896
  0.93037323099189917  0.94043704063926481  0.95058132692786601  0.96052721173639677
  0.96903833371026904  0.97658870259729458  0.98705719734690256  1.00000000000000000
  0.00007099358739279  0.00007423764611888  0.00007782360548395  0.00008140193804300
  0.00008520419687724  0.00008918332385042  0.00009176367978251  0.00009234791604220
  0.00009247368125389  0.00009252504365000  0.00009254509045439  0.00009255618062520
  0.00009256425371684  0.00009257028583714  0.00009257341067215  0.00009257627247928
  0.00009257865031164  0.00009258054259822  0.00009258205394314  0.00009258325938434
  0.00009258444751361  0.00009258534091319  0.00009258622714577  0.00009258707452608
  0.00009258784475989  0.00009258861499370  0.00009258939031322  0.00009259017757996
  0.00009259096484670  0.00009259181221768  0.00009259277956927  0.00009259374692085
  0.00009259500869315  0.00009259634343603  0.00009259807451015  0.00009260027627297
  0.00009260284238666  0.00009260579858541  0.00009261006178495  0.00009261734569936
  0.00009262717492985  0.00009264031657213  0.00009265860295311  0.00009270899927372
  0.00009285209735643  0.00009344460017234  0.00009652650754855  0.00010228713222399
  0.00010905138440142  0.00011778125662770  0.00012900632633005  0.00014239666085234
  0.00015828334803868  0.00017692028540367  0.00019913901499200  0.00022534355082209
  0.00025547597032891  0.00029012233775378  0.00033026925168948  0.00037634265354411
  0.00042749079735011  0.00048534568342961  0.00055089964198829  0.00062036171798451
  0.00069430035355356  0.00077604454322521  0.00086403828008575  0.00095707997003617
  0.00105914742175339  0.00117181286123159  0.00129495976278994  0.00143039299202589
  0.00157406261657429  0.00172031602615254  0.00187452749498530  0.00203880292960913
  0.00221071486799919  0.00238231213570322  0.00254392962503257  0.00270181108804282
  0.00288885890715268  0.00312383318479990  0.00339310022153737  0.00361379480952605
  0.00383394846806205  0.00406993103539556  0.00430822120102537  0.00455988331607412
  0.00484443084770713  0.00516548145536458  0.00572069221358484  0.00662745142044222
  0.00841017794492434  0.05747711069908697  0.25736921182031425  1.00000000000000000
  0.00000034058163993  0.00000257182046851  0.00000429229210949  0.00000678775595907
  0.00000940612929525  0.00001201034433848  0.00001473688922577  0.00001756302158859
  0.00001986461779793  0.00002206963606765  0.00002457857245211  0.00002700305652783
  0.00002922040583243  0.00003149715684345  0.00003376989377369  0.00003605997613263
  0.00003838990747371  0.00004077438201879  0.00004323193817754  0.00004578897792299
  0.00004850908894763  0.00005142396743862  0.00005435609309235  0.00005715390663150
  0.00005992537785328  0.00006297194226776  0.00006652961771433  0.00007001992411620
  0.00007314991562012  0.00007625851948601  0.00007951106251668  0.00008286792374287
  0.00008641025869214  0.00009034479268655  0.00009419971410260  0.00009826020080530
  0.00010269806253845  0.00010696036839900  0.00011084747549926  0.00011482168392551
  0.00011870263623109  0.00012307116358450  0.00012831612418671  0.00013403089616156
  0.00013986407533670  0.00014608267503897  0.00015353514707692  0.00016193264565084
  0.00016891588337399  0.00017573077823132  0.00018282351426967  0.00019006295089150
  0.00019674674683653  0.00020497336535851  0.00021538197375583  0.00022762114817689
  0.00024117306021761  0.00025439950293208  0.00026595701143442  0.00027742631725950
  0.00028899108037350  0.00030317696977071  0.00032050078176975  0.00033835295738882
  0.00035711697841878  0.00037904989876632  0.00040502389767836  0.00043218155644911
  0.00046335617501502  0.00049267514263652  0.00052479038002098  0.00056205171510650
  0.00060473344415853  0.00065169044518396  0.00070010448212477  0.00074602797258585
  0.00078927580249150  0.00084096916986711  0.00089740132554972  0.00099790923096118
  0.00108724473110535  0.00115239677816566  0.00121941414841076  0.00130370585851068
  0.00139817306120982  0.00150061213870965  0.00159596728081217  0.00170838840763009
  0.00182036329001172  0.00193234845703853  0.00226085770541744  0.00276497973271247
  0.00377765031701645  0.01824807580002837  0.03308350113016997  1.00000000000000000
 -0.00206119311055485  0.00846887212784684  0.01290965980890733  0.01954791955067421
  0.02680573781965434  0.03630564074801786  0.04601104717030199  0.05436594476169448
  0.06263085384257093  0.07186971027592395  0.08302581585051981  0.09691988737687739
  0.11183860834260474  0.12441340018313390  0.13572123799746105  0.14614689054751048
  0.15664043461584590  0.16824027507452100  0.18018145446576433  0.19215614940296091
  0.20468931012099251  0.21754630577446180  0.23126833866204580  0.24692311633641348
  0.26090331079388718  0.27347117570290452  0.28543527718868061  0.29849685451423391
  0.31316057811566139  0.32804363986991925  0.34191746941228091  0.35609870146090067
  0.36909262124502196  0.38121066870243581  0.39055528894487440  0.39937376087105830
  0.40730990723405314  0.41788875956680749  0.43043585307849086  0.44281407003379841
  0.45531516296494884  0.46763032731574294  0.47965804562669562  0.49237757240286600
  0.50629579136721936  0.52035629483513801  0.53265653512688582  0.54314501492825074
  0.55333790688477413  0.56422424041688379  0.57615406556960613  0.58872596213900330
  0.60113948899444491  0.61274964915805208  0.62370781904762673  0.63427166063252893
  0.64521780896551062  0.65657178843114261  0.66779802721002990  0.67926731510527472
  0.69142004792813738  0.70410637291516265  0.71661148401822172  0.72834057477622227
  0.73945481972431260  0.75038359803375598  0.76091815957726794  0.77091395566316967
  0.78052183327885416  0.78960768881786347  0.79892483554040994  0.80831751357265469
  0.81736403446843287  0.82624149233456490  0.83483879885317380  0.84315984771275165
  0.85200753655221895  0.86097091330389119  0.86854635254344759  0.87469364630573032
  0.88088514647446525  0.88739666220164759  0.89544595690503570  0.90471843007354613
  0.91402846685781536  0.92224710305975399  0.92944519505968937  0.93630537722879648
  0.94318434722727351  0.95068130615873803  0.95892465455753240  0.96751517658704733
  0.97600659851841609  0.98416773421459336  0.99206549096406715  1.00000000000000000
 -0.00207542702939749  0.00832093053328574  0.01794140687251009  0.02794244735875740
  0.03990129986871819  0.04913718457323794  0.05635257161635868  0.06312054190252447
  0.07172635041613933  0.08152319280075512  0.09009517756953353  0.09818904209122849
  0.10673044973382549  0.11652631930662677  0.12638419428247444  0.13542368659004689
  0.14453594718013407  0.15411247171792583  0.16437130722090199  0.17427382776552977
  0.18226314370724922  0.19213306550137385  0.20236590012491532  0.21262622457184280
  0.22290509827372162  0.23331894700468497  0.24461198304187112  0.25649885047319576
  0.26843949621368063  0.27958513144984787  0.29005526452407132  0.30013236854349024
  0.30986999835301693  0.31958883994008841  0.32984231563293354  0.34171531054695964
  0.35382316683403570  0.36643509623511983  0.37919104110371110  0.39138050132680136
  0.40271597082394595  0.41382873868195474  0.42518962071851718  0.43692454979923989
  0.44705866161558966  0.45484356428871181  0.46181719190883463  0.46862647896798970
  0.47621009111060913  0.48379255333276222  0.49211258710084221  0.50137831202086758
  0.51128620302076189  0.52194066406792550  0.53258827508775963  0.54297158533770606
  0.55310390983710467  0.56327101721359329  0.57524961194558322  0.58844021637796373
  0.60149088206633661  0.61432952304789690  0.62723405819744993  0.64003237246272515
  0.65273670509858894  0.66457713305561217  0.67592351943674256  0.68693648409872099
  0.69854134998880346  0.71076927994296668  0.72313716849321674  0.73448773507858400
  0.74409849217642077  0.75485808225837792  0.76659225459644975  0.77794477228756054
  0.78859494182113743  0.79950790009470307  0.81055265206511895  0.82111489394076642
  0.83160023101658465  0.84261483878501520  0.85431997612161703  0.86649460571880155
  0.87871897923584041  0.89069889858006690  0.90264778324690786  0.91373529473113657
  0.92384080445119943  0.93437933898234771  0.94495420082387671  0.95591972854516327
  0.96730323215928593  0.97921883614042293  0.99000972037289992  1.00000000000000000
 -0.00139205345604866  0.00626807092806922  0.01481433227685357  0.02341232323965809
  0.03254616541643860  0.04271097875857830  0.05180959026686734  0.05858933354581989
  0.06555286654906317  0.07334635449843221  0.08169582691330303  0.09045848984063758
  0.09930194007389309  0.10859541463359956  0.11848501616311419  0.12916805510568646
  0.14055803923631752  0.15233479689592722  0.16394788330175433  0.17461015951231024
  0.18458564399785032  0.19414864876519217  0.20337472503089743  0.21214183744235660
  0.22099846159183648  0.23088005431241007  0.24212528098989039  0.25354603883762861
  0.26340838937346223  0.27263213769093136  0.28199728986139272  0.29132776491601786
  0.30009678614279484  0.30912003209982220  0.31779190837230381  0.32802409510170566
  0.33957237322392136  0.35075101710960915  0.36181171752693286  0.37256870387951102
  0.38296049129071769  0.39324351045837952  0.40292622272949880  0.41211778115544578
  0.42143635304698585  0.43110398985813109  0.44224560717039357  0.45469242133301202
  0.46712716780499064  0.47880587065930036  0.48968685029862608  0.50049849028042426
  0.51189262706698679  0.52306908602432223  0.53238727771963301  0.54093563010619794
  0.55007574105721646  0.55993829813637130  0.57124582336502405  0.58288519611122513
  0.59474922081235038  0.60703073826384102  0.61883944467872265  0.62991871759841012
  0.64091110885947311  0.65272170127362550  0.66474007982964844  0.67647947518086404
  0.68832352879682790  0.70118794226964531  0.71472516089966986  0.72698024899538605
  0.73603391521884765  0.74552503340748388  0.75482974060687391  0.76638967380904832
  0.78166373949055301  0.79620740131746448  0.80829976224848532  0.81985860909523534
  0.83067469154009932  0.84202591013467332  0.85541212231282204  0.87019637012383189
  0.88517160464495703  0.89882791857980138  0.90997018838182520  0.91946845781657249
  0.92772366281847463  0.93641265177321531  0.94713692009551398  0.95715432106228626
  0.96635141265780344  0.97666755666531557  0.98846822839166448  1.00000000000000000
 -0.00303791746179016  0.01163772251121173  0.02026657059741436  0.02944832952957524
  0.03791463006785696  0.04660777229949151  0.05732505407004085  0.07024659624252882
  0.08371380551517046  0.09629386662899400  0.10563868806786016  0.11422947614032164
  0.12310877962843840  0.13201702894874523  0.14157372749749075  0.15209742814989471
  0.16243292761125291  0.17252414954788170  0.18367069683335444  0.19567951595337760
  0.20670849763992591  0.21713955219428746  0.22813432900256905  0.23765078353428662
  0.24797666265357082  0.25966314381401906  0.27114526651347370  0.28019090249848844
  0.28829512324990653  0.29593363701124709  0.30370054695945464  0.31106499355135919
  0.31955705220840691  0.32786421859788423  0.33841971336383453  0.35023051526936716
  0.36225164982898161  0.37438323548635327  0.38549619837997029  0.39436661969960102
  0.40299040348118492  0.41123969626051488  0.42026412695644844  0.43168293212863273
  0.44225947624510992  0.45256295092692694  0.46368690909812710  0.47501378172824693
  0.48521679388088945  0.49330150281284513  0.50214248844826548  0.51177562310093094
  0.52282496949565138  0.53379337361162071  0.54481023431117348  0.55695110021090832
  0.56932910306081319  0.58053801817079953  0.58973672946638811  0.59842859748458332
  0.60738734875361744  0.61766838333715635  0.62919310227277370  0.64100733798440135
  0.65311372634330656  0.66512374715396083  0.67728049351166630  0.68923220041300148
  0.70146588782107278  0.71267163337474693  0.72245641638147584  0.73214192145549495
  0.74162121090546540  0.75058261258220171  0.75994132407135573  0.77112984657623151
  0.78404044600645173  0.79709929983860928  0.80926389429112033  0.82067536398247021
  0.83171782161018282  0.84241713442379251  0.85338199028486506  0.86509045186694533
  0.87705389406763523  0.88886694041744363  0.90031924369061023  0.91085498606898307
  0.92134375737079643  0.93281211600490188  0.94505955355041282  0.95703255916241547
  0.96890377498326041  0.97863474703495990  0.98948846395163936  1.00000000000000000
 -0.00339375586941529  0.01179881684847200  0.02370646529087999  0.03387339082677925
  0.04314279096804351  0.05159416407467987  0.06173753442111202  0.07247725658307903
  0.08321140959229444  0.09187711143031387  0.10045079587405770  0.11062288726418359
  0.12198964211260373  0.13083080305210176  0.13940628246069131  0.14914631796543640
  0.15996887167355689  0.17128626336163408  0.18274186699527578  0.19358363097128392
  0.20321799093170650  0.21235605358833301  0.22122326323925118  0.22999531996511677
  0.24030870417540531  0.25143408273800383  0.26318517142855885  0.27527715506681477
  0.28647632755195895  0.29682979932421066  0.30746185972849166  0.31787964966849275
  0.32861590377756367  0.34081954395714553  0.35378866198956899  0.36689535625606534
  0.37916081148986752  0.39005542205061366  0.40181950767513919  0.41507082024762121
  0.42864227999533411  0.44022210276809459  0.45138170521337789  0.46320741966865725
  0.47486348975833764  0.48602958498413201  0.49697702067454558  0.50874432064685227
  0.52091741080240872  0.53194492814535788  0.54200789852445097  0.55218977364850008
  0.56291528789005030  0.57423617302138208  0.58570859977310985  0.59675948160298409
  0.60769237863081471  0.61861570184037307  0.62920181040083989  0.63950896322322215
  0.64973773128818213  0.65981449288381133  0.66983241800279658  0.67983220531742827
  0.68986255318854561  0.69965275898859192  0.70909078033617257  0.71851739664842107
  0.72744507077969678  0.73656152292705313  0.74574872422470995  0.75462586064825399
  0.76342227320414158  0.77310556131128993  0.78331945704106920  0.79568967392514500
  0.80671957804650363  0.81691781608359892  0.82700779714525974  0.83734918323871921
  0.84812504171952319  0.85984489263251751  0.87133206337390645  0.88207303032599138
  0.89257567973438245  0.90306705595842751  0.91362236936888275  0.92451570179071130
  0.93547782730967166  0.94591384288346636  0.95462646829805797  0.96228584115595084
  0.97026478671515037  0.97900878887927523  0.98841132835283352  1.00000000000000000
  0.26756108465068129  0.33632010969085713  0.35477921239382232  0.38111433706365372
  0.40571209514838558  0.42362929812150701  0.43558864277995357  0.44924139328127388
  0.46164538025581897  0.47240137143618888  0.48168276146873912  0.49615888670162656
  0.51300109104045799  0.53362088709187971  0.55770581594196500  0.58214103933252104
  0.61937223470862302  0.64036181561499572  0.65111072989814689  0.65820642611628299
  0.66411185623010138  0.66893179807720338  0.67323072463395994  0.67741525108837597
  0.68149359942994825  0.68558978071656218  0.68983053564390961  0.69404942441182571
  0.69836944550668367  0.70255279364739498  0.70635608833177366  0.70982683477238928
  0.71336249992574030  0.71696156360759011  0.72068216878431968  0.72405540071082231
  0.72760900427970154  0.73106613402165899  0.73429612101831476  0.73733415707830352
  0.74015610806549570  0.74344177656071453  0.74725249025659768  0.75134158154011121
  0.75553925460922899  0.75976489281915593  0.76400083365212768  0.76827676548036739
  0.77253038003155572  0.77670633954257640  0.78068445520089036  0.78456502439910891
  0.78851293289909574  0.79234989180982995  0.79604050386261926  0.79996492783206841
  0.80390876565537772  0.80783150388835034  0.81170786934429084  0.81552206681308681
  0.81939899772972480  0.82343217120302170  0.82745320600888062  0.83115560799175503
  0.83457954727532702  0.83804651529544971  0.84152511971632216  0.84488889654284371
  0.84845542900259152  0.85241535015690939  0.85649338825730259  0.86066202769062705
  0.86481776840531510  0.86892074024707744  0.87325530653845762  0.87743929166122803
  0.88201195877756389  0.88667566720383395  0.89091497275684151  0.89503782668423293
  0.89922114040213164  0.90347852717236499  0.90830678225202999  0.91369870792984431
  0.91917044219275768  0.92455633028834383  0.92965989424219597  0.93448744217554969
  0.93961410217170060  0.94523521483912953  0.95098132651457501  0.95649519262632698
  0.96265634907862452  0.97009085827354335  0.97944335763485302  1.00000000000000000
 -0.03979435295781682  0.15876578345861647  0.21551276457295876  0.24518439186132290
  0.26794448432425910  0.28692135364649035  0.30474629170246453  0.32095452207773961
  0.33395714571774510  0.34458166825128422  0.35477584238636523  0.36756705518236044
  0.37784325368747579  0.38652845658753349  0.39513905201477922  0.40531269338575371
  0.41636947549301573  0.42661761678218446  0.43577336882313250  0.44317409967355115
  0.45104579730888389  0.45875392465407233  0.46584134853896098  0.47174551971182599
  0.47779212353104056  0.48438729273156711  0.49096404884832245  0.49738360962456657
  0.50379225817487794  0.51010361115317882  0.51630110321254619  0.52285384165276294
  0.52990465096234418  0.53662332646451316  0.54226796869664018  0.54715212685568215
  0.55211573556533977  0.55723567941575969  0.56291412572811661  0.56875736994962012
  0.57445528827123504  0.58019166809579725  0.58584341483727354  0.59117816896794484
  0.59645340868281960  0.60193953348694818  0.60719634315487214  0.61175422864484430
  0.61612613029283692  0.62066997303727023  0.62497302404502986  0.62896608674002308
  0.63336670917232774  0.63753391634804957  0.64139630603599196  0.64556977484394429
  0.64976658477118621  0.65350923202720301  0.65690772727453139  0.66053835366488911
  0.66438379123045666  0.66778072944581623  0.67139901442593874  0.67531529987398420
  0.67943618244695936  0.68369658229618979  0.68814830546428418  0.69290477175413068
  0.69833599100599031  0.70344027194947523  0.70894596119745723  0.71422348483699516
  0.71904411777259947  0.72341671623438708  0.72737549644490085  0.73089624288933663
  0.73423080335101376  0.73752280085549959  0.74102103775026462  0.74496975919714759
  0.74890849396178349  0.75330377445291419  0.75902231075324300  0.76532421556234387
  0.77138215348014272  0.77689135511619822  0.78245286129083280  0.78816202919972655
  0.79403439512291629  0.79982973807729263  0.80645766305007849  0.81674241484916077
  0.82855181618397800  0.84375633101881509  0.88759059662818973  1.00000000000000000
   2.7535478506010496E-010  -1.0000000000000000     
 F F F F F F F F F F F F F F F F F F F F F F F F F F F F F F F F F F F F F F F F F F F F F F F F F F F F F F F F F F F F F F F F F F F F F F F F F F F F F F F F F F F F F F F F F F F F F F F F F F F F F F F F F F F F F F F F F F F F F F F F F F F F F F F F
  <DiscreteSampler_grid>
  grouped_processes
  1 # 1 for a reference and 2 for a running grid.
  10 # Attribute 'min_bin_probing_points' of the grid.
  1 # Attribute 'grid_mode' of the grid. 1=='default',2=='initialization'
  0.0000000000000000 # Attribute 'small_contrib_threshold' of the grid.
  0.5000000000000000 # Attribute 'damping_power' of the grid.
 # binID   n_entries weight   weight_sqr   abs_weight
    13   10   3.387075996174191E-001   3.357967806160074E-001   3.387075996174191E-001
    14   10   3.387075996174190E-001   3.357967806160072E-001   3.387075996174190E-001
    16   10   5.502537080757265E-001   8.506559137378483E-001   5.502537080757265E-001
    17   10   5.502537080757266E-001   8.506559137378481E-001   5.502537080757266E-001
  </DiscreteSampler_grid>
