  0.00007127163048722  0.00007296388103926  0.00007509534927759  0.00007738921715546
  0.00007996916402304  0.00008293632336983  0.00008609395460678  0.00008880430426749
  0.00009131607983570  0.00009221648865036  0.00009244131733311  0.00009250168968702
  0.00009253635787986  0.00009254932604709  0.00009255708922948  0.00009256354045386
  0.00009256865437750  0.00009257251299580  0.00009257554203390  0.00009257810520921
  0.00009257958218228  0.00009258095493598  0.00009258222039605  0.00009258338213322
  0.00009258420785881  0.00009258498503112  0.00009258566431940  0.00009258633191526
  0.00009258691024409  0.00009258748857292  0.00009258803254377  0.00009258856189763
  0.00009258909183017  0.00009258962967950  0.00009259016752883  0.00009259073763822
  0.00009259134145945  0.00009259196671864  0.00009259268239073  0.00009259344609622
  0.00009259435133952  0.00009259545121657  0.00009259670759173  0.00009259808854050
  0.00009259981778387  0.00009260219260570  0.00009260531725024  0.00009260924319203
  0.00009261431184929  0.00009262177275580  0.00009263571029039  0.00009266137460549
  0.00009270720275885  0.00009281158846190  0.00009333031817198  0.00009521817271301
  0.00009835496760586  0.00010521778074155  0.00011286328543070  0.00012243550105305
  0.00013430226669582  0.00014944518557513  0.00016878614235717  0.00019267968129479
  0.00022392739898259  0.00026355564909528  0.00031011868367538  0.00036184763787112
  0.00041811176474945  0.00048017784791058  0.00054319642374152  0.00061012198830043
  0.00068738872591638  0.00077098673367380  0.00085477331832802  0.00094876587199046
  0.00106044443146973  0.00118170529890269  0.00131678328323185  0.00146425714954945
  0.00162893786661629  0.00179549566674212  0.00198219725016079  0.00220307010392467
  0.00244559400866597  0.00271166963449916  0.00298648305759455  0.00328965439776830
  0.00366515271530712  0.00420238285938922  0.00485455378846433  0.00571864289164100
  0.00686182958291183  0.00843710297139786  0.01066844832983492  1.00000000000000000
 -0.00716688662320284  0.02954555857399898  0.04996583215349668  0.06395278723162229
  0.07837705414265859  0.09043645750482099  0.10048884080100909  0.11040060799978300
  0.11986953127192665  0.12927169505158356  0.13866876395747205  0.15064588714546281
  0.16413901102929107  0.17719543678731228  0.19049394227545252  0.20137523597578535
  0.21032812790374875  0.21873947142900144  0.22834509304640435  0.23699530281087203
  0.24633198090401415  0.25724984953905516  0.26679913897641433  0.27621177620088377
  0.28549161976864379  0.29568479063900016  0.30621903310987381  0.31470683610489303
  0.32293408220768349  0.33054539836637098  0.33787275914922943  0.34853791065640660
  0.36197761809395335  0.37623331786834541  0.38923019132456821  0.40277506471720353
  0.41349652330244691  0.42127158125896258  0.42867358466420014  0.43654494355266826
  0.44457094441432626  0.45499809793026758  0.46737320289555134  0.47968224432367362
  0.48947785593725979  0.49599740803498776  0.50355275589783366  0.51110024212679872
  0.51866178828713605  0.52715397360929717  0.53464479210589266  0.54151494622248564
  0.54993129856738687  0.55944534231373899  0.56885218129787174  0.57938092166495281
  0.59041197252908262  0.60200691290869190  0.61416694001307659  0.62599468341636544
  0.63656476393555439  0.64639400613099229  0.65622462889231770  0.66533675156640193
  0.67544655671125409  0.68621961576504586  0.69735139773375088  0.70939429498588535
  0.72197629197201540  0.73368354066774610  0.74392983199224738  0.75408533366945762
  0.76409202705511681  0.77491260189590649  0.78813998425039411  0.80071351951924152
  0.81330959330631225  0.82598245725889397  0.83894756187797170  0.85177411873959452
  0.86371533021582725  0.87530499065726164  0.88618038155367840  0.89553148929181448
  0.90400866982214412  0.91309832643594790  0.92166152775103294  0.92845392766311241
  0.94045247936554155  0.95022398548216513  0.95957204498989790  0.96785018897790975
  0.97559835281890017  0.98399670008444562  0.99218401564744640  1.00000000000000000
  0.00000060540583279  0.00000316423215134  0.00000403966084104  0.00000557014081028
  0.00000746247317866  0.00000958459772990  0.00001209855360674  0.00001484985832387
  0.00001781639571102  0.00002119091124153  0.00002373501988877  0.00002584391069188
  0.00002816679777656  0.00003029535326855  0.00003227398446499  0.00003421277198338
  0.00003602389731267  0.00003818300812319  0.00003995410142261  0.00004196252471046
  0.00004470657241259  0.00004745986940279  0.00005004202637023  0.00005282599788255
  0.00005529695978987  0.00005756553824120  0.00006017601182723  0.00006281990109575
  0.00006546356054476  0.00006848274137150  0.00007205543588430  0.00007607958788028
  0.00008056167746890  0.00008556961548663  0.00009076568784358  0.00009617841329510
  0.00010153916733511  0.00010658692906341  0.00011122992804920  0.00011528610076146
  0.00011948390468084  0.00012367199546977  0.00012794675825245  0.00013363139335069
  0.00014034677697770  0.00014748354425067  0.00015420846295511  0.00016035254581890
  0.00016736798374733  0.00017554240777919  0.00018466753462139  0.00019536721974449
  0.00020802124170987  0.00022109698526175  0.00023543303825694  0.00025009542542845
  0.00026507471590795  0.00028040125726049  0.00029657410199121  0.00031434946750501
  0.00033350101907450  0.00035457660229469  0.00037347250895804  0.00039343377101392
  0.00041414140130191  0.00043731830898047  0.00046251316681763  0.00048480240884632
  0.00050159474640364  0.00051947709741190  0.00054001312852486  0.00056277831439656
  0.00058568277753063  0.00061111594766595  0.00063927531555549  0.00066707817232740
  0.00069163164966456  0.00074199036289668  0.00080895057066330  0.00088165400404059
  0.00096457104413845  0.00107984723859231  0.00121711351077162  0.00137975954866616
  0.00158111413269757  0.00185935497327357  0.00196326573175725  0.00208331165579652
  0.00222420702811441  0.00237711704740656  0.00260597845399016  0.00293300446079999
  0.00371207795476983  0.00810647983345650  0.02766376256907280  1.00000000000000000
 -0.00135350564779451  0.00587286308907982  0.01376270045204189  0.02060205431401748
  0.02788575160594573  0.03550048294710975  0.04342303187861859  0.05117700559164530
  0.05907254262503406  0.06711578367938854  0.07619632004052089  0.08639345176827401
  0.09697788875422349  0.10691063625827410  0.11554942805069510  0.12284210439862175
  0.13015522384320868  0.13839689986311179  0.14696791798009837  0.15532476320170169
  0.16231688972139968  0.16979512998628929  0.17759327194698304  0.18528456128172677
  0.19485368025193711  0.20520984710059606  0.21340551517574133  0.22137536852179504
  0.23022999880882858  0.24029290509645657  0.25149918082500028  0.26284917492591220
  0.27409673794670930  0.28519604361172735  0.29633312692896258  0.30760354543438950
  0.31804192870294268  0.32710798623226583  0.33588743748472000  0.34453803610975664
  0.35358928782223931  0.36337934937683625  0.37429332527995296  0.38578476040930321
  0.39646982559921756  0.40771479895880830  0.41946428357095472  0.43235528150474734
  0.44491007986177700  0.45499004265016491  0.46237367828309134  0.46950064507462752
  0.47684585844928667  0.48454624553019005  0.49183062395406757  0.49972769268481693
  0.50960082515002847  0.52015748861576960  0.53239589199913384  0.54613768778545202
  0.56045948305260551  0.57495317491716469  0.58890402624968152  0.59713874431830305
  0.60632206978308667  0.61464227247533454  0.62213145966381833  0.63014581689025528
  0.63969475081654492  0.65027988970503470  0.66133340679409081  0.67330953658116166
  0.68656738866859168  0.70091231934622200  0.71494282698874845  0.72812304335887612
  0.74202130027065394  0.75642513134646761  0.77115225621765282  0.78570118685183787
  0.80007890485796807  0.81637485061811066  0.83186324929373578  0.84547424032691687
  0.85790389453559213  0.86935143346453514  0.87925897674153775  0.88842188839507230
  0.89737050334777557  0.90780421912487308  0.92154877686873460  0.93582559946509503
  0.95041201226557270  0.96604497539059453  0.98249511685116364  1.00000000000000000
 -0.00286334094271610  0.01021457838614087  0.02007081349425932  0.02957456161728736
  0.03831054036774176  0.04661072344058385  0.05448883071358294  0.06361968437463522
  0.07379124938111666  0.08266961381749378  0.09201384832989870  0.10321063773617566
  0.11587389956756645  0.12845381162653946  0.13938612622648328  0.14890331778318433
  0.15806606436848089  0.16574599342107979  0.17363765242020746  0.18318272691117143
  0.19519318893880427  0.20843636039682834  0.22092585512544577  0.23295583129514180
  0.24463875648504915  0.25681597847252446  0.26949174141068877  0.28266064060839796
  0.29539148347603733  0.30700250415915503  0.31960044087565337  0.33181715393236888
  0.34361481403330491  0.35477280471416583  0.36554424878373193  0.37626520735328678
  0.38775297418053178  0.39892728441664538  0.40939552279295549  0.41991205695959288
  0.43104085731555575  0.44304239391568173  0.45547473034648273  0.46763220924119897
  0.47918427068987862  0.48989556993876332  0.50012876891915115  0.51099581176702158
  0.52309264538771272  0.53544128770187227  0.54406260644488191  0.55191569756112502
  0.55983245780751500  0.56796514390977748  0.57742549875207760  0.58676392504156805
  0.59638704992706915  0.60928706841730318  0.62261492216917835  0.63365636279642668
  0.64328765647455055  0.65272585975736497  0.66226058564942869  0.67185030064920637
  0.68124896300865556  0.69051434017630298  0.69922527363343756  0.70830056120289908
  0.71908140057597303  0.73086185576742535  0.74289015870629926  0.75459848570645716
  0.76627247283452316  0.77849156111397388  0.79078060811342199  0.80214614609410662
  0.81286389442878160  0.82320643119397297  0.83372235162002351  0.84504430819530674
  0.85573975891835818  0.86609752673556784  0.87630300593991217  0.88668754676396067
  0.89824631981625080  0.91098365125215763  0.92413620529951668  0.93579850020495470
  0.94504466041351864  0.95391498422975596  0.96207475166273937  0.96921574658103682
  0.97649144038673541  0.98514849794013482  0.99331170379063982  1.00000000000000000
 -0.00117402444331510  0.00527945780417455  0.01313440462521689  0.02044611431497152
  0.02767875329252226  0.03584455191545560  0.04463598813462236  0.05384165028954020
  0.06437431063407791  0.07572610882568370  0.08752208062055941  0.09965799392637562
  0.11130996864494853  0.12003202519098653  0.12757067792129637  0.13613849242798917
  0.14961019529798930  0.16724121338164183  0.17754804025038878  0.18717182112542938
  0.19624263512200427  0.20671252814318022  0.22042376440409517  0.23505718848007495
  0.24989280301193229  0.26427906051059202  0.27752840108573840  0.29011508789473778
  0.30353557781017282  0.31853607924006871  0.33480226456595247  0.35034713660411182
  0.36469614070578094  0.37852938981442757  0.39265241399327155  0.40609789828142373
  0.41950134954660201  0.43291984482995938  0.44585681609219074  0.45986151579106049
  0.47472299236387955  0.49014896627890359  0.50567435128446192  0.51943465134929423
  0.53214113202693214  0.54441464123290939  0.55685794698034941  0.56974159723510454
  0.58306375072772820  0.59684478145137398  0.61093539753263459  0.62379184013696420
  0.63538847962508693  0.64686252305545433  0.65839707889735144  0.67052790703579201
  0.68302491935885568  0.69561426174652152  0.70780455471174453  0.71906897771396527
  0.72967445189242330  0.74062128393297710  0.75188313709350874  0.76348548224758850
  0.77422960289913534  0.78478550935529745  0.79527128341902475  0.80621536200246136
  0.81777203250366903  0.82929400670607778  0.83945820022455486  0.84701680818273750
  0.85307201313958769  0.85880095547223434  0.86381253072551423  0.86949266134224712
  0.87751802084621899  0.88445234811089779  0.89061035102476571  0.89686781165665286
  0.90290919560421801  0.90894806734687861  0.91528428746722412  0.92252970827818792
  0.92976141477159957  0.93714346548553751  0.94467731517920273  0.95126272888228425
  0.95666105597967643  0.96259258350946042  0.97118517536527582  0.97731340021240898
  0.98248607356297113  0.98701363579823043  0.99306793259980086  1.00000000000000000
 -0.00330118826466487  0.01045455742222695  0.02358732178513454  0.03648189325006333
  0.04893497627179584  0.05992158084643481  0.06945781122766359  0.07922734585211935
  0.08926766800901692  0.09852780277328622  0.10796192415453762  0.11944372446861277
  0.13259120211158620  0.14668707531352715  0.16050683930394588  0.17147676657412333
  0.18069712416366895  0.19087788927361032  0.20162216184586287  0.21088217647410368
  0.21929199673450858  0.22773125241694273  0.23588973514513842  0.24504868145378450
  0.25524171408372454  0.26551441448341712  0.27705499423504859  0.29008997930197200
  0.30331306581179029  0.31576243649940672  0.32769673002395255  0.33917979752745669
  0.35060517412436848  0.36162294937486195  0.37187623897367816  0.38127921729452663
  0.39045165084578920  0.40039451040423524  0.41075973776593555  0.42093203395186618
  0.43111710935629083  0.44234109820089307  0.45507654111880097  0.46716071021887318
  0.47839055673404562  0.49178924673670316  0.49967121505292278  0.50819146345031863
  0.51783279943885230  0.52757747886105766  0.53830988501456156  0.55033638053388556
  0.56222166440162058  0.57323461088452066  0.58395279252165522  0.59584681675829687
  0.60746810908329685  0.61593364457520527  0.62436692064723642  0.63180414928707507
  0.63877116551471336  0.64672158792791212  0.65616158673247960  0.66530605843251811
  0.67383081457051841  0.68346270855291802  0.69450728627658698  0.70613301240368387
  0.71640473075516586  0.72588767127596909  0.73557223366637725  0.74623335652007017
  0.75696100652037401  0.76735664566371564  0.77850461329081821  0.79009628935188614
  0.80118982979141629  0.81127148304150065  0.82014742401661611  0.82779782166567917
  0.83460089291249218  0.84112763964846815  0.84915823046346695  0.85830608254031504
  0.86667279386681140  0.87709257226558812  0.89032896352710211  0.90433169244295986
  0.91790764333222508  0.93055825747951426  0.94236321476451512  0.95422221507201366
  0.96642914620669218  0.97730139365237612  0.98860205021607939  1.00000000000000000
 -0.00142474994174342  0.00646176505090514  0.01616045100911100  0.02563517319761378
  0.03453273992912963  0.04328656368422381  0.05334349379259039  0.06368706437487255
  0.07475654294344836  0.08593153925680526  0.09553378292006320  0.10372105178454803
  0.11326779474245822  0.12390546674201168  0.13418022419322190  0.14393020750365654
  0.15387947259555759  0.16409703406236753  0.17382842506763144  0.18377506658316300
  0.19364481203897660  0.20186822889626427  0.20909740733843757  0.21821406476296415
  0.22698239291981273  0.23615598733135601  0.24601798982953624  0.25563218176871211
  0.26512142020014207  0.27492792535340327  0.28409194203360461  0.29368613097034013
  0.30429277124082149  0.31466585869881392  0.32516264710069648  0.33660654086943309
  0.34890104152237322  0.36142952784210963  0.37430154933081450  0.38764394008336273
  0.40017250822371303  0.40999892968161289  0.41790375897927962  0.42624739634779341
  0.43424921691417412  0.44563939769275968  0.45785250301796693  0.46992921668121679
  0.48174580183200272  0.49356811463329003  0.50549107994366482  0.51764859395150442
  0.52953292087825332  0.54176522465052579  0.55366422554335903  0.56480839933292193
  0.57549055279139505  0.58546482933103217  0.59489733533339273  0.60502194652785357
  0.61524442849657934  0.62485743166257568  0.63453361392347585  0.64611010787044110
  0.65680380551762418  0.66809483297740491  0.68026406782710480  0.69325152895074937
  0.70629541598814749  0.71804081262467390  0.72922753831580200  0.74057286999613725
  0.75126449211787294  0.75927777319897072  0.76583496217439517  0.77253809336964030
  0.77919895880281831  0.78713339621526779  0.79467559258584453  0.80279966621992938
  0.81429951656885202  0.82539234158636954  0.83685126313095060  0.84923370620719452
  0.86180401335461165  0.87453240896702489  0.88754342600751135  0.90070579248963401
  0.91430565392550034  0.92813575443734664  0.94155352160189565  0.95405875922028871
  0.96571830048547425  0.97765296471700758  0.98928404755483379  1.00000000000000000
  0.00652300580071655  0.25911525325426521  0.45093992972962132  0.58796918019602828
  0.62730951747990626  0.64191122380111554  0.65123656467693836  0.65861276382606160
  0.66495325635447056  0.67011602406064141  0.67414513772748497  0.67789645496031270
  0.68159611223781857  0.68520301199580147  0.68848407347589524  0.69142688895428328
  0.69426514349295154  0.69712477686984620  0.70002456297831850  0.70293308906460739
  0.70585507486410037  0.70894555195047360  0.71221446712674408  0.71512241709483060
  0.71740152958285663  0.71917758650421792  0.72122864524530894  0.72386601460518207
  0.72655839844313008  0.72936213214613399  0.73199057558103475  0.73412087623158939
  0.73616345118358506  0.73909807256171212  0.74190675830633002  0.74593303510465181
  0.74989841386631995  0.75325467609158758  0.75655168920894744  0.75982643824581808
  0.76276785894982635  0.76486247715404010  0.76676692733021257  0.76903955592669593
  0.77140415838285470  0.77353316677598583  0.77576271732240631  0.77810493687155746
  0.78029154782390653  0.78224605860482821  0.78512110725846129  0.78846988305060484
  0.79200554895109265  0.79558046768280666  0.79912517776480241  0.80261393789938029
  0.80608027840500562  0.80948240430378793  0.81270028384535586  0.81584563665119847
  0.81899784108994234  0.82220804669747383  0.82549180454235682  0.82874725788696446
  0.83138187973756505  0.83427623972966047  0.83700403958383762  0.83967592918979372
  0.84224616073170544  0.84503024144403582  0.84832004321634558  0.85180303686890257
  0.85536665723759542  0.85910074947997350  0.86313488106324143  0.86752986255344955
  0.87224367818723914  0.87723748229530718  0.88216949785935828  0.88706929675756596
  0.89200941468263273  0.89716118734663097  0.90268701465735990  0.90851120527132190
  0.91456095180283037  0.92079862346622754  0.92692990060294167  0.93309310060458250
  0.93925605364244802  0.94420606334106616  0.94908091341537559  0.95466759599464868
  0.96105913685531208  0.96940887730677550  0.98180549015337082  1.00000000000000000
 -0.02439254128624523  0.16214568147317421  0.22067822089728681  0.24258296503122179
  0.26297090619848640  0.28232885193868412  0.30012562596007675  0.31780544588377080
  0.33347566476772805  0.34720335971378441  0.36040333989479501  0.37321153935900903
  0.38580771568103478  0.39743863649185923  0.40727510199728517  0.41604005336139355
  0.42462209167416826  0.42992548103677464  0.43457579616646014  0.43993104221325113
  0.44569020879892168  0.45367168979593009  0.46302019449192972  0.47200350561593041
  0.48133296700310779  0.49105225368320887  0.50090219519035539  0.51066774786910341
  0.51975370896561657  0.52743609724996421  0.53403287271598587  0.54052488441378432
  0.54733614834578581  0.55481841704743351  0.56260615881731280  0.57083441608117014
  0.57889387353184785  0.58638858154176676  0.59310340754388957  0.59857199434600328
  0.60332214201635759  0.60844352904977739  0.61306710823142752  0.61839168257701993
  0.62364204939541379  0.63089728552477287  0.63682693212152586  0.64221906160228426
  0.64756725623892819  0.65242644125076010  0.65770722856916197  0.66291159968988911
  0.66830051082643416  0.67401773949627086  0.68004351953403330  0.68591213306183862
  0.69122564880034498  0.69603896299947832  0.70066906278712338  0.70503137827340323
  0.70856365897841100  0.71204983188432425  0.71633218042093505  0.72086502993437007
  0.72518877741574006  0.72929329563301726  0.73362728870728700  0.73861609921835381
  0.74359603597787194  0.74799672726656929  0.75183266913411528  0.75539672814721115
  0.75920802844695823  0.76314788252386012  0.76686315933194249  0.77089303207443860
  0.77538078799306409  0.78019266516418484  0.78536363809361165  0.79101687592500503
  0.79706722700194665  0.80300346225502872  0.80863992045930455  0.81262621903907317
  0.81734614502229597  0.82245890606949978  0.82763802951265031  0.83385156304239783
  0.84118096531903308  0.84848245166822045  0.85766009736546778  0.86786894927293168
  0.87998261975498937  0.89571062475820695  0.92753385216667750  1.00000000000000000
   3.3699164234403098E-010  -1.0000000000000000     
 F F F F F F F F F F F F F F F F F F F F F F F F F F F F F F F F F F F F F F F F F F F F F F F F F F F F F F F F F F F F F F F F F F F F F F F F F F F F F F F F F F F F F F F F F F F F F F F F F F F F F F F F F F F F F F F F F F F F F F F F F F F F F F F F
  <DiscreteSampler_grid>
  grouped_processes
  1 # 1 for a reference and 2 for a running grid.
  10 # Attribute 'min_bin_probing_points' of the grid.
  1 # Attribute 'grid_mode' of the grid. 1=='default',2=='initialization'
  0.0000000000000000 # Attribute 'small_contrib_threshold' of the grid.
  0.5000000000000000 # Attribute 'damping_power' of the grid.
 # binID   n_entries weight   weight_sqr   abs_weight
    13   10   1.916574992509026E-001   1.815039706855440E-001   1.916574992509026E-001
    14   10   1.916574992509028E-001   1.815039706855442E-001   1.916574992509028E-001
    16   10   1.913503475212927E-001   1.922919351614734E-001   1.913503475212927E-001
    17   10   1.913503475212928E-001   1.922919351614736E-001   1.913503475212928E-001
  </DiscreteSampler_grid>
