  0.00007132009935783  0.00007290870731265  0.00007499908936933  0.00007732174416646
  0.00007989080622116  0.00008266180274440  0.00008562304800537  0.00008905092523302
  0.00009133402284118  0.00009228035976989  0.00009248123581550  0.00009252157065262
  0.00009254291280127  0.00009255654134036  0.00009256456625985  0.00009256994567003
  0.00009257381090384  0.00009257643285781  0.00009257844254309  0.00009258012074765
  0.00009258163141953  0.00009258261338018  0.00009258353093780  0.00009258438408680
  0.00009258510663805  0.00009258572891740  0.00009258627760480  0.00009258678304021
  0.00009258727672145  0.00009258774181328  0.00009258819959659  0.00009258864433187
  0.00009258908210669  0.00009258952707199  0.00009258998100249  0.00009259044573822
  0.00009259093380054  0.00009259146393720  0.00009259207687658  0.00009259275425311
  0.00009259348230904  0.00009259428381854  0.00009259531850500  0.00009259658048835
  0.00009259795461045  0.00009259989386559  0.00009260226317062  0.00009260523222893
  0.00009260882694509  0.00009261351477254  0.00009262195485805  0.00009263582277371
  0.00009265888719350  0.00009269458657189  0.00009279795936101  0.00009346735980289
  0.00009553118045994  0.00009931954058259  0.00010514585741591  0.00011192762258760
  0.00012135052206038  0.00013318016602211  0.00014774590984302  0.00016732360546315
  0.00019256377943600  0.00022388431995486  0.00026107407559152  0.00030594440063656
  0.00035904937905134  0.00041892194207333  0.00048622476868845  0.00056859881820864
  0.00067116477683098  0.00078972916422734  0.00090717693298462  0.00101211445478188
  0.00111971955927800  0.00124191226424022  0.00138330353365826  0.00154102077499375
  0.00170630487032810  0.00186518565353218  0.00202239606888581  0.00218043592625175
  0.00236510552919407  0.00257239150300611  0.00289624825759915  0.00312948247316656
  0.00338397154681488  0.00369381585778547  0.00408203327289818  0.00462300250983745
  0.00540085580791053  0.00646057685824109  0.30411449896275783  1.00000000000000000
 -0.01080756425711159  0.04395751435474288  0.06121037544377054  0.07349267227084619
  0.08372514916421184  0.09618501433477925  0.10774294719515111  0.11896783207496781
  0.13043183797748858  0.14157352021252181  0.15252513067921741  0.16419288005640129
  0.17607480682416099  0.18771589886911091  0.19861381295108099  0.21005675977468241
  0.22225651551744743  0.23448279797487023  0.24601246176164407  0.25603214284992570
  0.26477013270923061  0.27368424189727852  0.28350448468491879  0.29391292682306441
  0.30323131892105809  0.31164196467258831  0.32117443899452347  0.33126869464037362
  0.34078661777883856  0.34998129810560580  0.35945514134087592  0.36917080167535826
  0.37873113409029169  0.38896965831229691  0.39834200118966606  0.40506643870416920
  0.41309871235740597  0.42114463613149383  0.42806401068558109  0.43554923343606095
  0.44496348840941802  0.45556456251428668  0.46653282003284918  0.47619457109506724
  0.48401607964070259  0.49268597676635056  0.50372896530175870  0.51645142634469765
  0.52896736224356589  0.53967960610751342  0.54901104778237986  0.55850894480982372
  0.56820723432623987  0.57767018353568256  0.58699676949555957  0.59616028761112694
  0.60487313740380511  0.61350008305540460  0.62161179035381331  0.63030012643850897
  0.64134369913236511  0.65354131401606674  0.66585465821533873  0.67826702456293420
  0.68974103381714935  0.69964781993076808  0.70899377633442162  0.71821888828587577
  0.72716180441950806  0.73621289677815904  0.74538020116144676  0.75466447958657124
  0.76409810502910980  0.77456416587902310  0.78504321345066175  0.79444286272457898
  0.80431599185612801  0.81485257738729666  0.82621966483196752  0.83765073079810470
  0.84814518668780825  0.85807284713067222  0.86784217224251448  0.87808538647998047
  0.88962668067533357  0.90207173907294425  0.91436538027031200  0.92572894779916404
  0.93588045078268334  0.94459574184435080  0.95302607520594929  0.96256043245825917
  0.97198655896917097  0.98125060440255640  0.99060713340231987  1.00000000000000000
 -0.00000002593871110  0.00000351654029987  0.00000512809735036  0.00000749184730382
  0.00001014515584784  0.00001294138528670  0.00001567237633798  0.00001827799049350
  0.00002124793581514  0.00002424611006975  0.00002720409767771  0.00003022026935109
  0.00003299498429887  0.00003539837245493  0.00003761103493517  0.00003998284743943
  0.00004226981124804  0.00004469174252703  0.00004722820206237  0.00004942330591513
  0.00005166270533939  0.00005394878565007  0.00005647763265153  0.00005935789783176
  0.00006258424340614  0.00006605019118757  0.00007011140597836  0.00007454936565426
  0.00007801375147095  0.00008116677438859  0.00008441761387382  0.00008775920984006
  0.00009129175610528  0.00009527147154508  0.00009958022491316  0.00010434347297425
  0.00010925981158920  0.00011382505193725  0.00011880322104959  0.00012387422514229
  0.00012922735680631  0.00013477229392043  0.00013939848088596  0.00014346560735715
  0.00014791184291669  0.00015223009973266  0.00015713490203897  0.00016269120263625
  0.00016926577534270  0.00017634423555423  0.00018383679898996  0.00019142925181310
  0.00019928652666917  0.00020721235398765  0.00021502881246970  0.00022331526140846
  0.00023307678613098  0.00024354027479750  0.00025324766302443  0.00026343486049154
  0.00027529847043157  0.00028782335142480  0.00029967302804157  0.00031070518384107
  0.00032388199391934  0.00033886203454336  0.00035512673047386  0.00037260366588691
  0.00039139326530223  0.00041135442717499  0.00043184970556992  0.00045419046525311
  0.00047736918622962  0.00050483072339164  0.00053642766520681  0.00057221923257823
  0.00061216025154957  0.00065822028450575  0.00071239622848879  0.00077675801430411
  0.00084368404390742  0.00091300912107336  0.00098528958590699  0.00106505912139269
  0.00115005407208570  0.00124016474529718  0.00137053832485652  0.00151981300334481
  0.00169031805975158  0.00194304346045753  0.00223022154987416  0.00503493396572381
  0.00910851584712227  0.02329991681237277  0.03904039382646902  1.00000000000000000
 -0.00167497251769336  0.00689106576386281  0.01603160180489954  0.02485514943092180
  0.03352035085467202  0.04267457018979137  0.05186290546150677  0.06134864556393965
  0.07256291307556481  0.08258086524962815  0.09352250000167232  0.10408409198339164
  0.11443309984718178  0.12457257175220295  0.13452744042068007  0.14477074549036398
  0.15545598539852348  0.16609696475675523  0.17626414280702160  0.18608221872571565
  0.19496120848280263  0.20249896023928382  0.21034323875286168  0.21951736955225257
  0.22753611555221401  0.23490766607650165  0.24420909081732384  0.25456283958617054
  0.26561681535637455  0.27661275803063379  0.28739624966250049  0.29712792194740673
  0.30656880625187022  0.31634273185208600  0.32680335711727254  0.33746234180340101
  0.34633813912702271  0.35540818984995798  0.36446293020762166  0.37341981189599943
  0.38466339858946047  0.39831103245892985  0.41168394712186440  0.42419155354154386
  0.43651401402434825  0.44839910912512193  0.45935933140448149  0.46995078079454861
  0.48069382941941258  0.49157925174737649  0.50354020325629079  0.51700421601458213
  0.53064778698087456  0.54297967869483632  0.55597001108273525  0.56923733580598235
  0.58266605166744079  0.59620645022213548  0.60922280756487668  0.61983733281336262
  0.62787057031253724  0.63581870563934573  0.64476395526340347  0.65761081912800090
  0.67123997112201628  0.68331279199153117  0.69444676185046217  0.70463814239861344
  0.71428270083169365  0.72444335636067703  0.73565050852324965  0.74753576323377535
  0.75859163113031314  0.76847706746177780  0.77799332660818221  0.78783223761821330
  0.79915862783268543  0.81076812012044241  0.82016517582877113  0.82718706743027759
  0.83398886203195310  0.84216771273140290  0.85264770310722293  0.86387079659598154
  0.87459085883712395  0.88548852531455280  0.89650081613158461  0.90731110043467456
  0.91792319487866736  0.92949080555273911  0.94120222663698361  0.95150025507309910
  0.96122866719297306  0.97258255130848759  0.98373120599349828  1.00000000000000000
 -0.00179759814776648  0.00784237569789129  0.01590035092662888  0.02464616212801727
  0.03440523900537873  0.04499369259685031  0.05771775851274102  0.07084275808753768
  0.08224172354390426  0.09349890903799575  0.10476446650885959  0.11476908222817572
  0.12403474696786446  0.13340030537118380  0.14357689343888391  0.15559165205439385
  0.16706067606243646  0.17642994275996665  0.18608301604732236  0.19614702142892210
  0.20596146901388435  0.21570977549953366  0.22725544482994908  0.23776882841049854
  0.24831280393042438  0.25927169559822039  0.27067465924426581  0.28266307499627724
  0.29485479405994419  0.30737791121832925  0.31989869267734811  0.33151873590313358
  0.34195194928064770  0.35149054843451349  0.36110503908194869  0.37228110441545526
  0.38470785211184949  0.39691417809644536  0.40722689363117753  0.41575525314722678
  0.42573005935356134  0.43779651649308204  0.45063272766912565  0.46373003461332035
  0.47695458171675387  0.48976866910306527  0.50082666841645718  0.50948946530422889
  0.51919439097059017  0.52967474009626281  0.53993332148763551  0.55021668603430085
  0.56218910833452718  0.57432719624435180  0.58505919973474085  0.59567908609741682
  0.60638310413408858  0.61706518424893186  0.62731543057865946  0.63698739290403117
  0.64676262263702811  0.65637064880253093  0.66347827995789943  0.67087276849680733
  0.68044377479573159  0.68954054466558046  0.69896427488074908  0.70903888431445095
  0.71938996787976361  0.72985980599312239  0.73992561496383202  0.75007089657102710
  0.76107826205577489  0.77146412631947070  0.78181282339238134  0.79240265874886007
  0.80263931706605129  0.81260708512086322  0.82229721613037754  0.83120333003387770
  0.84022180765574239  0.85287041564817245  0.86682895848555197  0.88060115235840819
  0.89325666647547841  0.90460727054073142  0.91504376592331216  0.92500498693255429
  0.93468828390875591  0.94378924108505435  0.95265335810007823  0.96142018143471830
  0.97043745624763400  0.98119048230980999  0.99057400768282799  1.00000000000000000
 -0.00272657654664789  0.00933914489582821  0.01776762483893612  0.02364502441178501
  0.03073931481790601  0.03840563976108353  0.04584462365351685  0.05153318225689157
  0.05800670538160688  0.06677138993156803  0.07735017849196003  0.08797746724795238
  0.09798893950315511  0.10824820080260768  0.11941496484427658  0.13114050236898420
  0.14330675752255800  0.15602893796073750  0.16814948079797229  0.17834393392055656
  0.18717915608891880  0.19599141527003602  0.20680550060292777  0.21893226687783171
  0.23145584898062918  0.24446345761308569  0.25808353735205741  0.27248446216673899
  0.28772091556503671  0.30280628641197538  0.31763369875302416  0.33057009952056809
  0.34143488648678871  0.35206181500483186  0.36293064922188678  0.37496466596323930
  0.38600850104495005  0.39716170403115342  0.40896265465336712  0.42215681947551126
  0.43672638657829749  0.45196679489462777  0.46715274500618198  0.48117974284109505
  0.49522273204728745  0.50866957551481051  0.52081634759653517  0.53247095508817066
  0.54266204815833818  0.55241918765930431  0.56337170118709401  0.57476539946912697
  0.58684405070410561  0.59992016957859695  0.61173289350071469  0.62374864336180913
  0.63682239838480492  0.64873395041789617  0.65979995102323286  0.67064912879208094
  0.68084485018948993  0.69217107249516585  0.70492529999397191  0.71604193846106245
  0.72607718144609379  0.73565193541580687  0.74497284194574509  0.75414303598187837
  0.76347046024249621  0.77323861822862450  0.78234735708545977  0.79063917053933219
  0.79877338722136315  0.80724127154183167  0.81688589925498822  0.82775809534555678
  0.83893946187595292  0.85035858439692780  0.86204884486160627  0.87332129953473159
  0.88277202547529143  0.89250994978593812  0.90254103965586774  0.91273527500469265
  0.92311771166420542  0.93349764865188523  0.94293304865388650  0.95113232072796683
  0.95819889499627020  0.96496721666963192  0.97205862953311450  0.97917984901142296
  0.98500670479918317  0.98998850986705533  0.99515606186465555  1.00000000000000000
 -0.00093343482695219  0.00538347501819248  0.01280432859192084  0.01900551616920190
  0.02639024392799763  0.03615578692689260  0.04659003571219499  0.05631306229852510
  0.06632508059296174  0.07707958137496249  0.08890388114169272  0.10093181914241942
  0.11260263878415447  0.12388933539890093  0.13474654554770685  0.14546678350152853
  0.15667405381100713  0.16828457442514011  0.17958088228439556  0.19033167145406121
  0.20077198723372724  0.21113334142302259  0.22175390146640991  0.23309418750294364
  0.24529224818203715  0.25771931692575623  0.26942712619080905  0.27975435374063462
  0.28891639561649174  0.29765902003015704  0.30607660715017276  0.31480006418829304
  0.32510481502011168  0.33626111381340656  0.34706729899190536  0.35743945354068934
  0.36777865846349345  0.37901582068258466  0.39105589864125129  0.40342983623805229
  0.41547695539573443  0.42624061310522221  0.43581843249369417  0.44577782025166157
  0.45577063703824289  0.46607225228538046  0.47542151353558476  0.48401708573977220
  0.49372472763787167  0.50522723237463751  0.51720310170991479  0.52762851424860213
  0.53758044774505553  0.54838671930574845  0.55932995521185114  0.56995918554717517
  0.58177117873666218  0.59501712096117942  0.60781521359360158  0.61997381764435466
  0.63235448393935056  0.64606052724320073  0.65841287916934643  0.66947953289792828
  0.68001076959607376  0.68952941030466486  0.70029865643229772  0.71021705007141023
  0.72045331994815731  0.73108868561191098  0.74070264436234667  0.75037658136277063
  0.76058569019339839  0.77111055430028230  0.78184528829633793  0.79050343753623564
  0.79951229244437361  0.80859095669678183  0.81904848684335441  0.82923379249833939
  0.84021237174351782  0.85079322075151331  0.86128620635001529  0.87163392032112363
  0.88143533472580471  0.89079946914645813  0.89982350223634044  0.90834625502441380
  0.91696173072850018  0.92653801589122520  0.93755155355254716  0.94967880219829215
  0.96239799592264497  0.97515806768561908  0.98760424181241202  1.00000000000000000
 -0.00125987507049970  0.00589688271191434  0.01499879431737296  0.02331421057805454
  0.03274117685329316  0.04296228921264039  0.05219925281459790  0.05995803581941549
  0.06789074265339454  0.07660870466048077  0.08627863381587622  0.09767681257769303
  0.10832612271848208  0.11675180585016599  0.12484334003060074  0.13297203777611136
  0.14275975483714892  0.15510346651401502  0.16830899821550946  0.18074836865781740
  0.19338071512760721  0.20589655335475646  0.21700276445231695  0.22665075968654094
  0.23522286759112093  0.24353313145613253  0.25196561434790110  0.26250318717188614
  0.27562501565640818  0.28912874958800050  0.30360081575663767  0.31544872570157767
  0.32549759220947716  0.33526258730409830  0.34523366265992855  0.35574877646018610
  0.36531637817967422  0.37375628394217403  0.38366359788667448  0.39420744747823544
  0.40414325634328646  0.41455792426339177  0.42740872300317811  0.43927017138545915
  0.45031349372238921  0.46140138188793861  0.47241261674129842  0.48343312833767316
  0.49495335608160490  0.50762816584507586  0.51965125420325986  0.52832820671687120
  0.53601733926396911  0.54416804644020744  0.55334762663027193  0.56384614753076068
  0.57500349832877473  0.58576931166440394  0.59607923425632880  0.60692165047427227
  0.61853623426792614  0.63118133950301214  0.64353339347516780  0.65572176445602992
  0.66788741164311893  0.67939419879123697  0.69036214359338399  0.70052752806656449
  0.70935902520611571  0.71885808929006656  0.72990058871501895  0.74037769056724090
  0.74962746231380761  0.75833723886208626  0.76664602480646737  0.77618184680813918
  0.78767152061513024  0.79978243058684184  0.81163409011266652  0.82289539526878885
  0.83344928261219675  0.84403891607800008  0.85575130840081348  0.86843468168914173
  0.88129666653340222  0.89355573481310957  0.90483829647724046  0.91719507016227086
  0.92685251612377795  0.93523634556891377  0.94371745068463353  0.95350058889679490
  0.96343782886434670  0.97433284022847233  0.98606414544646415  1.00000000000000000
  0.02422018611863324  0.33060720642726571  0.52220018577947114  0.61562502706277944
  0.63557027775227859  0.64550212565759379  0.65232187379371254  0.65792053345472967
  0.66303852902591365  0.66781842247829337  0.67231966446721658  0.67653893226409811
  0.68055335163947195  0.68403298388601075  0.68673222353279229  0.68967156480470615
  0.69245847744644684  0.69510148733551891  0.69779106811245484  0.70080968040156055
  0.70407039698115303  0.70720798784285377  0.70979434526822260  0.71293084032805187
  0.71635612768630896  0.71833566001238647  0.72026312756439370  0.72199570025910054
  0.72359314918123041  0.72554848214788870  0.72805873547579569  0.73098736069254366
  0.73390391618665907  0.73719672553072157  0.74073766485002379  0.74415810617444733
  0.74737000377581120  0.75006443617294960  0.75237228761186881  0.75464860355632146
  0.75685978483940897  0.75947353617479896  0.76217668669397287  0.76540483894449141
  0.76895449234717461  0.77219253689381540  0.77514568081506074  0.77796606177766670
  0.78088453048732731  0.78388741818031493  0.78695667219875576  0.78992990480598269
  0.79287814184423322  0.79596478104645663  0.79901571082970135  0.80190850651508216
  0.80496724968220612  0.80837682767187857  0.81209133478064666  0.81608137244662537
  0.82024701512206555  0.82443748021656449  0.82836517569593215  0.83210034791934506
  0.83571844931560557  0.83924987316931388  0.84281536585911965  0.84626787493634248
  0.84931450609896808  0.85215699534159839  0.85484589169498693  0.85739917998091064
  0.86054959534563613  0.86390853735867634  0.86771922133855151  0.87187517998367658
  0.87632104769602737  0.88104197944395746  0.88579971756232645  0.89052657476359931
  0.89520692134577751  0.89898584772357659  0.90191508489115157  0.90514317930881771
  0.90806577615427286  0.91135531601457864  0.91556905379419751  0.92031664006371316
  0.92555346179379372  0.93156208915054173  0.93831642932900472  0.94559616552900150
  0.95328672685785909  0.96274041419753897  0.97758867697110174  1.00000000000000000
 -0.04306362885641983  0.12953253388553915  0.22224197632254569  0.27061591218114228
  0.29845746460053790  0.31887607824349234  0.33710261827291021  0.35345902285726616
  0.36797057911533870  0.38048598233102121  0.39254139125655657  0.40380928982381536
  0.41458494721789280  0.42493006230060643  0.43372944164943661  0.44023447284190736
  0.44748127734206056  0.45577794850447328  0.46329494370976149  0.46963605729886193
  0.47624092386319761  0.48431230559445188  0.49309865860249014  0.50164457904942295
  0.50927673220744807  0.51613211175126095  0.52274917991294312  0.52956817853291571
  0.53702607276898662  0.54479209938290862  0.55238820519499743  0.55955587373865878
  0.56611666954852724  0.57232799314559701  0.57845282292684552  0.58470001329128318
  0.59065477265274224  0.59700175254060595  0.60421628424256324  0.61076263735440617
  0.61706608053902867  0.62314505545461107  0.62889488123517179  0.63435448759478286
  0.63947262572437480  0.64426403537503585  0.64899767897338678  0.65373958906310592
  0.65871677782734062  0.66353360073975998  0.66789913634263964  0.67160372572422899
  0.67536741212135321  0.67878180400964849  0.68228235499769463  0.68678876581665849
  0.69213972183145900  0.69788031745269874  0.70371553387747754  0.70961244576274318
  0.71452880953916120  0.71840224369766026  0.72168805264156810  0.72541315950426122
  0.72944731858482192  0.73314974646382780  0.73657997441754253  0.74046366297361266
  0.74452691567943430  0.74879957257334007  0.75338845024729983  0.75826426982961548
  0.76281559040383928  0.76737191071365185  0.77170262358440744  0.77529164477205625
  0.77852691947380825  0.78214602564816404  0.78691659178860640  0.79239775891141129
  0.79783053430913498  0.80318019661099216  0.80846977684432331  0.81369602103221539
  0.81892009238386732  0.82419837687028241  0.82936590398542898  0.83572398169511541
  0.84336266950859962  0.85155620318765091  0.86034964889804266  0.87136354052496234
  0.88301195009481781  0.89824678291581261  0.91844540309359979  1.00000000000000000
   3.3522977475913475E-010  -1.0000000000000000     
 F F F F F F F F F F F F F F F F F F F F F F F F F F F F F F F F F F F F F F F F F F F F F F F F F F F F F F F F F F F F F F F F F F F F F F F F F F F F F F F F F F F F F F F F F F F F F F F F F F F F F F F F F F F F F F F F F F F F F F F F F F F F F F F F
  <DiscreteSampler_grid>
  grouped_processes
  1 # 1 for a reference and 2 for a running grid.
  10 # Attribute 'min_bin_probing_points' of the grid.
  1 # Attribute 'grid_mode' of the grid. 1=='default',2=='initialization'
  0.0000000000000000 # Attribute 'small_contrib_threshold' of the grid.
  0.5000000000000000 # Attribute 'damping_power' of the grid.
 # binID   n_entries weight   weight_sqr   abs_weight
    13   10   4.876231075257181E-001   2.213239415609482E+000   4.876231075257181E-001
    14   10   4.876231075257202E-001   2.213239415609501E+000   4.876231075257202E-001
    16   10   8.487444937025017E-001   7.142608271748512E+000   8.487444937025017E-001
    17   10   8.487444937025073E-001   7.142608271748605E+000   8.487444937025073E-001
  </DiscreteSampler_grid>
