 -0.00237374710771851  0.01018460474470450  0.02068832505454501  0.03126155102421602
  0.04155926921387680  0.05184604288779657  0.06210615027099624  0.07234599351958398
  0.08256183413675686  0.09289301880773930  0.10330305715730377  0.11395980428119033
  0.12453231429659369  0.13477452902894996  0.14508783277274115  0.15560432031637897
  0.16609276720489932  0.17629111327337621  0.18652056153270621  0.19701392960234573
  0.20728056697230182  0.21737478105657285  0.22762850915382929  0.23785052604279397
  0.24808813473566679  0.25839378980669364  0.26883771903178144  0.27953885367543013
  0.28998129396573236  0.30084862625018127  0.31168550334168582  0.32269978516557279
  0.33371540362905872  0.34485117899503626  0.35597500109138092  0.36669655961395636
  0.37754750477137727  0.38838199548683427  0.39913824736412673  0.40962738081596883
  0.42022149047019458  0.43082760706741302  0.44145461190021185  0.45200830881300164
  0.46283878885413937  0.47392209163131194  0.48480622902210441  0.49561548539582700
  0.50654347948184064  0.51744961671768797  0.52825885135059836  0.53889001252700919
  0.54950917995920645  0.56007375876965737  0.57066351633844803  0.58125834930801934
  0.59152574708493477  0.60170676892320762  0.61201233627261886  0.62240300335970922
  0.63263589904745665  0.64285611127453113  0.65351901544398372  0.66430773097028917
  0.67476516438396761  0.68495829642967865  0.69497320815974295  0.70502003542095404
  0.71495542145616819  0.72520968655131013  0.73562064223149437  0.74605127705139196
  0.75633283355689529  0.76669951277038795  0.77734269613907170  0.78792360286181040
  0.79852303762703714  0.80905885896444929  0.81959002243506707  0.83003320866851882
  0.84081150181357378  0.85157544022013254  0.86213999629465365  0.87266613066525056
  0.88340933013715983  0.89431323068897861  0.90483133804759497  0.91557721515993673
  0.92665843048469076  0.93738729443625535  0.94756805202582206  0.95780759543997207
  0.96847376840761623  0.97947612266594519  0.98977303001274464  1.00000000000000000
 -0.00349084616619515  0.01503154907739062  0.02785968015312312  0.03862598595254402
  0.04896264211340577  0.05913043715390046  0.06919573516297284  0.07925553563935474
  0.08927764489626172  0.09938521905226716  0.10940082826618924  0.11948836068803771
  0.12956548854556307  0.13998808301998314  0.15033345933883885  0.16070801520193945
  0.17095525469939704  0.18138046432984700  0.19178585755115185  0.20216205360621287
  0.21247655966507437  0.22299170215687822  0.23346961428032537  0.24406691999064228
  0.25467829846053175  0.26508965124053446  0.27578904492982631  0.28661111802855394
  0.29727310163121123  0.30749041192476528  0.31777540009263738  0.32833551079735757
  0.33895982380346640  0.34943704057192754  0.35980048803648290  0.37008871380115171
  0.38042930177300643  0.39099487455489546  0.40150523828816082  0.41200119157311704
  0.42262282519321587  0.43342309435285126  0.44413559281590020  0.45474732406412099
  0.46528551073141416  0.47585942397116121  0.48630384495877638  0.49680747314154272
  0.50716008121469225  0.51739317010319386  0.52759861765525751  0.53785713772470523
  0.54823318540700761  0.55858264077115105  0.56902556290313078  0.57939964456863258
  0.58980719961465589  0.60029963895295602  0.61081003954216273  0.62156375421084498
  0.63238629572229799  0.64323665878379832  0.65395069633741942  0.66445033549611121
  0.67479896954971963  0.68511290644182210  0.69532691363462862  0.70538874775124838
  0.71562686808055631  0.72589804407290481  0.73656278236073547  0.74715405894738551
  0.75756121079790073  0.76787531398818953  0.77838126240923478  0.78919716012186869
  0.79998745546692029  0.81071136465482918  0.82128009697596671  0.83191448109017463
  0.84211456049962385  0.85236838300228301  0.86262532900023703  0.87295823277174289
  0.88349194910017903  0.89404965966909411  0.90499592769027160  0.91578565778279153
  0.92646985176766017  0.93720355872352701  0.94791604823930398  0.95867283529670988
  0.96912425854805007  0.97934072318579168  0.98957515067781676  1.00000000000000000
 -0.00217740476483138  0.00804405414338677  0.01709043310804280  0.02642592498391534
  0.03582531946560553  0.04535382692081581  0.05519301601028354  0.06528192036436972
  0.07548115537067274  0.08580976988877802  0.09622472328670706  0.10669063255292580
  0.11733781286931158  0.12811074175055240  0.13896030329048378  0.14999232573134999
  0.16105410130294787  0.17218838185497426  0.18326007924988236  0.19444063880306950
  0.20574184170472296  0.21714744979055833  0.22858197576925526  0.24005890382179770
  0.25152997402939437  0.26321264926214100  0.27511403593156636  0.28713667329368769
  0.29896624588765219  0.31107237393093629  0.32350616416299310  0.33607109956754555
  0.34851858980830813  0.36096368129255396  0.37353371933243928  0.38623734733024567
  0.39914431965498398  0.41216097813962865  0.42531662446090829  0.43837825165920424
  0.45126251598471773  0.46400191197503943  0.47681038358098937  0.48970621826424160
  0.50251147653365613  0.51525133880875928  0.52779760627167338  0.54027522431261787
  0.55252458092162449  0.56453934354568225  0.57625699000311659  0.58794019511299755
  0.59960816496757396  0.61129275832555130  0.62293183059909718  0.63446856459153522
  0.64582998362296251  0.65710977042930863  0.66823390878669331  0.67903261898434331
  0.68958097719715927  0.69994331210514360  0.71021438700263462  0.72052450494554676
  0.73086389912565919  0.74143384279524238  0.75181751852780443  0.76195205466645743
  0.77187759829840774  0.78167580437769757  0.79137806700597302  0.80088513598681876
  0.81035038709830165  0.81968631362779310  0.82894602618784996  0.83796797963208614
  0.84674184473662317  0.85541598046454514  0.86419830585391888  0.87301065818741252
  0.88186111456559857  0.89064931991986551  0.89912413231841959  0.90750412239656197
  0.91566946094224899  0.92365911128783451  0.93163320277465278  0.93956753261577852
  0.94741519615532721  0.95511720407597800  0.96266176807515846  0.97019382407361465
  0.97770166917911483  0.98517559523683462  0.99261148485886963  1.00000000000000000
 -0.00241967635951950  0.00944943425762549  0.01951586803075237  0.03031355583091423
  0.04080702726879114  0.05138531242556803  0.06208791164585926  0.07267895230462093
  0.08316377672189854  0.09338644936586224  0.10353912609639306  0.11388157288151082
  0.12407228245063204  0.13484900742347941  0.14530744091514469  0.15602606727372229
  0.16686131019336758  0.17774690352181308  0.18855780455765028  0.19919821027157483
  0.20989876744531855  0.22069802219761775  0.23120229651971058  0.24171859623673747
  0.25188635049607949  0.26221585771840666  0.27259039028041032  0.28287482521561524
  0.29312998692791492  0.30344769658113369  0.31383187116319833  0.32422334235999334
  0.33475405558592597  0.34559568420915970  0.35643641290914041  0.36736918228595411
  0.37814188491815209  0.38891237257827882  0.39954393423808093  0.41007669379465689
  0.42065509128841516  0.43112207335944813  0.44168012745029661  0.45238949489499913
  0.46314313101619153  0.47371252161070898  0.48419854767675047  0.49473611593792433
  0.50519650936018901  0.51548376833721288  0.52591190109047281  0.53641300943649772
  0.54690005045169454  0.55742294209510390  0.56831201843452617  0.57952159630466271
  0.59077859975977820  0.60171717500485022  0.61250074948522526  0.62313494521069268
  0.63364222982916629  0.64429120947676666  0.65487338722953448  0.66531441406735714
  0.67576154197189930  0.68641292787974018  0.69721429373653943  0.70773979590138936
  0.71784722065897244  0.72794141639559062  0.73807468222433958  0.74833028921151923
  0.75833532613770005  0.76824032879217008  0.77808473514511622  0.78822909275812880
  0.79856026976561401  0.80886136872858871  0.81937976998595652  0.83013095168516460
  0.84099475128792012  0.85180964554263316  0.86250172888306709  0.87331578994120040
  0.88374436020986302  0.89420238851009914  0.90466992763553644  0.91528864572456958
  0.92590754664180064  0.93623766904656702  0.94694210699993764  0.95774658669410440
  0.96842448504991008  0.97908756195690883  0.98943984307378907  1.00000000000000000
 -0.00230117448704754  0.00948253063610996  0.01982489258965058  0.03018449564712388
  0.04050637561657315  0.05071427056270430  0.06083002947989851  0.07102259396652515
  0.08130067256216836  0.09203995092157076  0.10304568082732146  0.11381077762050591
  0.12442943756762082  0.13485884085881489  0.14535651778994763  0.15585078072290701
  0.16633411673096471  0.17693309875246435  0.18752247680124889  0.19839611016443587
  0.20917327351803192  0.21991449227925727  0.23041665700118574  0.24084704317948866
  0.25150837154595551  0.26210385385152113  0.27262073839089540  0.28316376822133305
  0.29381789990310681  0.30458017625027228  0.31496006559342771  0.32523394153757190
  0.33574280510211563  0.34650836873084251  0.35749439653211934  0.36871301720246602
  0.37970376900498348  0.39035152389757743  0.40063880427646370  0.41061046204211582
  0.42046253220925378  0.43034061954626823  0.44048129770136546  0.45096364880523920
  0.46164148327705695  0.47229111535673718  0.48276748810046560  0.49319110364482838
  0.50387473611406985  0.51480366033434444  0.52552376568338677  0.53620752418462614
  0.54695108050763042  0.55776799346800965  0.56835367844177054  0.57887129375689128
  0.58939919557682097  0.59989994453851869  0.61043722155998392  0.62087640170759684
  0.63131297272162235  0.64153572949677484  0.65183882563166862  0.66216087032697646
  0.67256974549599879  0.68293244003663156  0.69348097909213557  0.70410336902516080
  0.71497555463804940  0.72588525768530487  0.73676847973043058  0.74742820548306055
  0.75789788800114699  0.76838185448002327  0.77879309407120667  0.78928648625827791
  0.80021674473624671  0.81144125871214179  0.82200463501381615  0.83243552484586447
  0.84269805135013887  0.85308235097328922  0.86331111661612903  0.87375306968728583
  0.88460855980964803  0.89553616184663387  0.90639829045094589  0.91726926460751979
  0.92800126124372784  0.93845239760674459  0.94865941391007957  0.95886258470539143
  0.96921889458462196  0.97950009703876173  0.98974224091573648  1.00000000000000000
 -0.00241439881721413  0.01001805198650848  0.02043725908693531  0.03138571820272727
  0.04214119127062777  0.05297785640952286  0.06369215900482703  0.07396462291466317
  0.08417293543703432  0.09443808462984389  0.10510504895616390  0.11624214609361047
  0.12754350679045950  0.13869373469275939  0.14970709980826297  0.16054898674763385
  0.17133334502676614  0.18197081218326724  0.19257999793493547  0.20320384459557370
  0.21402390915396002  0.22487991214083561  0.23558183292169177  0.24624358496242504
  0.25694921805481885  0.26753671794756367  0.27803340649269181  0.28861992480001808
  0.29939488276136517  0.31010970288617573  0.32050686193316447  0.33084953255664173
  0.34133030005784037  0.35193819505472540  0.36252084758751746  0.37309409212222200
  0.38377783296417911  0.39450098617775120  0.40509479047073721  0.41565088475221224
  0.42642445890391273  0.43711873976906462  0.44757995355382774  0.45781252173123788
  0.46834434590676388  0.47914024218196166  0.49001763009281901  0.50074905690184623
  0.51132159778287511  0.52195864334028630  0.53278117979567641  0.54364504347564735
  0.55444722394299084  0.56535468190268612  0.57644875159690578  0.58732101173914797
  0.59778462757893180  0.60814728685474473  0.61854067281631342  0.62900010296479469
  0.63924601750209786  0.64926854286765001  0.65931678171799424  0.66961906345279465
  0.67994237240937760  0.69005131709840528  0.69987817916750428  0.70972936629621852
  0.71992993559502849  0.73063889218061862  0.74156369020208313  0.75246326337800273
  0.76312062044398377  0.77360331471484178  0.78389436825558689  0.79409958308064499
  0.80435147320665945  0.81472701101345202  0.82513160324103030  0.83534501213589651
  0.84552137025633489  0.85592402019136749  0.86668315699144816  0.87741716197598474
  0.88773114672685316  0.89798215423954730  0.90818659806092095  0.91851794229760575
  0.92887575104191966  0.93919777629672951  0.94950821229395854  0.95962741768136550
  0.96968554683323238  0.97981109966394153  0.98988159685768540  1.00000000000000000
 -0.00252115314669185  0.01123582733502511  0.02275339326973640  0.03474711675432761
  0.04659191436813245  0.05855944873306768  0.07069429390520028  0.08274571738561728
  0.09433088374913515  0.10555093977173691  0.11676404520657048  0.12786048474793024
  0.13870275191493878  0.14948774983557864  0.16012410998227028  0.17051919574160337
  0.18061956912374547  0.19076169014322636  0.20086698011410578  0.21087013705549326
  0.22068796552968345  0.23048016853029715  0.24020347076164036  0.24980711001298750
  0.25914872471700717  0.26835055637147542  0.27754256765064977  0.28677398696799938
  0.29609401767732263  0.30559696895378735  0.31529481160958100  0.32512526387594565
  0.33495591181678697  0.34463728303489333  0.35418803944129079  0.36358708574368537
  0.37282361788968016  0.38189245517847215  0.39079737046985996  0.39983997618705092
  0.40904176012655180  0.41827810638474405  0.42753461015173694  0.43669470033332991
  0.44592161760097099  0.45538069813087273  0.46519743514779233  0.47525492418618159
  0.48512300569363581  0.49482145557611878  0.50463642213983717  0.51439058393133230
  0.52403300530234220  0.53342942303555130  0.54303973475554290  0.55264287246538879
  0.56228993054047138  0.57200702787763125  0.58175137469857385  0.59151835209028936
  0.60109702216223626  0.61059312263639953  0.62011353139441261  0.62986171740180563
  0.63976661187747386  0.64968050196381422  0.65945219127622201  0.66936182566588354
  0.67929814327464877  0.68905275515187625  0.69868118956967029  0.70846945605186373
  0.71860279850131425  0.72891302353747167  0.73935975173903978  0.75015000747794036
  0.76131987289226222  0.77269881093167847  0.78399950367325244  0.79503621344456932
  0.80581663633170664  0.81668670582249447  0.82800306965914172  0.83974801691087075
  0.85161075200511749  0.86345477030601014  0.87556567259157891  0.88821840841398880
  0.90122593566820308  0.91427932344734208  0.92758030104917955  0.94166118223754347
  0.95627588589155266  0.97091269024954752  0.98533741123373308  1.00000000000000000
 -0.00233835618652175  0.00947819356466306  0.01998358759464956  0.03068700944431001
  0.04155414504329350  0.05202716160079428  0.06263617156022500  0.07325748147442644
  0.08392089720763934  0.09446600641321198  0.10505518374681175  0.11545189685261598
  0.12589969227257669  0.13613488573952687  0.14642553510626732  0.15650970438511128
  0.16661773458470261  0.17651604890840070  0.18647330074530927  0.19661568262594450
  0.20695356222496386  0.21728307246937817  0.22792569166447951  0.23891862160966471
  0.24998714360078908  0.26055426373937662  0.27107339403981695  0.28204828874537269
  0.29286969664685053  0.30349762040808981  0.31395566211893822  0.32465616986560542
  0.33521186019540394  0.34561633499372074  0.35619141619287709  0.36650124478261886
  0.37680318658374035  0.38686080922072869  0.39705964945417688  0.40716379682559445
  0.41715012885687069  0.42736114728243768  0.43772760175631109  0.44804851720730265
  0.45831759902493235  0.46840848814872438  0.47855832905390544  0.48918047849404606
  0.49998369942591386  0.51076203648258356  0.52141049987712917  0.53258325962924147
  0.54393185391868781  0.55531340116547678  0.56661203895592371  0.57783087557514889
  0.58870805792292780  0.59932714177861646  0.61007722612798043  0.62040817270639181
  0.63031859645762500  0.64006236214658474  0.65025863360292713  0.66132709923768818
  0.67249961497677058  0.68366682546652935  0.69460331823341981  0.70554196360927157
  0.71621763722358212  0.72687949749841052  0.73763786636623607  0.74842416718230231
  0.75886473638589091  0.76936012651295793  0.77988362742391759  0.79050398159803004
  0.80112883414658531  0.81162559519290089  0.82199660485585879  0.83217302293502582
  0.84236307172762181  0.85266009219193140  0.86305864289729228  0.87345422849480048
  0.88399895106532966  0.89458414438560696  0.90504741210066686  0.91552089233960932
  0.92605082227210167  0.93624177034948075  0.94638961525901544  0.95651652694868528
  0.96712616958146169  0.97800045006495473  0.98884977296521515  1.00000000000000000
  0.51857490360429404  0.57261372435478686  0.59355747923062896  0.61124723048471630
  0.63262911769342034  0.64246055513290301  0.64925206255254242  0.65425654478259621
  0.65875406319617780  0.66305954102132625  0.66715582204872848  0.67090666843172264
  0.67451062840476339  0.67804045307529259  0.68148201200239178  0.68489038998277818
  0.68818913373676316  0.69140168455924800  0.69458022180154844  0.69777858234146295
  0.70093581600945787  0.70409083028231856  0.70720208783034710  0.71026554896447613
  0.71329566445606696  0.71630334798544759  0.71932465927544720  0.72234951927002877
  0.72537537192296397  0.72841373969187928  0.73141302691752663  0.73439509288037741
  0.73733678510309864  0.74023107245048902  0.74312674543306245  0.74601226664854781
  0.74892185707517389  0.75188918516335412  0.75488921030068890  0.75790664912173600
  0.76091096873834718  0.76391060128747656  0.76692584250015894  0.76993309078320504
  0.77292904853106825  0.77590604463287705  0.77891124973471559  0.78193690912771097
  0.78496076859658626  0.78795709477679787  0.79096608281848779  0.79405489853860312
  0.79722255328270564  0.80039884399984251  0.80352687736907036  0.80662389787426958
  0.80970242886285626  0.81283242563158009  0.81603591432069345  0.81923103553798826
  0.82245836563137920  0.82568521819276575  0.82897592560290223  0.83227940432270964
  0.83560788014052090  0.83896874774203134  0.84235581343237165  0.84578310817555635
  0.84925952805273397  0.85279104481649326  0.85638276441589267  0.86001557900385872
  0.86370511129900451  0.86743195763323588  0.87121446363580757  0.87507976745211813
  0.87909023264025765  0.88320580258506876  0.88733657216078143  0.89142421161983842
  0.89565332708970713  0.90019054241722063  0.90483858954590368  0.90948517060660794
  0.91414757752682496  0.91908850352622473  0.92426475569647004  0.92972070994316758
  0.93536590857890767  0.94151912799094517  0.94802178519341906  0.95484559610040154
  0.96258905621336288  0.97156347034940660  0.98303197794813757  1.00000000000000000
  0.00096366950515754  0.11926124333805138  0.17440797858547027  0.20410135702620077
  0.22624817094017705  0.24527721207163181  0.26264192180051360  0.27889209147856708
  0.29386574333711774  0.30731294811292886  0.31973236682068046  0.33158460650019012
  0.34306251129325349  0.35415929299361149  0.36478614912289742  0.37500006938207531
  0.38473296853161476  0.39417773431473890  0.40348747017593867  0.41268799408303308
  0.42168336453051419  0.43048051869769033  0.43907530557991548  0.44745146343708142
  0.45556810109816975  0.46347516202369998  0.47129389342597028  0.47898482715438101
  0.48640620010841512  0.49364148679221420  0.50075448346183438  0.50776549780411151
  0.51472045930075960  0.52167420594709035  0.52860038554537359  0.53544980299013767
  0.54215355177494939  0.54869662849379974  0.55527998343173646  0.56190836076531225
  0.56849425957727617  0.57503074688207878  0.58146808899582281  0.58772949429010779
  0.59379854103646612  0.59964359585698912  0.60547827581428804  0.61124055495174323
  0.61703949217049170  0.62273206234509160  0.62831986365363990  0.63387266846399659
  0.63942862159514080  0.64497419987875637  0.65049554249465746  0.65595322987530147
  0.66130777431183196  0.66658264883329410  0.67179301864500562  0.67703043346552794
  0.68231021202029374  0.68762401503780024  0.69296442716926343  0.69828946804080105
  0.70355918892998925  0.70880524591438832  0.71403486479712974  0.71925849033400857
  0.72449147796832036  0.72974020745090273  0.73503907079117647  0.74029011842095038
  0.74550750354012274  0.75072610334861622  0.75597336206168841  0.76125279576150939
  0.76659811073541528  0.77212268993917299  0.77778402810113634  0.78349867558678077
  0.78913520791619118  0.79468124290704445  0.80031194458276378  0.80614022240340588
  0.81225012789382278  0.81885924365592977  0.82583307381129145  0.83292014587115748
  0.84128582843470123  0.85019901222381566  0.86088192009620457  0.87296876737722662
  0.88749913552584181  0.90490731459178131  0.92978245948335803  1.00000000000000000
   1.9323220353320872E-011  -1.0000000000000000     
 F F F F F F F F F F F F F F F F F F F F F F F F F F F F F F F F F F F F F F F F F F F F F F F F F F F F F F F F F F F F F F F F F F F F F F F F F F F F F F F F F F F F F F F F F F F F F F F F F F F F F F F F F F F F F F F F F F F F F F F F F F F F F F F F
  <DiscreteSampler_grid>
  grouped_processes
  1 # 1 for a reference and 2 for a running grid.
  10 # Attribute 'min_bin_probing_points' of the grid.
  1 # Attribute 'grid_mode' of the grid. 1=='default',2=='initialization'
  0.0000000000000000 # Attribute 'small_contrib_threshold' of the grid.
  0.5000000000000000 # Attribute 'damping_power' of the grid.
 # binID   n_entries weight   weight_sqr   abs_weight
    13   10   8.659383561413197E+000   1.669425847115845E+002   8.659383561413197E+000
    14   10   8.659383561413199E+000   1.669425847115846E+002   8.659383561413199E+000
    16   10   1.145407747726470E+001   2.962090457220742E+002   1.145407747726470E+001
    17   10   1.145407747726471E+001   2.962090457220746E+002   1.145407747726471E+001
  </DiscreteSampler_grid>
