  0.02420050073983982  0.03168040266225076  0.04158896528386891  0.05173433204118868
  0.06175681775810887  0.07169492426791009  0.08185308970005611  0.09205622161352681
  0.10233598516908135  0.11218023053931404  0.12227325996233515  0.13253813630184397
  0.14281896781438297  0.15288047745390532  0.16284412457752406  0.17289355414910493
  0.18304598654014551  0.19315987278713492  0.20329713051336654  0.21336313381727634
  0.22348274597107437  0.23343497613356243  0.24340748040737711  0.25333032378805548
  0.26349544486929105  0.27387337632036529  0.28436447438879014  0.29475092268864023
  0.30502567188114843  0.31527649724544443  0.32559923431830151  0.33588478502848668
  0.34625717455063842  0.35660225041374960  0.36696182365584479  0.37718485753006781
  0.38728394421199236  0.39731061850118066  0.40735904675588963  0.41750404433799587
  0.42747881480809657  0.43748294689086814  0.44764947280159956  0.45791641958251211
  0.46820975959604516  0.47848665094234005  0.48882572657431034  0.49906908393695859
  0.50907372580562704  0.51894283064158486  0.52890433476751553  0.53893613560113973
  0.54906497958479294  0.55931817881639134  0.56959530305050554  0.57992151181484253
  0.59011410543805609  0.60021979704174100  0.61035461039478256  0.62054999868136007
  0.63085109411863982  0.64124605244764399  0.65169314058510364  0.66222780936676628
  0.67266250140138506  0.68307905095062893  0.69347960615710813  0.70390362472613732
  0.71423867849617673  0.72441512634605654  0.73480155864185059  0.74509153221587288
  0.75512563549035805  0.76485013097246657  0.77457573278919822  0.78427154454478665
  0.79401879717369184  0.80381230801275350  0.81377433680529920  0.82388900898839079
  0.83406405701918052  0.84428375823483759  0.85440895102397962  0.86441786737939286
  0.87446133932389569  0.88446251702025491  0.89442411353233597  0.90437233122333816
  0.91434890294644222  0.92449464728610431  0.93463874641096589  0.94509928623325079
  0.95608641079494994  0.96519007801054313  0.97107575410117319  1.00000000000000000
  0.03093060602819225  0.03633140964541474  0.04480258446354340  0.05475217681704347
  0.06478803207894690  0.07504945744430409  0.08535638229725107  0.09566048210589971
  0.10598438054578298  0.11632752051158354  0.12672777591935283  0.13690711765223948
  0.14700045002251683  0.15681335228345175  0.16658984805380048  0.17616540694090063
  0.18579294335677077  0.19566138310665285  0.20591384784395911  0.21624693657901495
  0.22636255337960878  0.23651877447126024  0.24661570049352421  0.25674151788135435
  0.26670016160016191  0.27664223040379937  0.28656870045500848  0.29651536065082434
  0.30655529879519516  0.31656114149196135  0.32639018215200377  0.33624336294493068
  0.34619166244180055  0.35609616820023698  0.36590602638223185  0.37575327375091766
  0.38580250916408970  0.39587687581620679  0.40591382068840653  0.41581322182422981
  0.42577507077795429  0.43570344876324507  0.44570479133098240  0.45573473798488856
  0.46581028465182672  0.47583165855041021  0.48593363219337804  0.49616036423471954
  0.50641958859816594  0.51669534895037084  0.52705475118396083  0.53748475240740523
  0.54776023723399270  0.55791297523218308  0.56797747516654873  0.57793733656132174
  0.58790125557206308  0.59785292759737807  0.60775693114812157  0.61757620679503311
  0.62749147853812948  0.63742895255082010  0.64741179034152829  0.65740974974804067
  0.66753843218786701  0.67783054732580783  0.68801469202059951  0.69831201995432490
  0.70854372295800028  0.71875685480119111  0.72917232660944986  0.73950727249164916
  0.74985381000522722  0.75992007217193192  0.76988641910890177  0.77995185101534237
  0.79024824977276065  0.80074130674779154  0.81142567773937446  0.82210085439672065
  0.83268290035452819  0.84308542500462558  0.85357898058102322  0.86416189042036884
  0.87464553258931654  0.88499860171831457  0.89521390040491700  0.90541126219894474
  0.91546559403685979  0.92546658806290849  0.93540907569181309  0.94543063373648095
  0.95561737887116227  0.96458213534560311  0.96900760215898118  1.00000000000000000
 -0.00211368793930422  0.00903840565562539  0.01851088158273328  0.02802127319249129
  0.03747928939117219  0.04729649418698585  0.05712180820945735  0.06699100538602826
  0.07675519782169968  0.08687957976907032  0.09724073272164108  0.10777984901476359
  0.11820989189682186  0.12879664262866936  0.13953797852565275  0.15042792198866992
  0.16124206711878913  0.17211986903504461  0.18290892693796815  0.19406228827527156
  0.20517978825894673  0.21668973064898472  0.22830630700413956  0.24014177710722981
  0.25209057694920012  0.26424705190551406  0.27656217351767720  0.28882735985245622
  0.30110655540239151  0.31345230506642774  0.32577625059119736  0.33797323883338565
  0.35012344147364466  0.36246854813950252  0.37494561365824391  0.38736898839750955
  0.39978638023609342  0.41237668730202293  0.42503238497911988  0.43765776854400568
  0.45025828856528999  0.46291316412193551  0.47540546830373837  0.48761846373903667
  0.49975608807493477  0.51207588321797737  0.52423492002014394  0.53626626120402909
  0.54807872551790937  0.55985913098571993  0.57168935448916591  0.58370400862464489
  0.59558664603154510  0.60743938557681232  0.61918408839605166  0.63062585163678220
  0.64185685030248740  0.65317103865816839  0.66444637934699646  0.67534739049086778
  0.68594459109663453  0.69655361021937978  0.70706723574975250  0.71729611676983263
  0.72738780811763071  0.73743909003241648  0.74737505789635639  0.75713217453237791
  0.76674297469190678  0.77629201771634215  0.78571138867367019  0.79510253258263641
  0.80458433638725824  0.81411483582535638  0.82350443147754326  0.83277043853894550
  0.84185279337037788  0.85091743253134089  0.85986778146379683  0.86893930563662414
  0.87812262438829924  0.88733879073393607  0.89626631731602635  0.90493559104011811
  0.91346056818388366  0.92183698008664883  0.93013993360349456  0.93837553470493484
  0.94642047578695998  0.95430311842133853  0.96206180507099326  0.96972077437932513
  0.97739821352084622  0.98504580687660437  0.99255640800643485  1.00000000000000000
 -0.00215243017323480  0.00943491901299175  0.01949004998017184  0.03030770477212845
  0.04113675327185473  0.05170183846927986  0.06200965164121755  0.07256300483000398
  0.08312389744749450  0.09367777978935277  0.10418196456061819  0.11474102278855693
  0.12527548589034487  0.13585499233234694  0.14648474817245588  0.15722414266984933
  0.16790140796039560  0.17855472052544522  0.18923207073316159  0.20000596179758626
  0.21089704761515854  0.22178852282134309  0.23261778193528873  0.24339239077706346
  0.25392908417515930  0.26429486448614159  0.27454010568232057  0.28467690867156870
  0.29480190037961013  0.30481590794824459  0.31505785907126710  0.32533996395932019
  0.33587426075652227  0.34648369431428683  0.35739997858334838  0.36816230214500573
  0.37899569251076137  0.38975543454603295  0.40070029660484974  0.41149269898073704
  0.42224421367844511  0.43282077705725386  0.44323440647853030  0.45366227447782620
  0.46436768445562654  0.47513911041411211  0.48598370519391526  0.49668222485495150
  0.50762053157123899  0.51856868780743370  0.52924054177296109  0.54000562082842851
  0.55059835332353113  0.56110019487039642  0.57146734165030977  0.58185997145782231
  0.59236402443382030  0.60266981552630761  0.61292638490589690  0.62341345719652741
  0.63414892038904325  0.64496124953246525  0.65543866453061195  0.66582141521842098
  0.67627063942387033  0.68664762734746199  0.69695043884862551  0.70724397621335022
  0.71786790105827458  0.72839278033519439  0.73882698246423306  0.74942458761827857
  0.76018162525676825  0.77088461544531073  0.78113238818589292  0.79135483595794487
  0.80162578267485363  0.81173623409550455  0.82172996098861784  0.83154361588162484
  0.84166774121995591  0.85182583939906353  0.86234307752233152  0.87294807216334391
  0.88360519163476170  0.89422580025656595  0.90465112951931204  0.91494633737160436
  0.92530133241277301  0.93565242415797689  0.94654968299159115  0.95724675589551211
  0.96805660306234043  0.97863691053716062  0.98927731563253551  1.00000000000000000
 -0.00228084948764806  0.00995734697648164  0.02051978296145920  0.03156554819787213
  0.04280022584373149  0.05358379665875351  0.06442642245128231  0.07516838809697410
  0.08609760475541567  0.09681771408383656  0.10748055778627140  0.11807163892423612
  0.12856810592652571  0.13899233271401290  0.14944692152169847  0.15990682467130332
  0.17020829227690684  0.18037565234105063  0.19060498094640285  0.20096224544876590
  0.21124277027000213  0.22150902948513893  0.23158743395395368  0.24179030722992079
  0.25183671809924618  0.26208995989944961  0.27239461925578529  0.28267261312120889
  0.29301354007049918  0.30329121520144658  0.31353658283606622  0.32398240163904074
  0.33448145695015746  0.34486662352860409  0.35515376234832374  0.36533454809869764
  0.37574016366366991  0.38614573946501213  0.39646527941182091  0.40702803732493326
  0.41751366236194604  0.42788625077060949  0.43814988712670105  0.44868473474358045
  0.45923704705731483  0.46968377928467003  0.48005196940551598  0.49078442804665290
  0.50170666468899572  0.51240398975563162  0.52326443981300097  0.53395805152835751
  0.54451313943479085  0.55473298659218784  0.56500969344088592  0.57566485539908263
  0.58635911843844457  0.59706478804410712  0.60768554025433097  0.61830404537720618
  0.62894004169563056  0.63941331229026277  0.64994512349953604  0.66043583753837620
  0.67097659488469741  0.68150146990769811  0.69195801531865031  0.70237920290107603
  0.71278152204115719  0.72312745280577417  0.73354689147215524  0.74409534943169753
  0.75471198840597353  0.76525600690520224  0.77566527896781101  0.78617547085668327
  0.79675941002422612  0.80765172848180056  0.81863971732537466  0.82953051163531610
  0.84016623224303943  0.85074586091259652  0.86124106597318062  0.87182859636934684
  0.88230879106343185  0.89277491328868552  0.90340385786721911  0.91402291974760908
  0.92472709940557474  0.93541970279765152  0.94624185627853330  0.95727924613063065
  0.96812215276349411  0.97909982963667308  0.98962399515276567  1.00000000000000000
 -0.00245155509095960  0.00939481453173131  0.01935470840106778  0.02979248234194834
  0.04014063803106772  0.05057883360211967  0.06109067597589866  0.07197434060791419
  0.08294542288240779  0.09387459945162055  0.10462843977106269  0.11520744445957509
  0.12574202177122734  0.13602517275884976  0.14626417571384095  0.15676537379021310
  0.16749445711808625  0.17820839045195522  0.18869079098422112  0.19908740256885818
  0.20965132422890409  0.22016695296099861  0.23063991869646100  0.24106203956866651
  0.25159410932642040  0.26232300071105752  0.27283106485326919  0.28313341421918931
  0.29330304152520775  0.30355489412753051  0.31384583060529275  0.32423610140725956
  0.33464723727709111  0.34530275736461702  0.35593321217398122  0.36657207551439158
  0.37701096486879104  0.38733415415667360  0.39761967952682042  0.40788438139724542
  0.41823549497758750  0.42844656147446597  0.43866322543204078  0.44884639340995697
  0.45911064619015729  0.46917867385356593  0.47924183739091797  0.48950070978151988
  0.49989067086415667  0.51042501715543720  0.52099947426604576  0.53185549383760822
  0.54257597632866594  0.55309373143422569  0.56344516246876841  0.57383639217142102
  0.58430364030481230  0.59481919843307318  0.60517910232819272  0.61549905316023779
  0.62581249131106043  0.63624655438576350  0.64667014566337078  0.65717826796184886
  0.66781496372214133  0.67884875403507028  0.69010262238864828  0.70131472451848387
  0.71234343260350563  0.72314392705966324  0.73403808234802903  0.74487439363774899
  0.75539278612628202  0.76589721392864440  0.77627009535372105  0.78683417626868912
  0.79738606008102042  0.80796934653823793  0.81856866382999027  0.82900626263085431
  0.83956050473616495  0.84998004055214438  0.86045653325025162  0.87095234316169601
  0.88158201047407037  0.89228184900440077  0.90285035136685821  0.91359525035236921
  0.92429236761432598  0.93521644890463884  0.94604822872922700  0.95673229475752408
  0.96750481264949340  0.97815671107293789  0.98911574586186612  1.00000000000000000
 -0.00264587781863707  0.01148286692876884  0.02334821318318321  0.03585676662555774
  0.04829890883799984  0.06047712192190192  0.07246496197528908  0.08410916372228616
  0.09536012087528152  0.10629095869131513  0.11708681901640955  0.12774298125801567
  0.13824906838317153  0.14867346507874940  0.15905439936323232  0.16935789052185579
  0.17953413689022663  0.18965867205745879  0.19981079860721615  0.20989492675137975
  0.21987165608836354  0.22988823725332350  0.24000344583565611  0.25017780753323915
  0.26024221392144053  0.27023413858920925  0.28020905310392391  0.29012594499297678
  0.29990679632481598  0.30963588549782972  0.31936522511999760  0.32902143910301651
  0.33843647993494164  0.34760345310793589  0.35677499325746770  0.36608204409717621
  0.37542078710604176  0.38476749353204942  0.39411071629544325  0.40341730666999243
  0.41277213271067537  0.42210713472301015  0.43144566060789474  0.44087438814346264
  0.45018311762833441  0.45933572308720494  0.46835233437877011  0.47732858420128343
  0.48643326770561690  0.49564054038989391  0.50500926605193686  0.51440966161533752
  0.52395918639884298  0.53349857029281689  0.54297364775335699  0.55235457708511915
  0.56166644138088528  0.57120136036017077  0.58084735788302144  0.59052948559338336
  0.60013674567555741  0.60978389123128363  0.61952533234634510  0.62938966145731112
  0.63930174538074980  0.64928151747028928  0.65933600545222704  0.66936221554695041
  0.67937125948897592  0.68941612235258842  0.69950313259536889  0.70965788223258885
  0.71995109653680811  0.73044134368039859  0.74121954687648561  0.75199647476014975
  0.76273489552769402  0.77345728594585883  0.78428349955061627  0.79527244038511513
  0.80640735300218536  0.81776357756728590  0.82934531991947535  0.84111455176107486
  0.85304021670526142  0.86505395000067109  0.87719177810648818  0.88970881901223509
  0.90281938377224158  0.91634256400208314  0.92988137135583304  0.94334725396504415
  0.95703366297213099  0.97099612394152601  0.98531807912045322  1.00000000000000000
 -0.00241708724823819  0.00971502032830214  0.01992474531109041  0.03047477391259719
  0.04106179238036262  0.05156883449374212  0.06184404638388630  0.07213170093334055
  0.08232970168254275  0.09287000432335132  0.10342192176758480  0.11433925415711506
  0.12525597277616579  0.13573798032574802  0.14631464894976193  0.15673395668440993
  0.16729961793244338  0.17760023002260408  0.18776467617469506  0.19801169842088401
  0.20813402884366672  0.21839216620641577  0.22872787292290350  0.23928650311882546
  0.24961961901255378  0.26001399741486003  0.27019401001556836  0.28069248521614681
  0.29105360964298654  0.30172313408903195  0.31243822337100924  0.32326824786638553
  0.33397989966328917  0.34470108250777870  0.35540964047611101  0.36599830218843438
  0.37656788681278830  0.38718024616341473  0.39782402914839893  0.40839450703092695
  0.41916602275981663  0.42989293571952064  0.44061588990474276  0.45106642512391465
  0.46156950991214618  0.47201022221551009  0.48239396192851464  0.49262731560004092
  0.50297505169147083  0.51359298000377995  0.52418828790774663  0.53493169182291045
  0.54536383361636087  0.55580301032369450  0.56616921776557172  0.57664276548767757
  0.58714003586941765  0.59748508153200808  0.60785962428986895  0.61834333079786696
  0.62882482114522276  0.63937825384371882  0.64980563334618346  0.66037258636933416
  0.67106982173882024  0.68195067655029651  0.69277565071405423  0.70350382369615683
  0.71411309348822705  0.72473353519930284  0.73518879291631656  0.74556531525482106
  0.75601961153757102  0.76664897696496992  0.77719503898109432  0.78778311109144683
  0.79841845271917522  0.80922642339156647  0.81986621883584299  0.83068692682153600
  0.84147253093500629  0.85222494283437744  0.86283305626490614  0.87348187124624954
  0.88391827406470180  0.89422361190938027  0.90453442064349698  0.91503934949954546
  0.92545653893364643  0.93602537825544196  0.94641619056899584  0.95693859643113033
  0.96756833186693236  0.97836733179171431  0.98918241067855328  1.00000000000000000
  0.06104624088053322  0.07537816487322144  0.08836979303051638  0.10296379870719423
  0.11771951660041739  0.13128318088536250  0.14350662371183720  0.15458984644929746
  0.16499093496972875  0.17485696704608530  0.18434761224471632  0.19345210008129313
  0.20224429840431160  0.21073963678752022  0.21909908658912203  0.22735510882617485
  0.23545060637719481  0.24339659767187333  0.25115029144897172  0.25874164574850206
  0.26627168128673440  0.27382934489564109  0.28143181545082596  0.28902089216647453
  0.29654917035349726  0.30409913875244621  0.31165977362084418  0.31941024766197951
  0.32722049230739220  0.33498209502428627  0.34250081622476214  0.34986572058305226
  0.35717822278971739  0.36452567447174622  0.37186399535753289  0.37917524462976276
  0.38645462540105685  0.39372586523834474  0.40102451385111737  0.40834292852774101
  0.41571974335509709  0.42313047318437463  0.43052398909723655  0.43796718250874578
  0.44539940887722018  0.45280672306726483  0.46020828800426689  0.46765442791126388
  0.47523281887132340  0.48291285726113947  0.49062602183867304  0.49832994770360350
  0.50601858301785396  0.51363693008021905  0.52137405221661470  0.52917469369710357
  0.53712602282005539  0.54507962136106991  0.55304623125825658  0.56103518146774911
  0.56898451171130782  0.57693447687379396  0.58498632620567514  0.59317822647495755
  0.60143141752846019  0.60974638871542985  0.61815359221336452  0.62665959839918040
  0.63528344293217298  0.64401026838414122  0.65283589110319751  0.66172926996689418
  0.67078330678776477  0.68001689465550130  0.68928028357591908  0.69847742239500843
  0.70772208505584255  0.71717523312615672  0.72686836205705552  0.73702006210922755
  0.74753149272190067  0.75842030194096766  0.76951083807457865  0.78098294729676276
  0.79270955153767786  0.80476971530975339  0.81732861356524544  0.83033867232016689
  0.84392617261638936  0.85802623652989607  0.87326933287608666  0.89011251019222137
  0.90840213404165149  0.92910684344220229  0.95577711509135810  1.00000000000000000
 -0.01411808387933732  0.13564443809551333  0.18064825762965206  0.20817328113841543
  0.23024391125478869  0.24930844703010988  0.26611288110825992  0.28107603356371613
  0.29492769665710422  0.30805274272236594  0.32047515881286326  0.33224840369104769
  0.34348726473011187  0.35436899756811563  0.36487201230512273  0.37505609330773132
  0.38481656378268242  0.39429657453626360  0.40343428844415968  0.41241825877454563
  0.42114786264253556  0.42945652221372266  0.43759313748049539  0.44568052514912099
  0.45372590178194477  0.46165368263941675  0.46940476399436171  0.47706941348927079
  0.48460986089394714  0.49203348040189909  0.49931408598553312  0.50645979040940114
  0.51351618704967827  0.52046847065208601  0.52729401615852944  0.53396774406625735
  0.54051101732937912  0.54693653377588247  0.55329620206308172  0.55963128470458889
  0.56579384433758095  0.57181156394862731  0.57776896243669396  0.58368655848175377
  0.58956204829164172  0.59542979755522230  0.60129028323144262  0.60702019614514735
  0.61265813849501372  0.61822995302280626  0.62374592924021310  0.62921598134454515
  0.63467003820414436  0.64011126988931544  0.64554227415049492  0.65095182810611607
  0.65632553679437011  0.66167837156158171  0.66701446845618739  0.67231900567477754
  0.67762945058631718  0.68291123088569683  0.68816007973339366  0.69336938473061283
  0.69860433903256713  0.70386609633279529  0.70914554358717308  0.71443369334978968
  0.71970606999226039  0.72494476705645694  0.73015762856525701  0.73530098238848307
  0.74047449998355941  0.74561662750412461  0.75084630737847147  0.75607925417511312
  0.76135903591838672  0.76669380727874281  0.77212791467215647  0.77768214850928641
  0.78332097745569007  0.78903984190326470  0.79490878249786956  0.80111660134353979
  0.80714565903709412  0.81340844654554756  0.82008949056114888  0.82712583068065670
  0.83485149749661236  0.84325595638131079  0.85242131757823103  0.86249997291010649
  0.87436206111038595  0.88960355580949213  0.91287741170289494  1.00000000000000000
   6.4168225381113103E-012  -1.0000000000000000     
 F F F F F F F F F F F F F F F F F F F F F F F F F F F F F F F F F F F F F F F F F F F F F F F F F F F F F F F F F F F F F F F F F F F F F F F F F F F F F F F F F F F F F F F F F F F F F F F F F F F F F F F F F F F F F F F F F F F F F F F F F F F F F F F F
  <DiscreteSampler_grid>
  grouped_processes
  1 # 1 for a reference and 2 for a running grid.
  10 # Attribute 'min_bin_probing_points' of the grid.
  1 # Attribute 'grid_mode' of the grid. 1=='default',2=='initialization'
  0.0000000000000000 # Attribute 'small_contrib_threshold' of the grid.
  0.5000000000000000 # Attribute 'damping_power' of the grid.
 # binID   n_entries weight   weight_sqr   abs_weight
    13   10   1.867458069890857E+000   6.458827787485973E+000   1.867458069890857E+000
    14   10   1.867458069890855E+000   6.458827787485961E+000   1.867458069890855E+000
    16   10   2.384556997383824E+000   1.050751315349687E+001   2.384556997383824E+000
    17   10   2.384556997383823E+000   1.050751315349686E+001   2.384556997383823E+000
  </DiscreteSampler_grid>
