  0.00007120824677489  0.00007194031021376  0.00007322372898975  0.00007464555170103
  0.00007591753975307  0.00007722405374173  0.00007882073561037  0.00008052263236226
  0.00008215727479314  0.00008378525261779  0.00008540422492372  0.00008705602361974
  0.00008874325638116  0.00009026971352424  0.00009135314940531  0.00009235899611572
  0.00009340666011362  0.00009446255409732  0.00009562807892815  0.00009681592771074
  0.00009941986073959  0.00010239383539054  0.00010552619725689  0.00010888436520048
  0.00011233583505400  0.00011569499831692  0.00011951939753916  0.00012361441325054
  0.00012814494232356  0.00013296522810925  0.00013775096428159  0.00014269106197762
  0.00014853010556885  0.00015417849060931  0.00016152790964313  0.00016956559891367
  0.00017872062025145  0.00018919315420748  0.00019753826594483  0.00020373845216508
  0.00020989765369382  0.00021671701427953  0.00022507030177480  0.00023491487484262
  0.00024469731312743  0.00025471994208699  0.00026456002428335  0.00027305076134679
  0.00028496983873509  0.00029889260833725  0.00031327879948476  0.00033144954777889
  0.00035508351829443  0.00038480870610936  0.00041829997789880  0.00044491242192876
  0.00046768100185127  0.00048734279359044  0.00050802286041652  0.00052920687367719
  0.00054825735355014  0.00056551548015514  0.00058297428302864  0.00060129628944535
  0.00061969893082624  0.00063894213164517  0.00065847403935060  0.00070585365625929
  0.00076514838817570  0.00083597262854007  0.00091266123987520  0.00098964185062994
  0.00104224697920831  0.00109095440824398  0.00117494833831394  0.00126444261882406
  0.00134455783235807  0.00142124537581135  0.00157313456039765  0.00168920122176663
  0.00175666057200308  0.00182471739407868  0.00189589587774938  0.00196707436142008
  0.00203908021667688  0.00211145657722631  0.00222554336886375  0.00248456966453349
  0.00279643385727071  0.00317099833316390  0.00383288830127006  0.00450983469445967
  0.00520548720248262  0.00597111556685683  0.39539083136048592  1.00000000000000000
  0.00000013541675240  0.00000015937346575  0.00000018532877509  0.00000022630662403
  0.00000028228824950  0.00000034473518752  0.00000045852134825  0.00000074397700124
  0.00000108431008589  0.00000146871309291  0.00000193089295281  0.00000251195835221
  0.00000325244937664  0.00000417440621492  0.00000549300500496  0.00000720870885277
  0.00000926644860174  0.00001189104398169  0.00001594429433344  0.00002114647313854
  0.00002637550202147  0.00003104979881313  0.00003456213342809  0.00003659589000157
  0.00003843171540753  0.00004003326243203  0.00004136882128446  0.00004245464258865
  0.00004311959005851  0.00004364253502254  0.00004412520935882  0.00004459360650606
  0.00004503779598410  0.00004552656617440  0.00004603907704016  0.00004651110407422
  0.00004681863545082  0.00004710667710291  0.00004737599660266  0.00004762355811047
  0.00004782633656302  0.00004801564210661  0.00004819719348499  0.00004836446136158
  0.00004852807273144  0.00004868554938648  0.00004883501164226  0.00004897739682690
  0.00004912162289961  0.00004926785361040  0.00004941857244442  0.00004957439852214
  0.00004974390362624  0.00004992328992116  0.00005010948172686  0.00005031144360795
  0.00005054004161455  0.00005077294526165  0.00005100596032077  0.00005119352556662
  0.00005138109081248  0.00005158097719254  0.00005178149215909  0.00005205228076858
  0.00005233179527570  0.00005274701166291  0.00005315625946692  0.00005361109783207
  0.00005416209814511  0.00005477062360707  0.00005554876028859  0.00005656736043684
  0.00005776546709581  0.00005920404689168  0.00006109210928493  0.00006348590566354
  0.00006608760222633  0.00006896842168006  0.00007251381193844  0.00007887551828478
  0.00008717174320547  0.00009800834864473  0.00011217276253036  0.00012909610772378
  0.00015937398658697  0.00019818433162544  0.00025272514574588  0.00032532285354177
  0.00041566200786447  0.00052849853571332  0.00068510711599749  0.00099488160447639
  0.00157715241694889  0.00271796914341947  0.23859913017482492  1.00000000000000000
  0.00000083133306962  0.00000179198097695  0.00000252068551545  0.00000314451073774
  0.00000380164446515  0.00000464209182433  0.00000535968765262  0.00000601416897440
  0.00000667145938668  0.00000736604020393  0.00000814932310414  0.00000913783854577
  0.00001025499802482  0.00001141768747417  0.00001263753698695  0.00001396637548870
  0.00001560094209651  0.00001730355546255  0.00001894965039829  0.00002051901964290
  0.00002191552642178  0.00002342432575946  0.00002486860983473  0.00002642992329587
  0.00002835174967802  0.00003030143294354  0.00003228371443051  0.00003462138121782
  0.00003719751462859  0.00003971628490833  0.00004237494648661  0.00004575534649640
  0.00004857485042761  0.00005151427310699  0.00005380770132566  0.00005606663048890
  0.00005842731928725  0.00006065155311740  0.00006313521901217  0.00006622528868668
  0.00006978365912765  0.00007318752949210  0.00007634449060063  0.00007986947184928
  0.00008382370460595  0.00008775623432326  0.00009147332437387  0.00009523962555206
  0.00009868452106739  0.00010192019140015  0.00010573980892331  0.00010979915457063
  0.00011425924901433  0.00012068437715842  0.00012931942112986  0.00013724666177767
  0.00014519745891575  0.00015308193825907  0.00016119539117315  0.00016931278392409
  0.00017890133397570  0.00018903712517317  0.00020163536009245  0.00021724109270373
  0.00023199839501770  0.00024523496798763  0.00025725458667283  0.00026747308791874
  0.00027544227203805  0.00028370934479241  0.00029307380585777  0.00030438420702712
  0.00032166412683838  0.00033705736214343  0.00035194150660054  0.00036863725570731
  0.00038933380752025  0.00042058669569554  0.00045855000684682  0.00049862515660968
  0.00053216403307939  0.00059190415256471  0.00066748038109718  0.00074927874591552
  0.00085313251984961  0.00096052735970914  0.00108453744958579  0.00123864816044679
  0.00144527420151748  0.00167729706756721  0.00196016185311400  0.00227070345598734
  0.00268619298401451  0.00338190619051117  0.04434774709854915  1.00000000000000000
 -0.00195247919315677  0.00741719379421092  0.01512872354236272  0.02285865815384903
  0.02977641381108351  0.03641890816805846  0.04314397585486002  0.04928508461779218
  0.05527307402362650  0.06078606626347993  0.06642739307421804  0.07283841226648619
  0.08055662225642717  0.08925504030459355  0.09803371108431902  0.10547160611163622
  0.11156077015434512  0.11782039474039842  0.12408718097412259  0.13011239191200602
  0.13660443057077293  0.14163603964284641  0.14540302869894822  0.14892143840654123
  0.15272040346169938  0.15750319562198875  0.16315264559720929  0.16936059785699262
  0.17667219653877705  0.18363060630492406  0.19146945933898563  0.20022903019348506
  0.20923062383289040  0.21881465094856398  0.22795073672422145  0.23623208446004387
  0.24514420428815187  0.25409140267945307  0.26249866706706254  0.26964414252077140
  0.27606936038542423  0.28230686882299239  0.28833893411026695  0.29446529798740201
  0.30145067117155633  0.30928999077223396  0.31807451699673139  0.32779288438335613
  0.33816975528436860  0.34884024144166303  0.35969018195934638  0.37071842935015292
  0.38029848638414376  0.38901863258246783  0.39785664880271865  0.40798166386551377
  0.41846596551501325  0.42893733752063429  0.44122308498691692  0.45576668952299687
  0.46837646793773302  0.47867897904442752  0.48815671904175695  0.49768785618583855
  0.50749634718556358  0.52054480544285819  0.53260174764807755  0.54378711309378736
  0.55535912059976167  0.56741747172509494  0.57954626335209880  0.59219126057451210
  0.60439147908929680  0.61593155490898255  0.62789565122197999  0.63951114605960335
  0.65399468090371593  0.66917027591339473  0.68131646196318274  0.69259628335479273
  0.70491479117305123  0.71730138109322916  0.73266673658918213  0.75594119141815386
  0.76855597470453640  0.78015768507865002  0.79077923326373956  0.80206891004165970
  0.81631552666328555  0.83667113792467918  0.85414330082222911  0.87246236196891436
  0.90428756924103182  0.93551290363979833  0.96700468633718184  1.00000000000000000
 -0.00301611253881536  0.01145958049002413  0.02129753928243842  0.03159909975347648
  0.04074746606626937  0.04864732852298167  0.05670982514608511  0.06306301993429694
  0.06946462340247024  0.07747847855475419  0.08349928656483806  0.08779601370483839
  0.09220726839780177  0.09657406177565528  0.10087145151158894  0.10808143872437062
  0.11558154343058939  0.12168402989862320  0.12939211065817127  0.14267853529750923
  0.15682927778537079  0.17195624804623996  0.18723836467262722  0.20279301798282126
  0.21945784724300621  0.23800073664078236  0.25741009411946203  0.27193229751405412
  0.28455325404467452  0.29755970250792235  0.31139108622599404  0.32271668251591989
  0.33201095777342832  0.34317087499363791  0.35454880531217176  0.36599028271369533
  0.37860853049868382  0.39458969012798878  0.40969024534197712  0.42243921340861584
  0.43309807168230113  0.44296996979129288  0.45326072514828158  0.46124446149464460
  0.46867606864131239  0.47577293865786308  0.48300445426446753  0.49044739784223712
  0.49713000310193189  0.50328953186464376  0.50961057459768022  0.51851128681557701
  0.53179862504903452  0.54606965315715084  0.55647054674411611  0.56494177796919898
  0.57136288977434047  0.57823092533702358  0.58543253717790922  0.59299452551491316
  0.60284390230638563  0.61642080043509262  0.63125072220309952  0.64631086005511018
  0.65861682858584958  0.66975878538026523  0.68159910586671379  0.69069507782644035
  0.69723265935185119  0.70462530032001525  0.71252492215655783  0.72267380723315877
  0.73599013670535463  0.74872048390188883  0.76059368901051139  0.77319190463912479
  0.78641540454755565  0.79889372177911977  0.81196195481617650  0.82633578226738214
  0.84024152831514543  0.85256679615100217  0.86367970390850868  0.87405475160454849
  0.88579246988278748  0.89549006607016890  0.90716897801173413  0.91747473169526017
  0.92622065271636000  0.93275819533818616  0.93956830404666691  0.94619765383609344
  0.95399046188993009  0.96786627049829965  0.98319532518204189  1.00000000000000000
 -0.00204515136773329  0.00913130310553692  0.02127768732171433  0.03564335613135268
  0.04786801540197994  0.06103790275700019  0.07378077787546884  0.08467691421337908
  0.09359511097925664  0.10223271522469124  0.11102455796354405  0.11889414177227482
  0.12732160863357306  0.13589952803052702  0.14432608115053402  0.15520899149366640
  0.16545354720284042  0.17518866783445536  0.18574116217422409  0.19567595833753537
  0.20379919746748945  0.21302932728305934  0.22222073815940699  0.23111248660889500
  0.24363106632243223  0.25746538703282873  0.27177009381634365  0.28532621344683806
  0.29668677138817706  0.30490396168984452  0.31286829944571337  0.32102119757852382
  0.33205359305976423  0.34589169814951282  0.35880513222773236  0.37201442811657964
  0.38121067753111704  0.38983253153305464  0.39734039817586342  0.40486102067942459
  0.41288632001605657  0.42019294251695916  0.42704712951476781  0.43480781368960908
  0.44352187547850391  0.45351404811603607  0.46490428529685773  0.47776954039592873
  0.48932252295269330  0.50187914917303700  0.51530443576598095  0.52741286445068081
  0.53806373040459066  0.54860827532869838  0.55947360888393416  0.57057839957792755
  0.58228827683256434  0.59388166177838642  0.60871080437730885  0.62599819559948144
  0.64216161103082692  0.65603503481184333  0.66899527502743428  0.67986421513438888
  0.68980604232020171  0.69827290527688435  0.70509342190565938  0.71273291933745353
  0.71933794832703690  0.72529702564112497  0.73187631172062939  0.73777127378677432
  0.74417304035991816  0.75243164318531019  0.76225568344529959  0.77349261768489075
  0.78523317396578707  0.79494953164107196  0.80351458734220704  0.81237216446362293
  0.82132554972624128  0.82993602851290638  0.83972357916962759  0.85367731413943715
  0.86500989076611601  0.87555332915431272  0.88672613770713615  0.89791305249135622
  0.90884783151218007  0.92018570220491591  0.93079051405983992  0.94143965448284084
  0.95585846554454723  0.97023123311933512  0.98465365775313485  1.00000000000000000
 -0.00188455696629977  0.00746310067453479  0.01639897440834088  0.02880606563548353
  0.03913351645554038  0.05003891588091924  0.06047776035228326  0.06967459249550714
  0.08048730239525127  0.09255457635161331  0.10613317662826718  0.12034874534764302
  0.13420905286598916  0.14597622570444393  0.15440808605038045  0.16222862951045389
  0.16696450907165555  0.17121952821674874  0.17502674916575406  0.17912511333041659
  0.18340327442328697  0.19035940762821182  0.19930648792422687  0.20934202280338712
  0.21996340233097320  0.23244092614821202  0.24364798929073989  0.25442970508609142
  0.26511544334761461  0.27765609033512595  0.29055091429219226  0.30301193551536365
  0.31565460232572806  0.32880220927175124  0.33955296226476611  0.34802548642526293
  0.35694230578784464  0.36526844282604626  0.37278512903114608  0.37981300842915972
  0.38715817195373153  0.39563295818110705  0.40722054651359380  0.41883025396565166
  0.43084689099055773  0.44325465233397177  0.45743249830946742  0.46662277018515713
  0.47438098179588184  0.48451142990885010  0.49631159356859661  0.50671803167541296
  0.51640228630039287  0.52838013882999568  0.54024118715284153  0.54862851275402025
  0.55524035206727795  0.56161637470853709  0.56814165368816494  0.57822293200911745
  0.58768852836442309  0.59713879456299657  0.60669039685657400  0.61618355330677699
  0.62553034063087831  0.63516849116523388  0.64598375995468293  0.66173327133428583
  0.67891887815780450  0.69305190212304923  0.70471727897125380  0.71588293243931500
  0.72749863723904473  0.74060632417748440  0.75641618592862681  0.77262259779374520
  0.78780475846594178  0.80349980637799556  0.82029706040942674  0.83171331665824133
  0.84053516371171555  0.84909709590235061  0.85758617441970064  0.86941796948942485
  0.88389559387543082  0.89798769657602018  0.91206047879552410  0.92646883229387789
  0.94154696230995572  0.95680647201901892  0.96348943622754257  0.97001199295925133
  0.97663274490867025  0.98308504569244637  0.98942611310194362  1.00000000000000000
 -0.00212736348463333  0.00717406071831239  0.01692079555934732  0.02535240596861676
  0.03439298518036304  0.04610998508117244  0.05968361864978544  0.07190150290300268
  0.08229620844507651  0.09255390343283708  0.10308398183708055  0.11406217183792643
  0.12430480460715163  0.13698438175770256  0.15313166305722378  0.16904341007652349
  0.18309909721063233  0.19700207246162374  0.20888114281938977  0.21978652551871303
  0.23094596749430571  0.24162558675681611  0.25384765943353066  0.26491101748123136
  0.27522897347829001  0.28596673088327851  0.29834151670421766  0.31285256763725949
  0.32787235304489692  0.33987945317724733  0.34879198671139805  0.35678553613969655
  0.36404481249439996  0.36921540098288996  0.37361956281811542  0.37742825999741425
  0.38161804920716685  0.38621264239955855  0.39144678656712611  0.39728367778457419
  0.40718391950652927  0.41608841809330227  0.42526908210724668  0.43514528300741828
  0.44485760509179295  0.45494293803564589  0.46496159420273903  0.47577831770120727
  0.48714179466821600  0.50111927776351251  0.51707637672322182  0.53366188779539536
  0.55079406443426149  0.56461686444792847  0.57391892917714715  0.58168038155138935
  0.58893280791108749  0.59738704317260594  0.60548780965675963  0.61460051525553994
  0.62216944135135477  0.62918035869997202  0.63687349207122734  0.64692967796581868
  0.65875686862435223  0.67040813111570663  0.68088423734440084  0.69221439241359506
  0.70524566442218528  0.71631580513640269  0.72711906426953354  0.73889677003529108
  0.75213659427082435  0.76617158115290551  0.77996512991792033  0.79371087647811822
  0.80811687692269407  0.82429299987618110  0.84096131970226851  0.85453880095049983
  0.86758952177640491  0.87900538972348707  0.88784407947846056  0.89544249626764549
  0.90159356913798649  0.90747244669306748  0.91469988841994321  0.92327406526389733
  0.93184704384470862  0.94065944447211480  0.94992110028130106  0.95895769333696257
  0.96764980566144498  0.97783355682315387  0.98880639687184824  1.00000000000000000
  0.10076451699031640  0.15804953086916104  0.18077123971120623  0.20836211277857877
  0.23132854534253536  0.25740433515579270  0.29082829849476294  0.31861128508920972
  0.34835162116100560  0.37613621797220265  0.40826291056529068  0.43499440325523209
  0.45778803521093520  0.48370499483747498  0.50917751132407196  0.53153301924707963
  0.55565350675041258  0.57880490752510794  0.59681813108732107  0.61065653668330133
  0.62222593519964675  0.63278745396349101  0.64110332773435053  0.64536825254220709
  0.64974465773773349  0.65414173880700999  0.65994758812871845  0.66577247203675805
  0.67323218071188806  0.68096445071240497  0.68741780419144660  0.69237481072156748
  0.69760549348517398  0.70341992619159788  0.71009027083426990  0.71720618587386109
  0.72418718068489174  0.72962319891749272  0.73500157855476467  0.74033032080368422
  0.74582427483396452  0.75260860413322317  0.75876951469109499  0.76364954481005798
  0.76805231282566544  0.77217745131886262  0.77561261278577143  0.77993961566547432
  0.78494709446268818  0.78967319621135890  0.79357734628280419  0.79685373855365849
  0.80037058527436522  0.80389309345293136  0.80748790521442193  0.81149862525621896
  0.81476224827649379  0.81693381099431472  0.81919191707489336  0.82158249592288091
  0.82448232176893643  0.82816383633723012  0.83186092702264036  0.83479943612471819
  0.83756625871870571  0.84054067558571932  0.84350645976560357  0.84757954700126936
  0.85254081038059182  0.85610157025486466  0.85901799670010015  0.86174285758858415
  0.86442187176091578  0.86781012184316364  0.87190674846749983  0.87702136889541649
  0.88287244110705232  0.88725460820201785  0.89158783327727553  0.89577830960438565
  0.89998699119152081  0.90526247645491598  0.91045236235778593  0.91594643498122263
  0.92163254426985852  0.92740494402010198  0.93302132349504785  0.93833881548956000
  0.94373486622543556  0.94935675217156379  0.95516751701030822  0.96155573633730806
  0.96962099636461574  0.97859143364229473  0.98889527333117988  1.00000000000000000
 -0.02799110359972733  0.21750413202695898  0.24812210028016607  0.26770234481757404
  0.28445008073684819  0.30092544542244432  0.31392743515355842  0.32513703958422691
  0.33618944641815562  0.34829416853412776  0.36187671593582987  0.37499834247317954
  0.38596989310715701  0.39575752063926084  0.40459825350920653  0.41331764565601969
  0.41970152432817781  0.42511198188796084  0.43033943888792558  0.43657005933040460
  0.44484232317402977  0.45265006110650313  0.45972042166492405  0.46748761120905735
  0.47685743382928486  0.48515834878131237  0.49242427240596737  0.49951819385091029
  0.50754874189575228  0.51650344673710979  0.52376756141538650  0.53093454478602564
  0.53736925698551541  0.54379709938443987  0.55121347744024241  0.55928724409704011
  0.56778493023693255  0.57771093071743473  0.58710004420997663  0.59510248439105018
  0.60349053102502292  0.61204601258431812  0.62082034253440110  0.62892523918083465
  0.63563020275495252  0.64245782854235745  0.64874700458383061  0.65330666156541761
  0.65722962761136527  0.66099490913893988  0.66434658921864620  0.66857577880138919
  0.67337652495722333  0.67808430425477728  0.68263587943204074  0.68694107690648143
  0.69030115897796451  0.69315016055585776  0.69630795541571355  0.69993930504912494
  0.70486475536079485  0.71031827109395573  0.71502919237166462  0.71815211209853713
  0.72108922371235173  0.72407684639725589  0.72690101948344366  0.73016857562825754
  0.73426729913202082  0.73880155573760331  0.74372358473305011  0.74813552477885026
  0.75322928336939854  0.75821863326584971  0.76357438934170263  0.76876907883205525
  0.77444875264415580  0.78046775971498017  0.78642019515180617  0.79214294517523576
  0.79767465514549429  0.80099512065205791  0.80436099333926325  0.80781398136734661
  0.81178858513203422  0.81633312648625134  0.82432779097755626  0.83469279716233891
  0.84462191768821160  0.85421444888546016  0.86417948518974497  0.87663590857202733
  0.89245692906685359  0.90961109923911077  0.93113794161155761  1.00000000000000000
   8.3089860031040836E-009  -1.0000000000000000     
 F F F F F F F F F F F F F F F F F F F F F F F F F F F F F F F F F F F F F F F F F F F F F F F F F F F F F F F F F F F F F F F F F F F F F F F F F F F F F F F F F F F F F F F F F F F F F F F F F F F F F F F F F F F F F F F F F F F F F F F F F F F F F F F F
  <DiscreteSampler_grid>
  grouped_processes
  1 # 1 for a reference and 2 for a running grid.
  10 # Attribute 'min_bin_probing_points' of the grid.
  1 # Attribute 'grid_mode' of the grid. 1=='default',2=='initialization'
  0.0000000000000000 # Attribute 'small_contrib_threshold' of the grid.
  0.5000000000000000 # Attribute 'damping_power' of the grid.
 # binID   n_entries weight   weight_sqr   abs_weight
    13   10   1.014554505064047E-002   3.972637944710315E-004   1.014554505064047E-002
    14   10   1.014554505064047E-002   3.972637944710312E-004   1.014554505064047E-002
    16   10   1.029147565260060E-002   7.359432295925229E-004   1.029147565260060E-002
    17   10   1.029147565260059E-002   7.359432295925217E-004   1.029147565260059E-002
  </DiscreteSampler_grid>
