  0.00007132688950878  0.00007273864690762  0.00007467187963794  0.00007679111115422
  0.00007906801383269  0.00008125245638772  0.00008337015549332  0.00008563072883911
  0.00008811294782324  0.00009060222800433  0.00009187252180677  0.00009232951276837
  0.00009245109495614  0.00009250805147371  0.00009253449193377  0.00009254792797787
  0.00009255752056468  0.00009256470344025  0.00009256971225607  0.00009257298593455
  0.00009257601432042  0.00009257827252215  0.00009257993800046  0.00009258136951283
  0.00009258258780134  0.00009258375414854  0.00009258465224465  0.00009258555034076
  0.00009258632844819  0.00009258704759796  0.00009258776674774  0.00009258844272029
  0.00009258910501115  0.00009258976730200  0.00009259047050179  0.00009259119765556
  0.00009259192480933  0.00009259280023224  0.00009259371720614  0.00009259477919919
  0.00009259597430997  0.00009259755729916  0.00009259933531322  0.00009260130612763
  0.00009260349994259  0.00009260622058832  0.00009261148189280  0.00009261819122360
  0.00009262715909564  0.00009263915519325  0.00009265512026324  0.00009267704826393
  0.00009273503525780  0.00009287006630580  0.00009323328801042  0.00009447213117833
  0.00009705493419324  0.00010077264013924  0.00010486317016353  0.00010919357764729
  0.00011528999750783  0.00012456168949350  0.00013561945539384  0.00014895350369712
  0.00016503945816010  0.00018410544962567  0.00020584095144284  0.00022799185092820
  0.00025107939128516  0.00028008203383158  0.00031639154406944  0.00036028947635089
  0.00041055407310923  0.00046373414706542  0.00051998564823527  0.00058441751787494
  0.00065738938341015  0.00074530604421120  0.00085809494543208  0.00099415680017265
  0.00113882861389394  0.00130274508461680  0.00149718447844742  0.00173298053467301
  0.00205789965292426  0.00247646531493878  0.00293402054944818  0.00340238408370551
  0.00394050514655314  0.00475199786435366  0.00567669286545520  0.00656418872715154
  0.00769220955218528  0.01037916139935829  0.42759340099423260  1.00000000000000000
 -0.00735157440549055  0.02899798624329039  0.05122862386671419  0.06605846808835904
  0.08032227062473576  0.09468713122845519  0.10712246607077699  0.11761254936859833
  0.12826479403821467  0.13918482479070365  0.15055301284890490  0.16233071261988016
  0.17423737749416321  0.18702411728806745  0.20130380608670520  0.21222874646451592
  0.22404217095520826  0.23566401836263651  0.24760073160058765  0.26063965383085785
  0.27506031557506633  0.29030627879862175  0.30478125418189905  0.31558497732955249
  0.32207952651709232  0.32906042417346126  0.33634846720595224  0.34334617084276797
  0.35062106941356064  0.35424807166703609  0.35686937061656554  0.36110598891308293
  0.36603443799718821  0.37272856809354549  0.37973656485659257  0.38819270947903339
  0.39654689916584673  0.40611815730015211  0.41560001618691955  0.42366586952867119
  0.43225238684644041  0.44384689716300529  0.45788261282133985  0.47170248535558035
  0.48429023969712209  0.49587847238885457  0.50721589385098420  0.51872140946443523
  0.53009655357229557  0.54131594149497853  0.55276528969670691  0.56404873710008629
  0.57556895530490038  0.58769914046521321  0.60009867570875097  0.61314628584182118
  0.62729130352346463  0.64100324999045466  0.65258341899169259  0.66202838246627638
  0.67096944742046938  0.68022351219651800  0.68959411864930975  0.69841742503653170
  0.70714358307757275  0.71646981916123598  0.72502486259048426  0.73238695272276733
  0.73901484656497829  0.74541293294780531  0.75249899298324407  0.76007881963183765
  0.76663933192788414  0.77266251092767202  0.77876105649114158  0.78548982587689486
  0.79802178780046606  0.80981146387192482  0.82130019399428933  0.83402081091186975
  0.84573328608975540  0.85735543552907467  0.86900652796347244  0.87992271882347339
  0.89098101886829106  0.90216169034746230  0.91271433468718000  0.92273848048275364
  0.93282684306947627  0.94297851675288580  0.95386855454732078  0.96365476267174666
  0.97295301911816578  0.98282934993478632  0.99155550625453814  1.00000000000000000
  0.00000044598385629  0.00000348716707933  0.00000530551315109  0.00000710336883743
  0.00000919966633380  0.00001163469456741  0.00001370773099261  0.00001554451014405
  0.00001758067811230  0.00002043321923255  0.00002351276237964  0.00002630727591281
  0.00002886627075731  0.00003129150303483  0.00003371701092718  0.00003635297522669
  0.00003922590715690  0.00004226874003404  0.00004536513403846  0.00004843424102353
  0.00005154273703333  0.00005467998307057  0.00005764436086664  0.00006041531992872
  0.00006323071550970  0.00006618654669519  0.00006904047278503  0.00007128451923886
  0.00007347168221847  0.00007581467277333  0.00007835811318553  0.00008075424788049
  0.00008320511938276  0.00008599830729623  0.00008902623768938  0.00009306403541399
  0.00009819016138370  0.00010379943465754  0.00010964884197220  0.00011563554319811
  0.00012179248509831  0.00012798476122208  0.00013520178321299  0.00014276812807939
  0.00015036016495840  0.00015723005384010  0.00016277624979897  0.00016728531161643
  0.00017184516918439  0.00017666055167122  0.00018205668424383  0.00018829242439881
  0.00019393729524547  0.00019830105108566  0.00020266702579596  0.00020776158541639
  0.00021350105272401  0.00022113836618685  0.00022863901211598  0.00023866219498152
  0.00025169726034918  0.00026606308817666  0.00028200324830849  0.00029915506613752
  0.00031778117699618  0.00033743974515784  0.00035559963585951  0.00037240247190974
  0.00039211373169615  0.00041321059660408  0.00043439976308855  0.00045889875647344
  0.00049282394148652  0.00053262366021049  0.00057551066674708  0.00062454704143682
  0.00068331734455522  0.00075005517543205  0.00083627599837879  0.00092899220555822
  0.00100318908634522  0.00104801229153699  0.00109489653451068  0.00114531785804271
  0.00119909030955488  0.00124175679884843  0.00128043826133497  0.00132944437632309
  0.00139090516695607  0.00148864187207038  0.00163478389987310  0.00181166682424296
  0.00228357609561350  0.00746940710708117  0.03578592772162732  1.00000000000000000
 -0.00275185904392042  0.00905661546439054  0.02022760616193473  0.03017887965954795
  0.04023682953812618  0.04972805227301785  0.05821234217805053  0.06654481176389913
  0.07522124222331365  0.08451700669513633  0.09453409924775297  0.10437661260512530
  0.11435234982205912  0.12441161473718891  0.13439024669596641  0.14499540640721750
  0.15528054101466060  0.16381678997965449  0.17171392297068563  0.17952752399926464
  0.18699815043883281  0.19533699502245208  0.20440415336246873  0.21416319550366492
  0.22510174880851397  0.23731688448015997  0.24892279536117673  0.25923438284041267
  0.26944086111257154  0.27957621506181674  0.29007395272090669  0.30153026571600738
  0.31380311689937490  0.32670696747986405  0.33983721770689052  0.35365703754260047
  0.36485818258509628  0.37255576338389818  0.37918341694696522  0.38638779804367390
  0.39473076110646621  0.40225106470147448  0.40938730811047941  0.41989695571059582
  0.43317349127023569  0.44680217843058889  0.46166219375047751  0.47549993782958033
  0.48416012856758817  0.48836220986686568  0.49294992285976791  0.50073832823205100
  0.50791739749056475  0.51531455974327967  0.52318623425047506  0.53136219441773380
  0.53850098968677873  0.54274987677800357  0.54986887335309342  0.55794692701333137
  0.56748255306360240  0.57969684007114353  0.59133757856819502  0.60166421653132562
  0.61106160499675743  0.62032400450781899  0.63091210329989633  0.64201803715255001
  0.65397266751986194  0.66608286247819914  0.67851549653067766  0.69155713388980800
  0.70264881097354903  0.71619100504973632  0.72393737845131323  0.73331551161667063
  0.74183822577150249  0.75007652158050397  0.75967029156264176  0.76975384506326605
  0.78008635352098088  0.79513093097252385  0.81125508007794744  0.82627762435344698
  0.84189412243235173  0.85884569959814161  0.87674441092159250  0.89355190002925011
  0.90916860014708734  0.92354274920912038  0.93641401876683039  0.94877721624440414
  0.96148420938468837  0.97195096303420192  0.98575208628697686  1.00000000000000000
 -0.00279405630940446  0.00969793894534862  0.02168628909733136  0.03123033750067645
  0.04240333516688988  0.05263179693747626  0.06192176423257213  0.07173797571178350
  0.08119873778045716  0.08915000334922951  0.09567217085679987  0.10215946201173895
  0.11044773409916113  0.11934923625979844  0.12735014314511722  0.13487935229190554
  0.14153698836454903  0.15158240608512163  0.16429872723720260  0.17761202887756938
  0.19063378927918639  0.20289790824738385  0.21351444711046502  0.22181593757959403
  0.23018641643560650  0.23929850971086553  0.24845065592618781  0.25584840876913478
  0.26500356805168573  0.27361896108960249  0.28011708618594122  0.28667448489356395
  0.29464569811354552  0.30373283103584126  0.31138476853042041  0.31826324644874404
  0.32853026285397524  0.34080355513156702  0.35193972776827159  0.36317063427694929
  0.37543693605911682  0.38807577054092601  0.40009573947320887  0.41135897350627615
  0.42272241854596071  0.43521883602974387  0.44881532857364254  0.46166766070061860
  0.47138544692714890  0.48161425314060852  0.49251620791592676  0.50386950186551660
  0.51570494936171674  0.53089152074317814  0.54552107823496532  0.56027372113456497
  0.57584694368689282  0.59238311685855349  0.60696560439063241  0.61930546788147389
  0.63085584324486121  0.64216121285061512  0.65391464546611244  0.66730116177821219
  0.68190735280367476  0.69667602964762876  0.71127212707618559  0.72461446799623130
  0.73712723203118302  0.74924229847121393  0.75875424919283552  0.76755501266985104
  0.77652399690847607  0.78606038082255592  0.79663988168131694  0.80930859805950828
  0.82131987384225269  0.83273334473952643  0.84403913437955480  0.85440363373341888
  0.86205143408505780  0.87180460816391492  0.88030972895597481  0.88862175690291167
  0.89568201485748933  0.90087622129288036  0.90702175939028939  0.91230915175996319
  0.91994114126607296  0.93093890480064601  0.94390026412002148  0.95529118492601095
  0.96661854979828810  0.97854984787679578  0.98927966954423574  1.00000000000000000
 -0.00412479225166578  0.01036397082655920  0.02261972778438472  0.03326453469888189
  0.04340897944906034  0.05410216524084855  0.06490502972092752  0.07574533083791354
  0.08720292574591045  0.09993517162459557  0.11249789327859371  0.12326469871703256
  0.13046058956740042  0.13810876248873519  0.14609674834934777  0.15569580616895584
  0.16985159216186016  0.18463170215124161  0.19470921794525090  0.20265801736853672
  0.21115697920587570  0.22087682369259232  0.23047263005552818  0.24162304720590519
  0.25710437597905839  0.27137888670659965  0.28660085289852061  0.30111365374026222
  0.31392807179574139  0.32687621796068556  0.33901127689786276  0.35208990923465971
  0.36676152632344416  0.38157051590983759  0.39403713740815027  0.40317633315889351
  0.41187194845536879  0.42179064922488479  0.43186197687862798  0.44102433880841257
  0.45003857609430142  0.46266234407749735  0.47962648890789161  0.49755965254944162
  0.51420482059967076  0.52975208203124702  0.54400359197397519  0.55692255430469062
  0.56970745719427085  0.58319319702763683  0.59681683558378318  0.60898755453687270
  0.62058266046101418  0.63229003987625765  0.64493422827345681  0.65726293807547020
  0.67084432541446004  0.68349209095670738  0.69445745698830619  0.70484702672156707
  0.71544835980681065  0.72483614607545910  0.73257339447209879  0.74186523986118480
  0.75195590140214907  0.76223431594356095  0.77317432387222151  0.78241227760174781
  0.78913381508705316  0.79492925424673844  0.80108788083170990  0.80883810306446779
  0.81565305901937502  0.82249188861449218  0.83094913695066031  0.84226101230234018
  0.85589550398161440  0.86678996845970790  0.87803542457679129  0.88977712483534188
  0.89926620372100230  0.90679414231784339  0.91439002682197745  0.92254361708254096
  0.93055014222213184  0.93814067185104077  0.94586770231152228  0.95280019103038915
  0.95943312800686809  0.96578408030385454  0.97348501237513685  0.98102825556105533
  0.98689222283205869  0.99131961001427060  0.99557386254829683  1.00000000000000000
 -0.00199496663995563  0.00768787456654693  0.01898564024617095  0.03017514788982809
  0.04115925854761825  0.05045755134774343  0.06270323129972967  0.07589435461191356
  0.08897400560199387  0.10236685899828238  0.11499757207736117  0.12421913006885235
  0.13066287916714955  0.13813940984222342  0.14530901251490458  0.15125016139114161
  0.15971168090523202  0.16614066042350037  0.17112039258881881  0.17948515704374779
  0.18592890760183414  0.19305476516157663  0.20150017225469274  0.21022103464339076
  0.22089528675553644  0.23272586049379312  0.24396475170673901  0.25558521841373988
  0.26691857769089483  0.27830837427052874  0.29024347428002545  0.30235030644061478
  0.31515378870510480  0.32848367796718453  0.34083601118736934  0.35334797782016875
  0.36633667111680779  0.37923008210224968  0.39168255566775095  0.40410566732180747
  0.41705935989711812  0.43052610609402669  0.44147218910134495  0.44951393660251576
  0.45779884234808094  0.46477617095147222  0.47119255518605813  0.47813525779837496
  0.48646058232065875  0.49920106973316219  0.51325659099903864  0.52690151648710959
  0.53961645892132493  0.55157506644241361  0.56304761579183116  0.57406429121834046
  0.58436941233153594  0.59395317113489610  0.60372128607396092  0.61384276142771388
  0.62485984178480469  0.63721672787489325  0.65200992644147648  0.66697496213669460
  0.68208367169586748  0.69719719410495462  0.71134949456074070  0.72369088125700987
  0.73342168500338656  0.74027918679028160  0.74722273803253791  0.75493280515239491
  0.76230491870701667  0.77016851056408420  0.77757514226721192  0.78343364032456642
  0.78972630430734214  0.79768723506489037  0.80649734468768075  0.81484364684397748
  0.82168117315699429  0.82817561908021531  0.83823541003035107  0.84967384903883303
  0.86132262010553751  0.87545771217754365  0.89057353119814486  0.90530395996155033
  0.91853456230667752  0.92986282514153462  0.94035995945729933  0.95142695390460086
  0.96281852401468115  0.97430383101046314  0.98536137743446817  1.00000000000000000
 -0.00241022198914223  0.00841464067293258  0.01990138567946083  0.03165477772126910
  0.04477477123838174  0.05810634428751754  0.06932245884871747  0.07968654331379646
  0.09046818178425643  0.10182723669083829  0.11272820861870045  0.12169411622928174
  0.13089304999342172  0.14110481441915551  0.15231002983304409  0.16422709643637953
  0.17646260776305780  0.18873745797829153  0.20106593819048232  0.21218718949665022
  0.22160524613467392  0.23273430285436719  0.24551190686499891  0.25824446976308352
  0.26923179803356689  0.27954501269423282  0.28810842322229274  0.29538195955401042
  0.30263488305630332  0.31181020125221232  0.32403653679481392  0.33741324426641239
  0.35058703288074378  0.36253080470608162  0.37509417326449962  0.38798255041013213
  0.40027461947537857  0.41289632904211121  0.42587352346293195  0.43846979014977561
  0.45089416140253163  0.46369652566442876  0.47645645829186223  0.48877457576245237
  0.50147318868581092  0.51494854475463481  0.52925858227392375  0.54343413925434136
  0.55779833367422427  0.57248060858356675  0.58752848452174067  0.60343004317485471
  0.61705281855566685  0.62891853693149591  0.63936968332551292  0.64946599649252235
  0.66025232456935679  0.67157841394939166  0.68278580419459545  0.69169652250717739
  0.69905147721579808  0.70762258936041955  0.71450425577046828  0.72062878547591136
  0.72708581844799169  0.73619675344069035  0.74836921354990371  0.75863005827665764
  0.76534539082291020  0.77249228593086794  0.78068512676061541  0.78742751910945474
  0.79214796166853108  0.79887133437743241  0.80858528157440235  0.81747035567339077
  0.82550848298039203  0.83376101882473075  0.84320921439783891  0.85294409785896841
  0.86564218648907798  0.87994051435380993  0.89031735882228047  0.89622593118278848
  0.90170854899692632  0.90786961390631693  0.91470393068970601  0.92261418260571770
  0.93113679502089985  0.94111312512302514  0.95104482496079734  0.96049880959994982
  0.97068157603828586  0.98114498245892823  0.99119972701243253  1.00000000000000000
  0.03497281586902105  0.17966862513328369  0.36580542527227183  0.51789403021620439
  0.60803533759918815  0.63292725336004807  0.64251127780086326  0.64920384452556246
  0.65413510581903522  0.65911935499654706  0.66240673187942889  0.66474695050419030
  0.66679379662690941  0.66932026306215242  0.67246630061045543  0.67552978346375459
  0.67848958410134130  0.68185577513397122  0.68515628797776096  0.68892178243623214
  0.69128051518968370  0.69410537022030150  0.69705039785841427  0.69992887646024582
  0.70294380899142717  0.70628218340745619  0.70980022467363679  0.71286807793399332
  0.71613297754404215  0.71957790130547417  0.72307371897245487  0.72656474315035635
  0.73011523473201978  0.73430254524317173  0.73766862111068532  0.74017069771054966
  0.74244247010114606  0.74469481698425444  0.74694155201275692  0.74925733186491739
  0.75144387985965067  0.75355701827314758  0.75571940599700616  0.75797274769673029
  0.76005361865571575  0.76332612030644176  0.76751503405948651  0.77188684613687930
  0.77544205148997214  0.77862009189239656  0.78165056618942219  0.78419078963685562
  0.78645558884606459  0.78900793308536432  0.79168244777177710  0.79473806359198207
  0.79804197792217590  0.80126575162973190  0.80431737341071119  0.80754908517153035
  0.81212272563118637  0.81615141868989804  0.82011024386356013  0.82407203246106120
  0.82804146479613328  0.83188062088979131  0.83556881798527638  0.83929302634891989
  0.84300327080782689  0.84675947381581429  0.85069975344043847  0.85466235703822191
  0.85843093421050221  0.86204948954933380  0.86563372506886938  0.86950133375069594
  0.87332493443074521  0.87724875869107943  0.88116846633442958  0.88539057043669644
  0.89012787723911690  0.89545227745549838  0.90145904900508955  0.90775613206748840
  0.91423559030178936  0.92099035977360189  0.92797659527693221  0.93483981370613412
  0.94273175989926006  0.94930804176941963  0.95469920468510316  0.96094296595085615
  0.96699945287718725  0.97328687532918368  0.98082400368727540  1.00000000000000000
 -0.05053225028655386  0.21977902718533093  0.25513020536582975  0.28347813228796614
  0.29793734260454918  0.31093490331234547  0.32558723054287847  0.33509007764227944
  0.34349529948517776  0.35373224812798193  0.36650687434102280  0.37840964139749078
  0.38738746382247913  0.39600050070473802  0.40527031406399239  0.41522009061660287
  0.42546205984964219  0.43563288257462079  0.44372149139853734  0.45225492671709200
  0.46100632813002773  0.47084452684344358  0.47970492614966703  0.48675777839376050
  0.49337944140698980  0.50016202144146660  0.50652459427774099  0.51263352462285916
  0.51825327822387346  0.52386972261436693  0.53103769032077097  0.53912047360037307
  0.54668334484935910  0.55389208324529615  0.56074548057250162  0.56755041519782878
  0.57424321093328667  0.58082056933105075  0.58756415709942877  0.59458659066997510
  0.60183969770236834  0.60847376559007615  0.61437772170985716  0.62045101644125966
  0.62666187866157996  0.63293832467376043  0.63911355098996947  0.64507396704800291
  0.65095888856808415  0.65702527386038234  0.66331830899918054  0.66899772457095119
  0.67355522798710266  0.67824303369280137  0.68267531415044269  0.68650120872316667
  0.69040927842544442  0.69519410291656836  0.69985332042723569  0.70495444565248089
  0.71158261820244750  0.71557245748011766  0.71972419780046426  0.72367442834804474
  0.72759491717576597  0.73152904864921009  0.73567731023638627  0.74020004671332951
  0.74510880491475850  0.75049599060662953  0.75606349305102893  0.76162713888392719
  0.76718758163876932  0.77260426134714100  0.77754734946565796  0.78177660585097075
  0.78573767090450508  0.78965810915680001  0.79351896509627473  0.79709862789952968
  0.80268415653110370  0.81020347068424436  0.81754673041423909  0.82334057658186133
  0.82761097284379814  0.83160558021541786  0.83540567990118664  0.83931838689399285
  0.84385562035271766  0.84850874491096440  0.85256965827775189  0.85667624665556019
  0.86463932208166405  0.87890448159673173  0.90546745159951636  1.00000000000000000
   6.6070686245009259E-010  -1.0000000000000000     
 F F F F F F F F F F F F F F F F F F F F F F F F F F F F F F F F F F F F F F F F F F F F F F F F F F F F F F F F F F F F F F F F F F F F F F F F F F F F F F F F F F F F F F F F F F F F F F F F F F F F F F F F F F F F F F F F F F F F F F F F F F F F F F F F
  <DiscreteSampler_grid>
  grouped_processes
  1 # 1 for a reference and 2 for a running grid.
  10 # Attribute 'min_bin_probing_points' of the grid.
  1 # Attribute 'grid_mode' of the grid. 1=='default',2=='initialization'
  0.0000000000000000 # Attribute 'small_contrib_threshold' of the grid.
  0.5000000000000000 # Attribute 'damping_power' of the grid.
 # binID   n_entries weight   weight_sqr   abs_weight
    13   10   4.710604557755937E-001   7.563102821773040E-001   4.710604557755937E-001
    14   10   4.710604557755920E-001   7.563102821772965E-001   4.710604557755920E-001
    16   10   4.508899506125701E-001   8.078269945954715E-001   4.508899506125701E-001
    17   10   4.508899506125679E-001   8.078269945954606E-001   4.508899506125679E-001
  </DiscreteSampler_grid>
