 -0.00198311638420280  0.00605728792735798  0.01512606853309247  0.02577750535270045
  0.03806187891185402  0.05027026530706893  0.06088677741579867  0.06965830764154420
  0.07794326742525588  0.08777097187327745  0.09840262157572949  0.10730214633050325
  0.11619632559277102  0.12735628906087645  0.13718034217276781  0.14528412963013801
  0.15524494211669040  0.16761195537953230  0.18235621735594826  0.19655287112215228
  0.20656895403670461  0.21581523084592980  0.22534468494688800  0.23455818132084780
  0.24340169384071364  0.25284668956709128  0.26460492986849204  0.27655378192508695
  0.28740422482434630  0.29801114126601053  0.30798609236700225  0.31694959680013751
  0.32679017624599999  0.33645412739592861  0.34610860327785753  0.35687039805794363
  0.36731402940951297  0.37769217742430850  0.38849319890448969  0.39938788178211665
  0.41066576763015061  0.42267023121018171  0.43538887978635543  0.44826435166081563
  0.46037286813727551  0.47111180058454910  0.48100030912189140  0.49065997245960685
  0.49951406754619915  0.50943698803294801  0.52097348649922859  0.53213612544570854
  0.54252751384039533  0.55255773126436625  0.56194346711080101  0.57181391017350713
  0.58231311297589960  0.59314020948143920  0.60433885821555577  0.61432338606484682
  0.62419612444547945  0.63724296978044059  0.65132837843461810  0.66185682996565498
  0.67060699595370721  0.67977930853636370  0.68885677975950321  0.69729693430783612
  0.70751255998816009  0.71682388058657409  0.72576260095908562  0.73315315833603267
  0.74085951376415493  0.74884832885587715  0.75857350068988283  0.77039235700696074
  0.78265997677464072  0.79433962751809017  0.80482620912746594  0.81520532397466350
  0.82646557279598176  0.83780713644059668  0.84906338343993204  0.86114043293384002
  0.87394581661166282  0.88608142770533127  0.89708452188441268  0.90779843447858644
  0.91882143133003080  0.93034590783776927  0.94231591095116829  0.95495657042128823
  0.96836622898251756  0.98057506420891383  0.99071371951026210  1.00000000000000000
  0.00007111346757214  0.00007383949831704  0.00007684617852476  0.00007966892636108
  0.00008255219909646  0.00008594625260916  0.00008959556910079  0.00009174963174841
  0.00009232615096530  0.00009245407540781  0.00009250811568969  0.00009253727315780
  0.00009254939575350  0.00009255764870469  0.00009256413753242  0.00009256936764005
  0.00009257324097141  0.00009257604266553  0.00009257825787353  0.00009258010429259
  0.00009258157893123  0.00009258266044090  0.00009258360975441  0.00009258450285837
  0.00009258528787895  0.00009258602075632  0.00009258665625997  0.00009258729141737
  0.00009258784986147  0.00009258840830557  0.00009258896588916  0.00009258952219786
  0.00009259007850656  0.00009259068269907  0.00009259129950748  0.00009259198509047
  0.00009259275959616  0.00009259362413100  0.00009259459879101  0.00009259570546632
  0.00009259688501761  0.00009259820420679  0.00009260056184024  0.00009260311479086
  0.00009260668849056  0.00009261130403271  0.00009261705743480  0.00009262459678938
  0.00009263968611186  0.00009266894779645  0.00009272801327856  0.00009293451934498
  0.00009398167783559  0.00009789090117833  0.00010343468655222  0.00010946698726201
  0.00011768289871143  0.00012798103908121  0.00013965102323885  0.00015295996751791
  0.00016824266142652  0.00018616824724673  0.00020694362530375  0.00023082414060222
  0.00025786028590474  0.00028880870314799  0.00032546309973464  0.00036590648933744
  0.00040898164186992  0.00045698747594606  0.00051359397776290  0.00057915249407137
  0.00064854049261802  0.00072170888485054  0.00080469224327617  0.00090271196520180
  0.00102115559246562  0.00116212148838456  0.00133348729046856  0.00152065450910621
  0.00174074354084632  0.00201253085882600  0.00231844438392421  0.00264229385017787
  0.00301568792619621  0.00342566823691850  0.00392178472454526  0.00459600502680050
  0.00549609221913346  0.00676786525991229  0.00833757573639042  0.00982624012934574
  0.01245693002680796  0.03224048239280611  0.25945835489632357  1.00000000000000000
  0.00000019408847641  0.00000403453283522  0.00000650315831638  0.00000902129543733
  0.00001125507040925  0.00001331649697353  0.00001572907200608  0.00001805210106143
  0.00002031340094117  0.00002247487365095  0.00002425795529825  0.00002592488449015
  0.00002754006463303  0.00002915610411348  0.00003129161942486  0.00003348620601780
  0.00003571557214644  0.00003817453907885  0.00004051733447466  0.00004284949234249
  0.00004532764062221  0.00004739482695169  0.00004930570192364  0.00005128882315447
  0.00005342857826127  0.00005586304492105  0.00005856333488167  0.00006139252340184
  0.00006417174162891  0.00006711247225153  0.00007024720612607  0.00007342063593824
  0.00007682222751304  0.00008039480222434  0.00008421010228953  0.00008832756719193
  0.00009307851118356  0.00009830954305315  0.00010367274287600  0.00010897075859949
  0.00011418122140719  0.00011946303936162  0.00012494404920149  0.00013062972993430
  0.00013698181513849  0.00014395241420702  0.00015077717674921  0.00015704705027105
  0.00016334850307543  0.00016994150597711  0.00017691627411180  0.00018477929500067
  0.00019366386417448  0.00020331414518399  0.00021289892994776  0.00022304443617978
  0.00023545620104491  0.00024866310025783  0.00026122178563829  0.00027327018488927
  0.00028576330606751  0.00029934793703175  0.00031478120747219  0.00033427000433378
  0.00035594955008663  0.00037684656332576  0.00040055998480366  0.00042614495091750
  0.00045256467119020  0.00048238111465092  0.00051586485758376  0.00055059523336601
  0.00058586542689838  0.00062336133588821  0.00065813578850835  0.00069307481497538
  0.00073943915354766  0.00078593034012841  0.00083313842061558  0.00088301177804258
  0.00093402087327174  0.00100931415801759  0.00109752198910748  0.00119859062632302
  0.00130359250507546  0.00139940485148808  0.00147493541529832  0.00157244751606392
  0.00169262277724074  0.00182902805331237  0.00198870944236335  0.00221530483839608
  0.00252130393334999  0.01393264122596775  0.04297443581855408  1.00000000000000000
 -0.00287356472844079  0.00816067974611381  0.01945140472268425  0.03070144252688644
  0.04188293555632844  0.05239972431299026  0.06073152011918009  0.06727421357449946
  0.07357769407919609  0.08004348992954934  0.08657106151514489  0.09400568723325309
  0.10281304565770100  0.11219878645976994  0.12302266246610283  0.13564613700633235
  0.15026844243839929  0.16655274762280786  0.18076240913047437  0.19444801415988783
  0.20717909994176525  0.21927833570473609  0.23279143098902055  0.24736187094369508
  0.25911372983816527  0.27076478473501309  0.28131238707455752  0.29014972517345727
  0.29999457293364629  0.31226075824134802  0.32434715623845400  0.33451611711562151
  0.34416052678176579  0.35493403368982113  0.36823140878699234  0.38218728145267122
  0.39657873518348508  0.41057872753421748  0.42308799365459748  0.43491944441189390
  0.44591872732736731  0.45711939376692146  0.46736771377968667  0.47812505442135150
  0.49124335922187434  0.50488818454131290  0.51975993437418944  0.53378808647368836
  0.54674034999574150  0.55910254966759432  0.57066794671526100  0.58291231852884595
  0.59660976988048098  0.61004942458321609  0.62230134079770982  0.63326136021320900
  0.64426259510281270  0.65652786915157735  0.66719743324279757  0.67740126733627581
  0.68738919521043818  0.69726444177253954  0.70706748582336731  0.71715141619008504
  0.72753866839523207  0.73853641038071705  0.74847848510711124  0.75819202790495510
  0.76791655399301151  0.77890735450859572  0.78955579088724581  0.79995196609860386
  0.81010479934619151  0.82044939188070454  0.83171551774621810  0.84319675708818287
  0.85422359099642275  0.86376042783812756  0.87264784482357027  0.88207658162889491
  0.89161341470347155  0.90100277391712025  0.91021183991794274  0.91794215096618681
  0.92504167485090771  0.93208876653348127  0.93917627950115401  0.94631457956355181
  0.95316484663698864  0.95933496030918719  0.96478776244198960  0.97064658254684255
  0.97792475081864871  0.98469866921851301  0.99207207511488982  1.00000000000000000
 -0.00156040338696827  0.00684146655209094  0.01697141462906806  0.02833310300806165
  0.04269453255379629  0.05283410726584252  0.06035241407884364  0.06880919227853663
  0.07825690356056647  0.08757709242028153  0.09660426339238368  0.10663066555153315
  0.11605908141632650  0.12538763475685105  0.13495862015236218  0.14460910475561234
  0.15460257696557864  0.16572366983030046  0.17721136544429714  0.18776344913093879
  0.19768834214537759  0.20798529300353419  0.21869449424226636  0.22973468161455757
  0.24095543913055106  0.25143182953091581  0.26033512193573605  0.26885458422465547
  0.27803134628305293  0.28806873120202331  0.29833037904869436  0.30881163530793732
  0.32004645361112266  0.33219015485987219  0.34537090392648839  0.35953739198582568
  0.37399787497912884  0.38772112284691301  0.40019494925741916  0.41221039601439063
  0.42443789039126728  0.43682973299034661  0.44997033658613939  0.46365553037024992
  0.47741819918018402  0.49118130742027538  0.50499140361435080  0.51648664222534768
  0.52516687253631000  0.53353548548442797  0.54218346585324517  0.55190696087375890
  0.56075082319008140  0.56780625327559098  0.57410242045821758  0.57953170223215222
  0.58837400924840422  0.59712697751931887  0.60783843824019557  0.61929032626227210
  0.63094374326441949  0.64290150398113932  0.65445459190911315  0.66523009485317652
  0.67634204033178114  0.68776242048961922  0.69456894754780751  0.70161034706316827
  0.70936461452643507  0.71754066934306171  0.72648120016551487  0.73709575006990513
  0.74846702563517387  0.75802800266166093  0.76654363116671032  0.77581891247924695
  0.78625539391140964  0.79780112669461856  0.81087674207359106  0.82326429630318798
  0.83432666313329229  0.84505107725201856  0.85547502492627292  0.86628120962427468
  0.87831842500715152  0.89114687463457720  0.90396783546606119  0.91626948247871121
  0.92812976321052743  0.93922961892150736  0.94886748734746196  0.95914929434229523
  0.96940401277274457  0.97808629532995461  0.98843844723869367  1.00000000000000000
 -0.00198640019722524  0.00754321923296904  0.01752672457644136  0.02800355425121810
  0.03882057470385919  0.04881865559751167  0.05794779219189775  0.06713000043148185
  0.07812988744097295  0.08689161855007656  0.09476262533138788  0.10089276759439507
  0.10778441403283340  0.11514861992079219  0.12454314946960568  0.13411274674025850
  0.14307197016613185  0.15275706180143603  0.16346389691305196  0.17370728447637829
  0.18296049366510908  0.19211679011134059  0.20154688609529894  0.21029433870150999
  0.21777043662022860  0.22522995218482042  0.23235777396589039  0.23923882154563894
  0.24679260771222589  0.25573055096407449  0.26709716910326275  0.27851654349440746
  0.28977482607899568  0.30107400485423708  0.31277573852049617  0.32494336744579910
  0.33711886716555900  0.34877491156304080  0.35985859640332091  0.37102737132810149
  0.38267306615547969  0.39310774888840644  0.40212198663097554  0.41118764938017383
  0.42115033922322603  0.43245988040230671  0.44410586178247280  0.45496914970911867
  0.46500927113696816  0.47528481450129395  0.48542236854193299  0.49571671471913686
  0.50694331344599342  0.51915645124557985  0.53171476591499767  0.54306467358994548
  0.55168766707622752  0.55869612674173763  0.56508721218523550  0.57588923250905910
  0.59104902242208446  0.60434169989897146  0.61757084932602913  0.62951238736914339
  0.63952797856794152  0.64855177422635191  0.65828929858282481  0.66826126351867809
  0.67815116779882245  0.68985295405070257  0.70332918262138167  0.71735996057457774
  0.73177850483523188  0.74668363129278603  0.76062878285677016  0.77377944064056592
  0.78713833904937480  0.80095830099582066  0.81403446561955861  0.82582805438471107
  0.83704879013830502  0.84803536386938527  0.85848025027342156  0.86838791915696889
  0.87844363267340442  0.88830256073340685  0.89728357279341986  0.90450887253890377
  0.91591700183611469  0.92774209568613697  0.94152599716714869  0.95357890703821369
  0.96183578088032218  0.97239807713216120  0.98463565306999801  1.00000000000000000
 -0.00134049468436747  0.00646068870665629  0.01452143998655956  0.02401221525800818
  0.03599125525625994  0.04820932804846363  0.05953958420144542  0.06883877075128811
  0.07782658013366565  0.08785315220347781  0.09891303637289427  0.11113901965159467
  0.12496705392468102  0.13473719075632618  0.14396317070080994  0.15259750961950386
  0.16209656505345210  0.17212097311854901  0.18142090732063759  0.19120018582246279
  0.20060813626938986  0.20854867086898618  0.21487432450869207  0.22058789879911381
  0.22594535176258648  0.23423878872799431  0.24514595994563670  0.25576606645539240
  0.26545208310742668  0.27505926285781229  0.28539757000163163  0.29647871160013295
  0.30789710206532950  0.31924193192026734  0.32988731169788404  0.34050221217963800
  0.35208355133883384  0.36361154866256257  0.37410908582098884  0.38417927908480126
  0.39450172538958783  0.40546332484652203  0.41739696221096440  0.42992732135836315
  0.44154803414535720  0.45170530984942520  0.46140758613997862  0.47216454594039903
  0.48331300114597386  0.49477020375537051  0.50728087964139590  0.51939035082767837
  0.52945189536380777  0.53847183626966311  0.54793301140382455  0.55799243582528513
  0.56808321414427465  0.58013959689506689  0.59357542179103695  0.60686752340833583
  0.61844645168585588  0.62911810207564278  0.64001986777875919  0.65029894157358759
  0.65997263982120147  0.67039550054850083  0.68181840220793266  0.69307855310342736
  0.70362579719412044  0.71421758178226169  0.72462271491362185  0.73381588700365730
  0.74270877039657568  0.75207628954672401  0.76124585744238626  0.76901787865845472
  0.77748941520771131  0.78875904310915268  0.80054770389801233  0.81287351332243396
  0.82590311157204732  0.83939986070235650  0.85283909170178152  0.86566814368952849
  0.87777283184874333  0.88911063218958686  0.89974523499805448  0.91029758544181039
  0.92145076547839710  0.93295551766150731  0.94416200348647472  0.95509582369858026
  0.96549025419325651  0.97593566649566355  0.98751348841997499  1.00000000000000000
 -0.00157684423472930  0.00707367128580068  0.01618001390691350  0.02511637659267175
  0.03409883380614449  0.04344452172658532  0.05355683515255352  0.06414784981957097
  0.07420920577479539  0.08396402689852682  0.09397820212164225  0.10449366266016008
  0.11633066811319354  0.12981914991884669  0.14372480186986064  0.15620950520146912
  0.16700448039597440  0.17666481322250455  0.18725800314835270  0.19745745546470111
  0.20998210440109399  0.22284344266810310  0.23399240695620865  0.24452594241739306
  0.25539861243265310  0.26550715207338654  0.27545840024309137  0.28574955731612206
  0.29621583984301503  0.30783421522270682  0.31896167903969769  0.33016372219337436
  0.34107616878990721  0.35128370128281056  0.36180780180733130  0.37327866243766955
  0.38623726746454301  0.39875732194096902  0.40799798599721010  0.41647293475945474
  0.42525540242203647  0.43341196036839047  0.44068851569957085  0.45227331289578249
  0.46479178877111837  0.47489786207454698  0.48479654645243253  0.49750590307915477
  0.51015870649060358  0.52204898496979746  0.53236105761951158  0.54132739539556696
  0.55072343239786459  0.56125527667875108  0.57265124019317259  0.58452115293218976
  0.59615730215927332  0.60734103162444320  0.61869821107820200  0.62944134775038318
  0.63985004257896427  0.65061215678299977  0.66154195659869941  0.67217419798301159
  0.68174182788164572  0.69026334975409398  0.69913361818062969  0.70801776644671077
  0.71629826255160278  0.72541415462367032  0.73774533227536865  0.74970019855788139
  0.75955181142641348  0.76930478871116426  0.77959927163021370  0.79021981786924089
  0.80019814436794223  0.81032230270062178  0.82103573499882609  0.82994797983281821
  0.83840786785081145  0.84744688880862040  0.85831412680241526  0.86996306992068284
  0.88214971458864921  0.89502677403623032  0.90706785681009217  0.91757113710940708
  0.92729988145054854  0.93703447349912183  0.94704632897933982  0.95616032491133562
  0.96590413682125054  0.97580350291817408  0.98623143293199023  1.00000000000000000
  0.19037789226725521  0.23210352911906945  0.27382916597088369  0.31555480282269799
  0.35356031041686820  0.38275315621224459  0.41194600200762105  0.43972747150994068
  0.46380576067486612  0.47274803962681899  0.48074281854894052  0.48916564986675543
  0.49710469309207062  0.50686859369225534  0.51897549486150907  0.53047071079136743
  0.54114055359991997  0.55394948220196083  0.58193032720566584  0.62267256472932619
  0.64518106314910184  0.65407029236234582  0.65961050164725643  0.66566822688443938
  0.66999552828247966  0.67364965592180326  0.67756813956187467  0.68090321564695611
  0.68393945307779613  0.68705601642883030  0.69042717871370030  0.69455755268068220
  0.69894279909907164  0.70308167650749165  0.70693478709943458  0.71077403044869258
  0.71462375694257252  0.71839012157176629  0.72204828048382053  0.72576323463382375
  0.72939939935817000  0.73305051287480094  0.73686855736957113  0.74055732733019619
  0.74431006909420838  0.74839992143298739  0.75269925873321430  0.75706940984803961
  0.76139091400714642  0.76543592720480536  0.76930514137512740  0.77320252477494800
  0.77689095740338387  0.78047106339880612  0.78432387582752683  0.78819818538973019
  0.79204089980352699  0.79597794074117245  0.80016493048267645  0.80459403603818369
  0.80913211601919444  0.81361637709784607  0.81821951672200999  0.82318628150155737
  0.82836221657778586  0.83321283626344789  0.83782871066039211  0.84236217545560010
  0.84612402975511758  0.85025658405644500  0.85444050180480968  0.85826763194510336
  0.86177128436810913  0.86523483401329471  0.86851852515065542  0.87233358833025321
  0.87602514713291524  0.88025304090655410  0.88496215982937620  0.88969437753111769
  0.89446388128811383  0.89995219812656269  0.90612240639137309  0.91193060886975930
  0.91752097585074988  0.92343057615247570  0.92874719789185922  0.93427668667718500
  0.94024429955264044  0.94693230831100383  0.95495784878237244  0.96233815369895226
  0.97024470756470449  0.97583089141169499  0.98414260494188588  1.00000000000000000
 -0.04467356993827154  0.17307544442820644  0.22504051907088135  0.25466142825347771
  0.27691726436434921  0.29517340786145568  0.31141300209026740  0.32696284101423784
  0.34202693281892244  0.35553020356997261  0.36626163884074103  0.37594283464459183
  0.38533302065272146  0.39540083475716387  0.40537300025075407  0.41345217796957479
  0.41924697935336352  0.42551812641573933  0.43301523937887787  0.44199846630913958
  0.45088093558164405  0.45951564371055387  0.46785990458490218  0.47657635905699131
  0.48509520355148283  0.49347223497339016  0.50184639505645279  0.51021032002470879
  0.51841560860914482  0.52583415922026788  0.53247215646878843  0.53892160995996830
  0.54551668458732649  0.55117472645812760  0.55609099802118367  0.56076624777618456
  0.56664479673041468  0.57211923103483531  0.57668184608038409  0.58152955733391598
  0.58674183070895214  0.59150202285945008  0.59727030607167253  0.60272294770314383
  0.60772314013617657  0.61310109675706792  0.61882913305067555  0.62482841711957660
  0.62954347370822039  0.63366535865680162  0.63770287099272416  0.64115267690570954
  0.64439596451094228  0.64781736336303886  0.65207420356300327  0.65707218039810233
  0.66221143679826222  0.66671145998662662  0.67055019133636473  0.67432175308053965
  0.67801330672014115  0.68142476852465295  0.68476810560189250  0.68893228314607735
  0.69377637125884850  0.69827566515381101  0.70195343105226060  0.70495625305918808
  0.70774767398557625  0.71080417240533222  0.71401869989547939  0.71707915947353584
  0.71999049548281813  0.72315802591097322  0.72660641386594282  0.73016818532046546
  0.73440100726347624  0.73935500216487438  0.74410281588120020  0.74827872407057039
  0.75269671262028137  0.75716819014132664  0.76137171164427642  0.76563966582433318
  0.77005610675199743  0.77467330842796855  0.78022784404879852  0.78885251596839234
  0.79705156845157410  0.80528538378814252  0.81386899987331329  0.82367238028313805
  0.83591068588836159  0.85804129203957524  0.91027817410908585  1.00000000000000000
   2.7451741995892343E-010  -1.0000000000000000     
 F F F F F F F F F F F F F F F F F F F F F F F F F F F F F F F F F F F F F F F F F F F F F F F F F F F F F F F F F F F F F F F F F F F F F F F F F F F F F F F F F F F F F F F F F F F F F F F F F F F F F F F F F F F F F F F F F F F F F F F F F F F F F F F F
  <DiscreteSampler_grid>
  grouped_processes
  1 # 1 for a reference and 2 for a running grid.
  10 # Attribute 'min_bin_probing_points' of the grid.
  1 # Attribute 'grid_mode' of the grid. 1=='default',2=='initialization'
  0.0000000000000000 # Attribute 'small_contrib_threshold' of the grid.
  0.5000000000000000 # Attribute 'damping_power' of the grid.
 # binID   n_entries weight   weight_sqr   abs_weight
    13   10   2.386848011700230E-001   1.857188810687801E-001   2.386848011700230E-001
    14   10   2.386848011700224E-001   1.857188810687793E-001   2.386848011700224E-001
    16   10   4.785745775395510E-001   8.112409894210011E-001   4.785745775395510E-001
    17   10   4.785745775395503E-001   8.112409894210000E-001   4.785745775395503E-001
  </DiscreteSampler_grid>
