 -0.00205440050577689  0.00946357305667285  0.01931279500345492  0.02948969202716396
  0.03960800035085667  0.05011342884341837  0.06073849819562314  0.07143023469250059
  0.08211096060682381  0.09278544208520620  0.10331766174847691  0.11375635491239125
  0.12413042991746016  0.13450678537167390  0.14495926786533514  0.15548352698376186
  0.16600361705995209  0.17648954776345702  0.18688612184450304  0.19730061010781458
  0.20772463597604568  0.21822421729158475  0.22873579288573154  0.23913281246100557
  0.24957032682255514  0.26003217853504501  0.27065382510514124  0.28123709575763944
  0.29192230809223091  0.30263589203973729  0.31333340683378019  0.32388473380375921
  0.33451418299269547  0.34517333139670947  0.35580727296345216  0.36636022867166451
  0.37713659405523370  0.38808437797150047  0.39898846042441771  0.40972233537325159
  0.42053098982967030  0.43132497715961776  0.44206712526618031  0.45279645202324481
  0.46347936677951929  0.47410527383899931  0.48460324316768327  0.49506836686388961
  0.50558792963901944  0.51614094034025904  0.52667894752210154  0.53721217773847674
  0.54780677745043682  0.55844081789164490  0.56909903139013074  0.57972613675556250
  0.59021994570436487  0.60060641381320767  0.61110064608181802  0.62165147390792208
  0.63224784339239049  0.64276240837617660  0.65334566859659038  0.66396972444495472
  0.67464661198288622  0.68539713716286055  0.69611176668682806  0.70686872521251398
  0.71772529187590262  0.72860092465469906  0.73929611563188025  0.74984089979768820
  0.76038184107999329  0.77083465699895515  0.78130034894631739  0.79177457808364615
  0.80233238364555648  0.81274643719001527  0.82297780833393364  0.83321303461191598
  0.84341607602856428  0.85368078462161900  0.86421113302231722  0.87488203545543841
  0.88547647297103593  0.89589920258287292  0.90645332506503018  0.91708479336635595
  0.92756757541792811  0.93805496529050658  0.94866397051113627  0.95934689599038181
  0.96977259032381469  0.98021325538221449  0.99015629412809381  1.00000000000000000
 -0.00332607210379083  0.01470925821492774  0.02747961347801949  0.03824856084994051
  0.04879846114603811  0.05887830050685241  0.06900732495355884  0.07917385878438825
  0.08955074509544775  0.09973769066076746  0.10992257174209530  0.12008329640885981
  0.13045332045609637  0.14083162783271938  0.15121954808861110  0.16161009520904873
  0.17188017781814985  0.18211625842896731  0.19240341439090128  0.20295355949057231
  0.21345226437138654  0.22399730228764042  0.23451851012356553  0.24524857590163890
  0.25578621756562786  0.26625468234541116  0.27661269994772181  0.28707450383564515
  0.29761512348914870  0.30794867388459751  0.31822687540499295  0.32850420726897478
  0.33930116228176466  0.35041103244517668  0.36135040735605933  0.37221570654557395
  0.38297664579126167  0.39382955228772115  0.40444663531775887  0.41475252018720621
  0.42523042330570487  0.43571222122518827  0.44633321126257636  0.45685350753885973
  0.46730451970094511  0.47771666728782003  0.48795401242448116  0.49812532488018274
  0.50836431651646730  0.51852970558804268  0.52891221812133127  0.53924314166393639
  0.54969641596573360  0.56005375547347247  0.57046858231935993  0.58093367204298996
  0.59122224942916968  0.60142949919889765  0.61182822401697323  0.62225788347399213
  0.63270152552488568  0.64304140123912612  0.65358420257819505  0.66419625984489983
  0.67505137196771736  0.68575597829002510  0.69644969889275832  0.70712852528256165
  0.71778340935399354  0.72835917401206129  0.73880128516780086  0.74935075825039121
  0.75996788332905618  0.77065410182205241  0.78121373441460362  0.79167250130255995
  0.80186860831096496  0.81206158202372891  0.82233097814083633  0.83260640567210242
  0.84294631558151611  0.85342037603442922  0.86393425008322777  0.87452174115384373
  0.88477307407271044  0.89498954041144640  0.90543526770845573  0.91611484641613072
  0.92695601043449982  0.93778468018945504  0.94850006629192407  0.95927944573688750
  0.96973196243635773  0.98008565730243757  0.99010719816311576  1.00000000000000000
 -0.00201821765371614  0.00794423826301829  0.01686364515028865  0.02610940231648040
  0.03543462782870011  0.04508378675321038  0.05500918434327973  0.06504032580052321
  0.07487471827553373  0.08484078940199193  0.09530011109537440  0.10590735278373260
  0.11656887939697351  0.12726269465656281  0.13824357397525500  0.14912779607755899
  0.15990083746360098  0.17060479769060324  0.18144502032093046  0.19239306682616525
  0.20365881577740286  0.21509963322680140  0.22681547822677844  0.23861670153370299
  0.25054385860549389  0.26266966767516864  0.27488120833796015  0.28713700304444945
  0.29945868233883915  0.31165989675843647  0.32366162771234774  0.33573097041229499
  0.34813551529472186  0.36083997528508427  0.37355805390853813  0.38612450149188210
  0.39859577830500686  0.41096218104628818  0.42330185500533241  0.43570436790390776
  0.44821869731945735  0.46070601212677731  0.47319617047426871  0.48581125302726974
  0.49832370182741426  0.51082525910616994  0.52331730846491509  0.53601843663659787
  0.54858678546242268  0.56079464012433733  0.57300926728190682  0.58508652964582830
  0.59708653945884660  0.60904540363074555  0.62089707441167141  0.63235350515816224
  0.64356921896278652  0.65466324363936723  0.66572632593695524  0.67656531307974110
  0.68708272906303902  0.69737825498489403  0.70759466168656293  0.71802130505199491
  0.72861171340125974  0.73920867067489626  0.74962121873794818  0.75982008465081963
  0.76988934458164415  0.77967629248241832  0.78917962810479858  0.79854594423206460
  0.80784551055403209  0.81716937917306498  0.82644439417506110  0.83562338656011370
  0.84472884592185937  0.85399834657765661  0.86327682546284357  0.87234503944111264
  0.88102194930784916  0.88935277187004347  0.89758359113829844  0.90581144414260251
  0.91396687129707432  0.92210517357208477  0.93022901819317882  0.93831577242950814
  0.94630782188762164  0.95422724799384984  0.96212215016076352  0.96990214991325530
  0.97754424586321986  0.98509429656760517  0.99250359439033520  1.00000000000000000
 -0.00257712153667179  0.00968619188892442  0.01995473938584860  0.03040556883550590
  0.04080824197655240  0.05124783672761465  0.06192239033849587  0.07230912198998951
  0.08255656645982888  0.09290379696753126  0.10315426638227133  0.11363609542944618
  0.12391202860166468  0.13447884742375449  0.14509128768964383  0.15601649726593961
  0.16689683872389632  0.17767954840779526  0.18843046988381343  0.19917159686167354
  0.20996442313415012  0.22064669934722370  0.23110277662317133  0.24150314102453591
  0.25182221127802279  0.26232211888243101  0.27284728430840460  0.28356290809088552
  0.29411835500482536  0.30466381596580672  0.31534815089321983  0.32620483982738308
  0.33692588680670366  0.34752498797651549  0.35805696606015730  0.36870614318812261
  0.37925000938928233  0.38980072987997211  0.40022532866755539  0.41073482396384325
  0.42125860722713870  0.43180677929825190  0.44237928606960986  0.45297124652523252
  0.46356730394273304  0.47427265801833463  0.48496302141788961  0.49556172384218300
  0.50602546688771233  0.51643027783121953  0.52703678784540242  0.53754202712168830
  0.54805833591751929  0.55839623197579313  0.56900686347141072  0.57952439829188085
  0.58997623048390102  0.60047600769218634  0.61088304315023156  0.62136278814878942
  0.63166494536553452  0.64198519010330102  0.65238421849638073  0.66261402487970911
  0.67324109723680603  0.68400072755691155  0.69485764178899989  0.70565767812753666
  0.71645843430610090  0.72731109934085081  0.73805943519151096  0.74864663549325694
  0.75910184181849516  0.76957614703878552  0.78011272626805617  0.79051377745784090
  0.80084517089300700  0.81115500616186242  0.82166583801880699  0.83211234353592778
  0.84252313734724493  0.85289028725712590  0.86340345848439548  0.87383782114234765
  0.88464415231841720  0.89546687102322065  0.90636893142109809  0.91713001115882420
  0.92774764390197928  0.93824919092287540  0.94848838503956423  0.95874058773886150
  0.96908558638775244  0.97944617560131619  0.98972841968768110  1.00000000000000000
 -0.00251856186423428  0.00982469720480581  0.02009232727327461  0.03075539190847120
  0.04136837129140076  0.05194320858920608  0.06254416427021750  0.07313213278666367
  0.08380368645526758  0.09458036277080312  0.10525119274025690  0.11580651481432860
  0.12622974490906899  0.13650071966871380  0.14684066086887207  0.15723809848073128
  0.16778415750450179  0.17822446748619017  0.18871250779997481  0.19926578754275509
  0.20999368246483360  0.22053736813259933  0.23111219466659977  0.24169834225343489
  0.25230167327279862  0.26272799324447016  0.27322986382034797  0.28407784239447970
  0.29502006653978652  0.30598662599102794  0.31685989406335219  0.32776193215319488
  0.33856534035983649  0.34914137767553383  0.35961065178057278  0.37011073465965810
  0.38063131457674720  0.39109094112235798  0.40145240234412949  0.41191081917956696
  0.42225110361342028  0.43248457079789882  0.44251658937970439  0.45275364410456792
  0.46311153312596787  0.47360994552422259  0.48411011067542403  0.49440846462489707
  0.50487559080008415  0.51518399997766362  0.52564594170905510  0.53592843593247608
  0.54632098127455087  0.55656653045267124  0.56700685779315141  0.57738164269709602
  0.58791790777414132  0.59839236231121817  0.60896274260138306  0.61946397781761464
  0.63004765826808551  0.64058352149811459  0.65123937686019651  0.66184505643588032
  0.67253717412446923  0.68307204584281478  0.69360510349665339  0.70386813892256572
  0.71411084655957091  0.72433329306460414  0.73486513913413853  0.74518922701562096
  0.75543671600055495  0.76548259950632169  0.77557110991795086  0.78564005844696194
  0.79593668594488132  0.80666826342442222  0.81764052264674614  0.82866416083053296
  0.83950386499767204  0.85015892656737757  0.86068588981190364  0.87129428331823511
  0.88203805462821117  0.89296407645396181  0.90377065510641852  0.91466825097902404
  0.92554501255647204  0.93630611391533580  0.94710518618447948  0.95776479569453843
  0.96826004743459781  0.97868597028993287  0.98927767977707803  1.00000000000000000
 -0.00228205599139882  0.00961712043742494  0.01960797624205820  0.03001914858595629
  0.04047143757386730  0.05155354285790800  0.06245326788546923  0.07317452085286352
  0.08362921807740142  0.09441178606742340  0.10509779398519671  0.11543175383431573
  0.12560943328749058  0.13581727042631783  0.14584766370201185  0.15585422585202388
  0.16598344872108409  0.17654327950228432  0.18705330506860166  0.19754251469694453
  0.20782630389300352  0.21826624503439748  0.22863796568742387  0.23935273261442200
  0.25006503732024044  0.26081684778109659  0.27167457827819619  0.28253572023885459
  0.29324612526953159  0.30362033891275947  0.31411615805053339  0.32464909478643772
  0.33513027077329055  0.34533943240787096  0.35546613850640973  0.36569483519511969
  0.37608341014483454  0.38673434906547804  0.39713265612766740  0.40765620364944816
  0.41786636267428673  0.42821060286352947  0.43869363580679549  0.44916080544153719
  0.45957399682973638  0.46989886092824934  0.48049874397547543  0.49125729865107776
  0.50218609578844831  0.51298684648317494  0.52366637351650891  0.53426212256526662
  0.54495988018353081  0.55570773642113225  0.56618433091749720  0.57655512667065445
  0.58684953309578125  0.59726897831240455  0.60773618550703035  0.61805655046000985
  0.62856976296166034  0.63920122981528760  0.64988373751976158  0.66060395537589844
  0.67131641669079323  0.68206393260760556  0.69290501359267387  0.70367496309942401
  0.71442697431379831  0.72497802315590354  0.73543109902442849  0.74577727830071305
  0.75622772542116179  0.76691291561569164  0.77759002133024913  0.78803202552080720
  0.79870952693256880  0.80956614657519310  0.82047255865448898  0.83101641388903269
  0.84152608150830444  0.85194669742578710  0.86255827189208734  0.87323427118041719
  0.88396360454706313  0.89452730239048639  0.90501799961640472  0.91555615407506075
  0.92611376310664129  0.93662599646570910  0.94707216349420276  0.95737607926915391
  0.96806562590973511  0.97858187384831141  0.98944528649150643  1.00000000000000000
 -0.00276837435037403  0.01147760223158579  0.02326388839685702  0.03516013647496257
  0.04703688718565857  0.05878387719138364  0.07014583829783361  0.08114811947315909
  0.09220590394547271  0.10331033498849475  0.11410908503439358  0.12461567134091012
  0.13508526273792965  0.14556413745180577  0.15603097493502172  0.16656359814688446
  0.17727007496658845  0.18799367652746460  0.19850134778406078  0.20894414108049270
  0.21944166016247213  0.22986862915685585  0.24007423026377134  0.25010580077560995
  0.26003171085311322  0.26981467956071992  0.27943924869488357  0.28887906904860844
  0.29834324952633628  0.30784672662694024  0.31753352090756487  0.32735340941404745
  0.33706932959919167  0.34671893143789051  0.35640408587846739  0.36590006186044916
  0.37545737128006518  0.38487495504955804  0.39435875999897013  0.40369084605178668
  0.41293757948742926  0.42204964806245471  0.43126011553525490  0.44058720506147359
  0.45000962408974526  0.45930606987118866  0.46839179906007228  0.47753370027960246
  0.48692480429297191  0.49630597458893533  0.50565700982264272  0.51494941612757617
  0.52439073365231192  0.53380718360069945  0.54319309843427921  0.55256265500003710
  0.56209261126067900  0.57182330604941578  0.58158447985206518  0.59131442208525342
  0.60107186208931318  0.61083584205719044  0.62070880103752157  0.63052631239100487
  0.64028900628675389  0.65003247579875922  0.65984997885991847  0.66973460155434750
  0.67965858304921400  0.68960520026958771  0.69955540627942392  0.70959383271795684
  0.71974933395646756  0.73000982578308093  0.74049367961430146  0.75122946847257421
  0.76220017125541817  0.77330349654239527  0.78448210485503012  0.79575989964943594
  0.80702559521524952  0.81840008192295011  0.82994447850954345  0.84170747099827148
  0.85349727175601831  0.86532535408590949  0.87729731339306161  0.88958288551194942
  0.90216499340425882  0.91505078084787539  0.92830960576685506  0.94208997234308411
  0.95629558923220070  0.97066076512868649  0.98527676804224884  1.00000000000000000
 -0.00254959882588088  0.01027143495186516  0.02076409866406953  0.03133689104206785
  0.04212397456435426  0.05290118577155472  0.06379719685447578  0.07436546766682159
  0.08520594248551221  0.09583856486062561  0.10645233700726604  0.11666426074755581
  0.12703649752899976  0.13728113361890948  0.14756469841651032  0.15786110448344495
  0.16811387534161537  0.17878829771098104  0.18926638910230434  0.20006109656057514
  0.21085258139346458  0.22182625520127452  0.23257777406814906  0.24311746946419519
  0.25358176033509372  0.26399409066335816  0.27448450013795017  0.28505164534651378
  0.29566045790536577  0.30639790191232313  0.31706555042657147  0.32767591017992964
  0.33822802522330053  0.34887723807082227  0.35954226892936247  0.37014908599914659
  0.38060255420930134  0.39105822913936922  0.40152273374047603  0.41190230472494099
  0.42213472444417538  0.43242647220558850  0.44284208567043798  0.45337272332124356
  0.46390567815444878  0.47440050985866972  0.48512097845207464  0.49577169822076450
  0.50634212654075106  0.51681489434944783  0.52756041117090735  0.53830137387773125
  0.54916715402643657  0.55998093699636320  0.57086364047447535  0.58170375835712784
  0.59217066274865726  0.60262894012109403  0.61285360294884650  0.62311880058420521
  0.63348276253535429  0.64388347603597018  0.65439375898629759  0.66483786715478521
  0.67546424796305038  0.68614610176383950  0.69687513931546985  0.70758138033100892
  0.71810610691402754  0.72865539654455724  0.73904637983103516  0.74937912092977343
  0.75974003955456892  0.77019509377084128  0.78078080866212862  0.79113323116955248
  0.80148753398107075  0.81190709500417324  0.82233646164464658  0.83276332950479914
  0.84312707254073793  0.85338016172604558  0.86372793021945837  0.87433084254051463
  0.88532572293372724  0.89615033708536984  0.90637202206897871  0.91662203319796931
  0.92692523338233823  0.93745616133405218  0.94797590290577249  0.95847297085927674
  0.96895677416516834  0.97933888474764519  0.98969102367425543  1.00000000000000000
  0.30316585055129386  0.52486037412449338  0.55939057106649248  0.58101128339880448
  0.60222739677816939  0.62013952266730210  0.63473349011032520  0.64351044738924534
  0.64961417981678038  0.65448048417598903  0.65908482309855709  0.66349078998848099
  0.66762837767733774  0.67148283479779958  0.67518298840650115  0.67878323826854670
  0.68228365601941032  0.68574641416996496  0.68911770055946986  0.69245468243337260
  0.69577487985032360  0.69907130014288932  0.70231929563206785  0.70552232845230933
  0.70864978703271708  0.71171878158118407  0.71477760714980387  0.71784548496614498
  0.72092479205899573  0.72400929180735385  0.72708648839891787  0.73014314981871287
  0.73320599602930536  0.73626470920706710  0.73933629492143182  0.74240041561077419
  0.74543816809757457  0.74845350521710452  0.75147255473028085  0.75447817898160896
  0.75747460286353074  0.76048372770277339  0.76349363553665783  0.76650326322124440
  0.76952190675350918  0.77255057053271903  0.77558144022601250  0.77864325894038589
  0.78173604234098859  0.78485598459563499  0.78800788858725423  0.79114583059440324
  0.79430292775907774  0.79746549777702092  0.80062325216682684  0.80379524752243858
  0.80699505818129535  0.81022865845699343  0.81352166723665997  0.81687936357310209
  0.82025114200891214  0.82363714561838230  0.82701586643276692  0.83039637764280294
  0.83384238171732972  0.83732872012386317  0.84086342862097430  0.84440406256578204
  0.84796354057546364  0.85155006760553009  0.85518690300986122  0.85890087911467494
  0.86266547867751620  0.86647294957410026  0.87032370926938529  0.87422809035313787
  0.87824250489213795  0.88235258695557961  0.88650362736290900  0.89073235311483656
  0.89503749397919685  0.89955170860234135  0.90421333824920991  0.90895151083335168
  0.91377109859263450  0.91870269089547252  0.92387079264376815  0.92918715543099517
  0.93466482812968943  0.94063952288615937  0.94717463927084711  0.95402310985028194
  0.96182690150866867  0.97124799200179912  0.98320749219756076  1.00000000000000000
  0.00139889240667946  0.13628306539716065  0.18175890210198700  0.20791455008274018
  0.22937132716930406  0.24823902027594716  0.26538072603662660  0.28064379214626151
  0.29450690169843624  0.30764994987755245  0.32031103103324232  0.33245724368866586
  0.34411341957723973  0.35531664019283404  0.36607912714432278  0.37643835869870856
  0.38638823008315776  0.39605335581358786  0.40541288398438052  0.41463315338885731
  0.42352461559427801  0.43210047321338907  0.44043489700100064  0.44846509113754335
  0.45640418483319734  0.46418534278914020  0.47189227061521460  0.47956143414594554
  0.48710996208966867  0.49452953628514590  0.50183300542918663  0.50899543485821175
  0.51611503102267375  0.52312254607755215  0.53004387816831411  0.53687915195607616
  0.54363130249848080  0.55027211836472079  0.55684754926602220  0.56330397534619570
  0.56968550378424843  0.57605815801772164  0.58234445764678477  0.58852138943176835
  0.59457413819594662  0.60055447326257183  0.60650596139176038  0.61228410865237004
  0.61806298517194180  0.62378591633543434  0.62934778195826357  0.63484863812418157
  0.64033080052011748  0.64580934063581086  0.65124864043770414  0.65665958809380154
  0.66206228531935996  0.66745674113971698  0.67281716297274718  0.67813733657656194
  0.68340945543812248  0.68859265942772840  0.69369926263110437  0.69879552085609764
  0.70392390057684362  0.70911938086090764  0.71435246028887545  0.71955905667131514
  0.72482911237516845  0.73010779152457528  0.73540259823254162  0.74069264594658513
  0.74596403547436863  0.75125064579779366  0.75658041074197391  0.76194226648104602
  0.76732265115489928  0.77273910275580937  0.77821885539244429  0.78376910278260681
  0.78952091422754422  0.79542711328145421  0.80155619632963637  0.80793745312332821
  0.81446431860057433  0.82122628539056930  0.82790641067600823  0.83502316977708257
  0.84282262154044851  0.85119133880082698  0.86064168283639886  0.87150001828670820
  0.88458192939929514  0.90112271970548219  0.92581549558197340  1.00000000000000000
   6.2874490838818204E-012  -1.0000000000000000     
 F F F F F F F F F F F F F F F F F F F F F F F F F F F F F F F F F F F F F F F F F F F F F F F F F F F F F F F F F F F F F F F F F F F F F F F F F F F F F F F F F F F F F F F F F F F F F F F F F F F F F F F F F F F F F F F F F F F F F F F F F F F F F F F F
  <DiscreteSampler_grid>
  grouped_processes
  1 # 1 for a reference and 2 for a running grid.
  10 # Attribute 'min_bin_probing_points' of the grid.
  1 # Attribute 'grid_mode' of the grid. 1=='default',2=='initialization'
  0.0000000000000000 # Attribute 'small_contrib_threshold' of the grid.
  0.5000000000000000 # Attribute 'damping_power' of the grid.
 # binID   n_entries weight   weight_sqr   abs_weight
    13   10   2.449128592686151E+000   1.351917195824342E+001   2.449128592686151E+000
    14   10   2.449128592686155E+000   1.351917195824348E+001   2.449128592686155E+000
    16   10   3.232909291820756E+000   2.414600762149708E+001   3.232909291820756E+000
    17   10   3.232909291820760E+000   2.414600762149717E+001   3.232909291820760E+000
  </DiscreteSampler_grid>
