  0.00007136622236762  0.00007271659197735  0.00007452227953399  0.00007639374361631
  0.00007847744405215  0.00008084902539948  0.00008347809421435  0.00008634778550153
  0.00008883770693976  0.00009084985814104  0.00009196365081906  0.00009225594104896
  0.00009233752662078  0.00009237958413372  0.00009240332703613  0.00009241444983474
  0.00009242220686189  0.00009242860577353  0.00009243371621986  0.00009243747445598
  0.00009244059970370  0.00009244302013596  0.00009244499154664  0.00009244687122011
  0.00009244820368447  0.00009244939611472  0.00009245046498277  0.00009245144770364
  0.00009245237852960  0.00009245322982081  0.00009245403858246  0.00009245482160064
  0.00009245557173949  0.00009245632482476  0.00009245709938234  0.00009245787393993
  0.00009245871180630  0.00009245955869375  0.00009246060758489  0.00009246170162684
  0.00009246295471037  0.00009246426901142  0.00009246567346510  0.00009246786666703
  0.00009247031085241  0.00009247333969221  0.00009247722563362  0.00009248194169862
  0.00009248778558060  0.00009249691231292  0.00009251299109908  0.00009253927744014
  0.00009258767609932  0.00009267601233358  0.00009302960298014  0.00009448048941278
  0.00009725776853014  0.00010188299313687  0.00010777146009129  0.00011464699266728
  0.00012322984372448  0.00013370799260548  0.00014609170223030  0.00016069269134246
  0.00017829900704217  0.00019930596456128  0.00022392989255600  0.00025285038346220
  0.00028653431524842  0.00032346814267916  0.00036478170341630  0.00041285283804286
  0.00046419595545315  0.00051929509873226  0.00058232782553375  0.00065247479934934
  0.00072882750866166  0.00081232523399177  0.00090798735325468  0.00102388472345223
  0.00116275756992716  0.00131562923410412  0.00148977039846282  0.00170965218046599
  0.00198121811226501  0.00223318671237742  0.00255161458275806  0.00294057373998911
  0.00344106341230404  0.00405975631362930  0.00488548321754436  0.00607604964633861
  0.00811072049110980  0.01067492892493846  0.33576726319136008  1.00000000000000000
  0.00000008247309319  0.00000104316052227  0.00000971602684116  0.00002462212214019
  0.00003299443388195  0.00003746690291328  0.00004035407835671  0.00004206554179578
  0.00004323639290918  0.00004397867835453  0.00004460666601643  0.00004510456002534
  0.00004551963484070  0.00004580337766799  0.00004603674983856  0.00004626672201602
  0.00004649445048934  0.00004670418685211  0.00004690856199255  0.00004710780438230
  0.00004727339368092  0.00004740653552221  0.00004752691499243  0.00004763463738315
  0.00004772686186890  0.00004781151288995  0.00004789085309457  0.00004796598243091
  0.00004803868462582  0.00004811382084155  0.00004819842963065  0.00004827917578312
  0.00004835942053121  0.00004843858864479  0.00004851433066215  0.00004858647064113
  0.00004865708657771  0.00004872411287415  0.00004878558166224  0.00004884246060085
  0.00004889646581873  0.00004894549710492  0.00004899278329646  0.00004904321987987
  0.00004909653763293  0.00004915036978179  0.00004920427670958  0.00004925800819500
  0.00004931209295689  0.00004936721297594  0.00004942400596834  0.00004948416770369
  0.00004954672860105  0.00004960974529274  0.00004967153002412  0.00004973212989155
  0.00004979065130631  0.00004984817790175  0.00004990417542054  0.00004996066328994
  0.00005001635927689  0.00005007677745551  0.00005014495653699  0.00005022917057167
  0.00005032429579259  0.00005042551919342  0.00005053102850170  0.00005063866360790
  0.00005074550293817  0.00005085075357819  0.00005095646775836  0.00005106657823851
  0.00005119711508501  0.00005134572335816  0.00005151780467016  0.00005169488928765
  0.00005188833776900  0.00005208779843153  0.00005230917960718  0.00005254562416332
  0.00005283341765595  0.00005319218488898  0.00005368807346856  0.00005433920653512
  0.00005512540425150  0.00005606910072958  0.00005720528905153  0.00005854218547013
  0.00006076901177716  0.00006490853242926  0.00007378386117444  0.00009625956830806
  0.00015353376483479  0.00035300031749266  0.39216260885324955  1.00000000000000000
  0.00000011408004421  0.00000273022205724  0.00000424442511279  0.00000631140521475
  0.00000834067395221  0.00001036701880001  0.00001297870508913  0.00001589838259856
  0.00001862403497868  0.00002133422818825  0.00002435220816247  0.00002721535799892
  0.00002948243146582  0.00003135880177492  0.00003316349221330  0.00003542963396657
  0.00003772766785171  0.00003923465439141  0.00004054986607375  0.00004230541630450
  0.00004425797956726  0.00004620509248584  0.00004856671799705  0.00005120980447623
  0.00005366318174971  0.00005584859429453  0.00005808068573430  0.00006071631431819
  0.00006380371429660  0.00006673309482483  0.00006938904664583  0.00007198434631780
  0.00007470282536573  0.00007758754304378  0.00008066264827537  0.00008392467599349
  0.00008749854453254  0.00009130284519930  0.00009525276861755  0.00009941460511030
  0.00010371047682553  0.00010809537856289  0.00011273494364526  0.00011770694852466
  0.00012299904547298  0.00012864658602711  0.00013452194958446  0.00014049893061256
  0.00014664407451191  0.00015209795909525  0.00015701548387932  0.00016304915157884
  0.00016959754894135  0.00017617496229918  0.00018345652862423  0.00019189389360174
  0.00020119160298265  0.00021144546498082  0.00022311635288610  0.00023655927951778
  0.00025142903493252  0.00026701570582454  0.00028338558527038  0.00030058392211065
  0.00031836986089326  0.00033986764206340  0.00036200845610140  0.00038475740207613
  0.00040658459614828  0.00042471720872804  0.00044143527125563  0.00046094322132904
  0.00048247339397997  0.00050433282853897  0.00052716219324402  0.00055442391289244
  0.00058378935199419  0.00061241466981236  0.00064499996831964  0.00068733203493238
  0.00073768663390780  0.00079404134361881  0.00085328024679411  0.00092076706214054
  0.00099414834492779  0.00106880657520815  0.00114216374019597  0.00122038329626079
  0.00130969998091825  0.00141137665918437  0.00155903974046187  0.00165618334463988
  0.00207888353627211  0.00529826509014239  0.17624801796709971  1.00000000000000000
 -0.00219297803487310  0.00840348932626411  0.01771093889224965  0.02638733153065143
  0.03458622294714080  0.04199591812159038  0.04940300702826760  0.05692375684144896
  0.06423008078678943  0.07269751277731080  0.08103566124087611  0.08995430019120661
  0.09944675512120106  0.10936264468461110  0.11894610498182299  0.12661246296513823
  0.13348512377772814  0.14035028509049852  0.14704050039251410  0.15502891475027622
  0.16404176594546230  0.17365646633394186  0.18317057133885523  0.19317446361398830
  0.20370812465140675  0.21416358296447641  0.22225617178236812  0.22942446916991904
  0.23667690029496569  0.24398698023465051  0.25292248788134886  0.26296721780958454
  0.27289439225100087  0.28295100993789307  0.29394165152076990  0.30578109451549751
  0.31689293545896524  0.32692892321912503  0.33691376877706258  0.34767271162220281
  0.35880984661786469  0.37004105046868807  0.37945045673881056  0.38869291962998326
  0.39829049481572842  0.40699425426999769  0.41395003138910408  0.42387381834529947
  0.43456304976039078  0.44634751333268513  0.45853347608126532  0.46899107469204698
  0.47715395812151323  0.48538755283254759  0.49284984236379559  0.50097172932701961
  0.51118475734585456  0.52392597076695524  0.53780385169681433  0.55051376926511608
  0.56248608199188266  0.57445438474596566  0.58648429172590077  0.59859183046755060
  0.61107489033926377  0.62376889844201555  0.63592605481120990  0.64787624734863836
  0.65936711531538716  0.66907861299367832  0.67747390153737352  0.68591021449475753
  0.69671720740248144  0.70997272231972330  0.72391894658303935  0.73686358462435464
  0.74867166793605877  0.75955558663523981  0.77100992605529972  0.78419559914543224
  0.79783105915557073  0.81037376342641021  0.82405479918258817  0.83748758844099702
  0.85154180153496273  0.86638624222371363  0.87814654857539098  0.88559569773310753
  0.89319939968116413  0.90171464739850038  0.91373317156097766  0.92894282134489337
  0.94586823065852810  0.96374691604950347  0.98202390067711343  1.00000000000000000
 -0.00234680150131044  0.00883223914314362  0.01947345270868158  0.03045279375902230
  0.04100944041261065  0.05207942593456109  0.06337846876947736  0.07450518192171755
  0.08486900926016984  0.09458728972643210  0.10472034167051417  0.11333016386307858
  0.12096919886986141  0.13102971948691358  0.13971987217986470  0.14800546517550731
  0.15718010002716318  0.16683123711246001  0.17601604105189253  0.18564641964090720
  0.19670615249171275  0.20802598355098587  0.21856757083956382  0.22978682150707255
  0.24132164662879077  0.25077422138552108  0.26008635880041214  0.27036645058807379
  0.28085107050636215  0.29227705311218166  0.30442353828585211  0.31561823240506609
  0.32506991181056777  0.33340183078321473  0.34249197159147443  0.35383432588728880
  0.36650193797036795  0.37881356975481401  0.39017247811214573  0.40078327914621870
  0.41113112278247477  0.42147271357421529  0.43160364556304576  0.44192150431995952
  0.45287340971124923  0.46388562558349206  0.47471018208728100  0.48503731966226210
  0.49525902464052834  0.50642051816525124  0.51889671494017930  0.52884471691100565
  0.53750193776975175  0.54649311602743778  0.55605065599260206  0.56723320183950598
  0.57853360533056009  0.58890837785662031  0.59920266267694033  0.61003278775552516
  0.62142474481019883  0.63277352108244811  0.64437499408117593  0.65658316410786544
  0.66910971647761830  0.68186101945073607  0.69466608979688371  0.70737250196832324
  0.71980884104533638  0.73210830512470093  0.74412057436366608  0.75509743392757223
  0.76519910802127156  0.77528920905568244  0.78591680027440880  0.79666384105640087
  0.80599604563268556  0.81475414662982815  0.82403545885971874  0.83296709189412088
  0.84159134218598208  0.85065777902823925  0.86229202639420366  0.87600675455742338
  0.88883160726707533  0.89897813555140316  0.90791267790555119  0.91712702900033238
  0.92651612631541369  0.93635573113971926  0.94758956514018933  0.95861153748497141
  0.96827426441776898  0.97837674451903500  0.98759295725599328  1.00000000000000000
 -0.00136647702028742  0.00605295422052266  0.01283543473706486  0.01936064035988221
  0.02687706402893168  0.03509703350218885  0.04276740236119610  0.05115624203266367
  0.06210811057831936  0.07535983427227479  0.08914335109932517  0.10196693671065193
  0.11360654459244267  0.12492391627006834  0.13646832356382402  0.14877090231234188
  0.16242492618609661  0.17716913541441606  0.19194438598766991  0.20544554055380773
  0.21731695805440018  0.22845725685514481  0.24139117088998305  0.25527519951055111
  0.26953162834817085  0.28128468673832407  0.29056936167039976  0.30103719886164676
  0.31098491321959876  0.32368209530474945  0.33742398322022399  0.34951501553461073
  0.36034938285209334  0.37119626931927097  0.38267227280384908  0.39483222149864527
  0.40755695200854303  0.42086457595290971  0.43431795829823672  0.44764988249994980
  0.45996891242857496  0.47119985128081399  0.48215026662354715  0.49385433066607437
  0.50593019548334339  0.51797657399740904  0.53086511266906200  0.54367321475238262
  0.55742569890065663  0.57176406782338540  0.58548708426833529  0.59784017993722449
  0.61041567613647407  0.62117176255809714  0.63148432687496403  0.64198946171714244
  0.65349823282152564  0.66407276500288748  0.67172507270262516  0.67984646966171125
  0.68946442042312173  0.70160002226356533  0.71329848346819158  0.72415413610153834
  0.73346883753879710  0.74297564364000412  0.75264500801898770  0.76191572606383784
  0.77060625389222037  0.77946060009357943  0.78870219521182916  0.79618108403667465
  0.80394814359914768  0.81288420657794558  0.82181022122574787  0.83082626084974409
  0.84045338285044946  0.84961871121643162  0.85788380595354963  0.86600009935661393
  0.87418893163288214  0.88259351607306125  0.88973552822869961  0.89840568680064858
  0.90799751590275668  0.91770603059285916  0.92712583630863099  0.93611322772262962
  0.94490523690657491  0.95349235839304880  0.96187558091799585  0.97020585070193455
  0.97819336564824289  0.98576934472864786  0.99300659535775815  1.00000000000000000
 -0.00146665352718255  0.00698457554634196  0.01667885208288410  0.02651893633248049
  0.03794737975319016  0.04853370506136242  0.05731489132475611  0.06637370907375922
  0.07612107899415334  0.08496224015531584  0.09242359895389245  0.09991627023864437
  0.10957791640959286  0.11791698134215556  0.12653802676667483  0.13588901293580413
  0.14441311836568058  0.15268569207645558  0.16238836337109902  0.17285488262326673
  0.18407607371402990  0.19582532498699798  0.20715033028964455  0.21806425876389515
  0.22824870768997002  0.23997498797989303  0.25026444901844336  0.25947138038706680
  0.26866584264813714  0.27804416514989516  0.28655860854313153  0.29398552383401194
  0.30243605945845853  0.31135337222908926  0.32145219078520099  0.33389520876338130
  0.34734711763160203  0.36003084295811721  0.37135421879096714  0.38167374484430777
  0.39158057977853061  0.40124349462742109  0.40993110606101130  0.41811677586066559
  0.42616903981864040  0.43325954857043775  0.44017352982654218  0.44823168579796219
  0.45842228404701135  0.46952097780863128  0.48079216460066448  0.49280590185301504
  0.50386436821386460  0.51372284988586703  0.52422538986937361  0.53450864160082556
  0.54490784971032979  0.55619500769994090  0.56766720197688825  0.58004187345499492
  0.59290563337886781  0.60605161515992478  0.61883481068947244  0.63119829722887588
  0.64355079867594900  0.65581180718362631  0.66789161821103371  0.68006408293469445
  0.69250102288467408  0.70508817694156922  0.71709384953434840  0.72906337819309308
  0.74113603370371328  0.75321416633686400  0.76583818042666285  0.77817607644923370
  0.78968059106629640  0.80049284832030054  0.81147360883580333  0.82292258724180090
  0.83429134019245355  0.84538869858409860  0.85579858807559872  0.86571448230412928
  0.87636436026895315  0.88776772451855546  0.89952516754247269  0.91131604849221670
  0.92315538683768350  0.93536994587183242  0.94683212639267045  0.95715885145559232
  0.96737387053952706  0.97759481024668560  0.98694028203980377  1.00000000000000000
 -0.00298234787200851  0.01028925633840843  0.02142690122035716  0.03164763245042901
  0.04248139198512408  0.05356157413472758  0.06379070769256480  0.07139936545346412
  0.07814543972621543  0.08413924996941523  0.09206514187145751  0.10103688633009832
  0.11124916467532309  0.12128950331401603  0.13118958019099020  0.14125692349271504
  0.15107920266008928  0.16132077313493137  0.17251800724381064  0.18432989846723255
  0.19639092453999221  0.20854264961794178  0.22056772957245038  0.23229127311858880
  0.24394725900894348  0.25482191419091232  0.26411237698472712  0.27200322259376519
  0.28035801666563592  0.28885096879393701  0.29716121438286175  0.30613624857330402
  0.31465806623529075  0.32409522896613380  0.33701680956548263  0.35033439360280250
  0.36186443746500158  0.37167259698155258  0.38045526640718791  0.38882508540566196
  0.39728521198930034  0.40671901020666046  0.41756526368031943  0.42943731099250743
  0.44140466935480260  0.45339190289928122  0.46532772923710308  0.47745449334457862
  0.48950176483656194  0.50115301057053085  0.51245454374683308  0.52309591730941429
  0.53275651387566381  0.54191453519954180  0.55102167310751904  0.56171739660290243
  0.57355418690569437  0.58532485518901345  0.59696343993533674  0.60835143926257451
  0.61968902231754186  0.63082435231012579  0.64092215384996754  0.65217724664880883
  0.66348336482985892  0.67328761785125324  0.68343210043471969  0.69430388359611084
  0.70590388855251063  0.71807285994296843  0.73067473275897599  0.74336171433735698
  0.75535567492540578  0.76878085462029722  0.78185010153218315  0.79460766213514511
  0.80360658092973447  0.81157620012558462  0.82127584228164152  0.83136245621448057
  0.84229824764268280  0.85539845295012584  0.86800164701339955  0.88022082446097671
  0.89075870403013591  0.90082713809333315  0.91038274603761771  0.92007500187669644
  0.92977938389443737  0.94023634939826051  0.95205713772569711  0.96363241243936981
  0.97358207449950041  0.98232831365091489  0.99086910407785422  1.00000000000000000
  0.01656469314669013  0.06324312899654440  0.20628185676573138  0.33844115210506220
  0.49110885510468971  0.59048990072821939  0.62602941167104231  0.64075465878288551
  0.64956242606961290  0.65427388603668224  0.65871939723397788  0.66256340418340032
  0.66597576039634976  0.66923357036054831  0.67254040430559880  0.67628908134832744
  0.68088256478803433  0.68545480032291595  0.68976881112139332  0.69387255567347883
  0.69771151147791510  0.70124341925107359  0.70463755442126930  0.70809779703132414
  0.71163964510345223  0.71538709810785950  0.71916303805781145  0.72288579509063366
  0.72653236669793075  0.73007464174983605  0.73347999270686892  0.73673371642672136
  0.73969652222710391  0.74242111764392449  0.74507678561094115  0.74795635874350808
  0.75104184096022764  0.75375825357425386  0.75618758240377304  0.75864497747558945
  0.76129869165419473  0.76432510178149593  0.76754382235968166  0.77092241553326857
  0.77441161278627024  0.77791998656956840  0.78142090542065645  0.78481159430645908
  0.78778869157304254  0.79021771329406498  0.79241944029152800  0.79458999078122750
  0.79713036614926380  0.80020528954530334  0.80298405695197594  0.80548491673651401
  0.80843605367290938  0.81137377156127033  0.81420099808863244  0.81704208885608698
  0.82002584238131837  0.82257507212331060  0.82506088267159683  0.82753572455554092
  0.83013713942039291  0.83292747550972390  0.83581549966658208  0.83901697396373498
  0.84263553106464584  0.84651124142351220  0.85048196176121560  0.85448617604370714
  0.85840209659427535  0.86214922846164010  0.86564378176548795  0.86929325125005508
  0.87325549389134605  0.87734576336856507  0.88174383386611410  0.88641994734141649
  0.89144885231591098  0.89648305319456834  0.90140553546538893  0.90630375929971774
  0.91133420300342727  0.91670783294061997  0.92263052128207279  0.92897839356259804
  0.93524308016975344  0.94135958243019691  0.94804251908691062  0.95577297196966682
  0.96437971574653358  0.97293940222658459  0.98172835694109939  1.00000000000000000
 -0.01030929187170705  0.10386218130775327  0.23505208226404847  0.25976944938283558
  0.28043827638820634  0.29480926874810237  0.31229475153916730  0.32592898565832046
  0.33920102007536007  0.35116996697504987  0.36033721914852412  0.36693617769892078
  0.37407527378658123  0.38420338642047136  0.39583885126862750  0.40760967490272543
  0.41811183506027383  0.42642346001795728  0.43397979572627687  0.44123307804207723
  0.44830294480352523  0.45586715575672637  0.46321082225704391  0.47095150938859925
  0.47963117709426817  0.48778843764161717  0.49578632485309299  0.50357421148024506
  0.51208951711288664  0.52035681880054319  0.52840292725039739  0.53593855527242373
  0.54300163499479315  0.55002426683118477  0.55682063105661250  0.56321246773675693
  0.56948848309671118  0.57585618170688924  0.58216202859027666  0.58817332576801951
  0.59347736430007580  0.59803457775784863  0.60245445983688906  0.60690077518998597
  0.61171914633131663  0.61752746416612947  0.62370647352977515  0.62962685399494489
  0.63527755262280872  0.64094803924556676  0.64584216437223807  0.64911295303802075
  0.65254071557642268  0.65728245409472019  0.66186823102977210  0.66559418393571068
  0.66976460464229415  0.67425792816014363  0.67875914353176436  0.68339335783194122
  0.68808126976219897  0.69326629459506983  0.69872989287526999  0.70396266026868570
  0.70849599151679088  0.71260979544965775  0.71676587860852226  0.72073537760677298
  0.72411662599829596  0.72716236396080658  0.73083183786496142  0.73458813513076804
  0.73859191052040685  0.74300044662505338  0.74775214359501452  0.75249842515377841
  0.75704841083097463  0.76203402599349190  0.76706894795163116  0.77215964171615115
  0.77700623289469462  0.78185097333766695  0.78700662701357915  0.79253972905553749
  0.79831292009736221  0.80396371070537864  0.80960699006124548  0.81564875006581627
  0.82237224175108381  0.83032713046756668  0.83995603820163334  0.85089469871183510
  0.86275629125162079  0.87914867097897931  0.90714167732468065  1.00000000000000000
   2.9566581714967071E-010  -1.0000000000000000     
 F F F F F F F F F F F F F F F F F F F F F F F F F F F F F F F F F F F F F F F F F F F F F F F F F F F F F F F F F F F F F F F F F F F F F F F F F F F F F F F F F F F F F F F F F F F F F F F F F F F F F F F F F F F F F F F F F F F F F F F F F F F F F F F F
  <DiscreteSampler_grid>
  grouped_processes
  1 # 1 for a reference and 2 for a running grid.
  10 # Attribute 'min_bin_probing_points' of the grid.
  1 # Attribute 'grid_mode' of the grid. 1=='default',2=='initialization'
  0.0000000000000000 # Attribute 'small_contrib_threshold' of the grid.
  0.5000000000000000 # Attribute 'damping_power' of the grid.
 # binID   n_entries weight   weight_sqr   abs_weight
    13   10   1.538443819826388E-001   1.125106708852304E-001   1.538443819826388E-001
    14   10   1.538443819826339E-001   1.125106708852229E-001   1.538443819826339E-001
    16   10   5.845081089640769E-002   1.685187074283897E-002   5.845081089640769E-002
    17   10   5.845081089640580E-002   1.685187074283788E-002   5.845081089640580E-002
  </DiscreteSampler_grid>
