 -0.00105900177379504  0.00396638554181020  0.01124775057364506  0.01962214085290050
  0.02910161527642812  0.03766783010955375  0.05130712496451525  0.06403510125973613
  0.07611829849415250  0.08868396660501214  0.10241844376447960  0.11638825478794293
  0.13069748214941543  0.14462204368405332  0.15439573665721743  0.16224747309478693
  0.17045433472230265  0.17912705362695652  0.18744627984129572  0.19477648954183477
  0.20179075053776388  0.21067398966826198  0.21999809491048464  0.23099095089416738
  0.24402367859463370  0.25893022147040451  0.27405981956415421  0.28681332697089457
  0.29702257542556065  0.30650068971654282  0.31716709369575818  0.32832819852897710
  0.33965876892199620  0.35126714756059019  0.36176294769535106  0.37033428878003172
  0.37989621994669287  0.38874502742440459  0.39667234236208615  0.40394690851429005
  0.41085666165483387  0.41779157903044839  0.42670299481285734  0.43890709415197293
  0.45296661903700625  0.46682681388414582  0.47964279238221669  0.49124879061455334
  0.50199053863180465  0.51361799919128037  0.52486501594804957  0.53817803282090271
  0.54852175122051450  0.55902465499465592  0.56923198588905133  0.57949413889533774
  0.58814566532707657  0.59554191056682715  0.60446474176536169  0.61312966610957775
  0.62036244846411703  0.62723796207590299  0.63339641418144943  0.64193344682396136
  0.65221730325097038  0.66344787572247865  0.67473141326453012  0.68577336200349470
  0.69683469970482592  0.70839182679263069  0.72074156048769045  0.73437851300834200
  0.74619194743215744  0.75723816113445030  0.76743837924266889  0.77607737018999634
  0.78682009749662474  0.79816123496169744  0.80962882853174711  0.82166036353247496
  0.83407642392326931  0.84507760456963499  0.85467151600104330  0.86513673501270871
  0.87484656480604939  0.88372836239252439  0.89455301081729899  0.90562690408052404
  0.91660146842163148  0.92791296343295304  0.93933248772583611  0.95091897274691572
  0.96342362797597425  0.97671393811603568  0.98870442641933309  1.00000000000000000
  0.00007097214578201  0.00007452995903826  0.00007850260586555  0.00008163501411785
  0.00008466107634431  0.00008798801672602  0.00009073068932689  0.00009185623707099
  0.00009220050755028  0.00009232240739455  0.00009237155272808  0.00009239522644653
  0.00009241192010283  0.00009242299903014  0.00009243063844209  0.00009243577885008
  0.00009243995101600  0.00009244340042679  0.00009244577039745  0.00009244774080719
  0.00009244953922196  0.00009245109418252  0.00009245249211782  0.00009245389005313
  0.00009245518831061  0.00009245647762434  0.00009245777000550  0.00009245918027575
  0.00009246059054599  0.00009246215920895  0.00009246398203620  0.00009246608140945
  0.00009246871682181  0.00009247198749257  0.00009247565297765  0.00009248062226220
  0.00009248869930068  0.00009249979592226  0.00009251736798490  0.00009254399084983
  0.00009260510240747  0.00009274094936780  0.00009347057044936  0.00009555716891572
  0.00010012906939091  0.00010425199974339  0.00010728919842120  0.00011085308437586
  0.00011827501819815  0.00012965868548112  0.00014271216894207  0.00015825459024338
  0.00017647806659899  0.00019810374321134  0.00022398471479927  0.00025456616100610
  0.00028993983463914  0.00032816279354937  0.00036471469323629  0.00040318242617419
  0.00044639177614514  0.00048997299292087  0.00053398772616971  0.00058186440858965
  0.00063742431356417  0.00070610329914734  0.00078328617501303  0.00085578636703835
  0.00092413534857374  0.00099946142704179  0.00109710807276008  0.00121463121806404
  0.00132320849715231  0.00142198940999462  0.00153088335059133  0.00168645225309445
  0.00189702090719891  0.00213042844032118  0.00236976387354679  0.00261155255605196
  0.00284270331776522  0.00307993705642005  0.00331909853120621  0.00354576498484641
  0.00387902609331311  0.00433809111630474  0.00483039104975142  0.00525445360239014
  0.00569431279929048  0.00620173571614558  0.00675111173198785  0.00730139847522141
  0.00784366611538645  0.01084972127601160  0.20524513969200869  1.00000000000000000
 -0.00000034889193340  0.00000439137944668  0.00000592885190399  0.00000767251656531
  0.00000904725370140  0.00001046158190617  0.00001187642185377  0.00001441330177166
  0.00001777859176975  0.00002051961344621  0.00002307036325730  0.00002608474274593
  0.00002897724018482  0.00003145533080232  0.00003390585292030  0.00003613226048843
  0.00003857441928514  0.00004139542255395  0.00004438174947391  0.00004737014671539
  0.00005026194605696  0.00005339809144021  0.00005686559620050  0.00006041643066433
  0.00006408828595854  0.00006757990373523  0.00007083404363068  0.00007421866395444
  0.00007776533068171  0.00008173263575766  0.00008682797884463  0.00009305113544823
  0.00009917979409481  0.00010522922912638  0.00011152028922033  0.00011771833715855
  0.00012304439045354  0.00012703759534341  0.00013071874066137  0.00013429775374713
  0.00013831276775520  0.00014331602964098  0.00014901317584794  0.00015494000652149
  0.00016117568833942  0.00016702847838720  0.00017268241847217  0.00017761111962518
  0.00018239736257594  0.00018850651528017  0.00019676245879757  0.00020491894580288
  0.00021517819525850  0.00022607753758748  0.00023892599400627  0.00025452933332102
  0.00027237611745052  0.00029103336061550  0.00031079395550971  0.00033109895898867
  0.00035254021749690  0.00037615350286806  0.00040183537048172  0.00042897312784115
  0.00045704077407043  0.00048165935760433  0.00050807838860766  0.00053692691757890
  0.00056051041585407  0.00058174028962125  0.00059802797695535  0.00061187977029935
  0.00062659009293960  0.00064494122010809  0.00066283370178358  0.00069925746808656
  0.00075441441599112  0.00081734331010908  0.00088932488870953  0.00096575123644269
  0.00103001038280911  0.00109138621912466  0.00115304299483848  0.00122219967839667
  0.00130894412178368  0.00140773507118104  0.00149578428957015  0.00164370339889455
  0.00181197413981766  0.00199630772601032  0.00217297875967125  0.00240844098576641
  0.00360951483585373  0.01412751586591113  0.03066520630285267  1.00000000000000000
 -0.00313940191239701  0.00949545466292021  0.02299978733042583  0.03523769308287573
  0.04721626926173440  0.06002909172604229  0.07252473223512439  0.08516215686060293
  0.09815357703633969  0.10870705935488792  0.12137562787895512  0.13343001328856310
  0.14433463710703942  0.15533912480595136  0.16462307251424432  0.17391691349329438
  0.18429317014407504  0.19511405871154233  0.20819468625679965  0.21985360408472712
  0.22997038236382569  0.24067712490749449  0.25034438373245727  0.25763639436595487
  0.26723089412526324  0.27409774793343838  0.28080934778385036  0.28935345050765549
  0.30479484280766045  0.31633570072079747  0.32795166539987181  0.33876991038370730
  0.34870955193538378  0.35911878833317346  0.36900003170762136  0.38095153638868040
  0.39675616179384360  0.41074299165340478  0.42320884215863419  0.43484638402605791
  0.44629887447897060  0.45771888055510224  0.46823134548874912  0.47912173994059554
  0.49010917161258766  0.50210858397602232  0.51466988022577187  0.52688576739506343
  0.53937139002846413  0.55197864011753173  0.56472769626667174  0.57701157666294778
  0.58910269045144326  0.60094118251395878  0.61170492090190731  0.62267004090317191
  0.63375886328780806  0.64468906432471484  0.65685580899774332  0.66835919475926298
  0.67900617418036868  0.68886518770025262  0.69751298834462871  0.70606072440786127
  0.71616684504719019  0.72876046174036802  0.74028540606145488  0.74849579222706786
  0.75601040935311592  0.76371471249017708  0.77142225097943495  0.77853384534663683
  0.78854816698301522  0.79954185496560259  0.80937423650405549  0.81832671798789147
  0.82659156566587288  0.83450861502051832  0.84238540824965580  0.84942547570848170
  0.85968201601773453  0.86987360678532877  0.88038003112406327  0.89025447924692069
  0.89929835045786866  0.90802249121272793  0.91652172303340673  0.92485416058643621
  0.93360912408715635  0.94302595703771241  0.95273193723130822  0.96284868569812754
  0.97270615063724497  0.98216539611908105  0.99124167402412267  1.00000000000000000
 -0.00174368074376497  0.00705563083614787  0.01627370573739070  0.02595360771962360
  0.03549617556559150  0.04637674761901553  0.06124127243819862  0.07497425476831301
  0.08754734219822610  0.09928791415405903  0.11056094449509189  0.12206554498877664
  0.13404963080089699  0.14621752075573075  0.15834339352057078  0.17094995766368945
  0.18415174779704238  0.19548249316855659  0.20735487791270679  0.21935575092731488
  0.23207887757903317  0.24542880847611268  0.25799894261972761  0.26895812101157784
  0.27868278476065600  0.28892436375159486  0.29928784266844671  0.30960720126757996
  0.32041664571253670  0.33105822516168781  0.34329403518965423  0.35580510371742885
  0.36812779439550092  0.38061596033564671  0.39226144961738013  0.40262327699088840
  0.41186675540322681  0.42015349179729605  0.42801240249350447  0.43547806782536197
  0.44197180826596216  0.44786373928188344  0.45417074166176996  0.46304448604073795
  0.47325089214184474  0.48188204571812043  0.48960178857135078  0.49915935656094457
  0.50816976040492545  0.51652554913774584  0.52479354655849231  0.53321405814497524
  0.54141497488133750  0.55019786321895470  0.56192102922276399  0.57495056951233425
  0.58647861899001508  0.59744932910330439  0.60802766222462579  0.61887509323574696
  0.63107698709930538  0.64458469260298212  0.65807402401379289  0.66723386557236364
  0.67559031390838775  0.68410623863756082  0.69332955984542088  0.70551610630687434
  0.71925105262970024  0.73285090327849223  0.74607057829685020  0.75872624389356591
  0.76975249552851921  0.77728430663662296  0.78528023614471232  0.79483711652094624
  0.80317012433101020  0.81179310960406126  0.81969771328059793  0.82919996166014165
  0.83970487117032011  0.85152211179894688  0.86360433981654061  0.87603126963161859
  0.88674918563545013  0.89623946054770265  0.90780751313357610  0.91854123649678665
  0.92799231927949211  0.93715106558758365  0.94609616792672435  0.95381444764672163
  0.96312625721443634  0.97418258151968296  0.98646451812629143  1.00000000000000000
 -0.00312376270660658  0.01075630965434972  0.01988261193585221  0.02597501744240654
  0.03145977084574456  0.03939276127746658  0.04664173477691724  0.05175792853797897
  0.05646932799435107  0.06026386791370652  0.06469334222797729  0.06954948735658764
  0.07490050936564679  0.08125810060861997  0.09092740018329613  0.10272969796462623
  0.11468665907938146  0.12630076155695613  0.13824236587873315  0.14974983981854098
  0.16026012583757354  0.17040224121263026  0.18111888030980725  0.19225894444071040
  0.20381748969884539  0.21391174809572033  0.22204160691401678  0.23048554599275922
  0.24022637855117798  0.25025246975011867  0.26206777828750610  0.27466648409620187
  0.28716972758912329  0.29876422307428652  0.30942915854342479  0.31973186780367652
  0.33013867807224012  0.34098514078894337  0.35214579214514219  0.36364270049819747
  0.37493842700896490  0.38607734978490810  0.39683212540890123  0.40669884062443484
  0.41669992355519936  0.42577736295006247  0.43666600794321142  0.44931338036898455
  0.46079152355366571  0.46965655476123741  0.47728509317564916  0.48606063649381104
  0.49502578973052669  0.50489129325490056  0.51669838648608668  0.52959755586156809
  0.54077389460715053  0.54941564283468247  0.55755191008449734  0.56482323916059995
  0.57251839607351751  0.57955875858662365  0.58607721264919477  0.59569575955698084
  0.60549218441542685  0.61389933068911007  0.62203145919408687  0.63138857404604876
  0.64592313304726157  0.66028254628012895  0.67241853093221549  0.68348163878553070
  0.69376394521781537  0.70536345544728096  0.71644221692232302  0.72528525641611619
  0.73426126573280059  0.74667070644372269  0.75748766861166117  0.76898913583236750
  0.78764792296467523  0.80725553896447932  0.82740253648989071  0.84429591459641162
  0.85697153158499628  0.87041610808936931  0.88342729657387697  0.89642431978966131
  0.91089147448126795  0.92509597520963327  0.93727286747032934  0.94877713292532262
  0.96118060577118836  0.97393249610931254  0.98605129838767924  1.00000000000000000
 -0.00210555184720558  0.00907199874506618  0.01743059248339614  0.02522180918520096
  0.03235783815870873  0.03952684810747896  0.04852516338281813  0.05854911193440564
  0.07080826706846283  0.08421815078746125  0.09652614990560857  0.10655072076722745
  0.11496002677914122  0.12344853046937720  0.13316164425171523  0.14397131998369084
  0.15413983002704515  0.16347131180057223  0.17238382551011350  0.18201137907519052
  0.19167160016416396  0.20260632306613799  0.21507108367949121  0.22600595653304259
  0.23512607438535224  0.24295675971779826  0.25041280833107460  0.25724795168341269
  0.26432947363027698  0.27114294338767059  0.27786062766380687  0.28558402941220262
  0.29247352466728183  0.29955342458863798  0.30774141526129034  0.31770494901950319
  0.32841611296572892  0.33865184711450469  0.34947853966138676  0.36168509025307344
  0.37460312477507257  0.38605392266476329  0.39550013159201330  0.40577681875680272
  0.41520349205029478  0.42450864784382264  0.43518323893097799  0.44814576762853708
  0.46132992123391542  0.47344993866912899  0.48387454663032431  0.49498417363726777
  0.50744796692116501  0.52062627913630399  0.53324410956360357  0.54471832577990908
  0.55591899694280966  0.56739077883894129  0.57914824231854978  0.59219847622690647
  0.60763375614420034  0.62454011766330642  0.63660297121121268  0.64752688682295001
  0.65790627749197472  0.66818111446282891  0.67897977992989378  0.69073186255362939
  0.70082402888335760  0.70984269720178828  0.71915298229574764  0.72894617010039109
  0.74026018272444016  0.75265525853629167  0.76481028778245930  0.77666486666453816
  0.78901627158860765  0.80169131369814572  0.81397089890059093  0.82540820408867444
  0.83636317811357319  0.84729893106337917  0.85839249414515351  0.87077454147257194
  0.87902777530560416  0.88829571454616008  0.89741105287618195  0.90639767437134700
  0.91448562690640622  0.92430718690214808  0.93729352912921193  0.95029921688309926
  0.96264902228245408  0.97496454435872626  0.98740335736960705  1.00000000000000000
 -0.00199214756995599  0.00710820075867618  0.01828660822072509  0.02301715739535456
  0.03210757082659429  0.04169790762856650  0.05086150284531309  0.05995368257059884
  0.07113166343235529  0.08366858082180549  0.09679244947055544  0.11007897135818286
  0.12502371705344537  0.13906654743066982  0.15062405368456228  0.15986109640522445
  0.16862068083294837  0.17771002662540963  0.18904864575673908  0.20049380643819800
  0.21133377039056250  0.22324260569333659  0.23492957303985609  0.24591789266208089
  0.25541169815600673  0.26380929578217521  0.27218153734454620  0.28048340840281416
  0.29024562633111578  0.30252115895436432  0.31609650292963903  0.32966738462493239
  0.34216948860237556  0.35341167788115013  0.36424082323257129  0.37279959429140713
  0.37954086653008362  0.38635102929340792  0.39509676059069226  0.40408118960686984
  0.41626062122104379  0.42835915877310948  0.44086936023661999  0.45272202840941078
  0.46120495227377217  0.46642056906840901  0.47275972781641035  0.48060418552021594
  0.48659565559623913  0.49436693254085728  0.50174039553486871  0.50834762217700935
  0.51503555088973862  0.52391901503095306  0.53482297153676273  0.54616669322371159
  0.55711512463947921  0.56855559238994635  0.58126645167661350  0.59515619149455801
  0.60734378847771076  0.61857112958734695  0.62916845953011102  0.63970826019547766
  0.65025013459992642  0.66135675887682466  0.67362610924386213  0.68602106231288562
  0.69750651671003783  0.70943950528779764  0.72161031099087958  0.73382408804643673
  0.74492841114159469  0.75467370360660246  0.76437475008978051  0.77386248240806099
  0.78284104060294912  0.79123419066854417  0.80029728967568581  0.81100232432651109
  0.82246233893743070  0.83402462130435429  0.84601778797510496  0.85910720025633736
  0.87157463157145887  0.88272973481789896  0.89400045296431818  0.90550550910745242
  0.91530380888761720  0.92383418532509187  0.93408669374895226  0.94619194816314733
  0.95851284883763788  0.97087768183380463  0.98407107678550898  1.00000000000000000
  0.21810906229592711  0.34412955542087925  0.49704440116642751  0.51904322946412007
  0.53972528655707253  0.55677536972412589  0.56095123122483359  0.56616331139775000
  0.57348401322037124  0.58608897602180399  0.60762009469409051  0.62802320660720079
  0.64305114913843531  0.65177709648275994  0.65828278040356203  0.66413809691556447
  0.66893483785253094  0.67290170269018645  0.67686205903287722  0.68120267748175412
  0.68532871617738866  0.68927804771408996  0.69360843382703041  0.69788845847953296
  0.70143727542131473  0.70516247632685458  0.71057121987401495  0.71609378449928318
  0.72075839884476389  0.72448201061157247  0.72747537528981387  0.73009278317778215
  0.73243410391076247  0.73491024691658935  0.73837414993834194  0.74280732577057595
  0.74750284553732327  0.75194028240700939  0.75599778077356861  0.75976977195504158
  0.76354824782886788  0.76672650308330448  0.76951867113597394  0.77221625542814665
  0.77463063896827566  0.77815188462958074  0.78126646117559317  0.78419282074030239
  0.78702642815429613  0.78988437053706750  0.79334141755590426  0.79730964516398750
  0.80161833490258483  0.80597214257552641  0.80991259341186284  0.81305905651348531
  0.81548967659693439  0.81771207648143429  0.81995813015259000  0.82296032889130133
  0.82668548479657278  0.82985796478797580  0.83277095727555128  0.83552854742033544
  0.83787497548777523  0.84075217788518819  0.84448825145697015  0.84821954130682653
  0.85174787500351357  0.85517763117381851  0.85744761714288309  0.85958060441875128
  0.86188010591043451  0.86404277721320588  0.86725122432745616  0.87118925388585933
  0.87543155707976095  0.88018707370695959  0.88512930705196669  0.88954515936117429
  0.89367924616693095  0.89815895537751156  0.90270031483416124  0.90754623164859161
  0.91317040328869703  0.91888784182364325  0.92411717092763646  0.92920133058282262
  0.93450688089879252  0.93992626356679509  0.94604874722640997  0.95348104232053588
  0.96139974860375166  0.97025263804466089  0.98194138334706604  1.00000000000000000
 -0.03026558661429944  0.14198695630424465  0.19866771607037284  0.23426498477800353
  0.25893961866671628  0.27727695846367995  0.29197711869021475  0.30512038853209122
  0.31589645700341190  0.32728217214128813  0.33763314872626371  0.34584276747176085
  0.35369965098425776  0.36135037489927668  0.36830527975080168  0.37554602300793055
  0.38411601868138057  0.39338856340125411  0.40188325835217908  0.40964039669045299
  0.41603898146945639  0.42403532596926335  0.43224609801458652  0.43950862870623442
  0.44615572153018068  0.45189167580612249  0.45705284503453697  0.46159541934768594
  0.46701186776950454  0.47306216779929533  0.47912127346681893  0.48764475723115080
  0.49584507466543132  0.50217886104049081  0.50783846963269230  0.51283875710564530
  0.51752018727683180  0.52237831995361284  0.52799021021259207  0.53448192813720574
  0.54119362190034082  0.54714536570042527  0.55257605307186974  0.55750729146554145
  0.56212000676910490  0.56654286662710607  0.57094168854504324  0.57602319524967971
  0.58126198114654049  0.58664441814757240  0.59232277432240943  0.59752728648589315
  0.60221246849356302  0.60680649208005077  0.61158567003583675  0.61627433378795715
  0.62026874737746429  0.62410792723299890  0.62777464160762309  0.63137519016390231
  0.63513489753752506  0.63850700785789793  0.64321280490461286  0.64924138760605787
  0.65564146273347723  0.66188579762864563  0.66793189470738379  0.67396513555135606
  0.68044295314868075  0.68617757510945976  0.69285646233484954  0.69907166466266490
  0.70462729846262062  0.71006395593011196  0.71520275703009428  0.72012727740347615
  0.72481623092760106  0.72967522849901811  0.73476697991699347  0.74062043082958362
  0.74575419647054420  0.74992980676054499  0.75489746887461362  0.76051783760229075
  0.76649200087802372  0.77304552215665134  0.77945421707464690  0.78541496364187424
  0.79077817297959163  0.79657044802583332  0.80353530968912545  0.81299983486704774
  0.82871048070546272  0.86307396343686982  0.91910604673845220  1.00000000000000000
   4.8435491773406546E-010  -1.0000000000000000     
 F F F F F F F F F F F F F F F F F F F F F F F F F F F F F F F F F F F F F F F F F F F F F F F F F F F F F F F F F F F F F F F F F F F F F F F F F F F F F F F F F F F F F F F F F F F F F F F F F F F F F F F F F F F F F F F F F F F F F F F F F F F F F F F F
  <DiscreteSampler_grid>
  grouped_processes
  1 # 1 for a reference and 2 for a running grid.
  10 # Attribute 'min_bin_probing_points' of the grid.
  1 # Attribute 'grid_mode' of the grid. 1=='default',2=='initialization'
  0.0000000000000000 # Attribute 'small_contrib_threshold' of the grid.
  0.5000000000000000 # Attribute 'damping_power' of the grid.
 # binID   n_entries weight   weight_sqr   abs_weight
    13   10   4.564878046881364E-001   1.511544591901624E+000   4.564878046881364E-001
    14   10   4.564878046881361E-001   1.511544591901621E+000   4.564878046881361E-001
    16   10   7.430058378196516E-001   3.742172376092678E+000   7.430058378196516E-001
    17   10   7.430058378196517E-001   3.742172376092677E+000   7.430058378196517E-001
  </DiscreteSampler_grid>
