  0.00007135478908954  0.00007264416917735  0.00007452050117641  0.00007649046443426
  0.00007874878832181  0.00008128367208666  0.00008413423964802  0.00008728376536698
  0.00009014885272278  0.00009183105430995  0.00009219535405354  0.00009231280188703
  0.00009237323767861  0.00009239616935971  0.00009241056580864  0.00009242153804367
  0.00009242938893473  0.00009243551252072  0.00009243864863815  0.00009244151782407
  0.00009244409263143  0.00009244645902159  0.00009244809740660  0.00009244970630925
  0.00009245099508222  0.00009245228385519  0.00009245346525533  0.00009245458530914
  0.00009245570536296  0.00009245684484425  0.00009245798859799  0.00009245914189859
  0.00009246050763707  0.00009246187337554  0.00009246351752841  0.00009246529003854
  0.00009246739116618  0.00009247004064765  0.00009247359311218  0.00009247796105270
  0.00009248395210334  0.00009249248861979  0.00009250406921049  0.00009252018672896
  0.00009255740499180  0.00009263771286475  0.00009292774921731  0.00009425628332157
  0.00009719735067059  0.00010165176842726  0.00010791005026536  0.00011543347959847
  0.00012478525425292  0.00013648671934700  0.00015135552817141  0.00016991612869111
  0.00019070139335138  0.00021600102463585  0.00024764745422094  0.00028362833042957
  0.00032339705180707  0.00036726399244374  0.00041764315078995  0.00047277210286717
  0.00053133760670567  0.00059791821889338  0.00067001143646346  0.00074454717160987
  0.00082395493471965  0.00091225963630582  0.00102087702740246  0.00114235736873056
  0.00126999750526155  0.00140717524861108  0.00154453970316997  0.00168682536613796
  0.00184590899041409  0.00201691333951854  0.00220942375953817  0.00240908784943621
  0.00261154836615812  0.00282496231759174  0.00304513020775392  0.00326309818735988
  0.00349662723889227  0.00377021119205190  0.00410543179215209  0.00449123921022711
  0.00488455136211064  0.00527554792905437  0.00576403039349775  0.00648642516196376
  0.00758762737390772  0.01419849192251331  0.10089438047522845  1.00000000000000000
 -0.00772397492663828  0.02985650548075613  0.05451725020185921  0.07232673179060292
  0.08757179258652524  0.10122888868616362  0.11370723064663521  0.12558387908032470
  0.13732559859685031  0.14909818928633267  0.16123474383570263  0.17378209469472020
  0.18548550979637973  0.19628699448798098  0.20617376309215199  0.21629922334891125
  0.22714115714563460  0.23791619603177941  0.24728731209805271  0.25697584816075836
  0.26694580817731517  0.27698051634521109  0.28779561322441638  0.29868413275470451
  0.30825092964211603  0.31755814671462113  0.32731521331724317  0.33826926017312220
  0.34974766448360872  0.35969305567439230  0.36810877781022128  0.37694763516337526
  0.38623384958072593  0.39655802667127737  0.40823732753034098  0.42060168829446709
  0.43224814772436448  0.44218824600858619  0.45151287431854703  0.46128188016899335
  0.47206207850414700  0.48384256718360463  0.49564407303069868  0.50614520197678359
  0.51574383898322362  0.52532480774683521  0.53498468318786041  0.54513839520396035
  0.55570527915122181  0.56663952985723276  0.57819844298596923  0.59059367431647303
  0.60278252324423220  0.61465214081996122  0.62545759806598944  0.63601278143777407
  0.64648777749302533  0.65611328933099444  0.66538524044030545  0.67439331269206182
  0.68310025123254459  0.69188277289973366  0.69974467584447342  0.70829718411669129
  0.71828385089506908  0.72764994293913043  0.73626831902332290  0.74639420451907934
  0.75735458554212221  0.76922597299661233  0.78138382868465472  0.79277400842422285
  0.80078214270937265  0.80931331921301286  0.81762372001785610  0.82666362555555029
  0.83659469319357027  0.84625402708316255  0.85441828082778726  0.86199473080404632
  0.86991361023585301  0.87713085324854778  0.88712816178364773  0.89893903190421853
  0.91007075777417468  0.92025131843748409  0.93034621333714540  0.94011678167436641
  0.94946656093911319  0.95953101545057751  0.96876599815789033  0.97763874499811454
  0.98510189760145583  0.99170352583887023  0.99610076016087512  1.00000000000000000
  0.00000086588556507  0.00000267575509770  0.00000346789637813  0.00000429658322518
  0.00000537242575130  0.00000682897396215  0.00000849053218417  0.00001028175883961
  0.00001242084957900  0.00001493740819926  0.00001752138157199  0.00002016912238569
  0.00002254428950255  0.00002440200390722  0.00002627993313747  0.00002946188881199
  0.00003275974962464  0.00003577675255158  0.00003865064618900  0.00004166431991783
  0.00004441349917134  0.00004692407110183  0.00004966244449607  0.00005233328790367
  0.00005473153413708  0.00005717940684816  0.00006007838801986  0.00006295563941442
  0.00006581085034713  0.00006915116345422  0.00007273903514288  0.00007653467230922
  0.00008024086581586  0.00008402538602257  0.00008785147079228  0.00009147352779438
  0.00009566816978001  0.00010036711217501  0.00010556628692700  0.00011107727698923
  0.00011659016806628  0.00012214067062212  0.00012805534335820  0.00013413075197772
  0.00014060652764548  0.00014791145363182  0.00015557159536445  0.00016340395370049
  0.00017142223610400  0.00018012350078983  0.00018964023070349  0.00020041522682845
  0.00021216320314947  0.00022432392062462  0.00023758008771885  0.00025120514997719
  0.00026526270850530  0.00028036043753097  0.00029610032924127  0.00031082233432953
  0.00032322589615861  0.00033599519361493  0.00034983579423263  0.00036421682852401
  0.00038118663261671  0.00040037867725621  0.00042619057530333  0.00045425703394554
  0.00048379144442800  0.00051424880165794  0.00054457146238939  0.00058066281768951
  0.00061814002525239  0.00065387791512804  0.00068529293905923  0.00071648994463249
  0.00074932980361037  0.00079158583863196  0.00083507882640505  0.00087749562999853
  0.00092646819985765  0.00098047334466714  0.00103420375279360  0.00111240841750356
  0.00121688566048494  0.00133573966939408  0.00146255625823041  0.00161143376795560
  0.00180544351775592  0.00200380569632049  0.00219608612252863  0.00271168426285578
  0.00347044663096245  0.01575583792989815  0.02739541913143954  1.00000000000000000
 -0.00151304999681685  0.00648962143384366  0.01382519826546681  0.02137725276679962
  0.02949479842044917  0.03843823211486622  0.04809916970912044  0.05782452479235121
  0.06666767094527036  0.07454544315547394  0.08250538136125404  0.09152086503976689
  0.10082908975680181  0.11006664488357791  0.11906232585523106  0.12799805072667417
  0.13709916077507051  0.14660770326465317  0.15565250293177149  0.16334091900092834
  0.17093260621442627  0.17962851036031116  0.18939013326379431  0.19961389317353095
  0.21009669441803552  0.22093108133659908  0.23203677139491236  0.24301879837175644
  0.25318841268245551  0.26223264522284206  0.27006112088299006  0.27833582531625822
  0.28698459420467382  0.29523367941434897  0.30257447266699200  0.31043419063788280
  0.31851244552789609  0.32637117724544273  0.33576743055552560  0.34507708249205332
  0.35512555054371286  0.36538667057239915  0.37600784635392537  0.38628731670370786
  0.39697693895360042  0.40819431287730307  0.41888864802021747  0.42871379474307136
  0.43864249899942764  0.44835824410891056  0.45906292382437625  0.46968962646334250
  0.48201356416383712  0.49065628326335436  0.49933028398230567  0.50813434285697845
  0.51614520409323184  0.52438890012570383  0.53526330420553814  0.54845983693514011
  0.56258182123657141  0.57627503791975176  0.58846253890036238  0.59923283841919917
  0.60981909286045088  0.62078387100843868  0.63207521269344569  0.64183412386167471
  0.65020562130182591  0.65890020688209017  0.66827219146566652  0.67804989616733180
  0.69000627456872277  0.70279965711698233  0.71523144086499368  0.72757760821901440
  0.74011700649518852  0.75255047511864981  0.76449904102399924  0.77690870651917554
  0.78961168373537205  0.80194360450022573  0.81432020233512781  0.82652850639887887
  0.83876237560768496  0.84976048943890226  0.86089990279245210  0.87385043387983119
  0.88896575727793559  0.90523420416126310  0.92125949584371847  0.93678123879815278
  0.95237936697046277  0.96830278171465523  0.98427182704753313  1.00000000000000000
 -0.00300263805397419  0.01053681847769171  0.02195023220954485  0.03272148400012832
  0.04310899048630141  0.05386648226383900  0.06344472858665093  0.07224038875502385
  0.08201052649067531  0.09201666079759922  0.10248259465165166  0.11497283932814496
  0.12585875280532074  0.13494247782565330  0.14411280290865050  0.15355805548326026
  0.16242411135720036  0.17155901501548881  0.18281486084846599  0.19310960254806772
  0.20442997145765920  0.21595026740673531  0.22788168476424381  0.23982831630325460
  0.25169926650846514  0.26356794598903205  0.27374670740968848  0.28395810396911181
  0.29414624545409790  0.30366915897369251  0.31524025798649835  0.32683791349550700
  0.33859279513107687  0.35057745513263827  0.36077393980193762  0.37130964762162344
  0.38249286120079129  0.39289575990337111  0.40337814930016408  0.41345052127196674
  0.42306136069027378  0.43241188842330014  0.44093337293595058  0.45000798127809649
  0.45888764801388465  0.46961027261746785  0.48207845418371881  0.49402262091340204
  0.50485789515463697  0.51510125509552795  0.52539096306731248  0.53531534815903303
  0.54491368132528950  0.55509246311958305  0.56468055923689531  0.57708461955393187
  0.58931599505149213  0.60266525290546802  0.61580427480628686  0.62845399895038900
  0.64085523239917797  0.65303731438939039  0.66519686445959580  0.67734881186828177
  0.68926820555647283  0.70057542084166868  0.71074187315513959  0.71989408632959173
  0.72932749736368907  0.73937848367516867  0.74942516236854995  0.75887980844551217
  0.76717621662654889  0.77600189410649689  0.78613251990675015  0.79715342279365764
  0.80903437688416047  0.82083980615285335  0.83201139004483637  0.84295973892955334
  0.85394280527846000  0.86349044682109644  0.87103259294205471  0.87772326667270861
  0.88491919290717336  0.89239625482425622  0.90178005269141470  0.91312876524686815
  0.92474614051394377  0.93495330893634843  0.94359251844274017  0.95265754491922128
  0.96249197998520852  0.97377523350011430  0.98710942082703068  1.00000000000000000
 -0.00109156874264403  0.00469141658518143  0.01212835369270306  0.01935811990757958
  0.02692955407175754  0.03480126602290987  0.04298516125702355  0.05208569394018236
  0.06319778048788705  0.07582498960659073  0.08770782455487430  0.09748276435980113
  0.10554468112085164  0.11333392781680381  0.12268882189160915  0.13390861481735133
  0.14606578499530856  0.15927208240905052  0.17200172035551639  0.18522670909025679
  0.19875747822146483  0.21204318516108975  0.22624800305729886  0.24048689591779818
  0.25135527603020358  0.25888648051228796  0.26751082134352144  0.27691568285382007
  0.28607535416477231  0.29672174348307245  0.30786991624510363  0.31787765060188783
  0.32802805502109056  0.33970722219596794  0.35389568822902817  0.36804782538199010
  0.38097226089619707  0.39308494849412051  0.40363297186159214  0.41393936488883842
  0.42554620401840276  0.43905673724994093  0.45303957385769589  0.46624829656377559
  0.47869787003843095  0.49069226596428339  0.50196098074310358  0.51282679872131764
  0.52388637670411053  0.53625650077462383  0.54900137837415341  0.56132290049895373
  0.57365239673716306  0.58565788495162741  0.59776343934995158  0.60989693573294956
  0.62219506930754043  0.63489750119414434  0.64786975768882182  0.66072682838160279
  0.67261945395619049  0.68398760601544728  0.69517546225765392  0.70644189275802027
  0.71904616137877775  0.73213827281380561  0.74420831541286359  0.75489832374800714
  0.76495670657987769  0.77467083717316498  0.78409804397436478  0.79371489826041230
  0.80232982656241913  0.80962396327078823  0.81703225537336599  0.82542975454247647
  0.83513024043030559  0.84524538504109836  0.85509970003870661  0.86478238457403034
  0.87421799364538078  0.88303025146031910  0.89110375145875953  0.89902755333850892
  0.90715707535012513  0.91580180295425451  0.92526644309469608  0.93541790004297509
  0.94538571912095481  0.95528346733057123  0.96424399252900950  0.97204632671547675
  0.97949149272428904  0.98664319539427225  0.99338434541551912  1.00000000000000000
 -0.00212530022468892  0.00849267380933335  0.01823172681374141  0.02744094187181077
  0.03714407196946622  0.04862658067161208  0.06155965651818666  0.07171214074275498
  0.08009588273665830  0.09007274042101103  0.10252078638239616  0.11380187307907756
  0.12426760000239129  0.13258129428863247  0.14168936657641057  0.15033641640898507
  0.15947119712591704  0.16900799883921136  0.17896536500914553  0.18974385850665204
  0.20061877369532771  0.21071434962236937  0.22009455284912305  0.22915688290710745
  0.23833282335706027  0.24825277841614177  0.25899552896660777  0.27018366343470873
  0.28155658697716390  0.29298172582219573  0.30537599951012911  0.31640764840442304
  0.32826539040868080  0.33994663161631444  0.35147013893724588  0.36285280166297068
  0.37390557920711009  0.38449433477991601  0.39457771216284615  0.40414678087583200
  0.41330483766075382  0.42234547904029224  0.43157131995048975  0.44209931086477394
  0.45384382837891163  0.46513392266940451  0.47678768354826423  0.48694331803771324
  0.49621254547677679  0.50264813789721419  0.51206656597047973  0.52370896501090891
  0.53607185815577629  0.54814377045491558  0.55949486476579946  0.57141026367054848
  0.58335431787841041  0.59425651093071685  0.60369792051406812  0.61142403125094313
  0.62247082123084396  0.63454144696859671  0.64709595864474900  0.65967310881725849
  0.67126942919397781  0.68219584204062422  0.69363655693291248  0.70595088000726358
  0.71853020718550797  0.73105121512527471  0.74278351167578704  0.75349256204385329
  0.76392373388059931  0.77491642718931297  0.78702356264827289  0.79950710642197853
  0.81105770053355097  0.82195842101943628  0.83289516881908554  0.84397203146003341
  0.85417234222176119  0.86441420747523601  0.87580004097060604  0.88855668758410933
  0.90199576182632146  0.91390828750672559  0.92424885531184664  0.93457401542203244
  0.94389778645579214  0.95271437285419769  0.96192079370939321  0.96969889798318920
  0.97573346732616073  0.98416264594273473  0.99262787804506236  1.00000000000000000
 -0.00221311252228093  0.00790352631889385  0.01896482864859940  0.02946816877912047
  0.04064180193838824  0.05140228748058578  0.06145126351291874  0.07105033717245551
  0.08056249967120475  0.09037849247271537  0.10099543008004894  0.11242888777960784
  0.12503778616169794  0.13799219239810429  0.15066460917697222  0.16223296663453621
  0.17270818128035847  0.18307741275486328  0.19317422740783574  0.20319564526522477
  0.21318620712740910  0.22254925695179678  0.23138742346985408  0.24105520206537975
  0.25197157894793853  0.26141373487093555  0.26888682786970564  0.27631622202735795
  0.28335125784123322  0.29117767215716522  0.30091727398528650  0.31160646358323368
  0.32236138618932453  0.33306016451182735  0.34354648046772585  0.35289677484456911
  0.36204619464308613  0.37199457165098582  0.38288983921699438  0.39419490053648776
  0.40532601585165295  0.41650623851113971  0.42760670362895054  0.43835006703119694
  0.44931329460926139  0.46069080948800206  0.47176495015351166  0.48131168925542311
  0.48929835344558975  0.49634350694199914  0.50312369432254078  0.51172458012450439
  0.52340936487674228  0.53510387589634956  0.54660760762922911  0.55810125457608195
  0.56955293627209258  0.58139873917339546  0.59378200642434797  0.60640089000838926
  0.61861741266787185  0.63099342647768042  0.64306389953893550  0.65515170944528911
  0.66767076615062881  0.68002156477618514  0.69244248378817552  0.70395711528199501
  0.71325807794816376  0.72316058415240525  0.73416771450450835  0.74668342833159163
  0.75845147951531744  0.76691562852511175  0.77537000286966495  0.78249243639479271
  0.79161893583026144  0.80295281584404044  0.81445712083449973  0.82538246605236198
  0.83580809399820233  0.84606008662215271  0.85626359118786688  0.86624462895889176
  0.87634879644004249  0.88660872275856739  0.89729654854066432  0.90922561729342155
  0.92197588607384739  0.93474765012930749  0.94733990575747595  0.95917312481169381
  0.97194865442967526  0.98218115700050934  0.99080625174760661  1.00000000000000000
  0.01147506728833467  0.25839237206602028  0.43517213746316485  0.56872284512555826
  0.61902001101979520  0.63930826434481403  0.64674438997303152  0.65221719974729997
  0.65729984014851983  0.66168855323624254  0.66606139450129820  0.66982360123612228
  0.67276602356277104  0.67570208779647034  0.67908059633479712  0.68280669199788846
  0.68658788932457948  0.69026156134812167  0.69375500334405338  0.69707211534195757
  0.70016931911302593  0.70295786570142538  0.70573876565653859  0.70867614175116966
  0.71163455297268818  0.71465609293418775  0.71782679554485729  0.72108103228755571
  0.72405392249639022  0.72636372811084737  0.72846527755650037  0.73086926836549082
  0.73341573318479802  0.73559655122567957  0.73764545223155642  0.74009279040743436
  0.74277032924397923  0.74560926476615585  0.74864717143275339  0.75179948229116755
  0.75508377212847300  0.75837944135975033  0.76169935517512832  0.76492188003572992
  0.76790906470579967  0.77062734667455113  0.77333166717459889  0.77612388346379235
  0.77905256038258131  0.78218537502341712  0.78542523441297374  0.78866024015719383
  0.79183776713913312  0.79480770902292486  0.79756043379956543  0.80033293446148601
  0.80321539635146855  0.80626693551820805  0.80939639102554550  0.81259158317653057
  0.81592687964306587  0.81934671402185399  0.82264253607668092  0.82583271507365430
  0.82910493808026986  0.83246280800497541  0.83604388767596505  0.83989390569781186
  0.84366198931443881  0.84765334817607374  0.85169821845098304  0.85578730415161619
  0.85992140599896938  0.86401888737404930  0.86801425262626852  0.87194364421068538
  0.87589351023633277  0.87994369585935983  0.88417122123406122  0.88860968779712457
  0.89308847179861961  0.89785336902978408  0.90265574652209313  0.90769380920792009
  0.91276921670914246  0.91789261441493220  0.92344769359438461  0.92899220371738778
  0.93537247979849658  0.94144177668403350  0.94705253387558752  0.95298392705730195
  0.95943822606442497  0.96589431755927790  0.97926977164090923  1.00000000000000000
 -0.04049365799423566  0.19228958589360073  0.24947375816163742  0.27553878579442476
  0.29754307845690425  0.31545019988842682  0.32906774522223731  0.34171705070113895
  0.35569732136079307  0.36989309887713245  0.38187705804306304  0.38969785955566627
  0.39769669729479357  0.40626706122343226  0.41490547084103824  0.42402773900562202
  0.43296067584905945  0.44272551226537410  0.45360678791696513  0.46343143500573936
  0.47173001186192476  0.47855157568809359  0.48390191681441946  0.48923132996328722
  0.49510751708082484  0.50072887542432953  0.50578117498862663  0.51065653602239058
  0.51625162382582213  0.52262309893117687  0.53015855407981050  0.53813572512388819
  0.54560839914497272  0.55280515421465781  0.56022287318990749  0.56766758640187698
  0.57448042325720505  0.58037184694542920  0.58576421420593627  0.59088251021788218
  0.59593231328328733  0.60133338355180244  0.60726746281806721  0.61336128575580839
  0.61959824363922955  0.62589710106993302  0.63211846835624608  0.63833041296766690
  0.64437346973622112  0.65003466267748933  0.65516742999521060  0.66006359560655858
  0.66498710521346571  0.66998516935123742  0.67564820079118693  0.68108368292607935
  0.68652239910555224  0.69177336799809375  0.69662112660395914  0.70110366167051741
  0.70526895959970970  0.70935573747472880  0.71391940149715782  0.71929532531590967
  0.72444175617624706  0.72872811133833371  0.73241637247673474  0.73589960622876349
  0.73970430758567818  0.74388767391457322  0.74800892271342501  0.75168973581870768
  0.75541822385182589  0.75933186472619874  0.76339419671784103  0.76777472968958560
  0.77289364829888152  0.77815105922815353  0.78319917310893317  0.78790037835307791
  0.79236722618374722  0.79671789291594064  0.80118370156565666  0.80593976777489795
  0.81123234590392945  0.81722192368812552  0.82351130528648386  0.82993888838941998
  0.83682509735740118  0.84393706735190799  0.85202023279531258  0.86185929399986883
  0.87448489536007223  0.89166971155439612  0.92166205172303883  1.00000000000000000
   2.9787754385563764E-010  -1.0000000000000000     
 F F F F F F F F F F F F F F F F F F F F F F F F F F F F F F F F F F F F F F F F F F F F F F F F F F F F F F F F F F F F F F F F F F F F F F F F F F F F F F F F F F F F F F F F F F F F F F F F F F F F F F F F F F F F F F F F F F F F F F F F F F F F F F F F
  <DiscreteSampler_grid>
  grouped_processes
  1 # 1 for a reference and 2 for a running grid.
  10 # Attribute 'min_bin_probing_points' of the grid.
  1 # Attribute 'grid_mode' of the grid. 1=='default',2=='initialization'
  0.0000000000000000 # Attribute 'small_contrib_threshold' of the grid.
  0.5000000000000000 # Attribute 'damping_power' of the grid.
 # binID   n_entries weight   weight_sqr   abs_weight
    13   10   7.041588693323451E-001   2.417875561973527E+000   7.041588693323451E-001
    14   10   7.041588693323406E-001   2.417875561973485E+000   7.041588693323406E-001
    16   10   1.249612523227404E+000   8.746769941212587E+000   1.249612523227404E+000
    17   10   1.249612523227395E+000   8.746769941212424E+000   1.249612523227395E+000
  </DiscreteSampler_grid>
