  0.00007141874505563  0.00007224955689498  0.00007353818399918  0.00007496413400477
  0.00007655818057227  0.00007853665445242  0.00008049922214412  0.00008239399636315
  0.00008434552197752  0.00008642492681406  0.00008857525508004  0.00008998725483075
  0.00009101588224735  0.00009179772706243  0.00009207524760853  0.00009225163519462
  0.00009228655821681  0.00009231863742898  0.00009234876213081  0.00009237332657876
  0.00009239327005547  0.00009240923562645  0.00009242042916029  0.00009242651324985
  0.00009243259733942  0.00009243816313113  0.00009244253622210  0.00009244690931306
  0.00009245128240403  0.00009245565549499  0.00009246002602259  0.00009246439653710
  0.00009246876705160  0.00009247313756611  0.00009247868366486  0.00009248477476756
  0.00009249086587026  0.00009250185090456  0.00009251747606526  0.00009253704851769
  0.00009256272626065  0.00009260446395036  0.00009265636431941  0.00009278161398003
  0.00009309799936361  0.00009386559924156  0.00009503344026169  0.00009695900070641
  0.00010003250119248  0.00010360727365252  0.00010756000984050  0.00011198712235931
  0.00011756767079571  0.00012395395859695  0.00013114803124161  0.00013937234598722
  0.00014865733247535  0.00015915637367514  0.00017147538845017  0.00018584826915196
  0.00020163438719673  0.00022052553391811  0.00024277145626501  0.00027044006350220
  0.00029934553767304  0.00032721290931711  0.00035698526342425  0.00038937220618473
  0.00042624250738844  0.00047057327919976  0.00051057419121989  0.00054469146968870
  0.00058337374382132  0.00063535030909635  0.00070899863398077  0.00079016388386632
  0.00087354614524113  0.00096088199910229  0.00108104193082565  0.00119239530117228
  0.00131702534945866  0.00144819036120359  0.00161616539385071  0.00180265743413167
  0.00206542843821211  0.00232517094148554  0.00252133549360259  0.00270299924841617
  0.00293541313235572  0.00328894080833278  0.00388363171000860  0.00466835146737334
  0.00563059524985246  0.00709165682209268  0.00887195416175198  1.00000000000000000
 -0.00903388018780402  0.04307703849036000  0.06615383803800552  0.08434781857763575
  0.10026752019101839  0.11530917067920292  0.12947446307017624  0.14597414855064811
  0.15926417033706347  0.16990671962263268  0.17980589480548279  0.18988726611643103
  0.20136157094323204  0.21527135205069561  0.23016259760791100  0.24557881603927564
  0.26067361338726880  0.27538516502394950  0.28734324980744436  0.29649422373144541
  0.30328882010681107  0.31025256555581282  0.31724242496887151  0.32381238616161589
  0.33120373566680089  0.34227945564052104  0.35529247567986461  0.36633313740095041
  0.37724553370499048  0.38644492193154695  0.39446515645544294  0.40261692972804475
  0.41255771521047019  0.42643757193366860  0.44020484558075579  0.45318400593182434
  0.46403547158597119  0.47303441073318281  0.48278225591645957  0.49323661819564635
  0.50125631011478089  0.50831249016752822  0.51547827428201920  0.52380544991612576
  0.53120651171020994  0.53914340906882108  0.55059333179677628  0.56219227657035975
  0.56926505406486305  0.57492915895864838  0.57987479028988176  0.58458051933865984
  0.58946107638765555  0.59477745925788361  0.60205358535478759  0.61135649045921070
  0.62147654412467912  0.62930125999077702  0.63801158646325040  0.64757516739554433
  0.65707092925309074  0.66690988125671458  0.67841483570167982  0.69205972882028699
  0.70654698349848322  0.72075339502494473  0.73441761700298458  0.74726799944970967
  0.75981278233161498  0.77286101983534994  0.78554465168767973  0.79888196713477588
  0.81335663173480610  0.83082689876606575  0.84657041437886171  0.86031117362084886
  0.87290947101224603  0.88382826523537683  0.89577339589005145  0.90971905966405164
  0.92320915266296999  0.92793701554987462  0.93078577142459440  0.93302709237097003
  0.93528199750920782  0.93751974440155161  0.93945510737690419  0.94263728786564049
  0.94732410697473945  0.95145474491879234  0.95659034758557315  0.96440622743276549
  0.97404526962315185  0.98298620581435869  0.99089333555890569  1.00000000000000000
 -0.00000018989189636  0.00000360792826580  0.00000433537363720  0.00000503988129614
  0.00000587653591658  0.00000722477034914  0.00000849691059561  0.00001002574159339
  0.00001181726311121  0.00001366048165793  0.00001603649381507  0.00001871872249056
  0.00002123933157915  0.00002338416117476  0.00002554761887758  0.00002786408644745
  0.00003017071573378  0.00003319285217393  0.00003633050965595  0.00003940562798606
  0.00004283093777463  0.00004569436560240  0.00004830615290947  0.00005135181820471
  0.00005563936217652  0.00005950010786437  0.00006353359824478  0.00006779359633207
  0.00007234926991354  0.00007802313677306  0.00008296694432839  0.00008761320023637
  0.00009212546309553  0.00009669432424176  0.00010149293998858  0.00010600989592025
  0.00011017364180541  0.00011326111027655  0.00011500200068777  0.00011625920469697
  0.00011769322536224  0.00011955089491792  0.00012153788100364  0.00012420412755608
  0.00012642973725270  0.00012845849290251  0.00013157393689146  0.00013591251620671
  0.00014125125814324  0.00014870717501033  0.00015760454901650  0.00016660223347740
  0.00017506518292830  0.00018308132022487  0.00019062599051212  0.00020077969839550
  0.00021124644584238  0.00023079788171253  0.00025281506856495  0.00027799339288033
  0.00030723560616072  0.00033801370618860  0.00036627397071961  0.00039228357559836
  0.00042004204613616  0.00045070297429834  0.00048667547173742  0.00052084867106909
  0.00054756054518465  0.00057160885905392  0.00059213680427416  0.00060850516123671
  0.00062486165465506  0.00064362468712804  0.00067219327324937  0.00070078899791954
  0.00072816194391021  0.00075877876539752  0.00079500330307474  0.00085369307694901
  0.00092223532682750  0.00100509574065138  0.00109035438229763  0.00117757685572539
  0.00127671140486648  0.00136496956265035  0.00141930757190099  0.00149122676877741
  0.00157833441829107  0.00169721606108340  0.00180616295970108  0.00191748089678496
  0.00401093562067911  0.00729532779129797  0.02014254945903312  1.00000000000000000
 -0.00148450479611961  0.00625108071646422  0.01389266665426756  0.02313137547188255
  0.03142359580189313  0.03931674333713530  0.04754485355836063  0.05600838994920745
  0.06365365752989441  0.07057088244831221  0.07643340798195962  0.08199188081201655
  0.08835547264651715  0.09440358350116919  0.09998313033472250  0.10586345509410486
  0.11314040482456433  0.12122968333348327  0.13006891208217372  0.13968363921934068
  0.14938406469378002  0.15910986124073687  0.16914661008038351  0.17876750885609108
  0.18873008434884628  0.20184273278783404  0.21705296997156998  0.23024804070145968
  0.24240022261068880  0.25308645125815837  0.26254043994354925  0.26974163985410454
  0.27357000620246918  0.27868512339035534  0.28484392782605206  0.28955592415394632
  0.29247439214186455  0.29572133184946381  0.29895816459951913  0.30528389592930905
  0.31458393447939709  0.32253494049512144  0.33155356594742269  0.34310662239061374
  0.35618233030363322  0.37029882118039414  0.38370768141730266  0.39579067260226442
  0.40771855158044346  0.42220489916437332  0.43462820213536746  0.44351501008286259
  0.45138538149848040  0.46013541727115437  0.46866396697436713  0.47880470611647769
  0.49281905317285551  0.50594290063096437  0.52303831926370958  0.53564814826273088
  0.54845427309288031  0.56146711102727842  0.57538674843023174  0.59642269734416520
  0.61688765123006550  0.63615385514590816  0.64997159585766184  0.65976608247716662
  0.66663965087399168  0.67368915619572778  0.68159008963110457  0.69096527353117532
  0.70362097821392522  0.71911712674398076  0.73665218110136599  0.75178812386900196
  0.75998403963470040  0.76462945328698562  0.77016533264596465  0.77740307139408016
  0.78472943750237723  0.79222989487566042  0.79869754668970394  0.80665416287570924
  0.81862401405631002  0.83286168351375156  0.84544375301119812  0.86093293145464911
  0.87890367025167138  0.90022643745562714  0.92395821420010227  0.93970954780160454
  0.95065335643368454  0.96022232280827124  0.97185340517558194  1.00000000000000000
 -0.00102146259494836  0.00535806779654759  0.01194530842870592  0.01908749820912510
  0.02940721224532583  0.04669220944693274  0.06393774360251223  0.07652203745136921
  0.08639305126127760  0.09608980756139614  0.10702747514386837  0.12035310616797973
  0.13306850413605459  0.14193131573391859  0.15035884663114077  0.15880435402969018
  0.16938614079594244  0.19011614377793046  0.21345477927529538  0.23595491752230432
  0.25400457770133972  0.27031063872557609  0.28324832173514569  0.29459462649865270
  0.30565255691527149  0.31587779308135944  0.32358441461339305  0.32977669851973501
  0.33626862876687075  0.34493375455080155  0.35206198126044030  0.35523701884446401
  0.35829532049403079  0.36101175640513622  0.36373369323312699  0.36701641164730375
  0.37006025236060841  0.37700054330279048  0.38791266346370062  0.39949316147906483
  0.40987252754000331  0.41916481434016739  0.42842811777765955  0.43763814213309549
  0.44361531213024891  0.45238921649507757  0.45788352273080368  0.46348455100576130
  0.46862513470990369  0.47409724034687745  0.47876508448745525  0.48318433601430000
  0.48989811533092914  0.50741713089598861  0.52415005572299889  0.53722885737429715
  0.54830776929452818  0.55971516994547377  0.56908149144571107  0.57742068112401834
  0.58498790986300298  0.59350319772426519  0.60423016939411378  0.61386874136983927
  0.62574814351962460  0.63767939728128153  0.65372359223811793  0.67143677376912347
  0.69076254583784691  0.71034498715746297  0.72685434835460194  0.74122723129019263
  0.75386292315022607  0.76658042653494163  0.77949371271393375  0.79153232468244572
  0.80223955104019817  0.81211716142825308  0.82072427519586499  0.83163096332013731
  0.84371006633774992  0.85487243156313752  0.86521007925052829  0.87439535411045277
  0.88241446116680278  0.89146246220473890  0.89936435952323746  0.91002721081546500
  0.92291164061396491  0.93488239922938332  0.94460933514164414  0.95385977131719424
  0.96323823087659710  0.97378655753146270  0.98624524018912152  1.00000000000000000
 -0.00359605508826603  0.01007422523076479  0.02178763981537032  0.03318480580692527
  0.04442115350950403  0.05434003311670241  0.06414946458487612  0.07205520351803055
  0.08215318588108254  0.09227111304423700  0.10256986525642353  0.11438352341938912
  0.12986294612806515  0.14443926694517084  0.15727286480913785  0.16947560082096538
  0.18062239017731971  0.18904577846503026  0.19862645517384214  0.21367303975533231
  0.23432166894514198  0.24852685534967994  0.26103989993636878  0.27515354365736483
  0.28778514132566974  0.29817210761254365  0.30904362259558321  0.32223688102307335
  0.33970557243865940  0.35659609427705408  0.37265863769945945  0.38946529005710911
  0.40770583102697000  0.42680163213168038  0.44370623230964268  0.45744301702527013
  0.46889315883165422  0.47702645467790494  0.48481123286910338  0.49242216487365509
  0.50228654609570211  0.51371064371551534  0.52672020868678748  0.53547773900724394
  0.54439416523026529  0.55415288245893357  0.56308080112655945  0.57303315545730926
  0.58552449105565307  0.59999843427492250  0.61325350423756797  0.62736889166893450
  0.64147689169756261  0.65583674774953327  0.67191980964823783  0.68713543074059413
  0.70114560041066443  0.71446698039430179  0.72739278877950830  0.74160789303828167
  0.75429974343945461  0.76127407230128707  0.76542427898433607  0.77048409298841114
  0.77413959930134335  0.77923232340805926  0.78703096201808387  0.79262680671328212
  0.80277860110135113  0.81465450046673493  0.82627526808698315  0.83780599155580870
  0.85036911262652337  0.86072494358272411  0.86902444531221035  0.87265911558265541
  0.87599647877641029  0.87926101192190353  0.88291601233467587  0.88623384830529983
  0.88922958599219115  0.89223730958770364  0.89538899400620664  0.89841551086699634
  0.90534897494921396  0.91640350062316056  0.92853491046551662  0.94059654067399523
  0.95224512189760246  0.96152988984895571  0.96896890426021198  0.97549470125238980
  0.98181686476007590  0.98814027056803821  0.99406929784897813  1.00000000000000000
 -0.00467749385355479  0.01490484231772128  0.02982954040317948  0.04293140832853580
  0.05460906934228556  0.06570237778518126  0.07755923277888968  0.09015579988207231
  0.10386805441797074  0.11764680539757055  0.12897332786324034  0.14095251650506957
  0.15195815925150927  0.16359654131094972  0.17661596468203264  0.18835757832514313
  0.20100751353817389  0.21594469703566316  0.23259235749947732  0.24978998911909125
  0.26826864689065216  0.28462386399941819  0.29402725615179792  0.30039821842916858
  0.30611186543021757  0.31240326563649501  0.32086702154043573  0.33226322395631430
  0.33961357150558141  0.34718159797777881  0.35473272846288945  0.36113271626052140
  0.36672625978565043  0.37244908127679888  0.38051319181673604  0.39272032000746043
  0.40439838012081880  0.41788739711635137  0.43503902409827722  0.44925612636099621
  0.46180515541069600  0.47287756677587511  0.48211291209570423  0.48924148385059940
  0.49865900224933746  0.51331020860792986  0.52676383378093494  0.53737511062111398
  0.54539658711428329  0.55273284427846858  0.56081132062015426  0.56917252835219390
  0.58012789538108966  0.59114505561059294  0.60479316963606000  0.62074876784742983
  0.63514248742336366  0.64344160270299655  0.65291914271031581  0.66270695259587631
  0.67058802775007953  0.67881350760172232  0.68809115824041434  0.69972654195763218
  0.70941712490440523  0.71797229668725127  0.72915130817981333  0.73978153977401062
  0.74885787461234121  0.75828658620559286  0.76806696917724648  0.77901283941302069
  0.79201844711333436  0.80696557344278863  0.82325763768799309  0.84294860974909969
  0.86244821506314817  0.87960201409941730  0.89303583402558273  0.90292006067632768
  0.91182751931285511  0.91857285499844132  0.92466999903842573  0.93309915216946804
  0.93926760272984111  0.94282856246114422  0.94666652499774329  0.95100461968383732
  0.95566630667809793  0.96022082340090753  0.96546007466816730  0.96955593831621467
  0.97443965868748150  0.98019683646217926  0.98979535248653683  1.00000000000000000
 -0.00335958558765415  0.01324548432541039  0.02734467360809847  0.04191827424164595
  0.05915130199343238  0.07753413055413459  0.09414210358300570  0.10187447317989839
  0.10784645534413802  0.11555702805087288  0.12234150101131326  0.12945842699983967
  0.13768188243797200  0.14784183380791177  0.15973487904481556  0.16954697641809990
  0.18032301210368654  0.18603639192312629  0.19191494994391509  0.19821293173717977
  0.20518652360161918  0.21812144446407278  0.23110105571156472  0.24838498402357390
  0.26527810930686097  0.28062030853549097  0.28904141647550052  0.29790671374238942
  0.30653727625952787  0.31488226360890476  0.32401108037131648  0.33539515936855946
  0.34936021983054516  0.36063440039827505  0.37410593159097755  0.38650297744077283
  0.39974874326448551  0.41285187290046538  0.42557360115203652  0.43762276926144728
  0.44882639919056838  0.45945157078709881  0.47085096532825860  0.48367606294124538
  0.49802993719237948  0.51165497862077136  0.52631372461876103  0.54282559398914931
  0.55819573574742531  0.57216646011996997  0.58632799744228625  0.60296299270255138
  0.61895397907765082  0.63431681318358246  0.64625557187509197  0.65403424248928710
  0.66260793203578439  0.66941825299832447  0.67416700105555616  0.68121047749916475
  0.68737336587439268  0.69351123850537177  0.69997721416549885  0.70529890322051580
  0.71084155407052219  0.71769011972268226  0.72554439384071290  0.73250852853749826
  0.73966921553621567  0.74980295276136044  0.76165516518301213  0.77340372239063826
  0.78615353435557356  0.80006472007181550  0.80978807539355546  0.81671653077362516
  0.82316914528993190  0.83069609535993849  0.83943576564482281  0.85348356165271377
  0.86951753465651127  0.88390540464956235  0.89505477594244587  0.90492456261512000
  0.91309163996270104  0.91980282161797466  0.92822753842074002  0.93642646703256738
  0.94161335188529816  0.94896078715205123  0.95877169319269862  0.96766560067206142
  0.97685436161899730  0.98615590209308968  0.99308418873642423  1.00000000000000000
  0.10901697255437007  0.27612385203857059  0.39852702734468282  0.50431625656820511
  0.58575750629711620  0.61418802075060941  0.63025375954219953  0.64453626333996783
  0.65505476334321155  0.66323852935285998  0.67043053811150533  0.67731590850078949
  0.68395373502212153  0.68899438965956983  0.69328471976813644  0.69784674814857506
  0.70216556865314350  0.70591122402911644  0.70922322816767669  0.71222391050523925
  0.71481770738560435  0.71693590032965271  0.71903948487822933  0.72291183718299334
  0.72855681752249590  0.73413550097459790  0.73675933284337225  0.73866123957614604
  0.74041290470650223  0.74217150754103511  0.74353164430253138  0.74502432904810600
  0.74746980222715953  0.75038644398889442  0.75384515963815768  0.75744584258125502
  0.76055303211586167  0.76326401569609503  0.76620162496639566  0.76900473276296366
  0.77170016192003199  0.77477908873261125  0.77810139196265637  0.78169645408055999
  0.78554097186273331  0.78931170106900350  0.79337456382400018  0.79582560969995575
  0.79760186211341444  0.79967675096483648  0.80209638514993131  0.80462666588581810
  0.80691932194291949  0.80914793958726972  0.81095122695239408  0.81329365184180114
  0.81709005730381312  0.82220380948468319  0.82761937757163129  0.83221862296282734
  0.83702999373555453  0.84232436853994563  0.84785899815544719  0.85210923905477765
  0.85586587321241447  0.85949832402814275  0.86362293616961183  0.86781643889206739
  0.87189195205048364  0.87637558704070806  0.88133039031493965  0.88513985024957542
  0.88883492045959667  0.89245412425808179  0.89634624128606100  0.90080195745105751
  0.90515399091335214  0.90928143867056066  0.91269425014933181  0.91633915561274992
  0.92144830530775368  0.92478457385939239  0.92670645014224684  0.92884155755757336
  0.93145780003825629  0.93419482272987697  0.93691418385566072  0.93938537445290149
  0.94220319033887356  0.94872958007584585  0.95549169812608881  0.96164105211528705
  0.96816999666603443  0.97564176739306485  0.98477888795503821  1.00000000000000000
 -0.00933540634970746  0.23877880786285044  0.26117517929700229  0.26706927878612186
  0.27439173214664164  0.28149022401336060  0.28831294530684215  0.29409377519100738
  0.30664389371743267  0.32894963266578137  0.35034511229576104  0.36780952932576505
  0.38356211001088092  0.39619044162085409  0.40913187109703764  0.41965705992948332
  0.42740849165533989  0.43470631689959333  0.44255117310995007  0.45259481162423559
  0.46348981917513465  0.47204968266464709  0.48082773181231253  0.49097397380798807
  0.50212782723981064  0.51473804995716566  0.52653042200971212  0.53732992515225853
  0.54852384801221910  0.55957398380641887  0.56932253124588805  0.57776281333293023
  0.58468213104573885  0.58961418031287871  0.59380923915259476  0.59861799769035606
  0.60583309111195494  0.61145694107815141  0.61856345103903043  0.62646393986738336
  0.63372092923796819  0.64001728718081885  0.64510908018654645  0.65001764908745230
  0.65484135185579961  0.65947843745060464  0.66504095183366974  0.67083599743534883
  0.67643501844047316  0.68195073244582549  0.68843746446932885  0.69460251994932198
  0.70003495773379476  0.70437125062908101  0.70731489079457865  0.71074302122435529
  0.71391965254390410  0.71764213389253750  0.72178165713145959  0.72589854418651478
  0.73054000187196777  0.73516457093207832  0.73936564810085692  0.74364175205396088
  0.74841395583814740  0.75391406290402108  0.75971827862243346  0.76411267137845074
  0.76725669143509867  0.77046165579048931  0.77326945808224301  0.77601974405523255
  0.77882907364849718  0.78084237892572128  0.78262768804906602  0.78445974500614646
  0.78755882000102895  0.79242398271068759  0.79706926469005956  0.80211279317162054
  0.80789651598007772  0.81272803132502247  0.81814094041881347  0.82336178104745616
  0.82863598201434763  0.83607255187244456  0.84339589693513350  0.84747338024275198
  0.85211286619435644  0.85670436462766397  0.86183320504219163  0.86924170946785095
  0.87914684287900557  0.89379913886139495  0.91961325162317542  1.00000000000000000
   9.7639110413853734E-009  -1.0000000000000000     
 F F F F F F F F F F F F F F F F F F F F F F F F F F F F F F F F F F F F F F F F F F F F F F F F F F F F F F F F F F F F F F F F F F F F F F F F F F F F F F F F F F F F F F F F F F F F F F F F F F F F F F F F F F F F F F F F F F F F F F F F F F F F F F F F
  <DiscreteSampler_grid>
  grouped_processes
  1 # 1 for a reference and 2 for a running grid.
  10 # Attribute 'min_bin_probing_points' of the grid.
  1 # Attribute 'grid_mode' of the grid. 1=='default',2=='initialization'
  0.0000000000000000 # Attribute 'small_contrib_threshold' of the grid.
  0.5000000000000000 # Attribute 'damping_power' of the grid.
 # binID   n_entries weight   weight_sqr   abs_weight
    13   10   1.815362194833159E-001   1.960567251114064E-001   1.815362194833159E-001
    14   10   1.815362194833158E-001   1.960567251114061E-001   1.815362194833158E-001
    16   10   3.453690521693447E-001   8.330445510772295E-001   3.453690521693447E-001
    17   10   3.453690521693442E-001   8.330445510772269E-001   3.453690521693442E-001
  </DiscreteSampler_grid>
