 -0.00231834619409208  0.00826178925167666  0.01784749721870056  0.02778801070422093
  0.03799659541975916  0.04830165318178616  0.05853139835781566  0.06885348152973876
  0.07917841976454698  0.08977778497147255  0.10046394864549127  0.11115439388494147
  0.12182048407830481  0.13242920429074151  0.14313676664701463  0.15380084136149660
  0.16443467767636319  0.17474484989418007  0.18504748526012488  0.19552273950126189
  0.20601530615420346  0.21637841105723427  0.22668240751879046  0.23716975515055283
  0.24770376303519415  0.25811387813114067  0.26845598326823050  0.27887760783709348
  0.28928709869620783  0.29953622770929217  0.30964216292341179  0.31981241105859842
  0.33015611463812577  0.34046713539315804  0.35083566042699404  0.36111749658236020
  0.37140604059967719  0.38177290435087119  0.39209741807230991  0.40244306721415329
  0.41293304972286465  0.42375410741637104  0.43458869819045470  0.44533169609803919
  0.45598202324191445  0.46671108560348595  0.47735334582028743  0.48786108996778565
  0.49829969947232178  0.50857192062371714  0.51878674233536171  0.52901189053667319
  0.53934303838804776  0.54993898010556441  0.56066098280962584  0.57143418444776539
  0.58216736645438161  0.59277494488779559  0.60346156528623374  0.61405253608305466
  0.62452138523344702  0.63486941194650548  0.64518285292918964  0.65567214172518873
  0.66612603174056695  0.67644342106641930  0.68660802533198173  0.69677453270564271
  0.70702412299706185  0.71746297390080171  0.72780423302840136  0.73826512247845277
  0.74882672826811669  0.75962384561378138  0.77035569817160654  0.78101311577686316
  0.79160023995137885  0.80233879302837785  0.81311065616173561  0.82390497540176166
  0.83474489820643416  0.84581164575089962  0.85697466894675711  0.86825200721949425
  0.87939202928010329  0.89074539270520692  0.90187327411363061  0.91309953372229680
  0.92396940820590279  0.93480867314407468  0.94555396768554412  0.95602121173347510
  0.96667083975293489  0.97741134020662657  0.98872592832403583  1.00000000000000000
 -0.00364667364173539  0.01593035263934436  0.02955526529220655  0.04098487006081272
  0.05184554469501031  0.06280428941261253  0.07338775376779424  0.08403388210114709
  0.09496201931127476  0.10583309691486557  0.11654839651217873  0.12711052267494796
  0.13752760970626704  0.14800935506385024  0.15842474161385298  0.16878197679586729
  0.17911775229691337  0.18935754849572170  0.19976156870315606  0.21014368859629465
  0.22043366703456280  0.23090635418490726  0.24141816266862762  0.25196531373417141
  0.26227621264717138  0.27257185817467955  0.28259742882562311  0.29271316284031063
  0.30286582432108827  0.31317027170529710  0.32335717231704969  0.33350172239679465
  0.34385224018845911  0.35424782810854910  0.36452104938979019  0.37473615657866954
  0.38513717394191072  0.39564582929773184  0.40607457134014552  0.41649397530420318
  0.42691914445148055  0.43741811867256397  0.44784308511284326  0.45820559297985819
  0.46862414970765459  0.47908727190164468  0.48952442906803129  0.49989201482763262
  0.51020972645883167  0.52060051372655847  0.53124715522645183  0.54191815785646491
  0.55270698648624683  0.56346567761106403  0.57427607350414556  0.58508380295779627
  0.59571727925707663  0.60586399427071536  0.61591252073208036  0.62598194075858526
  0.63652827113681243  0.64720207922610173  0.65783626729135247  0.66831294513653650
  0.67869734829522388  0.68907751990679844  0.69937814933834319  0.70972276787382982
  0.72009708904061964  0.73045969910681974  0.74088901791784989  0.75129530053992499
  0.76165773223130484  0.77196639950358459  0.78199117116510453  0.79196650335220065
  0.80198486984237638  0.81211069879456621  0.82238130975690460  0.83252119485567622
  0.84280897090015039  0.85327159722906720  0.86392008241708174  0.87467236637786938
  0.88524528424165738  0.89579793901953753  0.90602081383892485  0.91619294011147878
  0.92628904225459274  0.93647448385688559  0.94689043974370368  0.95734220962336281
  0.96796404722038321  0.97873560849342878  0.98935845203175354  1.00000000000000000
 -0.00229715367782229  0.00823400091811941  0.01727943871941288  0.02667519842004947
  0.03618320279339421  0.04592882999166276  0.05562887894565317  0.06550325335379394
  0.07544133616781125  0.08556231421265743  0.09574544123051143  0.10598160839248214
  0.11628498327902079  0.12672426239263707  0.13741741081801154  0.14821095508952142
  0.15908472082559483  0.17012680011348141  0.18140946772299452  0.19291938481820381
  0.20458013230032235  0.21635221757944234  0.22811282577938372  0.23973803474808372
  0.25139238577318784  0.26332435632575796  0.27539311757192053  0.28745821668632054
  0.29965194915993554  0.31187779242840774  0.32411871857655783  0.33628918724349183
  0.34839439083367252  0.36077345568185659  0.37342215355089992  0.38614892802153550
  0.39886241192606214  0.41148020756182285  0.42400336902025432  0.43652159841926957
  0.44907984623766206  0.46178255501424575  0.47444027998618654  0.48712737898474051
  0.49979397994439462  0.51255219741816060  0.52532634676794976  0.53800072492743845
  0.55031410636973299  0.56242742981248095  0.57443215420524540  0.58620088822622618
  0.59772146870244436  0.60944452103013369  0.62129464164766546  0.63297435087386589
  0.64424179789996394  0.65539943177411775  0.66641604625175688  0.67729192687506845
  0.68803296900668620  0.69870190442683622  0.70928628240671254  0.71963400855766424
  0.72993985363259917  0.74015107360854449  0.75019906871690267  0.75992646998140834
  0.76959763479818888  0.77928355468389487  0.78901388491137903  0.79861839895677234
  0.80815445663384600  0.81763145771795698  0.82697106028597012  0.83605990455108914
  0.84472366996050496  0.85328404155941551  0.86200116537600879  0.87089683901972181
  0.87979047256749165  0.88858281683518692  0.89720409660140499  0.90580070947253355
  0.91418651185738997  0.92231610374634188  0.93040230592296158  0.93850405635910883
  0.94651032525206158  0.95435009409114180  0.96204894499382587  0.96972646013902508
  0.97742809659831653  0.98507603410903133  0.99255710014060528  1.00000000000000000
 -0.00250873620434764  0.00955312937646636  0.01975292377778596  0.03041543443975962
  0.04097818457863278  0.05142243898043915  0.06184261489277273  0.07202033100782691
  0.08234526947024397  0.09254133339889724  0.10284395593017419  0.11304474265385264
  0.12337366829632140  0.13399499708643792  0.14444138211784865  0.15491958098407344
  0.16512408480697807  0.17578823065673471  0.18645257313132496  0.19734412429668749
  0.20825786064132359  0.21899216107153011  0.22985769952589169  0.24037921697385817
  0.25113273914321671  0.26173545785149382  0.27232180775144527  0.28247435681254951
  0.29262163180554823  0.30287732661737515  0.31317241902246878  0.32361384277092958
  0.33422609869361697  0.34514659919808727  0.35600786016674790  0.36670180241972106
  0.37736361549797975  0.38794289504730950  0.39848837639830148  0.40908442955112623
  0.41974916986775201  0.43046592231604119  0.44114552914575378  0.45176627249185886
  0.46225209445010862  0.47268678267913850  0.48313400957964986  0.49368172369371355
  0.50415608262166611  0.51447094838815122  0.52471969329220702  0.53517442568903117
  0.54586543747182414  0.55669493713243035  0.56743285484359451  0.57812516382654922
  0.58888594203152123  0.59985138727835319  0.61085196640197348  0.62170523542921674
  0.63230673458000974  0.64286481857585809  0.65325517905695907  0.66371363984576592
  0.67409025297685010  0.68443342362347337  0.69485412494028598  0.70533030190994894
  0.71591771654821768  0.72656932597852963  0.73699343935980022  0.74745329304327779
  0.75809049786901961  0.76898441591935085  0.77984416419161162  0.79032714554447481
  0.80086908821886793  0.81147321502272884  0.82241688887474818  0.83348652754430519
  0.84438432991450785  0.85525488869139010  0.86588231544478655  0.87647627605509393
  0.88695811603913266  0.89704428348403942  0.90716229956168803  0.91708700060814108
  0.92753280191718990  0.93786773694403047  0.94831797090518644  0.95876349267391714
  0.96910521510417968  0.97944041933321613  0.98975465292244402  1.00000000000000000
 -0.00253705803749530  0.00980414440527036  0.01985773987399209  0.03030945592766790
  0.04044587593925605  0.05072854109390525  0.06089929718281276  0.07154136343096183
  0.08217559915034606  0.09288224827566401  0.10342361009884503  0.11392170339702909
  0.12427396690320267  0.13468483998720748  0.14507948817539720  0.15551510961698906
  0.16585281494621415  0.17642335682151966  0.18706671430689301  0.19761212007516232
  0.20822775176935540  0.21901166339341882  0.22994137759546632  0.24050968229790001
  0.25114842277529037  0.26165510317852236  0.27210530520378823  0.28249451241169615
  0.29299300092062575  0.30359199540068088  0.31426000505366047  0.32501556219051148
  0.33570642830080544  0.34604098193176724  0.35636073014867570  0.36675880575902703
  0.37732722452352319  0.38784820771221945  0.39846837895057130  0.40908572522313547
  0.41959639307377206  0.42991496948990060  0.44019537859500057  0.45061431188752971
  0.46119020659767695  0.47203061649575040  0.48262429007724705  0.49302063432387055
  0.50338090899974974  0.51383175773294276  0.52416096436168358  0.53416732134357880
  0.54437690707014863  0.55493253229136497  0.56546861877717869  0.57598128081977840
  0.58641439957372077  0.59725006195349351  0.60791698400010297  0.61859926643369745
  0.62929969210870695  0.64015917551443269  0.65073138811223219  0.66118820271926604
  0.67156928924140291  0.68210085203107529  0.69244544395656393  0.70278580727665829
  0.71310234534718042  0.72370047453992681  0.73433721200931623  0.74489353183427010
  0.75541124187215247  0.76598769292463120  0.77669824587063863  0.78745641314383596
  0.79824734531910491  0.80894473162288039  0.81959145873677508  0.83005230650528516
  0.84042419071650787  0.85079608034969612  0.86130135753278070  0.87172994209160415
  0.88213948545968002  0.89256905638064621  0.90301968765812424  0.91348564633229357
  0.92404952363427928  0.93483596143293535  0.94575880563105386  0.95671743490531702
  0.96744159002821772  0.97814619792929725  0.98894516441514901  1.00000000000000000
 -0.00249418138195425  0.00973306498438017  0.01982753254650011  0.03041962449016277
  0.04114977109965542  0.05207458864808719  0.06288818713534039  0.07335058230626945
  0.08367074282776477  0.09401845537243834  0.10426377446106634  0.11442660804319955
  0.12448127490006031  0.13498366725614358  0.14560923603697098  0.15629106711978347
  0.16695788661218533  0.17763031372948282  0.18824338116371420  0.19868790725534491
  0.20923210274039247  0.21986965302887723  0.23057603400215967  0.24096988327505292
  0.25133592964533907  0.26159234974598422  0.27199201480797974  0.28246209952943169
  0.29324240524333289  0.30392680213895695  0.31441809949937433  0.32487725338151230
  0.33536462305672837  0.34595032021960576  0.35644183864195794  0.36701268846592094
  0.37753366559462187  0.38813584019177461  0.39866096136285617  0.40907308354275851
  0.41965286188648215  0.43036390664729723  0.44107450388826408  0.45147291357402924
  0.46205497748276114  0.47266256813378316  0.48342911585532528  0.49398528434918160
  0.50447957768884277  0.51522347731232321  0.52584732235031106  0.53689934333874789
  0.54778000477811506  0.55870901002476403  0.56938384615003745  0.57990766734636678
  0.59055669415990064  0.60136961983347870  0.61202976827724942  0.62262132496991818
  0.63293274250961074  0.64354904469206098  0.65409771815623208  0.66458006264455971
  0.67505529153678612  0.68546057517167069  0.69599781601983335  0.70648438056174589
  0.71723433826561733  0.72798707704824661  0.73870277806765916  0.74929148923343203
  0.75995496475460445  0.77066597106334345  0.78144768194127756  0.79230178539554086
  0.80271871554837759  0.81310502393384199  0.82339387305366030  0.83361959000058838
  0.84378232408992049  0.85389837673361202  0.86451137165409930  0.87514555612428557
  0.88511682066868491  0.89553295972152536  0.90601857307406963  0.91657221317972726
  0.92690998295135718  0.93739840376381822  0.94802462194555226  0.95853578305727671
  0.96905235339717444  0.97945481323939354  0.98979779905056575  1.00000000000000000
 -0.00274854874187115  0.01128627000276783  0.02288668621626258  0.03502116719039507
  0.04692097191845190  0.05853448763618545  0.06996542477698245  0.08124891049094474
  0.09241658245566053  0.10368234823926159  0.11495777946435401  0.12623708627874164
  0.13726898926181652  0.14805966773056792  0.15862378249045789  0.16899971888757978
  0.17923094845033649  0.18935360816112343  0.19940189923224741  0.20943492352673512
  0.21949431531294050  0.22947581040872153  0.23936185183282557  0.24915005011888655
  0.25885123195746934  0.26851434391271684  0.27802009720895920  0.28746949814557493
  0.29704731867964246  0.30668065645838732  0.31627837458377783  0.32580668950893338
  0.33536192050297275  0.34499543141675831  0.35461488514571510  0.36411333988784278
  0.37356635768624075  0.38322721437531887  0.39288734699590738  0.40234863039396013
  0.41158810510152410  0.42085418998510415  0.43021328937028430  0.43963994141947749
  0.44898123231757642  0.45832726866648987  0.46765580533451151  0.47696445156226608
  0.48637264458730584  0.49588855880953192  0.50553449651538374  0.51517707474953678
  0.52473427511103443  0.53426567003740266  0.54373459592973106  0.55319958728083296
  0.56264527609277937  0.57205312399726849  0.58159191219658157  0.59126418060719388
  0.60101514869600958  0.61071052589797958  0.62047148001449615  0.63019981665958114
  0.64000162521911486  0.64986140874547504  0.65993862084953270  0.67004424056396705
  0.68012053190996169  0.69021391365668039  0.70037165070623275  0.71063860738667606
  0.72090304725894183  0.73131028556191269  0.74191656015560548  0.75271051219912954
  0.76351635356901415  0.77417328048233869  0.78484065581061890  0.79578100328463175
  0.80702483364673627  0.81836839633592973  0.82973063568706074  0.84119233169304952
  0.85298172323471921  0.86526644945890319  0.87789372879874894  0.89066674082252428
  0.90340166698244539  0.91613264655800808  0.92894284678427530  0.94208457103501064
  0.95578581055573753  0.97016337293767507  0.98506176289724734  1.00000000000000000
 -0.00234988652634282  0.00979558260896862  0.02026144537301644  0.03124950718610941
  0.04211237856563081  0.05274279517396392  0.06331399790687635  0.07392313588643480
  0.08450239835248000  0.09517379856553301  0.10582288831414023  0.11647571087771033
  0.12695009983806699  0.13752507475967762  0.14835072745170541  0.15922514392990619
  0.16954633060690610  0.17959342494891603  0.18981044310832437  0.20067993150853092
  0.21155632550113160  0.22228525422783990  0.23293406505318554  0.24349192709134013
  0.25392167626531387  0.26426220498929404  0.27493148375427462  0.28578640297707325
  0.29651696265807714  0.30731653445440971  0.31810178153543212  0.32900635382142407
  0.33929701383376959  0.34925742992088527  0.35909844425571086  0.36905213657141495
  0.37927270757183529  0.38966272424616777  0.40022893089866463  0.41085983960801964
  0.42136872841910239  0.43167397135656177  0.44199530417672078  0.45250873952742782
  0.46341054213869454  0.47434117019819710  0.48532195839987324  0.49620597963100693
  0.50687635540106890  0.51773407189328635  0.52835281600336503  0.53891425061882692
  0.54928365750008346  0.55979123316349566  0.57053603726676339  0.58137170796414273
  0.59209787820306681  0.60265569143381170  0.61317936803277784  0.62383829554573966
  0.63444132438939982  0.64511999819961408  0.65565874387846079  0.66635070366629112
  0.67673976368499122  0.68721074585893238  0.69758197648522136  0.70812106318371781
  0.71863432425028684  0.72921870938735645  0.73987811308652773  0.75055114135532308
  0.76154126984247306  0.77245352632790631  0.78330297622554490  0.79395060268486839
  0.80448264417656767  0.81493300129393509  0.82513440243806335  0.83534712128872990
  0.84563534306659971  0.85595465077778077  0.86625248879460459  0.87645694070081226
  0.88674961738930136  0.89707816342224245  0.90727740060127104  0.91737386166420620
  0.92740096685730833  0.93748203185315049  0.94798677911885576  0.95846569859964514
  0.96895548515791630  0.97918527255861043  0.98956797958654319  1.00000000000000000
  0.40803262861463213  0.46282868532953786  0.49962105312910976  0.52348653083089436
  0.52698248472104026  0.53100271519897801  0.53774293872827139  0.54483291859591110
  0.55252704681288856  0.56259726380030739  0.58170069670335567  0.59788363408488721
  0.61901583415358741  0.63518530318919186  0.64465898715609027  0.65086345819808078
  0.65597368705756154  0.66094629521559600  0.66565582195663597  0.66995941124747638
  0.67395395270543568  0.67788209892147433  0.68170365866023452  0.68548397456336208
  0.68911146715832639  0.69265702361095727  0.69619211441634232  0.69968607241795289
  0.70318045251853267  0.70668189569283779  0.71015602264339051  0.71358481544767371
  0.71698949941201917  0.72040002078239718  0.72381412323562233  0.72719384733196402
  0.73051246760799504  0.73377389239761659  0.73700715759734625  0.74027897272725585
  0.74357329369614678  0.74688451480319107  0.75021848640452127  0.75354220326729393
  0.75684215071338667  0.76012339158962250  0.76339448983391500  0.76667675444432071
  0.76996862743298344  0.77329725594940768  0.77665815033385954  0.78004369996286727
  0.78343405326922255  0.78683243638698552  0.79025598258506868  0.79370794288858559
  0.79718782795844167  0.80066964548857300  0.80415822099704726  0.80765817498048620
  0.81118883022714061  0.81475422575555168  0.81835771256030576  0.82198499031961769
  0.82563423054592266  0.82925570340943267  0.83294186467549525  0.83671477653092352
  0.84055843284276655  0.84443806122417431  0.84832158680336867  0.85222531054071393
  0.85622249996094657  0.86030915379799189  0.86441008916560991  0.86859685103373130
  0.87279503912814582  0.87713415788940208  0.88154313881906310  0.88597798539260464
  0.89052087294343141  0.89519745923063965  0.90020071423300929  0.90529997887330638
  0.91046739810942001  0.91569990563479342  0.92122109981582179  0.92700880304701982
  0.93290024386582338  0.93915652854632514  0.94594836513605551  0.95312886985282064
  0.96108597693068942  0.97054668296273461  0.98271549206047681  1.00000000000000000
 -0.01821920484405469  0.13515878780357271  0.18046196872365666  0.20797530036559714
  0.23014847800843313  0.24929160619275845  0.26644605480560152  0.28186590604452100
  0.29633459141436119  0.30983821088107094  0.32262290543139571  0.33473278539384088
  0.34624820905108628  0.35724896922049554  0.36783856369170503  0.37812084058546297
  0.38799623574236236  0.39757741286770854  0.40681139616703221  0.41596135398241696
  0.42486969154716753  0.43357788269623082  0.44212291111722635  0.45051033885942632
  0.45881540893222150  0.46670436525591397  0.47444414764600218  0.48199052055443120
  0.48941267631448199  0.49681113821899381  0.50405545070412328  0.51116587112947276
  0.51818635350837883  0.52506386683301320  0.53185705837947239  0.53862036444407102
  0.54527157793920200  0.55182021578176488  0.55826065623581456  0.56458254221605686
  0.57074752541575602  0.57684814633313741  0.58293205534406167  0.58895808160168106
  0.59498222700552694  0.60095539712478419  0.60687282777256801  0.61273021146064455
  0.61849519660749330  0.62426957617473589  0.62993393461725422  0.63557945214767853
  0.64117400395908375  0.64674466750736981  0.65225837714844837  0.65772432649376300
  0.66315194434870284  0.66854140233362691  0.67391213903030345  0.67929748221885400
  0.68469694242744694  0.69005661882335112  0.69535294300800943  0.70055762982584469
  0.70580831470957639  0.71096464672060500  0.71614596262744601  0.72134978777193570
  0.72653111249509461  0.73170061024880351  0.73684866651554748  0.74196885433501669
  0.74710676399830855  0.75231445218898019  0.75759083112333603  0.76288366645483996
  0.76817231159423138  0.77359168899773512  0.77919092594128181  0.78488124783181046
  0.79070560947487090  0.79665269565890817  0.80276695255955322  0.80886244437468213
  0.81517812049427985  0.82181540887767213  0.82870264449308029  0.83599212607351159
  0.84383015792195382  0.85231213926251481  0.86206858066863312  0.87324020316000861
  0.88627485502999970  0.90329728774270934  0.93284554387084939  1.00000000000000000
   6.2824760659266844E-012  -1.0000000000000000     
 F F F F F F F F F F F F F F F F F F F F F F F F F F F F F F F F F F F F F F F F F F F F F F F F F F F F F F F F F F F F F F F F F F F F F F F F F F F F F F F F F F F F F F F F F F F F F F F F F F F F F F F F F F F F F F F F F F F F F F F F F F F F F F F F
  <DiscreteSampler_grid>
  grouped_processes
  1 # 1 for a reference and 2 for a running grid.
  10 # Attribute 'min_bin_probing_points' of the grid.
  1 # Attribute 'grid_mode' of the grid. 1=='default',2=='initialization'
  0.0000000000000000 # Attribute 'small_contrib_threshold' of the grid.
  0.5000000000000000 # Attribute 'damping_power' of the grid.
 # binID   n_entries weight   weight_sqr   abs_weight
    13   10   5.894620802762046E+000   8.737372707712393E+001   5.894620802762046E+000
    14   10   5.894620802762043E+000   8.737372707712379E+001   5.894620802762043E+000
    16   10   7.344630972001525E+000   1.324752050497762E+002   7.344630972001525E+000
    17   10   7.344630972001523E+000   1.324752050497762E+002   7.344630972001523E+000
  </DiscreteSampler_grid>
