 -0.00126538620791477  0.00525107883330989  0.01298263856061702  0.02113174593892208
  0.02998421366805439  0.03994996354449903  0.04911409950139058  0.05923066735545020
  0.06895502971059835  0.07709584739481951  0.08528931766927211  0.09397274160902337
  0.10148177419581858  0.10919660939580386  0.11698337946884367  0.12557858338458230
  0.13346807695459237  0.14668427913887858  0.15997831910316299  0.17171590929588498
  0.18302359490350309  0.19425498314405260  0.20589582074157092  0.21830157260490554
  0.23041322824147681  0.24125940762689568  0.25143669631453769  0.26143779155255031
  0.27131494560116276  0.28142244987475962  0.29144577772351338  0.30162234913303104
  0.31307756149308824  0.32397679881438662  0.33428957044754209  0.34510474647029699
  0.35638339087412874  0.36845581221545448  0.38132488273150250  0.39453589985758264
  0.40780654804828803  0.42065056833314746  0.43142435664162254  0.44123027750685284
  0.45104479078909271  0.46223528737052133  0.47500189555981043  0.48809229213474387
  0.50127467915323898  0.51356795504463881  0.52503825984324337  0.53601312523390410
  0.54672435130140651  0.55716595684665671  0.56731137208575455  0.57742887746591320
  0.58858945827022047  0.60027861103718849  0.61144270013606183  0.62177850714430793
  0.63207207313906844  0.64305054574735310  0.65438040242968554  0.66574598381543659
  0.67724608338140990  0.68935212550652025  0.70147479757426934  0.71379031799388948
  0.72652983456570486  0.73906605687342941  0.75078720258424980  0.76180601480390886
  0.77442868680594545  0.78338673940806391  0.79370713191330755  0.80423537573346893
  0.81475547672452608  0.82564304484357876  0.83613234007281523  0.84673421536923010
  0.85636135009378711  0.86368209220405656  0.87197320790688670  0.88090387433306450
  0.88834215834761188  0.89827152984391245  0.90932816403386574  0.91901947866875133
  0.92954412511629969  0.93882101697909126  0.94849206391823171  0.95992528508625485
  0.97127461201404663  0.98331516530939145  0.99228481816875536  1.00000000000000000
  0.00007101376459166  0.00007426488138343  0.00007761328537708  0.00008131172063461
  0.00008531208126095  0.00008890833177615  0.00009148622054547  0.00009231047925407
  0.00009247566292147  0.00009252284116548  0.00009254653327800  0.00009255638986806
  0.00009256369793741  0.00009256943209577  0.00009257345196006  0.00009257656156153
  0.00009257873642668  0.00009258034416005  0.00009258183052197  0.00009258308518072
  0.00009258413592612  0.00009258502208726  0.00009258579507464  0.00009258652855455
  0.00009258720837688  0.00009258784463494  0.00009258848054754  0.00009258910448535
  0.00009258972842316  0.00009259038201066  0.00009259107403344  0.00009259177672526
  0.00009259261131220  0.00009259346611708  0.00009259447286232  0.00009259572662519
  0.00009259726598174  0.00009259912792237  0.00009260119231302  0.00009260451891088
  0.00009260896311988  0.00009261465585206  0.00009262172727316  0.00009263521843608
  0.00009266220697306  0.00009272238524680  0.00009288879588380  0.00009400317133634
  0.00009782769421361  0.00010445901783327  0.00011258616793893  0.00012320030663662
  0.00013625809710482  0.00015158593172928  0.00016879761244365  0.00018754831762139
  0.00020831051968262  0.00023156347242631  0.00025647500616479  0.00028291378388011
  0.00031153412111172  0.00034316976953754  0.00037844245387296  0.00041783584236319
  0.00046206416198696  0.00051249396971777  0.00056693621797352  0.00062441933962714
  0.00068749914796060  0.00076294190845659  0.00084630256541588  0.00093901665321368
  0.00104524234085145  0.00115641394191461  0.00126436253346460  0.00137870557615406
  0.00150903473612411  0.00164355245415397  0.00177724834995294  0.00191695548914522
  0.00206813145120682  0.00223120752328438  0.00241775282069375  0.00262465034994334
  0.00284047726770905  0.00309552806764095  0.00335995496279221  0.00367182250578872
  0.00402403541776193  0.00441778082644120  0.00487524706024562  0.00536012451434239
  0.00910944745604901  0.02824857121546088  0.07536326969598640  1.00000000000000000
 -0.00000021480652678  0.00000384090502313  0.00000576868983786  0.00000816588883998
  0.00001070445349173  0.00001317678064869  0.00001519747335375  0.00001738512830489
  0.00002026321040900  0.00002337821130243  0.00002655831369337  0.00002920650348208
  0.00003137019707944  0.00003339457184842  0.00003555430284099  0.00003795736643239
  0.00004060781828170  0.00004333163966480  0.00004603100642488  0.00004868446443889
  0.00005129628932542  0.00005392496649794  0.00005661291153502  0.00005936146277071
  0.00006224229465746  0.00006531820650459  0.00006858313405403  0.00007202331574100
  0.00007572220348688  0.00007978449358283  0.00008375282927364  0.00008671629749895
  0.00008920847677993  0.00009162433809647  0.00009374406541826  0.00009622617375454
  0.00009914693257386  0.00010194048722747  0.00010516334839443  0.00010938308931988
  0.00011460756053820  0.00012064952176793  0.00012727447516015  0.00013433814255927
  0.00014162534169657  0.00014903498703033  0.00015672765689564  0.00016483137816426
  0.00017331583763324  0.00018234110590868  0.00019232460200196  0.00020313998731223
  0.00021416568936623  0.00022602788398539  0.00023849890045102  0.00025201183890038
  0.00026582820789159  0.00027974892379592  0.00029348177772019  0.00030823129889259
  0.00032359531395825  0.00033921739318830  0.00035523303263259  0.00037030157147874
  0.00038388390392971  0.00039886295158082  0.00041585838670000  0.00043837364933935
  0.00046101165549393  0.00049309544711386  0.00052618819655390  0.00055781670044033
  0.00058693597740556  0.00061560946043509  0.00064706399485920  0.00068024689828452
  0.00071328366162500  0.00074705192270039  0.00078416041786314  0.00082841701492959
  0.00087599632354199  0.00093005610417637  0.00098735391439831  0.00104057977866940
  0.00109446792932051  0.00115275345006857  0.00122302520535569  0.00130222048402532
  0.00143420991631038  0.00163634759203605  0.00190983593345227  0.00225269000203841
  0.00274533970973719  0.00378584674375476  0.02469571015348082  1.00000000000000000
 -0.00231188247009010  0.00747405795753581  0.01841507567207580  0.03001232557880041
  0.04213769301291805  0.05498663801216078  0.06810866269626430  0.08060280735268111
  0.09223422578288971  0.10323239457097129  0.11409097194838812  0.12523796279093158
  0.13681294946558512  0.14877100587439435  0.16127464672504274  0.17444462452974696
  0.18650392755227646  0.19714354524638752  0.20756048626040521  0.21824337343679398
  0.22812930488225996  0.23880152162276819  0.25056881309243151  0.26409105474626421
  0.27885318914341101  0.29302742329349285  0.30746552503618679  0.32244684664674256
  0.33688862478682891  0.35150826041675726  0.36624494101734867  0.37938306681117162
  0.39286982037071710  0.40543331911279396  0.42071947321808500  0.43539376046034928
  0.44924112626873874  0.46285985516493500  0.47690532139615682  0.49129460673924824
  0.50535532295656527  0.51886478211655152  0.53145685020139222  0.54246496360637408
  0.55327819208348283  0.56437781011013333  0.57563319383085565  0.58677399888470405
  0.59828363210714131  0.61070678244048560  0.62332194552342191  0.63542901943647656
  0.64675811226409841  0.65774580144741301  0.66821313457853615  0.67793379355848071
  0.68732826773839406  0.69693360995389175  0.70624844642521056  0.71569614891660038
  0.72548033890852548  0.73567292786613425  0.74662283031016274  0.75831098020476861
  0.76971867761460011  0.78026722324976117  0.79020051835423122  0.80011408104084325
  0.81036515646841789  0.82163781195805918  0.83177499988816217  0.83771475085967895
  0.84310398085237193  0.84931201818636703  0.85575994389560350  0.86235595306880797
  0.86888047372366883  0.87657282596590280  0.88453464759090750  0.89184666210982011
  0.89830182019782323  0.90397149429529366  0.90998940189930289  0.91619884683485375
  0.92244659319382194  0.92902347693707399  0.93612187499182453  0.94510290796848995
  0.95500358790060391  0.96301153401141271  0.97031316992884098  0.97734538222231193
  0.98341539931514688  0.98906188493757008  0.99446531347065847  1.00000000000000000
 -0.00256476044208297  0.00936776760428283  0.02073399949623054  0.03454078566623364
  0.04798276783288360  0.06015706517309571  0.07179519033772572  0.08308986317099176
  0.09285190326327100  0.10094152741466113  0.10797455759915667  0.11348879999228143
  0.12018563151675699  0.12822625378555810  0.13779280910933983  0.14848407188022472
  0.15884877157763941  0.16940266555187408  0.17895039038294117  0.18818666206324139
  0.19757276170971341  0.20809789128886608  0.21971336001975408  0.23181267257141572
  0.24350237579288539  0.25567655542624501  0.26905872257027841  0.28069331754441013
  0.29060007733064269  0.30003903244723190  0.30928745890305998  0.31881358636006940
  0.32844201531721035  0.33794852626937777  0.34766446003168644  0.35855141073635199
  0.37064810655873331  0.38324064751815801  0.39536929489137296  0.40669779348305773
  0.41764921487507489  0.42842894234776324  0.43969596860492638  0.45132421113907567
  0.46346190657116493  0.47571926338750486  0.48755106308855412  0.49896318884633617
  0.51046612938739266  0.52151970949769300  0.53123436692954451  0.54035742392646979
  0.54993793643222466  0.55985839442473384  0.56992254454458957  0.57993850260600222
  0.58994551626416269  0.60038680081153084  0.61166210324828929  0.62300935486750397
  0.63462394476093809  0.64668537448017860  0.65905144093831458  0.67131383712472570
  0.68268488028439001  0.69345311724809067  0.70391308064735159  0.71458820252876032
  0.72614487775988201  0.73819001090685521  0.75041879260153566  0.76278587925417118
  0.77484795974899867  0.78584527652202529  0.79534686210509742  0.80406232976843872
  0.81309488060264534  0.82216010792585703  0.83166351715004971  0.84111081085834027
  0.84949354296035440  0.85765561712194915  0.86554483787974867  0.87363107016128572
  0.88142234793539087  0.89092437656927048  0.90209884127833218  0.91357711789246088
  0.92464233484578751  0.93505516746492123  0.94557044457658512  0.95662423442558442
  0.96706770063874548  0.97855474040753443  0.98951600386915284  1.00000000000000000
 -0.00092820997296047  0.00519111789229907  0.01135311211536770  0.01729073236068907
  0.02333051634622008  0.03032175329297249  0.03969915766691513  0.04823693734645666
  0.05717668161149680  0.06688938973137643  0.07712959482441338  0.08719093447253133
  0.09641152801088776  0.10499165449840819  0.11304345807589798  0.12103803667602253
  0.12885149906292398  0.13679034074121102  0.14499792369607684  0.15268692298969117
  0.16082096499985526  0.16873199087680754  0.17737176373208141  0.18685591966841525
  0.19681719362508410  0.20714846612985430  0.21643195444292679  0.22462254813189250
  0.23320583037431553  0.24374466976634185  0.25571065265696102  0.26788080329425512
  0.27946551023884864  0.29023906787346937  0.30028720923957125  0.30987560106826045
  0.31914345032921659  0.32848821822553648  0.33854900495399143  0.34910990428954863
  0.35986439213360200  0.37074881023028683  0.38165891653320294  0.39258877821624033
  0.40362738778128487  0.41499780526089475  0.42665695482793753  0.43806203182198900
  0.44928745755041033  0.46035885910508723  0.47079444181954727  0.48094493535398725
  0.49042249618751310  0.50011829235000360  0.50978761641342940  0.52038948049065625
  0.53278423102443728  0.54497384542558258  0.55717962509599239  0.56942827708127053
  0.57933398716716256  0.59207489518750145  0.60348431908082389  0.61407557310098704
  0.62430827521885401  0.63374076985380190  0.64260643810849793  0.65564753540789567
  0.66831709182298549  0.67861991894144280  0.68874682300608558  0.69733827104177182
  0.70452991301191492  0.71196615905250438  0.72040262021639356  0.73124493381456057
  0.74455249838934789  0.75755222879767425  0.77114240046284632  0.78398894463877999
  0.79506625913248907  0.80557130558589418  0.81663188887771043  0.82855532731557224
  0.84254721560083345  0.85950103391588550  0.87551449911250745  0.88925876437337248
  0.90213103554729757  0.91511040604018123  0.92796944082709176  0.94073874626228293
  0.95388990518728300  0.96827072029993644  0.98430153823632105  1.00000000000000000
 -0.00218245471041276  0.00854357820753345  0.02005544523663925  0.03033252898025847
  0.04232390546991237  0.05330079197533484  0.06379960124147493  0.07489303329173248
  0.08617542254160429  0.09715783782275420  0.10786655350517228  0.11825452823407526
  0.12766969383428137  0.13752419519637660  0.14775626048649820  0.15950676893757651
  0.17118281269950436  0.18318761150480181  0.19568610225233460  0.20600198040447998
  0.21349059016376537  0.22069803190712955  0.22835726998217898  0.23640943506764189
  0.24459986734236261  0.25512558550083370  0.26602808816681112  0.27646180087169303
  0.28691503776439847  0.29724237314167340  0.30565952456634693  0.31327078964867872
  0.32192870381849009  0.33140078366176934  0.34192889664892906  0.35341384058587405
  0.36526456754576181  0.37716273320584404  0.38849682881353731  0.39832137880274809
  0.40715887062712636  0.41629931928089353  0.42596597912333395  0.43718743018840794
  0.44940577077329863  0.46114500517287005  0.47213025728324909  0.48248407545278688
  0.49302359637979415  0.50465556586675286  0.51699963868819798  0.52947916052361144
  0.54170502151940336  0.55315859059633588  0.56309030230109181  0.57222712529191122
  0.58212231459370345  0.59217358137991349  0.60259436326382332  0.61235470138438175
  0.62057252068652413  0.62822703750338638  0.63565883093041553  0.64238744671461812
  0.64959458817427040  0.65805235526925332  0.66894858066212859  0.68063917277679309
  0.69321540931739845  0.70581918890777318  0.71787356442991546  0.72947823204934481
  0.74060741139717434  0.75172259010286346  0.76266352951386007  0.77395415367527998
  0.78454958570905275  0.79475507078903485  0.80452662831011990  0.81386314486721312
  0.82370620640868364  0.83355030156267174  0.84478051469684390  0.85744135606154159
  0.87010506922368613  0.88185839416652911  0.89282276764353841  0.90370752903861085
  0.91517749954102257  0.92741474962901282  0.94005354910418204  0.95201767757178068
  0.96323207265702981  0.97487676137559720  0.98676226787746546  1.00000000000000000
 -0.00248608486849511  0.00889643126786199  0.02028819896923774  0.03269484663887638
  0.04566937639615504  0.05867688181002827  0.07167486884336449  0.08394529707076637
  0.09489950070186778  0.10541836095487681  0.11618194579140086  0.12675483990789832
  0.13748609602798706  0.14874409481013062  0.16047899380853800  0.17229441611752749
  0.18393485093583115  0.19561943993795802  0.20723975972102132  0.21913342983164641
  0.23046075979973693  0.24089723634932059  0.25039415183867081  0.26055578026968973
  0.27046346949070915  0.27961496100215122  0.28881235557481943  0.29786643038629884
  0.30732853676429905  0.31893472667312811  0.32908748638466739  0.33779868777675953
  0.34591635010414273  0.35430159263793448  0.36230198259719110  0.37068625630062424
  0.38059765400294021  0.39139673009393527  0.40252951974762441  0.41393486281357705
  0.42534117342567007  0.43683658191761809  0.44839201718347038  0.45994140656353438
  0.47133106831022908  0.48242253890742981  0.49303511578222237  0.50288265049960246
  0.51211165025876393  0.52167535456536573  0.53172872465854548  0.54234828013204184
  0.55295485698443569  0.56260496767913037  0.57161952781546943  0.58047903074409601
  0.58908342684775861  0.59944467960466030  0.61128410351562401  0.62235568145810072
  0.63410363461448838  0.64511935281782551  0.65663987805030199  0.66999294842827251
  0.68290212788156746  0.69356272972200128  0.70264499462182450  0.71125418150115938
  0.72070036446227881  0.73196086731622201  0.74431343844171149  0.75678032865404044
  0.76874306237860113  0.78025168136451217  0.79177525107845492  0.80319802781471261
  0.81463340234265802  0.82656745492141048  0.83812784778526861  0.84846031807492195
  0.85816748781901009  0.86819343418348571  0.87792270486258206  0.88772172953156214
  0.89832799935373453  0.90898085307373344  0.91892576447983354  0.92844532327600438
  0.93612068546374760  0.94339328208497497  0.95118492880914296  0.95906858054267041
  0.96650394961999786  0.97343047016847339  0.98431702144157163  1.00000000000000000
  0.16000665687116722  0.30915837415356845  0.40424777424572372  0.45211241184032203
  0.47550976507570863  0.49408888163852460  0.50885328565664123  0.52496298708312372
  0.54599147380088053  0.56994917672308076  0.61368621217793917  0.63885610211763744
  0.64950259622114159  0.65601482419414392  0.66144291505492414  0.66647237445484897
  0.67114739440255056  0.67539919843961604  0.67916560516066415  0.68287405489295039
  0.68655300068158698  0.69006718779555709  0.69387296006868115  0.69773316051607182
  0.70147497387515545  0.70476520200998727  0.70787671251721052  0.71105148130437701
  0.71431336851196658  0.71775414125143278  0.72140158272656718  0.72510725206630766
  0.72858028152796006  0.73205122549704849  0.73583879976510913  0.73979456066736171
  0.74352187983922513  0.74624535270410886  0.74870668181108335  0.75131226621731872
  0.75413311474637013  0.75697936903658591  0.75987568413859186  0.76324928285423710
  0.76691552916665051  0.77006297943613644  0.77233546326265323  0.77462656983224065
  0.77724547929001786  0.77950830769385937  0.78156427218967517  0.78397239929537688
  0.78661349555691928  0.78968421649205145  0.79285412056525084  0.79601719915991598
  0.79914816145543421  0.80220500601240508  0.80525576978404922  0.80834701307035806
  0.81151118580624260  0.81478854248060029  0.81835232922909673  0.82174057955488455
  0.82512355126116343  0.82860815214602890  0.83221776211169085  0.83618386206868500
  0.84037190144850971  0.84475587340525382  0.84934417601783696  0.85407386389821216
  0.85898488393302930  0.86407662924548945  0.86875579337526221  0.87308957833159484
  0.87724130777658293  0.88155287739236099  0.88595490906355012  0.88983239666124936
  0.89407326288611499  0.89846973057550183  0.90298751537327504  0.90820688103576430
  0.91411840143679601  0.91999652497330309  0.92572316041979841  0.93092999308738944
  0.93606664339296730  0.94116802481692874  0.94652428703008906  0.95360561069632999
  0.96070322003517206  0.96870973943506655  0.97978576146628726  1.00000000000000000
 -0.04091372788210643  0.16646552910337195  0.21214584898745520  0.24026503144987066
  0.26326635535073956  0.28258454501555275  0.30045369095486518  0.31668702028216988
  0.32778051833079513  0.33835294395636661  0.35027130224096731  0.36207561279150691
  0.37280214422268498  0.38192851623595764  0.38958508122732777  0.39692526071656448
  0.40397407035459371  0.41090411561047008  0.41777705264496451  0.42547775957797779
  0.43420838844578691  0.44145361472237954  0.44580295424434097  0.44988938004989759
  0.45484675312588485  0.46083494012586668  0.46676813653320143  0.47388264425759330
  0.48241406911519719  0.49096497523111204  0.49904317132994885  0.50620633060272491
  0.51280866464146824  0.51951102753969791  0.52619490711452555  0.53307832826875790
  0.53969650513270395  0.54565835380155159  0.55119748949040193  0.55653765217631690
  0.56249249285318137  0.56908482722513498  0.57550747966969218  0.58135224130705809
  0.58653639653245626  0.59128403327674650  0.59604478890292623  0.60109055914782950
  0.60613029052532696  0.61111944459277989  0.61610977513000842  0.62104326166214474
  0.62604630580325815  0.63100763918630776  0.63587214148017590  0.64103437126373020
  0.64645711395028083  0.65167736301585766  0.65656137644349100  0.66127902864725530
  0.66587395879549605  0.67042481232740236  0.67519106044552268  0.68008263193929563
  0.68478795372733159  0.68918230122502622  0.69345509198522304  0.69754649093990639
  0.70158339097966105  0.70572231560901877  0.70997137433010149  0.71418386485514596
  0.71854494656015266  0.72329372713577023  0.72848950727950790  0.73368797247382223
  0.73872256624739341  0.74368224604048538  0.74855570796435711  0.75337527154626149
  0.75828327126336359  0.76322761052473287  0.76909715807545542  0.77370573942766796
  0.77824091942494489  0.78289319604495933  0.78767430533190197  0.79217150351802379
  0.79781403636233572  0.80520426284023294  0.81349960001086652  0.82400318616763646
  0.83575265304217627  0.85829383405397353  0.90787075218548186  1.00000000000000000
   2.7720332548346226E-010  -1.0000000000000000     
 F F F F F F F F F F F F F F F F F F F F F F F F F F F F F F F F F F F F F F F F F F F F F F F F F F F F F F F F F F F F F F F F F F F F F F F F F F F F F F F F F F F F F F F F F F F F F F F F F F F F F F F F F F F F F F F F F F F F F F F F F F F F F F F F
  <DiscreteSampler_grid>
  grouped_processes
  1 # 1 for a reference and 2 for a running grid.
  10 # Attribute 'min_bin_probing_points' of the grid.
  1 # Attribute 'grid_mode' of the grid. 1=='default',2=='initialization'
  0.0000000000000000 # Attribute 'small_contrib_threshold' of the grid.
  0.5000000000000000 # Attribute 'damping_power' of the grid.
 # binID   n_entries weight   weight_sqr   abs_weight
    13   10   2.559591169873138E+000   3.274717519596667E+001   2.559591169873138E+000
    14   10   2.559591169873140E+000   3.274717519596670E+001   2.559591169873140E+000
    16   10   4.055581215562728E+000   7.752103642693071E+001   4.055581215562728E+000
    17   10   4.055581215562727E+000   7.752103642693071E+001   4.055581215562727E+000
  </DiscreteSampler_grid>
