 -0.00080128345900812  0.00310863155659305  0.00865263008541626  0.01685236734233706
  0.02656023746521308  0.03619727472285998  0.04486360046204287  0.05435028156935039
  0.06494220421700778  0.07562345360547057  0.08557873438564929  0.09525680739894202
  0.10510186497043381  0.11508481341268420  0.12660256843408663  0.13780825579493358
  0.14655386353736199  0.15420198829615869  0.16235907564167165  0.17113138056507363
  0.17937919416876638  0.18735425700144348  0.19593936020549119  0.20778123412321242
  0.21985941262910552  0.23200594415280840  0.24388993577884019  0.25567544022440120
  0.26723403786750605  0.27759520698983337  0.28738172380091337  0.29746126396471340
  0.30859010151363081  0.32048834169500340  0.33192663161944380  0.34317489560828457
  0.35464732863977666  0.36652920958121027  0.37844607283588849  0.38988506296422920
  0.40118770700343087  0.41269903810813818  0.42444503376719162  0.43648418997051514
  0.44914442969341956  0.46216905794952290  0.47449331002776085  0.48711787045044030
  0.49930440706880186  0.50847384122966444  0.51725034384175328  0.52445436636964893
  0.53312195908759008  0.54366606893213132  0.55513163866405701  0.56746268292445401
  0.57975530179769474  0.59200281233360852  0.60446811255028865  0.61765485067922399
  0.63102286815897524  0.64359418125649981  0.65512798702406816  0.66632088407514989
  0.67806214764028550  0.68989255587664977  0.70142162283070786  0.71311211246147144
  0.72455833398085112  0.73583317629077627  0.74738910926971602  0.75795049047842433
  0.76826211441687453  0.77862170997945335  0.78764469518055036  0.79603951730984313
  0.80512786672244585  0.81594386523394291  0.82749851371021432  0.83785839953354935
  0.84765580436167776  0.85764136558019011  0.86740589509605881  0.87781860839191128
  0.89007469114276727  0.90209806220876443  0.91349845166585109  0.92543683740675375
  0.93735687461593453  0.94729304281857230  0.95620623595060017  0.96548044192375582
  0.97482979453085261  0.98356605713864675  0.99249862567398517  1.00000000000000000
  0.00007063163940051  0.00007561825060028  0.00008056382058497  0.00008470440582846
  0.00008923810308504  0.00009185471984429  0.00009243793446458  0.00009250548346224
  0.00009253776693254  0.00009255429037900  0.00009256394156705  0.00009256972528903
  0.00009257386034144  0.00009257696233676  0.00009257921048785  0.00009258104215867
  0.00009258249602072  0.00009258365635075  0.00009258461090497  0.00009258553998765
  0.00009258632707617  0.00009258708052314  0.00009258781352234  0.00009258848640435
  0.00009258915928635  0.00009258985253712  0.00009259056895255  0.00009259128536797
  0.00009259211955003  0.00009259297430941  0.00009259408087223  0.00009259531823253
  0.00009259678966296  0.00009259845425264  0.00009260058296086  0.00009260390143672
  0.00009260822684596  0.00009261418044959  0.00009262224618549  0.00009263280234804
  0.00009266175630947  0.00009272653731736  0.00009301697510466  0.00009489800101203
  0.00010033281903052  0.00010687899800296  0.00011502739230533  0.00012644580715476
  0.00013961023294978  0.00015506124574416  0.00017070911486102  0.00018869282177482
  0.00020980169308311  0.00023826368525020  0.00027025281978506  0.00030807798485904
  0.00035103339928706  0.00039737887196450  0.00044874601556659  0.00049824654717748
  0.00053972478119334  0.00058351670882730  0.00062971803166395  0.00068489961768824
  0.00074722892036157  0.00080801457762308  0.00087407294215994  0.00094874265000273
  0.00102986663743994  0.00111274339132172  0.00119289480223004  0.00127460233695636
  0.00137514292819375  0.00147032354132938  0.00156547041726627  0.00166147815983932
  0.00175904268188003  0.00186371713278643  0.00197754314452860  0.00210125605563675
  0.00224576898090514  0.00239996509233315  0.00256448978658087  0.00274112751924364
  0.00292200451237374  0.00312005218301900  0.00333032987580323  0.00355729232286981
  0.00379667706259186  0.00408378579884074  0.00453374099735718  0.00524705371255542
  0.00572419659745182  0.00987366129361385  0.23737266221177913  1.00000000000000000
 -0.00000047203945831  0.00000379597816271  0.00000553189719519  0.00000758974479095
  0.00000972285796960  0.00001212216806570  0.00001449571661785  0.00001719227664750
  0.00001981529672197  0.00002248078395332  0.00002516197427396  0.00002773074694465
  0.00003012604238565  0.00003234524491445  0.00003436717352327  0.00003636478079824
  0.00003854293807181  0.00004107149815563  0.00004358770352734  0.00004588867490841
  0.00004823120967447  0.00005059431220925  0.00005316026122726  0.00005655675753145
  0.00006008738231703  0.00006298036821947  0.00006559461018339  0.00006856195798841
  0.00007261108343513  0.00007616356896364  0.00007941443862856  0.00008339165037439
  0.00008804988117084  0.00009262619355537  0.00009712342957449  0.00010146260323165
  0.00010575566074113  0.00011029857395567  0.00011502627471725  0.00011973590164133
  0.00012451232979939  0.00012916958584472  0.00013392954838752  0.00013930440814217
  0.00014535172756156  0.00015257352303226  0.00016074128121610  0.00016944692047030
  0.00017913130812146  0.00018940141327262  0.00020051353088128  0.00021234573230891
  0.00022434754517098  0.00023565106304005  0.00024621560145297  0.00025688974426335
  0.00026755259013453  0.00027748861669019  0.00028845647467579  0.00029892627987577
  0.00030872951159984  0.00031706014482311  0.00032564801677183  0.00033941741018602
  0.00036034336700830  0.00039089164270639  0.00042383085279401  0.00045665035499108
  0.00048667656648863  0.00051483078731902  0.00054349667871383  0.00057236321070798
  0.00060385760172789  0.00064253794801821  0.00068762628495191  0.00073291442096073
  0.00078089291680238  0.00083017290243926  0.00088312897691143  0.00094197831363512
  0.00100864871733924  0.00108379090713455  0.00115966950131728  0.00123408270237649
  0.00130636965936179  0.00138360672627628  0.00148876585466042  0.00160621569405286
  0.00174749979502551  0.00188784778506755  0.00201104279316029  0.00277755080127192
  0.00534571307121596  0.01165305664352989  0.04045791436246983  1.00000000000000000
 -0.00084497553073342  0.00436442587491747  0.01172300838106865  0.01925762531092699
  0.02707454139323036  0.03423701536917210  0.04264228491329169  0.05393550412815634
  0.06572023205455510  0.07696627393334053  0.08741425155304550  0.09923026338907864
  0.10787586794326623  0.11926007866146972  0.12904992564453996  0.14005009348336464
  0.15149425861201304  0.16397329183041318  0.17535334115187945  0.18512343227535946
  0.19530236744117979  0.20601467085382369  0.21708583528866021  0.22959473421123963
  0.24106699367875942  0.25177106730309651  0.26209789084887880  0.27220921333778186
  0.28310985689377222  0.29415856326263884  0.30746826357642809  0.32216470387030954
  0.33712150108292716  0.35140099995738822  0.36452707103702958  0.37630637275684786
  0.38947747279939432  0.40309239580291983  0.41874590380751830  0.43382806906714089
  0.44936707585882518  0.46338409035124767  0.47738460506858627  0.49107818297726558
  0.50370476307313827  0.51748083271570444  0.53118499181097734  0.54254174842718883
  0.55122854147490041  0.56012149261167998  0.57106635100151659  0.58166027096115180
  0.59300673439641172  0.60459112272867410  0.61665857838404414  0.62961337310392074
  0.64099081681116699  0.65044201182487538  0.65927044031154858  0.66924171187280390
  0.67907040789366524  0.68847771017968240  0.69763429868291527  0.70755315973873578
  0.71950347614660592  0.73266325286262013  0.74483720457843117  0.75364801109028001
  0.76050171548871237  0.76770745820289144  0.77526289189768471  0.78279064455106129
  0.79114715018961801  0.80075715353582033  0.80946906629213056  0.81770761471513065
  0.82573874979639061  0.83391961424232453  0.84345498972391675  0.85396339606803173
  0.86405694109498388  0.87365212526397451  0.88302969861533409  0.89250906739975211
  0.90223713037839981  0.91219666845892777  0.92249911054374223  0.93248682191687327
  0.94174070094863294  0.95038633201139866  0.95881538900994445  0.96722378219820793
  0.97564662285065484  0.98410438590682425  0.99244895455814031  1.00000000000000000
 -0.00208576728978028  0.00834886899326648  0.01983246750591162  0.03049501671058995
  0.04176796926660389  0.05379824001621625  0.06590299089477587  0.07763764233292832
  0.08943484705320537  0.09973886962122767  0.10856079695215753  0.11752674299483074
  0.12694362314135305  0.13666941012539030  0.14777168391679804  0.16023859055640369
  0.17266187713738446  0.18420577374128161  0.19511535274439223  0.20587156074885865
  0.21538920124291483  0.22676188366544181  0.23771612073501605  0.24786706545893056
  0.25797341495374376  0.26873541354195418  0.28038749920538975  0.29279528921986997
  0.30552523026945655  0.31732693027660258  0.32760325427179937  0.33787917618200142
  0.34797401795449034  0.35871461355836803  0.37044620390733862  0.38218512659877979
  0.39383647164382057  0.40589306393084562  0.41814426952679662  0.42931648478731338
  0.43905724756181919  0.44838391857658877  0.45831850619655334  0.46835027782818967
  0.47853516805709562  0.49003491551968298  0.50226151895522930  0.51311264592518635
  0.52333866867075152  0.53346322015295500  0.54403398997060637  0.55455649726029366
  0.56466499734471842  0.57515823459923920  0.58634804037518129  0.59865660561495548
  0.61071596896990077  0.62211216155880700  0.63433154987526930  0.64728550258435869
  0.66089833559467936  0.67438604979196848  0.68525133034397745  0.69475862662149079
  0.70413849183703425  0.71396861960039804  0.72390144414956703  0.73365639343411659
  0.74409781785642615  0.75505127563210861  0.76520924572845606  0.77472836364335362
  0.78479842395118393  0.79565612132405383  0.80668900878736449  0.81651427903352525
  0.82574725622055412  0.83587344639040317  0.84563432809156536  0.85688813821782084
  0.86895354596996255  0.87800530458996862  0.88580014500133175  0.89451519037906679
  0.90500075298092431  0.91241882999231250  0.91922309548849579  0.92585112712786932
  0.93561068268543612  0.94507580079789089  0.95272906903690102  0.96032788323244189
  0.96975082174133498  0.97812957837820380  0.98844201992911895  1.00000000000000000
 -0.00141768263403759  0.00663693693122274  0.01407517213701407  0.02145478162886519
  0.02917699708602990  0.03610282552893947  0.04279949537655457  0.05119705210388058
  0.06099103325453809  0.07105507847310377  0.08125350450146092  0.09188093544064938
  0.10334853375104669  0.11419118892174032  0.12193665092833875  0.12932688557604280
  0.13738702312126488  0.14584521933636496  0.15408610667836772  0.16266369747454681
  0.17156053208768232  0.18067022507665279  0.19056673259091700  0.20072470133372589
  0.21068679813888694  0.22060500648506598  0.23052747516811406  0.24051202584773776
  0.25053956638327141  0.26126004440533740  0.27248071178093064  0.28213551440086065
  0.29061731886418141  0.29892327775454830  0.30754072925513648  0.31646143121159459
  0.32596210960379907  0.33601936410358657  0.34588205409417838  0.35474853164920911
  0.36163380589790189  0.37008666005579538  0.38056494371591837  0.38708130898493381
  0.39500744623237583  0.40448692393394020  0.41436733442354406  0.42546848034965545
  0.43716897226559615  0.44683310152978695  0.45424492231230290  0.46139839109895847
  0.46888581656185024  0.47756537566457469  0.48940441563629017  0.50117471881571818
  0.51167459819472472  0.52087842128393247  0.52952235415355597  0.54134325988480481
  0.55348860582214965  0.56231575738633699  0.57075829586989824  0.58123721233911274
  0.59265407222743871  0.60305231334777798  0.61453056937458028  0.62761669247777785
  0.63908495689439859  0.64971229696884247  0.66044482262958548  0.67208155017800641
  0.68391805563043195  0.69662013510904686  0.70954157557975639  0.72245174592802708
  0.73530163202495447  0.74801796268690268  0.76042128486936078  0.77253006057031770
  0.78545082392894527  0.80019109380287323  0.81429905161339589  0.82872697743158608
  0.84223135851529651  0.85511523368376496  0.86824919279351087  0.88142457764035698
  0.89432903344919246  0.90646907576143132  0.91795234447260998  0.93272411058115201
  0.94961615128137544  0.96648816622239819  0.98337183180061793  1.00000000000000000
 -0.00240037568634602  0.00874057646343985  0.01993301883527799  0.03176405321006416
  0.04319517204499948  0.05394403631416572  0.06407190884015972  0.07426770325477421
  0.08498619365562546  0.09545314250173080  0.10427993229979857  0.11322782135272917
  0.12283771351323314  0.13304802246073008  0.14314224202843323  0.15260600172923661
  0.16146844578143951  0.17047232552455080  0.18011578783706034  0.19011112650747725
  0.19782748874894068  0.20358618602571657  0.20874771307319070  0.21579255714417742
  0.22451668625536830  0.23441284685003569  0.24437949890364616  0.25466066454020259
  0.26687755575247357  0.28103220479998403  0.29528269322277823  0.30905472046094612
  0.32145080719310509  0.33281029747600049  0.34349826085416141  0.35361224071691749
  0.36412518741248906  0.37603315057209391  0.38845372901653208  0.40004278499494650
  0.41024224386358399  0.41953426196840637  0.42838060748060142  0.43731496763649930
  0.44740929950779923  0.45877975088955208  0.47082045026661545  0.48326498076235030
  0.49632912284888914  0.50971263388820864  0.52198972706236768  0.53262883106526171
  0.54339021443549784  0.55424108288157181  0.56577583996706371  0.57706288097263458
  0.58817734082886608  0.59973285134979704  0.61072007049649524  0.62248605917255651
  0.63428835502709469  0.64535927580636299  0.65523958510749769  0.66517708486063643
  0.67331883340414156  0.68200176297624915  0.69218675723177936  0.70179310859605837
  0.70881057323993413  0.71676532414953531  0.72623482529943417  0.73768765492231447
  0.74997468340030227  0.76171439921047357  0.77320878361106238  0.78448081796742708
  0.79559191986369338  0.80670939815896070  0.81749742524669633  0.82789932447108283
  0.83810155448022861  0.84860906435270145  0.85892286804676221  0.86886708453111849
  0.87864297251892054  0.88809429083781022  0.89748393488418554  0.90761599557939499
  0.91897569058437800  0.93121979361632046  0.94367847248706405  0.95575614640769169
  0.96713293932561928  0.97836349790542099  0.98942548778338102  1.00000000000000000
 -0.00270060280584109  0.01022566538934614  0.02104698777119508  0.03167640960080363
  0.04220373451328811  0.05243910366159266  0.06295523370845017  0.07316354624475180
  0.08367019703085778  0.09377261523019863  0.10398285779563532  0.11570593963848480
  0.12713710938215939  0.13914975380011815  0.15063720350634999  0.16069072514013411
  0.17002493639634605  0.17925240301518031  0.18791979831934982  0.19677674696909672
  0.20632530961255671  0.21767882735911886  0.22834198608882697  0.23932362719539491
  0.24909073963374953  0.25746498287029296  0.26677650394664409  0.27641534514349853
  0.28698777812860832  0.29806286101606028  0.30987679597101953  0.32245283383315637
  0.33567613916506578  0.34874096212059935  0.36100690058954210  0.37163790202359653
  0.37979888161057074  0.38907649685958323  0.39999866165635373  0.41119723252195139
  0.42243689177695332  0.43259950427969268  0.44478525088116050  0.45739151929093663
  0.46876398551049508  0.47806474303898289  0.48705621373223157  0.49685802881277136
  0.50704457263868430  0.51774924856120264  0.52916727862545798  0.54055337015485283
  0.55120234110308597  0.56112317423991842  0.57096298954810143  0.58154640819984194
  0.59272696396438318  0.60421755149798717  0.61547939012304487  0.62654783696038896
  0.63759135425973323  0.64803685704734570  0.65893274009726877  0.67145707591615134
  0.68328201739465910  0.69264108565036775  0.70360126869659612  0.71448074386021754
  0.72379071415973939  0.73236378657162560  0.74074358514952177  0.74960299443661671
  0.76222112640904549  0.77563274158479079  0.78649352404498540  0.79494482231996366
  0.80352994117364496  0.81309164432715619  0.82249289941976167  0.83072958094222205
  0.83949375288307215  0.84919368922097049  0.85900452735399835  0.86828825160606116
  0.87754241015977985  0.88664462388889398  0.89591934301909704  0.90602734128125373
  0.91742640882024451  0.93016030885842016  0.94356612104276150  0.95673400213135229
  0.96933178644831708  0.97928311362087983  0.99015201779486417  1.00000000000000000
  0.23517680319991716  0.33560015897291295  0.37934192551169815  0.40974549211375527
  0.43898145271148309  0.47019404004623183  0.50175642596665260  0.52369577103526266
  0.53748805294186175  0.55675608353795947  0.59995321903974352  0.62706898729396154
  0.64086870979671229  0.64887477786996550  0.65439198426127021  0.65776507936712747
  0.66111135220210682  0.66441063520312238  0.66878619146447860  0.67366808108048493
  0.67849881791892008  0.68308174307888780  0.68711583737083748  0.69055343919081402
  0.69359593233353467  0.69656876677464707  0.69969461580958436  0.70284390200839619
  0.70608253476294724  0.70962914973724056  0.71336817839978151  0.71692636729931281
  0.72040975477053337  0.72395220259302084  0.72737328131970069  0.73059529917465638
  0.73374584347721006  0.73700753597676349  0.74032567960153095  0.74378095353345164
  0.74730506750063630  0.75077191984460911  0.75413709922278060  0.75740705434567313
  0.76082823641177666  0.76436725024124419  0.76802454799710884  0.77170597716647771
  0.77528236700559860  0.77867906036019185  0.78205935680391037  0.78575855225855107
  0.78919749710622145  0.79303926337053343  0.79712917935857741  0.80124013663603422
  0.80481274939163028  0.80813524448230745  0.81170304197121135  0.81553011310263090
  0.81924404490196623  0.82246225489267077  0.82588612737217615  0.82997753862338020
  0.83355797016037492  0.83664118993727488  0.83973137170477763  0.84322303369708729
  0.84679987005434332  0.85070233414349683  0.85484152949334957  0.85855805344921587
  0.86148566131495419  0.86422756772287690  0.86739845341871502  0.87106739816001333
  0.87462995094904317  0.87801601427296483  0.88180789057124220  0.88599508550611672
  0.89001590455115820  0.89379211046259999  0.89778084685766102  0.90268847191786894
  0.90787401485539510  0.91317347036791863  0.91862026587990186  0.92429529940170019
  0.93034320247797986  0.93668685375993999  0.94334627323480591  0.95066567233435051
  0.95888606456346548  0.96812705272531008  0.98101561396076264  1.00000000000000000
 -0.04098323502917778  0.10259945342292731  0.18771666725819786  0.22489051248312247
  0.25197914724542442  0.27432036973815854  0.29124891451722462  0.30603462950983246
  0.31968636858634802  0.33230210656305464  0.34254058097427120  0.35093758887851018
  0.35982625363136306  0.36965698677011444  0.37755897063853533  0.38384102737258646
  0.39020875075175254  0.39798277276492910  0.40653319037186447  0.41503444317624472
  0.42334040628765385  0.43095847058501530  0.43860657752276999  0.44603385840491050
  0.45381971507014374  0.46162489932046169  0.46902468872599934  0.47638306929426016
  0.48336473246223816  0.49017358206885803  0.49749529802257891  0.50504560721480685
  0.51209895877675460  0.51857190138678799  0.52489922876244199  0.53135885916613790
  0.53781159305174941  0.54377133767960883  0.54913240666412966  0.55451376059127089
  0.56003617765800362  0.56570334720820659  0.57128438045584995  0.57666943075956123
  0.58162545190888915  0.58626354370660205  0.59110230096829797  0.59598047504486262
  0.59956487804968639  0.60293748928621782  0.60680294224387632  0.61144877753164628
  0.61699962694327604  0.62215629315455612  0.62673231772775362  0.63102501347398088
  0.63546820390012737  0.64012431539496961  0.64521518343847484  0.65029358455494568
  0.65495531641748750  0.65919634738123245  0.66309153686389843  0.66689898278530724
  0.67080733687160909  0.67523293040068411  0.67974172476613148  0.68387230468549665
  0.68794637855723217  0.69195041240683819  0.69593442444245490  0.70017843111273659
  0.70449202586723136  0.70873462400259846  0.71285377921376003  0.71695465091785271
  0.72172615454693656  0.72710363548223789  0.73244475055659108  0.73783794248621426
  0.74423781986974180  0.75068380649161470  0.75695586421854566  0.76298987090935211
  0.76910513842922090  0.77573261424148376  0.78281461021355003  0.79023426714241229
  0.79751943838322636  0.80696059862813485  0.81710121202456432  0.82762638813867662
  0.83931729051173742  0.85233988330536603  0.92012598110944022  1.00000000000000000
   2.7659634811277480E-010  -1.0000000000000000     
 F F F F F F F F F F F F F F F F F F F F F F F F F F F F F F F F F F F F F F F F F F F F F F F F F F F F F F F F F F F F F F F F F F F F F F F F F F F F F F F F F F F F F F F F F F F F F F F F F F F F F F F F F F F F F F F F F F F F F F F F F F F F F F F F
  <DiscreteSampler_grid>
  grouped_processes
  1 # 1 for a reference and 2 for a running grid.
  10 # Attribute 'min_bin_probing_points' of the grid.
  1 # Attribute 'grid_mode' of the grid. 1=='default',2=='initialization'
  0.0000000000000000 # Attribute 'small_contrib_threshold' of the grid.
  0.5000000000000000 # Attribute 'damping_power' of the grid.
 # binID   n_entries weight   weight_sqr   abs_weight
    13   10   1.994158654970143E+000   2.205051224555174E+001   1.994158654970143E+000
    14   10   1.994158654970141E+000   2.205051224555168E+001   1.994158654970141E+000
    16   10   3.312328445879388E+000   7.191744149817882E+001   3.312328445879388E+000
    17   10   3.312328445879383E+000   7.191744149817859E+001   3.312328445879383E+000
  </DiscreteSampler_grid>
