  0.02239684375556555  0.03564972432415504  0.04761359505844738  0.05842656620195693
  0.06882644027693346  0.07910092823142845  0.08926391855688828  0.09982616345018827
  0.11091443788903427  0.12176966228360879  0.13195205286198539  0.14193112582213127
  0.15229719961738555  0.16356357552921499  0.17525764207813718  0.18587016698021974
  0.19765493132579340  0.20844646514483969  0.21867993813905090  0.22771142180411857
  0.23570267639986356  0.24396582742114412  0.25274290134898952  0.26106293584306323
  0.26838577350086346  0.27509059934309171  0.28174974650832924  0.28879097606175691
  0.29882312592350424  0.30941392043683241  0.31945615066576921  0.32797689790930135
  0.33621639489488586  0.34468655102926948  0.35444717540041576  0.36385640269065039
  0.37277017306370919  0.38252771412147640  0.39371116427237124  0.40516525460691688
  0.41664767842768763  0.42846094859502692  0.43981544739476242  0.45065345382436389
  0.46110325263951779  0.47082460111036845  0.48029489230424532  0.48981655780679051
  0.49942560472970798  0.50916343783684814  0.51913237201647033  0.52928398457180881
  0.54087951205046103  0.55241821167191818  0.56429595287822554  0.57568958761452027
  0.58593969829862036  0.59549792530379098  0.60490128993170567  0.61324202923538718
  0.62187224196190194  0.63237552866164137  0.64230142726369255  0.65123782139634068
  0.65995794908359695  0.66967062190212223  0.67943017767903824  0.68891589319260182
  0.69768345172270330  0.70513230505540203  0.71229533883592111  0.72007447561236693
  0.72809605608277905  0.73659824815403352  0.74640109250948428  0.75736786022540348
  0.76877116069247642  0.78029307648279345  0.79134937447120912  0.80187255526833556
  0.81426150664392205  0.82748720157488176  0.84013607650614408  0.85227376494777329
  0.86445909278493449  0.87634119800386190  0.88761117631093711  0.90003000525117149
  0.91176729036416582  0.92344119474591657  0.93472627164947053  0.94425848582274952
  0.95430420543813688  0.96465255168607278  0.97129811318381809  1.00000000000000000
  0.00006939262917296  0.00008387419241575  0.00008753931761246  0.00008956814733385
  0.00009068979406131  0.00009128742297455  0.00009162233150147  0.00009180513499101
  0.00009192474938762  0.00009202207507485  0.00009210476972599  0.00009217360116060
  0.00009223045350747  0.00009227811438429  0.00009231769194658  0.00009235017075515
  0.00009237892989022  0.00009240122362731  0.00009242012410898  0.00009243696993479
  0.00009245236592935  0.00009246516632177  0.00009247371007480  0.00009248202412951
  0.00009248991583453  0.00009249692893740  0.00009250345965345  0.00009250956175977
  0.00009251522932202  0.00009252010366238  0.00009252469838922  0.00009252892166775
  0.00009253246042158  0.00009253559957805  0.00009253855114010  0.00009254133914367
  0.00009254378922599  0.00009254615407941  0.00009254843095740  0.00009255068135109
  0.00009255292160884  0.00009255498199259  0.00009255703047260  0.00009255945615469
  0.00009256206104327  0.00009256555288979  0.00009261479496863  0.00009261748796409
  0.00009261967029410  0.00009262164728657  0.00009262341376455  0.00009262527110236
  0.00009262717989985  0.00009262924189389  0.00009263144365317  0.00009263395905264
  0.00009263653954816  0.00009263924145544  0.00009264228663941  0.00009264555718651
  0.00009264900617179  0.00009265265299889  0.00009265660749078  0.00009266125544619
  0.00009266651665402  0.00009267228575153  0.00009267869727828  0.00009268547235734
  0.00009269282000866  0.00009270087561018  0.00009270961482125  0.00009271883714062
  0.00009272837525040  0.00009274589786184  0.00009276367865789  0.00009278387223835
  0.00009280792980220  0.00009283705619591  0.00009287270985961  0.00009291525336031
  0.00009296605463627  0.00009302680160320  0.00009310145248894  0.00009319338694166
  0.00009330552837158  0.00009343818725418  0.00009359768499155  0.00009384170535894
  0.00009442968143018  0.00009549596638928  0.00009739683220882  0.00010106709881433
  0.00010822333240062  0.00017940427901294  0.15012955161224162  1.00000000000000000
 -0.00263640934346406  0.00874278072881208  0.01845836779974692  0.02655899349814941
  0.03396884068539199  0.04164308254508754  0.04941081533199736  0.05763453233930563
  0.06953961489166308  0.08402716683661854  0.09685894098988129  0.10777537909778011
  0.11741925018379490  0.12714555037699379  0.13774599489068134  0.15046176450763760
  0.16442591227176601  0.17829326596173625  0.19134481363063724  0.20323015192295452
  0.21486371925577286  0.22756344965275277  0.24143299658102946  0.25621879880413162
  0.27153674989015286  0.28579284148829615  0.29787199405396181  0.31026677820640453
  0.32295681897872969  0.33566774970422797  0.34805681659036014  0.36089401760433321
  0.37372417093220633  0.38642947346850404  0.39857086141994880  0.41086322726213625
  0.42304091222741974  0.43450386098165439  0.44601817107507619  0.45792444316667164
  0.47022198758273703  0.48168409094577425  0.49034943526065278  0.50079837772591562
  0.51138691586341833  0.52126523035524752  0.53292349875902478  0.54723279924628432
  0.56189852101412963  0.57582535948985769  0.58889953531603190  0.60073412744133481
  0.61081503973585394  0.62048493825511541  0.63046224006840956  0.64143664032825709
  0.65278267815327773  0.66349931339175505  0.67385633950182289  0.68479652120758217
  0.69626904327963768  0.70847831249586413  0.72044835168732480  0.73167515117734805
  0.74271600883942179  0.75388987332017876  0.76494909539048384  0.77543299850034053
  0.78543480790220077  0.79562587307894839  0.80582367125843590  0.81498669446365812
  0.82300632394892048  0.83136139858491864  0.84018043609834470  0.84903428783278811
  0.85712287455455571  0.86406213249647423  0.87063301405572124  0.87722443581440679
  0.88420932590236645  0.89198944089743637  0.89997103451431226  0.90771914061478354
  0.91533858620518749  0.92287944896173024  0.93082341882043373  0.93920446309795613
  0.94731922605081542  0.95508312071780710  0.96319094094237234  0.97146191704313933
  0.97927115484976368  0.98654789619322025  0.99357701881040816  1.00000000000000000
 -0.00219329625445597  0.00895891300331702  0.01905624795762783  0.02909450562848260
  0.03884672479974568  0.04901922193450026  0.05733413331580656  0.06434943392300213
  0.07266575596858535  0.08122791745053366  0.08817505141909084  0.09444734531329010
  0.10334351741259132  0.11126913355914921  0.12121258757760271  0.13250867385635678
  0.14332836828882253  0.15369727330519017  0.16462843918939377  0.17746793972153199
  0.19112261381964013  0.20368752266166851  0.21604917528074422  0.22739678904547150
  0.23790581532480176  0.24834886781131138  0.25867232937769197  0.26921297379369835
  0.27863389406286260  0.28684185733836803  0.29546666714353598  0.30576427805420303
  0.31710876989013959  0.32734225970457942  0.33649623501288112  0.34565715212052112
  0.35536869653889508  0.36557707054456556  0.37675632192491276  0.38875154119676869
  0.40056527965466598  0.41265434843124188  0.42501907907403280  0.43695329067995947
  0.44754028435173443  0.45670456428979656  0.46557326353690903  0.47514105451170485
  0.48584504628327219  0.49731326468274872  0.50948334550530006  0.52210152012796229
  0.53439546641370872  0.54643303268500742  0.55813826930194044  0.56942068868322526
  0.58044704112559187  0.59122365089697060  0.60172791386748292  0.61230571787633026
  0.62328267218881173  0.63418869463173921  0.64390252918770596  0.65265082748438441
  0.66169002897290119  0.67099245352936754  0.68012897087709701  0.68960596410757458
  0.70003330482226900  0.71062716663071412  0.72346758035911041  0.73435258537521630
  0.74445014620572125  0.75505994591208736  0.76618658847318100  0.77777804018786389
  0.78958076108314335  0.80186122246566915  0.81464883428987300  0.82723028235863449
  0.83888501042173957  0.84959043689027713  0.86005079793980055  0.87089174134352976
  0.88228963701265684  0.89401742562224107  0.90620415055414705  0.91697242821377267
  0.92640484665859890  0.93550997253750734  0.94503259285884911  0.95579459005004308
  0.96889838022993258  0.97937535878602000  0.98979305438038900  1.00000000000000000
 -0.00312366066377085  0.01026289527785475  0.02409612081409953  0.03680929526514447
  0.04763257725256348  0.05825621108441421  0.06898822188616276  0.08056229882591420
  0.09172780692751097  0.10219863429561218  0.11324075518446236  0.12509301722702040
  0.13714664852383338  0.14882932982865746  0.16007407633279719  0.17076158318659976
  0.18091696116057854  0.19103665806937026  0.20109182941020790  0.21098450180673184
  0.22053169079474613  0.23005453603821630  0.24007991678038257  0.25029613231175130
  0.25968868030242087  0.26874797212597101  0.27847321918652518  0.28883601153397842
  0.29844611845366936  0.30708550405946211  0.31676254264431020  0.32661249700748540
  0.33669751370605905  0.34834058405549129  0.36206556476254897  0.37438721630371374
  0.38543463878574874  0.39603524787448469  0.40593489867122529  0.41681675909355753
  0.42656236686961413  0.43597820124038611  0.44550858012557404  0.45595125996804720
  0.46709018974601102  0.47858455446270159  0.48956920703269974  0.50002950035460103
  0.50970595718518930  0.51985271162437663  0.53017694273209071  0.53988212816915437
  0.55011821612291945  0.56139140941581511  0.57347515994914910  0.58320904110959693
  0.59181226281615551  0.59927191078093534  0.60898203248697136  0.61873672225301557
  0.62786689990044431  0.63682204205132409  0.64622114739717740  0.65648157109008964
  0.66717628242031546  0.67872692024508485  0.69099033463574233  0.70110996519799929
  0.71002939830593437  0.71954322244535018  0.72857326127532462  0.73667655932629372
  0.74695183919013153  0.75897225713593419  0.76907110461838901  0.77798087390566872
  0.78762541674000963  0.79828665382869368  0.80927792362707185  0.82105694901563531
  0.83342188870931555  0.84502524022520409  0.85597906556102010  0.86708057955289686
  0.87841302370903518  0.88937199893294505  0.89981288223957789  0.91089511712706506
  0.92221052836836381  0.93345149417922879  0.94503543914735477  0.95796058572892384
  0.96998195314243585  0.98061282468311717  0.98955988092674718  1.00000000000000000
 -0.00504655755537774  0.01332318183853268  0.03022342335020900  0.04532867214785394
  0.05863698531521119  0.07079128073929661  0.08201909713380080  0.09136998517510646
  0.10042315416796727  0.10984431984055439  0.11895979032566939  0.12860776823678963
  0.13906464480288452  0.15071324442013562  0.16426645977321314  0.17783054235668949
  0.18552483964845612  0.19483752068079668  0.20405569333346266  0.21326881150044602
  0.22210125071274192  0.23216615862323320  0.24484126766338829  0.25803931082597775
  0.26913675787809804  0.27842832347070190  0.28733684712850949  0.29639214701188443
  0.30517627474180192  0.31355577248647398  0.32277372801235149  0.33304995366359469
  0.34291994256440272  0.35224425333768172  0.36154498674480612  0.37004302324005012
  0.38067423377932691  0.39111825422797325  0.40162602927827318  0.41298290445195085
  0.42619695944520475  0.43998157259569387  0.45222932865317289  0.46234139882600472
  0.47103551938911825  0.47912045192743041  0.48749467476097297  0.49717849065911784
  0.50867271486762444  0.51821208690626641  0.52899017630353129  0.53930406582646273
  0.54840737032780351  0.55804619081630180  0.56689300263163078  0.57617391119160100
  0.58550902538958072  0.59496093741222511  0.60437611274729397  0.61355933251697914
  0.62306072947178870  0.63344831413320468  0.64420046474422099  0.65442601922067745
  0.66437242057795554  0.67450462229171981  0.68451382077772760  0.69481144694853891
  0.70647348751776551  0.71866017456818143  0.73021820842958707  0.74085030683260056
  0.75022398920286548  0.75901184836088709  0.76901349273457886  0.78179653493284262
  0.79554015512526854  0.80860923604286028  0.82095442520810091  0.83355311436655988
  0.84502107401383419  0.85473686153019679  0.86456994771048068  0.87435507557713921
  0.88394759320285454  0.89266326709776389  0.90178269722942483  0.91192083890936915
  0.92228105230399315  0.93264840549423356  0.94357946413983051  0.95472760379787158
  0.96559473282861830  0.97673395581582978  0.98909088092879638  1.00000000000000000
 -0.00389586065818611  0.01297256451234639  0.03035049935461904  0.04617178035498367
  0.06028284139642410  0.07290825950462471  0.08510852323133630  0.09850209059728939
  0.11119515295160172  0.12170973050537064  0.13078381766299266  0.13958720145867251
  0.15043594549136213  0.16229843359754992  0.17404246834319648  0.18540316699444509
  0.19655871718367082  0.20696577459553547  0.21660199764759397  0.22604627370709535
  0.23619856034757652  0.24730801673403169  0.25828795080700068  0.26914409200587008
  0.28011558099611433  0.29105787727261456  0.30118564922138857  0.31072211050589676
  0.32063716695257444  0.33041966418790369  0.33998190071362822  0.34813578065661749
  0.35620553939699884  0.36454820983969149  0.37274944039250257  0.38101168446923189
  0.38883276331516381  0.39691794452574980  0.40544780820414589  0.41424514775056281
  0.42350585935001339  0.43320316293314232  0.44273401477982505  0.45225136984698250
  0.46214455318733172  0.47317959324785919  0.48327286219096693  0.49199867354603838
  0.50018213623560415  0.50915635815272853  0.51919857605785402  0.52836686557754486
  0.53624518979621771  0.54421180895079657  0.55256453565748531  0.56126517475291526
  0.57081995879112879  0.58079338517110757  0.59052462467792732  0.60001017036080961
  0.60947786565415296  0.61949231944174177  0.63014962245226336  0.63908441285585171
  0.64561254733416884  0.65262089504378651  0.65952739152055273  0.66695047399486640
  0.67692263901137484  0.68642868804675117  0.69739517152913777  0.70933267329221705
  0.72193003689902291  0.73402528062654604  0.74576616286528807  0.75582348432684088
  0.76489715664553004  0.77456208190008025  0.78459115566565674  0.79503314953354465
  0.80555401107155034  0.81661836560201773  0.82826754565042959  0.83982139831547931
  0.85157852038341841  0.86416524579663168  0.87618059878849919  0.88770055462749387
  0.90133525760173716  0.91515441597334712  0.92683799557126711  0.93851649289853534
  0.95614014732373409  0.96943601306540494  0.98267608537646045  1.00000000000000000
 -0.00193492830076769  0.00824002549013618  0.01808608950141698  0.02919029874262685
  0.04177083404658452  0.05257446526846350  0.06306732405665823  0.07193276439772181
  0.08250790776981617  0.09287917897242556  0.10238936470742786  0.11141099097705040
  0.12010801243092269  0.12942364492246583  0.13936118043034740  0.14921386867048153
  0.15784962240979175  0.16594232810778139  0.17411554467319706  0.18285682951144083
  0.19350849169424664  0.20478534426738640  0.21467388321124931  0.22366233425463133
  0.23337694903655212  0.24474027400032630  0.25718907375014410  0.26838810847368161
  0.27747031045761317  0.28531595407691712  0.29313645711957609  0.30076805839185611
  0.30846052112097405  0.31750356266936719  0.32964937432438052  0.34202368935029703
  0.35367202649510410  0.36547159848573635  0.37781711021779024  0.38846045345290758
  0.39859965816118320  0.40872027151906415  0.41923704064124900  0.42921632145376454
  0.43892226972650927  0.44913316477296289  0.45974238879694723  0.47035407742755619
  0.48116219566025520  0.49203420021624189  0.50114309207299490  0.51068014235431114
  0.52015288921246772  0.53079243233797768  0.54245279167962013  0.55254030953100097
  0.56247673026588230  0.57283085759335417  0.58283407339980187  0.59146248631167475
  0.60031455028156988  0.61035480941963394  0.62232257921511858  0.63518788917767910
  0.64707370078702264  0.65735285432468382  0.66647801463763789  0.67567848475335235
  0.68584617310426044  0.69636218890453327  0.70763093503071239  0.71938381504731308
  0.73098431295972288  0.74234548905383868  0.75340991895199305  0.76435105054530061
  0.77519876637478047  0.78681725009820580  0.80021098297288706  0.81414584176302296
  0.82854763681208154  0.84235701964273446  0.85553553958570705  0.86846864526454159
  0.88165397598403572  0.89482025963227341  0.90617857221656806  0.91615342313470494
  0.92578335420420277  0.93506129192509313  0.94469204021424535  0.95470102773700061
  0.96510109807792510  0.97734040832273139  0.98895760779846842  1.00000000000000000
 -0.02510348707770434  0.22917631472441366  0.25161638619244303  0.26299906327117573
  0.27351350661400897  0.28291886128236149  0.29023124952838991  0.29663351979957270
  0.30343099570642218  0.31037012040404915  0.31643365202069990  0.32205682720611434
  0.32774200311770296  0.33382122923700186  0.33997239857558520  0.34666304607542298
  0.35383460461101074  0.36079770527216670  0.36732958015195161  0.37367294238918153
  0.37975807458738825  0.38530446624827286  0.39060454007325690  0.39617994574544219
  0.40216893900945189  0.40831660648671775  0.41435173524487168  0.42054423454760004
  0.42731251892800542  0.43390427706118651  0.43939238158011268  0.44535216348379264
  0.45179634660960610  0.45807980112548580  0.46441017887186659  0.47052003729206632
  0.47762273952321432  0.48416327222755168  0.49051713647429895  0.49705555850902844
  0.50365822329724386  0.51044781139859752  0.51717347697503324  0.52357770181215002
  0.52989995340177221  0.53619274159681818  0.54236694446990197  0.54835344265750841
  0.55402947639621758  0.55989307396738686  0.56578283349737901  0.57239464484036251
  0.57878027220637751  0.58510231069285945  0.59150084949661907  0.59774381296557721
  0.60422515897535345  0.61045587692627012  0.61662734742078851  0.62253650074795841
  0.62886129890086639  0.63563317975629963  0.64236078793647922  0.64878820570786710
  0.65660193013344426  0.66352060723811068  0.67001827659049329  0.67616893860712579
  0.68208515254145474  0.68851934290528649  0.69573097443414711  0.70372630489050336
  0.71080231512809788  0.71805073650790041  0.72463846660420028  0.73211781600829484
  0.73991919833958819  0.74796865879438212  0.75615636693711974  0.76509922609391279
  0.77567278221013136  0.78935112136502483  0.80327370084827976  0.81521116187146025
  0.82603658143979686  0.83740497476450881  0.84673351506361116  0.85340271752841002
  0.85963121397953113  0.86681107162620408  0.87840075326168954  0.89504251339078622
  0.91342252068628649  0.93469811969492000  0.96169079291424009  1.00000000000000000
 -0.03628562555075915  0.16127349641785940  0.20961491447607664  0.23507903751311954
  0.25791179210202414  0.27881581557450497  0.29594595444842559  0.31205109005112763
  0.32493198144558666  0.33591507881820343  0.34746689442468098  0.35951506560517082
  0.37167379763494574  0.38335960479451786  0.39516952842477621  0.40563302185727629
  0.41478348086832650  0.42382131859015493  0.43296897164139453  0.44122346134388307
  0.44852998943788019  0.45552472765964086  0.46218066357135046  0.46921840174296686
  0.47641725259475853  0.48351104216205681  0.49100975563125809  0.49850213147661648
  0.50553859158789360  0.51247006898255343  0.51944204922023873  0.52640592249330309
  0.53317711915035448  0.53951041898111096  0.54561728751836402  0.55164271897857253
  0.55727674835255592  0.56278007024230892  0.56856603870053157  0.57426943950067333
  0.57952695583148184  0.58471746637338173  0.59032496155447978  0.59626738491461340
  0.60223780152372153  0.60804867527239748  0.61359178808223669  0.61894518008136634
  0.62435334101026407  0.63025888526006968  0.63637764095210869  0.64272013478683010
  0.64917048424393919  0.65513228913107602  0.66063113085126723  0.66578459707756688
  0.67087286687312819  0.67609962910012855  0.68121616225684467  0.68616779174104103
  0.69083836668580700  0.69552729813628900  0.70046025499310649  0.70569082625031032
  0.71123090587661975  0.71730022426316420  0.72353063925030947  0.72934187075430201
  0.73472247716810635  0.73976420062051573  0.74455870682960745  0.74924598815700505
  0.75520406095436809  0.75919964957632624  0.76385688488995174  0.76802383529656015
  0.77224216677584545  0.77658719407184795  0.78150286677109881  0.78595444497307021
  0.78995741000461916  0.79394331048181366  0.79957688111013925  0.80641408242214263
  0.81294370767185498  0.82013492210551364  0.82689334971305062  0.83398835109472347
  0.84157053902524070  0.84826081498459993  0.85490542436287920  0.86266429790631571
  0.87181082892033535  0.88347969977804375  0.90083471906280810  1.00000000000000000
   3.3413650953805573E-014  -1.0000000000000000     
 F F F F F F F F F F F F F F F F F F F F F F F F F F F F F F F F F F F F F F F F F F F F F F F F F F F F F F F F F F F F F F F F F F F F F F F F F F F F F F F F F F F F F F F F F F F F F F F F F F F F F F F F F F F F F F F F F F F F F F F F F F F F F F F F
  <DiscreteSampler_grid>
  grouped_processes
  1 # 1 for a reference and 2 for a running grid.
  10 # Attribute 'min_bin_probing_points' of the grid.
  1 # Attribute 'grid_mode' of the grid. 1=='default',2=='initialization'
  0.0000000000000000 # Attribute 'small_contrib_threshold' of the grid.
  0.5000000000000000 # Attribute 'damping_power' of the grid.
 # binID   n_entries weight   weight_sqr   abs_weight
    13   10   4.271498829402860E-006   9.173231061327788E-011   4.271498829402860E-006
    14   10   4.271498829402859E-006   9.173231061327781E-011   4.271498829402859E-006
    16   10   5.487970841569891E-006   1.488496100683998E-010   5.487970841569891E-006
    17   10   5.487970841569891E-006   1.488496100683997E-010   5.487970841569891E-006
  </DiscreteSampler_grid>
