 -0.00184565245391155  0.00649803529427928  0.01543587138068546  0.02448519413342616
  0.03523514921448326  0.04854110805868388  0.06253923800203526  0.07495850950150867
  0.08646469955592984  0.09720324822701218  0.10674227861941854  0.11536409641719861
  0.12428555491329096  0.13180852163290402  0.13867030500115593  0.14689741733167888
  0.15799476861907927  0.17027619062926019  0.18224348784257766  0.19308823668971048
  0.20217418403822318  0.21070168205192435  0.21989648792468719  0.22952074404685949
  0.24119739006559526  0.25422825301634511  0.26686932111058431  0.27972862498350376
  0.29289911836798260  0.30613233995965167  0.31899508055186959  0.33111583184014864
  0.34232642860937329  0.35408462857045492  0.36693106100522316  0.37836120029723824
  0.39216448543234206  0.40378301835204539  0.41519506105485382  0.42696125786110067
  0.43693187061495853  0.44549553130412828  0.45351166203009136  0.46146238637253406
  0.46798469000692638  0.47539985385755890  0.48162932363523375  0.48689931884270654
  0.49173559189797528  0.49750037635578193  0.50567381303856140  0.51731814071863003
  0.52923754226653019  0.54113326932123285  0.55370399620511890  0.56671422079831169
  0.58064581960184025  0.59636509952790862  0.61024213246480219  0.62397626862214339
  0.63758314190188603  0.65087129334261684  0.66403405795192727  0.67631636588958621
  0.68564921891757846  0.69428336398744217  0.70301501003184996  0.71156413927857309
  0.71998102505614425  0.73029451174143423  0.74162048852232354  0.75337869807889579
  0.76585174238709164  0.77644084630535015  0.78497206992424517  0.79337827819400863
  0.80166622439889834  0.81136080255100629  0.82096367088594857  0.83182556544097885
  0.84232349983322541  0.85261624527465374  0.86262919715075981  0.87109750079098769
  0.88067779426135617  0.89111748348442599  0.90265033670328820  0.91413337006831752
  0.92612788125273571  0.93722103479092611  0.94852744411725387  0.95946600762770184
  0.97066446236292037  0.98103169593828132  0.99103788426329142  1.00000000000000000
  0.00007116838226218  0.00007340704395640  0.00007660698864740  0.00007944157089503
  0.00008189321837153  0.00008437188881117  0.00008710923380697  0.00008993172336813
  0.00009160110291339  0.00009212877628142  0.00009228481402251  0.00009233796059277
  0.00009237499056685  0.00009239894464177  0.00009241241753749  0.00009242214775766
  0.00009242972964273  0.00009243486839843  0.00009243914620137  0.00009244246059771
  0.00009244528972489  0.00009244782444269  0.00009244977307456  0.00009245172170644
  0.00009245367033832  0.00009245553228697  0.00009245738973344  0.00009245924717991
  0.00009246121609329  0.00009246334555267  0.00009246547501206  0.00009246802765774
  0.00009247147445114  0.00009247545716772  0.00009248025394280  0.00009248756683896
  0.00009249575516023  0.00009250455264919  0.00009252669042760  0.00009255937453241
  0.00009261058525347  0.00009275263551446  0.00009319861546063  0.00009521501687698
  0.00009864483225774  0.00010255782849424  0.00010700824813271  0.00011220227489663
  0.00012026511618343  0.00013060804455567  0.00014270301063040  0.00015695202961422
  0.00017303405820983  0.00019082704528282  0.00021064756016531  0.00023288905026343
  0.00025758936512472  0.00028422117209019  0.00031241568224843  0.00034298763844850
  0.00037794114711270  0.00041509607188655  0.00045531172909128  0.00050153392296792
  0.00055708029754959  0.00062215416122224  0.00069172034234095  0.00075971437897188
  0.00082776691415442  0.00089989926835267  0.00098368826600772  0.00107789969706548
  0.00118780708342901  0.00130287837544997  0.00141873540925732  0.00153995364545501
  0.00168004344735217  0.00187253323959815  0.00213400836107092  0.00235956444658832
  0.00255191242628377  0.00277068825254735  0.00305034672100373  0.00334442886859139
  0.00364959177808402  0.00404687703273611  0.00454157496273457  0.00513434376524383
  0.00561762762370811  0.00594473953075342  0.00632647264291185  0.00677123813620641
  0.00754491902870253  0.00900372695763899  0.30462870075158549  1.00000000000000000
  0.00000030977037644  0.00000358551674838  0.00000568104307902  0.00000833964403599
  0.00001093187592856  0.00001365647392935  0.00001641199330674  0.00001908935095426
  0.00002181784816531  0.00002450518681846  0.00002715590863917  0.00002989206290667
  0.00003277074357990  0.00003548959687786  0.00003807450815274  0.00004056811241384
  0.00004309654741178  0.00004574138193659  0.00004844331803175  0.00005106875840826
  0.00005362323192991  0.00005577005768364  0.00005746270694290  0.00005919161595950
  0.00006109052967586  0.00006284410105397  0.00006462909650799  0.00006672757006227
  0.00006924006474183  0.00007184816422175  0.00007446493011088  0.00007707756578717
  0.00007962285009392  0.00008214199796331  0.00008475765449250  0.00008774727267878
  0.00009186971821395  0.00009678422366327  0.00010199891334162  0.00010710006096540
  0.00011258764587484  0.00011873385281412  0.00012509499335828  0.00013139233384665
  0.00013787689040711  0.00014499245909384  0.00015221916210739  0.00016043014930489
  0.00017068790232320  0.00018176810468640  0.00019259049464945  0.00020366868458641
  0.00021623420040026  0.00023052949060678  0.00024504708441560  0.00026038340642412
  0.00027754856878662  0.00029373279709959  0.00030644249927098  0.00031917044669634
  0.00033338124526196  0.00034940524629001  0.00036456122832230  0.00037947908066069
  0.00039770414162400  0.00042181629999755  0.00044721110846359  0.00047329563339835
  0.00050147992714810  0.00052833220292835  0.00054902998874779  0.00057556034995878
  0.00060332425799301  0.00063636260590856  0.00067598403836635  0.00071966458317178
  0.00075499465448603  0.00078634191837810  0.00082185900692032  0.00086102931916298
  0.00088817744969744  0.00094435114710284  0.00100634639668509  0.00109548343626624
  0.00120247896218123  0.00132622151133824  0.00145510080991378  0.00157922680685283
  0.00170271526713928  0.00182982691656623  0.00199598638902676  0.00219804468498962
  0.00246384600852463  0.00774793063609582  0.07445141867570491  1.00000000000000000
 -0.00421617595727893  0.01049001877864197  0.02536687953065766  0.03989000252360630
  0.05308396655095437  0.06402411191104893  0.07418296595577829  0.08437309143964301
  0.09587234689057884  0.10741677188554848  0.12063789490265457  0.13471511427153382
  0.14624072198383509  0.15613232774549277  0.16559990132875865  0.17539592231838996
  0.18527899457333732  0.19542380425513739  0.20640636221806233  0.21784890633315782
  0.22896736446501498  0.24027713203048415  0.24992935345853640  0.25889960185177763
  0.26774041106241747  0.27628716962514543  0.28632968504142553  0.29736244970499681
  0.30819225035628761  0.31861549827077729  0.33021560418106277  0.34359095577468735
  0.35815317837594363  0.37189795673705400  0.38384112649289975  0.39511738326578083
  0.40644555999105458  0.41914750558545999  0.43234286869817101  0.44524971653351247
  0.45819656039160045  0.47115148272009000  0.48483871371408566  0.49944086367328294
  0.51462082027948763  0.52980520966867350  0.54271657873652612  0.55387856413621650
  0.56509163784902949  0.57697797637442372  0.58853113540691426  0.60011170398329627
  0.61159927702030437  0.62398557384860542  0.63536902978591958  0.64560915460498491
  0.65553937766141079  0.66406076517333790  0.67209108054800637  0.67666315399534072
  0.68162402141461031  0.68667444615331286  0.69434779730704910  0.70419293710881214
  0.71325618902337451  0.72090622057884646  0.72846007294149528  0.73876379023620675
  0.75012434110988524  0.75987591509280195  0.76936608150648189  0.77936035599391407
  0.79102323642610772  0.80500404097987210  0.81834231581385897  0.83028950129385004
  0.84136249980813682  0.85221375223422224  0.86298267038129906  0.87407205201171589
  0.88470465613892735  0.89351800608517806  0.90104663731530654  0.90860994590822175
  0.91647375414497334  0.92408755071074233  0.93067486941392030  0.93712527234233278
  0.94421923035726563  0.95185660782607340  0.95951142802382294  0.96687871614977072
  0.97440130945939329  0.98250333427869063  0.99144826759781124  1.00000000000000000
 -0.00322597904390651  0.01085344494590774  0.02313108448032938  0.03383720201769053
  0.04418208721250454  0.05523648545265932  0.06510888322442683  0.07508645503797549
  0.08396953744330536  0.08989428869803257  0.09549233613568991  0.10231776852826439
  0.11199459920044286  0.12269427045955519  0.13310455305189714  0.14545233484102249
  0.15946957079757901  0.17446496487051147  0.18905872701179000  0.20202016083013058
  0.21297679694035582  0.22286546749179548  0.23324218599124755  0.24438886867074247
  0.25318850414393240  0.26120057890390092  0.26950753300882407  0.27850857838776061
  0.28660439436775714  0.29526258639787928  0.30534873218160263  0.31554821415966716
  0.32524577858195242  0.33358920740101999  0.34012148731519076  0.34770042961767567
  0.35571114728218273  0.36381278199700112  0.37107049841262324  0.37782919032960049
  0.38519399336320281  0.39170720742464538  0.39932530099979702  0.40937544256427438
  0.42025532444324909  0.43012521482749094  0.43974537300955735  0.44891007215133727
  0.45732181898733881  0.46736487065111842  0.48010591475429709  0.49292922894471625
  0.50412645885967056  0.51444320177344405  0.52619054470501370  0.53871590667431068
  0.55168029225689375  0.56463837526766159  0.57688753276882809  0.58921443662112871
  0.60126002997356776  0.61315917873965087  0.62509178694435730  0.63782755043285766
  0.64940032550567106  0.66006761402431302  0.67072599452350956  0.68082070119225846
  0.69154175660708039  0.70317988313295565  0.71444057404735517  0.72549242433930849
  0.73697496612029489  0.74912617568495565  0.76196601418609833  0.77486466624530381
  0.78699630752067895  0.79549571955877341  0.80524382599665267  0.81462902459260955
  0.82415689463469299  0.83429260573386077  0.84452681924302109  0.85485642880221580
  0.86608437850686459  0.87764994170226651  0.88972346647804157  0.90108830157267861
  0.91299015093615477  0.92544022346422350  0.93880099779259096  0.95298659500897631
  0.96700357727832642  0.97924850419871345  0.98996442894666781  1.00000000000000000
 -0.00320625363093718  0.01055970071759553  0.01898345732528894  0.02661200281926295
  0.03423321956116571  0.04206264664856227  0.04977186074919206  0.05702066137275553
  0.06522934797911913  0.07465963767340908  0.08412004517533496  0.09326613927610317
  0.10265877954151437  0.11047750842580244  0.11885266932923157  0.12794623045759768
  0.13599251697035342  0.14464792217885475  0.15460759041128214  0.16534590943970165
  0.17660324680224626  0.18738649943360361  0.19832312391776558  0.20958684422783624
  0.22164158681723298  0.23415898904708879  0.24650691787550874  0.25873466226544384
  0.27025863025906227  0.28060591583791672  0.29009551754755025  0.29876667792764500
  0.30728788623348002  0.31587792674070891  0.32415943724875129  0.33435584166136878
  0.34617168009100979  0.35774842994285450  0.36828469380239853  0.37827052576809250
  0.38761929954257207  0.39679148418475552  0.40537768800549989  0.41562755202922252
  0.42490952575830565  0.43714935418866890  0.44884912933766624  0.46015540801473548
  0.47121255028667541  0.48210249016686602  0.49330135650217410  0.50492165919824727
  0.51635133567712088  0.52821014858274373  0.54151665950131467  0.55570832160778671
  0.56755375438091682  0.57553907274430349  0.58294500464273857  0.58884050379994790
  0.59694130958251035  0.60571344170820507  0.61395552926676356  0.62309072906029772
  0.63267837340945077  0.64270778004287044  0.65265302131061709  0.66209967464699693
  0.67046358296719555  0.67819535292553168  0.68686339494583881  0.69852712628178459
  0.71392822225246533  0.73123179301446839  0.74859827639275689  0.76442415050489831
  0.77718628253218547  0.78868124929085759  0.79975322747734667  0.80957236076076144
  0.82340539873072982  0.83794325123369839  0.84646318985416813  0.85184164027490517
  0.85739159360063055  0.86591524358168959  0.87683864623203867  0.88702279527516337
  0.89775489409038167  0.91225394668641402  0.92714735869840792  0.94160211528883764
  0.95549542065612203  0.96885844430580048  0.98313238488762345  1.00000000000000000
 -0.00193151178866458  0.00766578706806255  0.01885345135357505  0.03013538263831562
  0.04011915791221252  0.04994800925357298  0.06016258410762890  0.06985335997632988
  0.07990060409374619  0.09219747356931163  0.10494747549453702  0.11733941065017817
  0.12957656643457141  0.14229294400438272  0.15448166898597843  0.16652068741223072
  0.17735110833217113  0.18722413274854524  0.19666663185900823  0.20578952349228946
  0.21391371143960639  0.22283918092827754  0.23202460790265916  0.24137088350226843
  0.25137287843018213  0.26356339627861985  0.27609527952664542  0.28839127149852201
  0.30071573727500095  0.31289433121013727  0.32500065926686311  0.33761914769554718
  0.35011972071324188  0.36256346960920277  0.37588459108875572  0.38793264536554894
  0.39793958607400481  0.40767776585045951  0.41726709513053317  0.42655989178475556
  0.43596118943176571  0.44678867370051650  0.45885448990556715  0.47016247971467295
  0.48090153373333649  0.49078873582157861  0.50117018591355322  0.51006319129379907
  0.51908786394129258  0.52928125986850438  0.54087699778206200  0.55232279511925930
  0.56328494606879076  0.57411238751315896  0.58511672013176197  0.59641456978061680
  0.60755090935889322  0.61810620336208444  0.62813080994431247  0.63797868005568170
  0.64825260646062599  0.65809592998227451  0.66833649258700367  0.67803639394355320
  0.68807720762123370  0.69870924693523873  0.70932794741375749  0.72119645226948470
  0.73370501791490239  0.74663227194269099  0.76002023794896600  0.77270532692276062
  0.78394852732986897  0.79319790448078065  0.79869150587217819  0.80571995808401631
  0.81372324031993426  0.82204243525050313  0.83103626968999478  0.83900392806970603
  0.84595046441820332  0.85121614188302253  0.86260014338674984  0.87757550479660917
  0.89135467756108888  0.90229016542499851  0.91189971992826502  0.92109750016532199
  0.92840243979093806  0.93576301802366546  0.94557402662318035  0.96013018584209131
  0.97236320214413563  0.98146018031836113  0.99083022679788446  1.00000000000000000
 -0.00343523970263282  0.01113218403960627  0.02441065923195320  0.03681744120165840
  0.04820755179278671  0.05807840044337428  0.06773277155308582  0.07806121871806518
  0.08806499870359069  0.09901552452404694  0.11048183525581066  0.12286584406174079
  0.13685272111691688  0.15039234887897340  0.16114432538221057  0.17092075965989231
  0.18145891096025216  0.19361858439759982  0.20759848766225278  0.22003232551921473
  0.23157686953750409  0.24382130191051338  0.25587710268193298  0.26813043400961700
  0.28025795225979216  0.29084909472389348  0.29983652452610510  0.30867447260806197
  0.31725623763934802  0.32313325470043452  0.32927925709333683  0.33734962809952546
  0.34649083312315204  0.35546331201191100  0.36481625695206293  0.37333788959125397
  0.38248734549864200  0.39317537746093512  0.40529544997560968  0.41671950996147811
  0.43003089435330760  0.44234432109073607  0.45368878425388304  0.46479740748243958
  0.47593028668789650  0.48779776422904325  0.50158775000766109  0.51696758147858213
  0.53195123897885621  0.54408931894253132  0.55454921750598984  0.56518350548322649
  0.57622356236862560  0.58709121071796089  0.60158443811609641  0.61318338576918663
  0.62278007078794417  0.63086605439362498  0.63873674484924781  0.64885165639892839
  0.66025914670173780  0.67292218483051214  0.68422185810694569  0.69621886714015246
  0.70847178734669392  0.72134033169897560  0.73488563434279419  0.74779725307671885
  0.75860658549218118  0.76775391776179480  0.77685087689397059  0.78677020923159457
  0.79675413151594854  0.80744510099724442  0.81842449909288673  0.82817476756376762
  0.83670108798456322  0.84472823099120509  0.85287213598493328  0.86301929387654386
  0.87450683691838793  0.88382136513448828  0.89069406243052707  0.89664040505009468
  0.90307591776868501  0.90966774401607031  0.91675471857472279  0.92261251624204654
  0.92767525217094871  0.93359384027333980  0.94182195673845759  0.95483367420818688
  0.96780986100292954  0.97972971951561949  0.99022124139831824  1.00000000000000000
  0.31685632474323033  0.32797947794573867  0.33910263114824707  0.36346695162910697
  0.40238680246451558  0.44028327547743390  0.46730302807606200  0.48211244351289489
  0.49734267092598183  0.51269386339238709  0.52773483067873295  0.54311481541090267
  0.57286803965625821  0.61505528499080342  0.63621439490935572  0.64726592403062233
  0.65468266270575659  0.66063586529479346  0.66592134305506312  0.67080366859291329
  0.67525165028155520  0.67955805085008969  0.68405350915267105  0.68890592318221544
  0.69376406740998009  0.69843581415628253  0.70293128176269648  0.70730735000319700
  0.71157401884569971  0.71558467880716514  0.71961392887744591  0.72353228479421039
  0.72721985668905043  0.73140820941595130  0.73566335549081097  0.73954713110948400
  0.74322433310716174  0.74670337119278807  0.74957204872256267  0.75198569852379227
  0.75449083473918366  0.75767305627667292  0.76023038861046055  0.76237750762426804
  0.76491214439081778  0.76817439472557858  0.77170254124519899  0.77476339044298492
  0.77744181385720945  0.78004208308800871  0.78293481126999587  0.78594437021674957
  0.78891907384671645  0.79198357672207464  0.79518027440339334  0.79857139425486012
  0.80221684583015918  0.80570427239357900  0.80898604020717879  0.81234425248269815
  0.81619297273714397  0.82042302169065551  0.82436679231979249  0.82805552697242502
  0.83170524576039873  0.83550889564213582  0.83954784430737883  0.84368224480775889
  0.84777261746111698  0.85196116521281628  0.85649535624022310  0.86143992059761487
  0.86658906674438019  0.87163661051605656  0.87643050061682137  0.88128194846288976
  0.88627063768779513  0.89151341874375134  0.89606537607208125  0.90020753394490916
  0.90401480164883352  0.90786161026842205  0.91146731360300248  0.91491393564781642
  0.91882920676695812  0.92339519134575188  0.92875409296409361  0.93498738867885378
  0.93952853513478063  0.94430781213094539  0.95008362933364376  0.95762133852041986
  0.96550408533030518  0.97360951889422953  0.98453475434325899  1.00000000000000000
 -0.03856617290161288  0.17009545695095662  0.22109627484920677  0.24792546939857130
  0.26932282019046422  0.28749257633261199  0.30344125341232553  0.31730527511508633
  0.32849945711479062  0.33815787799536901  0.34799165076533461  0.35731323584220531
  0.36732385986552885  0.37781942475186703  0.38715319942774029  0.39667044564583814
  0.40646135360404184  0.41555242977988432  0.42320299112738041  0.42963946834616368
  0.43579246126389898  0.44137518381147017  0.44648470555373104  0.45385966512949966
  0.46169637990023515  0.46995322924929167  0.47758977747001252  0.48254224227999476
  0.48669475467721435  0.49120229301910662  0.49618836297985158  0.50163511147004480
  0.50677267452604324  0.51126723307552324  0.51539779473785530  0.51968927066172010
  0.52489975118392418  0.53038290637253327  0.53505402600763474  0.53823096408423599
  0.54132161728007433  0.54724823873824924  0.55476526404740589  0.56161061762730136
  0.56741667624190251  0.57292860632547038  0.57888042615704638  0.58456140231874787
  0.58968745285575486  0.59468544793061473  0.59944991222132127  0.60393563494602676
  0.60859849836093327  0.61321539662647018  0.61748962894154868  0.62220212584294365
  0.62726175742192125  0.63204809966551045  0.63675853860654308  0.64160907713261128
  0.64639338092497611  0.65098607674806008  0.65563020443608844  0.66028416754576780
  0.66471246764116354  0.66948139860396749  0.67441602980866111  0.67923480770788891
  0.68397729081232528  0.68874589504976236  0.69371900051224733  0.69904293451655597
  0.70471151799148102  0.71030256949773929  0.71557841404388667  0.72122448177232534
  0.72727645257052775  0.73331005316102948  0.73969107059270356  0.74600997516318490
  0.75198350310537432  0.75743126047378195  0.76212107876602742  0.76568886370165490
  0.76919605490405218  0.77286354204286123  0.77783304407216636  0.78308045590663700
  0.78809283994279622  0.79445355133072937  0.80522301392931794  0.82158043033187134
  0.83128686655986517  0.84221931286879848  0.87101122114471363  1.00000000000000000
   4.8627648242985560E-010  -1.0000000000000000     
 F F F F F F F F F F F F F F F F F F F F F F F F F F F F F F F F F F F F F F F F F F F F F F F F F F F F F F F F F F F F F F F F F F F F F F F F F F F F F F F F F F F F F F F F F F F F F F F F F F F F F F F F F F F F F F F F F F F F F F F F F F F F F F F F
  <DiscreteSampler_grid>
  grouped_processes
  1 # 1 for a reference and 2 for a running grid.
  10 # Attribute 'min_bin_probing_points' of the grid.
  1 # Attribute 'grid_mode' of the grid. 1=='default',2=='initialization'
  0.0000000000000000 # Attribute 'small_contrib_threshold' of the grid.
  0.5000000000000000 # Attribute 'damping_power' of the grid.
 # binID   n_entries weight   weight_sqr   abs_weight
    13   10   4.532512610392332E+000   1.787090109191313E+002   4.532512610392332E+000
    14   10   4.532512610392335E+000   1.787090109191316E+002   4.532512610392335E+000
    16   10   8.496837510227966E+000   6.389436344607697E+002   8.496837510227966E+000
    17   10   8.496837510227969E+000   6.389436344607705E+002   8.496837510227969E+000
  </DiscreteSampler_grid>
