  0.00006946228529801  0.00008337712647267  0.00008667079709081  0.00008874950380547
  0.00009015301360053  0.00009092414104145  0.00009137409079883  0.00009163628082238
  0.00009181699605676  0.00009195281178232  0.00009206040930694  0.00009215286682708
  0.00009222170050397  0.00009227593374456  0.00009231541495624  0.00009234880395688
  0.00009237860435052  0.00009240279585262  0.00009242373807024  0.00009244198348500
  0.00009245550896538  0.00009246427605520  0.00009247438996334  0.00009248308307498
  0.00009249040387464  0.00009249665655399  0.00009250235744850  0.00009250780029742
  0.00009251302073085  0.00009251801983390  0.00009252274000990  0.00009252715883314
  0.00009253119454346  0.00009253469248026  0.00009253790158842  0.00009254089196955
  0.00009254349327941  0.00009254604042470  0.00009254852880554  0.00009255101617929
  0.00009255350275312  0.00009255627985860  0.00009255936427094  0.00009256389655475
  0.00009261372875107  0.00009261663557405  0.00009261905770770  0.00009262129505222
  0.00009262327844503  0.00009262528250568  0.00009262730208101  0.00009262939982412
  0.00009263154614967  0.00009263382023920  0.00009263618542034  0.00009263860653138
  0.00009264107251559  0.00009264399278703  0.00009264712813339  0.00009265042676792
  0.00009265390186729  0.00009265740706816  0.00009266129995500  0.00009266585571336
  0.00009267124775521  0.00009267618601464  0.00009268089811353  0.00009268728064131
  0.00009269421033498  0.00009270136901078  0.00009270852265542  0.00009271719994687
  0.00009272766150659  0.00009273915894361  0.00009275191367515  0.00009276916649112
  0.00009279220472336  0.00009281613470197  0.00009284678284875  0.00009288987232522
  0.00009294355242112  0.00009300786239490  0.00009308714458453  0.00009318546324931
  0.00009329257660769  0.00009342492603627  0.00009361882112460  0.00009385494763421
  0.00009420093573569  0.00009499315053169  0.00009641860114258  0.00009907652960740
  0.00010499492753788  0.00013222175953233  0.02767854767999234  1.00000000000000000
 -0.00000089677612421  0.00001078779287145  0.00002048627741476  0.00002741577792779
  0.00003241148752797  0.00003555416712976  0.00003825218301755  0.00004122305408034
  0.00004276412058540  0.00004373188303876  0.00004444360207072  0.00004502296347244
  0.00004553524833559  0.00004603480490361  0.00004629245977002  0.00004647839692939
  0.00004665059969881  0.00004680775461578  0.00004693982015839  0.00004706450876292
  0.00004719688278361  0.00004732654118478  0.00004745905372320  0.00004757598290417
  0.00004770050989614  0.00004783103160845  0.00004795106552650  0.00004806306020800
  0.00004816895608956  0.00004826929505596  0.00004836702827382  0.00004845870415632
  0.00004854162861776  0.00004861521624794  0.00004869057387317  0.00004876647478047
  0.00004884151213608  0.00004891442629076  0.00004898351628643  0.00004904778792386
  0.00004910958272823  0.00004916681813561  0.00004922393685382  0.00004928144506007
  0.00004934176128035  0.00004940883958651  0.00004948466584464  0.00004956813086656
  0.00004965721770695  0.00004975443941721  0.00004984915347805  0.00004994692320231
  0.00005004212774100  0.00005012311231024  0.00005021012175534  0.00005028598607861
  0.00005035455695301  0.00005042462625032  0.00005049390737622  0.00005057080457054
  0.00005065105260379  0.00005075994227725  0.00005090759711607  0.00005107901859246
  0.00005123965628027  0.00005139361374934  0.00005151067253357  0.00005160431735939
  0.00005171079703130  0.00005186520984238  0.00005204159856037  0.00005221680018028
  0.00005241015248781  0.00005262415701052  0.00005294715500711  0.00005338628672813
  0.00005387379480130  0.00005441458721670  0.00005500032645290  0.00005560361379629
  0.00005641311106514  0.00005719737138336  0.00005840933603235  0.00005969817311519
  0.00006165205522861  0.00006404447413810  0.00006571853042029  0.00006737600171721
  0.00007053594311503  0.00007550970568997  0.00008285096690019  0.00009572382322281
  0.00014684846422998  0.00201461739674598  0.01801630679441331  1.00000000000000000
 -0.00155742242217250  0.00738955613720288  0.01243564440216620  0.01795736229550210
  0.02474030596852422  0.03238346769103943  0.04261397631419594  0.05393783519472334
  0.06432185860803201  0.07514056817026053  0.08537426796305025  0.09186066922772480
  0.09860472981635517  0.10444620665187317  0.11285988249216546  0.12465639929518024
  0.13872946841421138  0.15325981652424564  0.16644244930598967  0.17674845764571553
  0.18551977833560804  0.19189223515730372  0.20037769327839752  0.21335193011555456
  0.22644429289055756  0.23698439643868621  0.24637808618298784  0.25662184337279137
  0.26827539790914795  0.28123516076433519  0.29529762233149659  0.30713366327827923
  0.31985784595281069  0.33491572687602683  0.34920822071476681  0.36078366909751097
  0.36993531817321762  0.37780188133852693  0.38537936526714550  0.39438109604187843
  0.40575559541795303  0.41723721504747013  0.42524219437699073  0.43442333444529646
  0.44291397714122288  0.45008865655446595  0.45804635709744151  0.46696215433302701
  0.47476803007847102  0.48126318484624953  0.48852554119915220  0.49673226156829348
  0.50419931727974332  0.51114952264224933  0.51769595640844279  0.52539943179045889
  0.53390662533283961  0.54339916669442545  0.55457116941726103  0.56941534326650389
  0.57971278312490615  0.58711247680049639  0.59457209784366039  0.60243519382983557
  0.61141808353005767  0.61996426034931618  0.62671706256437321  0.63411523352834676
  0.64335088192366452  0.65277142254452969  0.66151775293300452  0.67069742393409226
  0.68010252390425008  0.69386627658483568  0.71125808902097509  0.72725507160321246
  0.74346509887253842  0.76102864906765977  0.77931811532828876  0.79693926835934525
  0.81193390137439103  0.82479738256201474  0.83737326316007543  0.84873100817146729
  0.85806649431783288  0.86835785450348224  0.87874979691302946  0.88983404328038862
  0.91022626238955973  0.92878714311080657  0.94153780979021973  0.95430798719496024
  0.96640896384285846  0.97786191430975355  0.98871158936646175  1.00000000000000000
 -0.00570946081641427  0.01691299191073546  0.03524902650228273  0.05076331156566741
  0.06386412847508256  0.07476055313370730  0.08438288566669536  0.09517322110939248
  0.10554861912894102  0.11163118315354813  0.11897889494684831  0.12763568041955653
  0.13669224643179465  0.14557935922008322  0.15525518065435612  0.16605264532741432
  0.17802807103662327  0.19083017147372627  0.20288283090508630  0.21387796725991295
  0.22414466181517015  0.23262047875760472  0.23995531501554659  0.24724265886305424
  0.25438628061236440  0.26171012264805305  0.27183472303380174  0.28443957857245816
  0.29783652912315040  0.30390354343814230  0.31554549042304642  0.32827423054390209
  0.34072511569287789  0.35416182500799165  0.36621314568454078  0.37629508082607205
  0.38590892588569242  0.39630814351048016  0.40849392281300950  0.42249667785866207
  0.43481084888416932  0.44681641729366622  0.46171214650694342  0.47382906116036300
  0.48358718299859144  0.48988759466767517  0.49473503061831786  0.50133162737380499
  0.50796243447445977  0.51462689989676058  0.51897980865710569  0.52438465814956448
  0.53180492540971347  0.54010894542361110  0.55494345778379073  0.57500902495255235
  0.59568469890074283  0.61461253451790598  0.63170167640889319  0.64655214121329352
  0.65896047399337254  0.66962409363970765  0.67939860679588771  0.68958897242910144
  0.70220117562577855  0.71666086974164267  0.72680659530834957  0.73625218553583582
  0.74622865845969111  0.75693099494559168  0.76861731659109223  0.77758468542522796
  0.78493140473695810  0.79284948888708795  0.80037135382331004  0.80771294323530252
  0.81371018151434282  0.81813801341628689  0.82281871590561295  0.82788680293741757
  0.83279786561924729  0.83801267479213259  0.84251837073707014  0.85182091268690230
  0.86458179779863786  0.87544683473888274  0.88723339869266160  0.90001811843746082
  0.91310312699750518  0.92490469343734982  0.93496869466852661  0.94329875316294876
  0.95264045949092957  0.96465900658684600  0.97904953253249882  1.00000000000000000
 -0.00050600573871166  0.00335729390816312  0.00776325135721186  0.01164874942624650
  0.01551261586447827  0.02140687530521718  0.03284321003281892  0.04670700918934369
  0.05814905546422497  0.06778000595084208  0.07680731925404465  0.08589802686076148
  0.09779228354652478  0.11432898857798106  0.13362077902905467  0.15286946155062939
  0.16883634439452197  0.18179405103986579  0.19435595180059367  0.20740756960531895
  0.21906427758144739  0.23049967290561774  0.23992268712419018  0.25073711264745113
  0.26246183604010864  0.27601319804818075  0.29152704094944853  0.30930758002224928
  0.32743348465619809  0.34550015548185964  0.36336628363024931  0.38277729938576438
  0.40065517282642227  0.41433582129926544  0.42571665311812840  0.43806130616644484
  0.44768206781053177  0.45595966882103567  0.46690549983669793  0.48350588109328074
  0.50285814545457486  0.52045594878551904  0.53345562571552130  0.54747359096052062
  0.55948971243683487  0.57027073443380005  0.57878944104278740  0.58749012736026895
  0.59847418919630413  0.61090710568797302  0.62050370341531302  0.62944610038076376
  0.63755825265949373  0.64424651164905333  0.65018818767479758  0.65637621064442442
  0.66638570105443062  0.67920953028630660  0.69174183494082042  0.70403817535609947
  0.71624696673639709  0.72933136245418995  0.74315107356059562  0.75662327575638733
  0.76841421376378105  0.77821849191160553  0.78914928917388483  0.79733919169224010
  0.80249264790612929  0.80640392980367337  0.81394064759540119  0.82103147244147290
  0.82692108636978101  0.83213810063436344  0.83790899167692534  0.84277426104967601
  0.84785507967418605  0.85225211512416110  0.85832117068580216  0.86708781780907151
  0.87770966325022859  0.89028298876450329  0.90494081534445392  0.91618878545986759
  0.92644615814893239  0.93543290933279821  0.94208097715699979  0.94749420704647791
  0.95333357666419893  0.95894664623077219  0.96431153602270547  0.96950408189600523
  0.97452429774950911  0.98141184457431374  0.98920529667039869  1.00000000000000000
 -0.00174988911841500  0.00794217792547605  0.01559408165637789  0.02346148187161680
  0.02957891472483178  0.03649484090483048  0.04354072389218784  0.05141883258385371
  0.06021184706034525  0.06471487544388302  0.06908797461623072  0.07486126426559531
  0.08077097791767272  0.08578647811451678  0.09006514978039594  0.09533096997723149
  0.10177673252721382  0.11041547991958776  0.12131991317521193  0.13355140350047323
  0.14632400078949953  0.16146167008769993  0.17749017706122600  0.18757300064888119
  0.19592958494595905  0.20123118769027021  0.20789376347686928  0.21653986297831737
  0.22461544825929214  0.23255888147280904  0.23968005094577322  0.25072959572885811
  0.26290090324047993  0.27543444650477078  0.28734074910278445  0.29994606441580368
  0.31374024765428027  0.32799590775769549  0.34314704578348332  0.35768924925612089
  0.37193267201138291  0.38743056058556963  0.40357350501781702  0.41824310304298684
  0.42750626166182787  0.43421060524506327  0.44256575099375300  0.45026680205356090
  0.46151573964570897  0.47055013237024290  0.47928293745342976  0.48938692755500884
  0.50120543581907540  0.51437152597914271  0.52968661232553638  0.54802165959372884
  0.56814777455847598  0.58335624108870598  0.59509576002606579  0.60452751288177475
  0.61379477175026942  0.62388955117998790  0.63651472201032389  0.65023326082879662
  0.66386151713664832  0.67717123783368705  0.69010998207103391  0.70309587508552085
  0.71526086473681438  0.72649142540617528  0.73686885786698997  0.74596393133711170
  0.75673729656459499  0.76970388714884963  0.78661102101526303  0.80312460309408451
  0.81680834706797933  0.82807843355801558  0.83647857592519770  0.84156367467406212
  0.84656901067172019  0.85210896963335869  0.85888818444924719  0.86942438078755935
  0.88065952459593344  0.89204480374506012  0.90455238994051324  0.91740724984183031
  0.93082840137519895  0.94420172222111109  0.95428331197635941  0.96255492628393380
  0.97117488575651900  0.97952215226923256  0.98954003062880935  1.00000000000000000
 -0.00181028644587532  0.00758074137393167  0.01836314445925551  0.02930055706855188
  0.03887586088341023  0.04726046349401137  0.05850122591251992  0.07062419778775209
  0.08204058389891736  0.09642336762368396  0.11284300448973966  0.12684274419286878
  0.13736598218447835  0.14787162443816329  0.15828032174337658  0.16910978604717369
  0.18130384367113606  0.19444997118306759  0.20494297158267438  0.21367080639597427
  0.22296057294041924  0.23367559975557289  0.24553621514955115  0.25326365204872109
  0.25693227394528256  0.26170307886862143  0.26720017338607122  0.27287327352969931
  0.28096511333570828  0.29234704763589348  0.30314363065319844  0.31132883698407338
  0.31714621242702179  0.32428446138186873  0.33075010388219661  0.33868080320161154
  0.34639231687006283  0.35200354527660432  0.35849318509394307  0.36385220617097891
  0.36685556554913357  0.36998210555451611  0.37226953433731602  0.37554639392531364
  0.38217682306463646  0.39001557156330940  0.39948047899471012  0.41228084899807849
  0.42511578898998442  0.43775407755521761  0.45065172060256165  0.46406892719131909
  0.47866809091050128  0.49601918567921827  0.50992010209719507  0.52019084371667823
  0.52931937410974972  0.53718482926704014  0.54336371047172483  0.55111236561788313
  0.55862893500667132  0.56903467356317206  0.58087431036891357  0.59459509719932435
  0.60954783533041390  0.62455015501593569  0.63796103715521313  0.65200737417004717
  0.66402821229231135  0.67491427404473314  0.68651803040254233  0.69896433159605631
  0.71063322234064841  0.71948497814244539  0.72678702654821148  0.73451249933555662
  0.74302360710712245  0.75396933998498405  0.76559400898830077  0.77701315935005322
  0.78748217517676600  0.79831888566564624  0.81103952614240860  0.82537173182858459
  0.84079839977302051  0.85696439522112355  0.87403204628304798  0.88828567002575809
  0.89998449381888257  0.91576658525951660  0.93317950897287671  0.94917817757674217
  0.96787917376850952  0.98041462200784046  0.99070149273242081  1.00000000000000000
 -0.00299643560645407  0.00953439875301047  0.01932315871678621  0.03013730377076669
  0.04361772890166069  0.05914271865366370  0.07541906469748634  0.09107908552340306
  0.10677879755799387  0.12015621665918592  0.13142193985005043  0.14290481097308808
  0.15458147770631159  0.16607818350007389  0.17961658891527474  0.19484686627143838
  0.20958737991286136  0.22526840131812512  0.24008690273120203  0.25288187776238424
  0.26570163695637505  0.27871723924217556  0.29203387071722714  0.30573398608132080
  0.31936045591426826  0.33269991441121355  0.34653775749225529  0.35970028721080821
  0.37121772335160225  0.38300688496155960  0.39289558291392285  0.40059596197749825
  0.40900592643139166  0.41957633484127194  0.42848394318411764  0.43545160471315270
  0.44091061690408201  0.44649316631244124  0.45115825998398762  0.45580648042823285
  0.46304039567191274  0.47451835369174106  0.49351307553426366  0.51135668187231875
  0.52462753349999069  0.53577477167297771  0.54595218564788839  0.55534747293214526
  0.56441905992473917  0.57370563644354555  0.58251389006928045  0.59118331281324610
  0.59888829553054823  0.60619648824307137  0.61485008942678954  0.62749371917395702
  0.64024556472257299  0.65156727063276765  0.66290189403815414  0.67287498123154299
  0.68093409533640126  0.68824736753179461  0.69473863917107492  0.70242582161364053
  0.70952775391555045  0.71358166486643870  0.71681104651702188  0.72095469292691705
  0.72566348427433047  0.73219524087767951  0.74323805338708127  0.75746889338281509
  0.78008350896690437  0.80019299845213820  0.81522464672369854  0.82632202749629891
  0.83518076883617831  0.84434135104223706  0.85582908519501066  0.86889235050630120
  0.88103279261054879  0.89246968076964472  0.90143024920694070  0.90646184646258632
  0.91310803971732679  0.91981177636504707  0.92605862749597168  0.93139091151201148
  0.93838525111969828  0.94740377494678985  0.95697392122022074  0.96663274202070326
  0.97483994148634989  0.98162351780835622  0.98841367404941904  1.00000000000000000
  0.03846215971939668  0.55407006120116209  0.61735459732908704  0.63972437002186389
  0.64904555765642236  0.65498603223621821  0.65952362794195940  0.66376799346061544
  0.66792310441629510  0.67242269784409869  0.67687090640501246  0.68085838943931820
  0.68443434797558245  0.68793709781190049  0.69183279826659383  0.69548482909329301
  0.69871372907353757  0.70172349962540703  0.70464257828828236  0.70827902256501307
  0.71184106822648829  0.71483307417866537  0.71712757845166286  0.71935540502515016
  0.72147986707625555  0.72421727875417918  0.72726383040862008  0.73050087387221219
  0.73374998234861977  0.73705595004699631  0.74052115936280449  0.74416980802615240
  0.74790433165295733  0.75205269681416209  0.75498901848751299  0.75692448054101413
  0.75861882780949796  0.76016005295273625  0.76285143252595999  0.76558050596205374
  0.76828060322632796  0.77103870870440339  0.77368115160143147  0.77625934038151112
  0.77825595681560711  0.78007640496090225  0.78244431790496760  0.78635404700405365
  0.78972809960635704  0.79171175011652839  0.79355302586262444  0.79521445865045715
  0.79689892466442391  0.79866118769667116  0.80026237412847367  0.80094743902409515
  0.80228705213864360  0.80375561969763054  0.80484875885430840  0.80610708731486003
  0.80834634710235664  0.81117149425960466  0.81425041837210588  0.81810501952640180
  0.82244326435037496  0.82657916097670769  0.83143571872224920  0.83573505135659909
  0.83973532780683202  0.84383414368845366  0.84824134995415301  0.85192678117309539
  0.85487565190214199  0.85858918294259778  0.86260783106161254  0.86665544956505869
  0.87069137920973438  0.87604857506014400  0.88056820905167099  0.88449907961722030
  0.88864208082237595  0.89215656130455301  0.89601674756967564  0.90059969066688206
  0.90480022928378934  0.90901441331031818  0.91319874146382518  0.91783663525959480
  0.92372005297556758  0.93037833493982114  0.93738792684559169  0.94364295932577824
  0.94930441073833061  0.95907804483054770  0.97048865001578710  1.00000000000000000
 -0.04248755438216054  0.16458115450522151  0.22040132723812150  0.23179112114599409
  0.24257943276890881  0.25431217637980125  0.26457299624033281  0.27122956095992123
  0.27877123103324508  0.29310542406223056  0.30865425794711271  0.31992898770012784
  0.32752373133639345  0.33381430353569114  0.34164580475358197  0.35425411119443700
  0.36813693525415297  0.38219485220688543  0.39617771964475285  0.41063227293605697
  0.42578571992762654  0.44029397447256974  0.45217745501278206  0.46248652562483022
  0.47138579031860312  0.47886718263262990  0.48592488303537162  0.49514566665023291
  0.50355955209484526  0.50854261185308203  0.51360331319065489  0.51782352888469274
  0.52168132444790061  0.52638373090713619  0.53336245514040170  0.53895406642329224
  0.54318699340493815  0.54631621513302353  0.55028942021903504  0.55580012022342140
  0.56111302537922791  0.56664822046945851  0.57294057466214710  0.57973739889146558
  0.58680530656722552  0.59361548995051683  0.59942717924433098  0.60416843869531234
  0.60878003493834498  0.61338135289549367  0.61899555458666677  0.62554640043289822
  0.63299855625968482  0.64046115875291554  0.64779865894243982  0.65455233239174826
  0.65996279752279963  0.66392655114195975  0.66701454882759625  0.66984028372278226
  0.67328285783307640  0.67650891720772455  0.67936447666900046  0.68221062821056777
  0.68576861048691495  0.69059765945225560  0.69547535221214762  0.70031199241892717
  0.70560861394677066  0.71126096603741384  0.71705295698115212  0.72284022818294391
  0.72840850089706233  0.73367050829383673  0.73873565841015798  0.74314182216196334
  0.74694521061709707  0.74955272015025076  0.75192524195477617  0.75474571089923703
  0.75800084637942067  0.76176893075583396  0.76572468064570143  0.77045156066473963
  0.77527470823158828  0.78018388122585225  0.78665101376037327  0.79463900408940291
  0.80498021909062079  0.81550144346075437  0.82650151775966429  0.84020182816092237
  0.85779541248422342  0.88380392376080352  0.93153845860075657  1.00000000000000000
   3.0646806626548437E-013  -1.0000000000000000     
 F F F F F F F F F F F F F F F F F F F F F F F F F F F F F F F F F F F F F F F F F F F F F F F F F F F F F F F F F F F F F F F F F F F F F F F F F F F F F F F F F F F F F F F F F F F F F F F F F F F F F F F F F F F F F F F F F F F F F F F F F F F F F F F F
  <DiscreteSampler_grid>
  grouped_processes
  1 # 1 for a reference and 2 for a running grid.
  10 # Attribute 'min_bin_probing_points' of the grid.
  1 # Attribute 'grid_mode' of the grid. 1=='default',2=='initialization'
  0.0000000000000000 # Attribute 'small_contrib_threshold' of the grid.
  0.5000000000000000 # Attribute 'damping_power' of the grid.
 # binID   n_entries weight   weight_sqr   abs_weight
    13   10   2.350696039557236E-009   3.957697165771604E-017   2.350696039557236E-009
    14   10   2.350696039557230E-009   3.957697165771583E-017   2.350696039557230E-009
    16   10   2.881321549910585E-009   5.810322297346345E-017   2.881321549910585E-009
    17   10   2.881321549910580E-009   5.810322297346318E-017   2.881321549910580E-009
  </DiscreteSampler_grid>
