  0.03012884049165520  0.03788662525704338  0.05007374203816836  0.06246819924804513
  0.07362867668193866  0.08500280196168614  0.09584993816589818  0.10602550305517437
  0.11565583487537427  0.12543273029675975  0.13548287173872142  0.14564278027937638
  0.15594864571329853  0.16575618073509688  0.17488031118310765  0.18386045408184296
  0.19322115733021902  0.20286601253302336  0.21257356466553246  0.22244966583892004
  0.23251786080392062  0.24242152151142854  0.25206970099022818  0.26148540637186990
  0.27073234552067960  0.28035483123049526  0.29007008945407764  0.29958291738671167
  0.30909847068264273  0.31826753182664080  0.32719512401111339  0.33580482644464821
  0.34387392824027585  0.35195703823145474  0.36074423904365333  0.37005319398766656
  0.37963809731258058  0.38941335984377634  0.39955402024795428  0.41042654501913234
  0.42098857598693518  0.42988595016265019  0.43929935222923711  0.44860693191809387
  0.45834734068676958  0.46768568067296212  0.47698375791943426  0.48708051542617381
  0.49765254654944091  0.50715775679023345  0.51601596939072480  0.52501043989328100
  0.53395766704704672  0.54299129676227020  0.55219633030354209  0.56261233608999617
  0.57479289959437607  0.58747019479134399  0.59945314038049002  0.61058458282254868
  0.62133172294673766  0.63184726861792573  0.64215534405368924  0.65251586555294305
  0.66246914250752587  0.67269414943122352  0.68347739365167648  0.69424056732433082
  0.70560553363732537  0.71686342946874426  0.72854919420359576  0.73916776412224938
  0.74984420477190972  0.76096312938255384  0.77201421435539386  0.78263306747687222
  0.79313712876104558  0.80373390106848519  0.81441523412271155  0.82456623729782885
  0.83497613871638898  0.84511070318663084  0.85494203485421694  0.86479702015148685
  0.87501325445674261  0.88579753972127262  0.89676847892534628  0.90777601940911623
  0.91809484131763752  0.92767422918508380  0.93744012551463041  0.94749736903646642
  0.95706049655743564  0.96529893684624679  0.96890247711154431  1.00000000000000000
  0.00000008869250122  0.00000134403344403  0.00000405918274887  0.00000803380806814
  0.00001272004953414  0.00001757047276854  0.00002218015031183  0.00002640511879817
  0.00002996119111558  0.00003290437089005  0.00003476019888581  0.00003602313675240
  0.00003722963446275  0.00003833663703522  0.00003934620278166  0.00004027700485254
  0.00004111398194688  0.00004186122523637  0.00004254704497918  0.00004316868528198
  0.00004373456322292  0.00004425145054411  0.00004472130624486  0.00004512936059857
  0.00004550910060634  0.00004583901630612  0.00004614694759827  0.00004643212882719
  0.00004667793873202  0.00004691447063194  0.00004712672764824  0.00004731715787335
  0.00004748874500718  0.00004765719348376  0.00004782243474454  0.00004796193837187
  0.00004809489092019  0.00004821889195870  0.00004833894551427  0.00004845761813902
  0.00004857323764872  0.00004868586631243  0.00004878502289373  0.00004888305107935
  0.00004897878832420  0.00004907411328853  0.00004916894105103  0.00004926306425660
  0.00004935663078125  0.00004945698464357  0.00004956118306755  0.00004967425426346
  0.00004979123083266  0.00004991165108004  0.00005003322793913  0.00005016007805580
  0.00005028890130122  0.00005042978273037  0.00005058021268275  0.00005074533174663
  0.00005091878156000  0.00005109655766988  0.00005127998547918  0.00005150954644447
  0.00005176215508437  0.00005203194038540  0.00005232471917145  0.00005267224441021
  0.00005305211562987  0.00005346642982892  0.00005395866885111  0.00005448805398846
  0.00005507689818936  0.00005574184161480  0.00005646833356437  0.00005727116376851
  0.00005816513162318  0.00005914342620384  0.00006039818109298  0.00006221072237129
  0.00006427745215258  0.00006659364813782  0.00006919901625542  0.00007257659296283
  0.00007880017860888  0.00008735690885825  0.00010115204836770  0.00012180092800658
  0.00015572199472077  0.00021340298665013  0.00032777385852495  0.00059809212733958
  0.00144530751755156  0.00476193590805364  0.33236088080530296  1.00000000000000000
 -0.00325268785642520  0.01159176023204411  0.02399316490385692  0.03565664761873264
  0.04737632886273923  0.05883462376751984  0.06997504663509493  0.08091538326601264
  0.09148871506011201  0.10158897632542090  0.11140213752745630  0.12133790914493620
  0.13159099621704651  0.14228851160004624  0.15299932951522754  0.16390266983669621
  0.17456214582729895  0.18583053069225272  0.19579163127626109  0.20602699989425158
  0.21632310787944370  0.22715526972224059  0.23777171156543978  0.24849375298757040
  0.25971384169165779  0.27116124580285500  0.28213290403109426  0.29279862958866343
  0.30293151666957135  0.31288517563537133  0.32358233464580988  0.33452909109530082
  0.34575782097153890  0.35665403475970114  0.36704621673211929  0.37757704594499680
  0.38808210618847849  0.39870458085054722  0.40932155449707330  0.42000059849399229
  0.43124746356109261  0.44207573019330787  0.45252622344969556  0.46291492657857575
  0.47326602508292187  0.48361113060330002  0.49408028962267536  0.50485791618601794
  0.51594016599330883  0.52701033378298512  0.53810254422721038  0.54918685877994822
  0.56038221739687655  0.57207480443114922  0.58382973127372684  0.59484748044439995
  0.60575739799955264  0.61683279886839726  0.62759821945236849  0.63744423478122370
  0.64729999285973661  0.65737073009313762  0.66762793967635092  0.67808535829830385
  0.68872208954304592  0.69938444074772255  0.70952233404370879  0.71886955931893293
  0.72797530180499537  0.73730983675361861  0.74663269427041812  0.75566195910948886
  0.76456186359185752  0.77406346221340439  0.78371544365137602  0.79308060305033357
  0.80216772094150612  0.81076135969805929  0.82173394124452648  0.83277609730398450
  0.84336238527869212  0.85370947963240373  0.86524716843185145  0.87666040703279924
  0.88785690010084650  0.89835422761155526  0.90871323973567208  0.91929155035336452
  0.93013321581145769  0.94035763263973804  0.95013017550331746  0.95977116559965858
  0.96991349071662303  0.98015349629318871  0.98994230698333674  1.00000000000000000
 -0.00245180800861299  0.00908872228028064  0.01890510024851955  0.02983635015801459
  0.04038603692951274  0.05270554402577741  0.06461403025404459  0.07598734965987154
  0.08699219371731634  0.09787344204295668  0.10831533827065726  0.11833498091859782
  0.12867554600461267  0.13896190882202286  0.14964746034660534  0.16055736600935638
  0.17116355412600009  0.18183350413077737  0.19287430848757037  0.20391120039537802
  0.21474062510239317  0.22574184755071075  0.23715663533612127  0.24859799916187134
  0.25966213140584277  0.27058239074068507  0.28169499002655635  0.29359441929762181
  0.30646058012218247  0.31890412040439653  0.33045157791201751  0.34159883594647616
  0.35247318461579730  0.36306910569895184  0.37327837927348539  0.38429792881092323
  0.39587740459939685  0.40727191152807046  0.41894382017471871  0.42919723333890125
  0.43952913436902030  0.44886297308623080  0.45863924610192591  0.46888884204596881
  0.47868360876052574  0.48805681314566268  0.49743912780615301  0.50727826472996884
  0.51737165157487341  0.52764772243986391  0.53808538319630861  0.54860139779769390
  0.55920579277885951  0.57056229910884027  0.58256806001143191  0.59388265486714908
  0.60514262219830517  0.61664542403009548  0.62813493634778461  0.63865856729888815
  0.64923735289747164  0.66000294920371649  0.67035775734923786  0.68043603010919618
  0.69064764855467586  0.70082738374606091  0.71060261441981365  0.71945015290219005
  0.72811857978510552  0.73695114033680753  0.74614949876834580  0.75598553747242603
  0.76609783825409261  0.77781412770491698  0.79025218060018754  0.80118889547751437
  0.81136864535796516  0.82133937796611611  0.83112747944729715  0.84091842489493529
  0.85060771479922648  0.86031925488406980  0.87012829958472582  0.87971581359370687
  0.88928854973693616  0.89894589374136791  0.90895284543824462  0.91869675273437057
  0.92849490089248621  0.93818528843626325  0.94873512687970496  0.95876621364124393
  0.96835924551336217  0.97832583067700540  0.98893463881185895  1.00000000000000000
 -0.00222356055228362  0.00897563310981846  0.01817684385511338  0.02781899960232190
  0.03734043498268571  0.04687857462636495  0.05679282995570138  0.06760010815231179
  0.07906403953876028  0.08975480664382801  0.10031152155278257  0.11143454377523765
  0.12336214141418503  0.13494660914252918  0.14628478837205552  0.15721642612893624
  0.16831371441593135  0.17938320274421893  0.19072996562223984  0.20235962455879838
  0.21445151621166922  0.22677746908444477  0.23892499440857015  0.25109060350857160
  0.26324200485520843  0.27556081448680392  0.28760087838403531  0.29995361301426510
  0.31262967286243776  0.32533225752163469  0.33803942663626219  0.35076460212931598
  0.36386065993035177  0.37677351566221623  0.38880975554496744  0.40079027620310537
  0.41229986801768803  0.42346991960423380  0.43452155451504959  0.44651567965660027
  0.45997264365916907  0.47439497249635443  0.48785797295339711  0.49965221151858824
  0.51161809497569766  0.52329590285587069  0.53497124722063649  0.54733500392320822
  0.56052085270833851  0.57357076799558382  0.58604043111407444  0.59828206683528529
  0.61088051737435156  0.62341058160006035  0.63446855107563538  0.64518299085532527
  0.65638325902128836  0.66745034892933619  0.67789778354306673  0.68811639416733628
  0.69874400457277563  0.70913106524455849  0.71907463568676522  0.72879822971709396
  0.73803189879727171  0.74691964430501534  0.75548256619307241  0.76391395239678672
  0.77263697414834775  0.78184712455663119  0.79099877399112428  0.79993145059901416
  0.80849503538160317  0.81747692638797376  0.82660795908835327  0.83572090850036851
  0.84443968937239255  0.85330622097831044  0.86245726702358683  0.87174912057681908
  0.88099981826259144  0.89019926803290550  0.89863950534837644  0.90647630019980796
  0.91431050045461149  0.92258403482321116  0.93100625219771271  0.93925921753275510
  0.94706987880824378  0.95433120287515860  0.96157522202670709  0.96914863773966975
  0.97692700929954623  0.98470357679373166  0.99228512972184069  1.00000000000000000
 -0.00220136432893678  0.00857942183323903  0.01787006292082049  0.02792890102970860
  0.03818055142192344  0.04890231976824957  0.05947384673049235  0.07084441658418658
  0.08208435284395556  0.09332100302732239  0.10432940877355198  0.11505740567490697
  0.12534393830473853  0.13537270532915174  0.14522095198183912  0.15529915181972540
  0.16544381595030785  0.17568814925877188  0.18602247068769537  0.19661970299313222
  0.20718748813475149  0.21761629326213736  0.22794574357672798  0.23914284488148216
  0.25068876854815414  0.26172984482408995  0.27265136704595605  0.28379561127632230
  0.29495532674571023  0.30625235653487015  0.31705156276930313  0.32702533941593659
  0.33670318726347737  0.34630556896043962  0.35609786312583958  0.36583821998461141
  0.37624158966021770  0.38761390750518027  0.39864336755283020  0.40910296024153775
  0.41955716012395866  0.43004359987030261  0.44081679175160787  0.45178162378383130
  0.46242602812946254  0.47329740669368697  0.48367581214926575  0.49367655214131451
  0.50359040524136234  0.51322964648773328  0.52262978309837438  0.53202006551709080
  0.54126918581284866  0.55069934159422396  0.56016763393576396  0.57008422847514106
  0.58016036794233083  0.59110080332417403  0.60232894261343184  0.61339771744631688
  0.62353752064830181  0.63328122253549202  0.64224660017817370  0.65134381884662818
  0.66074447288095339  0.67118648267383063  0.68293872270064826  0.69497509904442367
  0.70671794539133193  0.71768453015171940  0.72785655514282721  0.73773142712015838
  0.74714839401866195  0.75658693415052369  0.76611627705615648  0.77606431851284008
  0.78662035303702094  0.79774641903481380  0.80928933470814635  0.82095405517240261
  0.83259656869471921  0.84423513065737199  0.85541101098699834  0.86551200947492168
  0.87545567986128037  0.88510473475260876  0.89497541714534457  0.90500227501355124
  0.91557256470163151  0.92715358638467071  0.93901891686388994  0.95034147205011632
  0.96208453496598956  0.97444245215399161  0.98716764778514599  1.00000000000000000
 -0.00288040837556592  0.01202323316978611  0.02372460509993753  0.03474823836781539
  0.04558034493283218  0.05628784121513054  0.06649212982606723  0.07667504726835644
  0.08711520310856213  0.09874689386010504  0.11117315317015736  0.12349864621320532
  0.13538951900130428  0.14671849338195175  0.15647830130837315  0.16635881220508550
  0.17624245068740310  0.18643776278010515  0.19677067961587272  0.20655051991010745
  0.21745935546170278  0.22880325349083158  0.23946312432742173  0.25017503082030373
  0.26024151617389812  0.27051526678819804  0.28050692147657774  0.29067587301364950
  0.30105615453345996  0.31116895842966025  0.32084296953941399  0.33002224087719678
  0.33869466921648916  0.34717270788804755  0.35592965147821770  0.36510804751693332
  0.37440400137398094  0.38378920544209333  0.39339085466825291  0.40384185756536600
  0.41489167734557802  0.42552261235029964  0.43565681562151837  0.44505914189980400
  0.45366450255514851  0.46230946062229222  0.47118186959085412  0.48048819734373349
  0.49002962001977984  0.49924265637820292  0.50811833697836506  0.51707165384325837
  0.52617725330387322  0.53526479913247538  0.54428200636587731  0.55328094270625039
  0.56245430369075544  0.57219790417516814  0.58215313321056150  0.59184000904338108
  0.60106225003726788  0.60984800586677279  0.61867283504586756  0.62808601102331962
  0.63758008035792202  0.64676515253939049  0.65586131324466612  0.66517540079097059
  0.67474480921117130  0.68435631413133802  0.69358716075112636  0.70250082091128163
  0.71200066537691342  0.72183146875239435  0.73186256788451787  0.74148700642711074
  0.75172433505691882  0.76393784284914457  0.77671649648763053  0.78941256352106959
  0.80112931582060432  0.81274447064645217  0.82490113783052610  0.83742905688220037
  0.84931263448313288  0.86189122967112708  0.87458170877557828  0.88690017449310887
  0.89921968995080592  0.91138964924711874  0.92390383172458868  0.93687926248894438
  0.95182831732002304  0.96722130896300418  0.98354822157448552  1.00000000000000000
 -0.00225032426085922  0.00882797304227488  0.01818871850479549  0.02838621818482633
  0.03880462171764587  0.05006369593171969  0.06206957632255398  0.07356853246693082
  0.08397174813846170  0.09296235024037934  0.10176858072579674  0.11112025348248224
  0.12044445431926430  0.12929513449569366  0.13787109169038322  0.14694601707418659
  0.15696802950031699  0.16707991944047845  0.17659127105952790  0.18610281191194869
  0.19601092289870620  0.20624565400371106  0.21664434489964662  0.22732950030214438
  0.23852720544095507  0.24975841151750530  0.26058886321381092  0.27116057239410202
  0.28142026938879255  0.29135270431027499  0.30132289150038843  0.31105159594039505
  0.32055399720227545  0.32987957339500645  0.33969264852356384  0.34973914309024007
  0.35959598649580954  0.36977122751544222  0.38110660701699667  0.39337188721512634
  0.40451361837280303  0.41490617325881968  0.42430703465679509  0.43306283568251019
  0.44171611402061628  0.45074472158472800  0.45968077746266928  0.46911519218549508
  0.47881379837272325  0.48919029727231811  0.49952806075904355  0.50953346672629940
  0.51976190791571353  0.53007905389679588  0.54041274589708987  0.55085204511122399
  0.56195201004967021  0.57361021967003123  0.58595043499574606  0.59780381449919362
  0.60998827628916841  0.62284043694081004  0.63347536763858159  0.64387850521380352
  0.65490568663862569  0.66622797328946604  0.67723207941092389  0.68786625750472685
  0.69973993635656018  0.71077021769906890  0.72037538890043107  0.73002683521294820
  0.73989013923477254  0.75019153710300568  0.76015999799444511  0.77022403381945437
  0.78172171232689114  0.79391365845784867  0.80644350508452700  0.81860443974772568
  0.83036108755647475  0.84187973002073757  0.85318623871224941  0.86462577248284456
  0.87630293207930710  0.88789575186664682  0.89918687255638385  0.91001633128225101
  0.92065552545890750  0.93187695113697067  0.94287337693393936  0.95397577220930729
  0.96483231395849567  0.97609001693495057  0.98796201060393762  1.00000000000000000
 -0.01732186334792059  0.27929384638024390  0.40567729856523499  0.47885480042744172
  0.52177591501561860  0.54482848003396200  0.55664526050267660  0.56545015301468748
  0.57257174908827924  0.57910854186693850  0.58511042607956243  0.59051455181600354
  0.59578893083782203  0.60098207407045856  0.60565387152107708  0.60989024536456038
  0.61392343410930628  0.61791119683764706  0.62185704105772843  0.62564669842614851
  0.62922579742355778  0.63269367109274854  0.63618554325882626  0.63973077937806044
  0.64334417085437601  0.64709244578748781  0.65070611184003335  0.65406182865950024
  0.65732708412098351  0.66058485138209055  0.66390393718947038  0.66736557455832046
  0.67085904850266886  0.67442960203604818  0.67795799936305501  0.68154339469127778
  0.68479752755432410  0.68810101171806426  0.69152230500963152  0.69500769149265329
  0.69867496538029661  0.70250564955335548  0.70636611384607273  0.71018454926419117
  0.71391928330054244  0.71760816539766470  0.72151645049144908  0.72534088864465340
  0.72931395833625112  0.73316426327431283  0.73712303315373018  0.74115134021550289
  0.74504841892187501  0.74885173857857423  0.75273435378201625  0.75679565010445260
  0.76097946304619979  0.76518013051129563  0.76943898150361578  0.77383391827412229
  0.77835779974511410  0.78261423832105015  0.78678843573510193  0.79096142951060155
  0.79506873062609273  0.79924174370358347  0.80350944743915720  0.80786619025969975
  0.81230096839048160  0.81678334709035316  0.82133423645873982  0.82602151863794404
  0.83083897769959147  0.83563201520206998  0.84026346052823242  0.84508105185455518
  0.84996462707752718  0.85486915927528673  0.86025457489869128  0.86564113514172314
  0.87107913908370016  0.87666248269779645  0.88207611019291243  0.88730423041351036
  0.89250972521118566  0.89809845355960671  0.90473290525564398  0.91191443412780737
  0.91921194434099718  0.92686366558516919  0.93439384810547588  0.94279211887358438
  0.95162438137011041  0.96205650681376376  0.97678805831864923  1.00000000000000000
 -0.02194373376748364  0.13458179121691971  0.17909315881107679  0.20762912136359557
  0.22848576235635629  0.24684433206844486  0.26300330761794050  0.27842604653808078
  0.29331582442286164  0.30741613084512093  0.32085351898674241  0.33299635412523804
  0.34385269833426158  0.35420090204702775  0.36432034967340582  0.37433583981955665
  0.38401505066029346  0.39322697209673513  0.40231584550260446  0.41109024592340943
  0.42000436083077985  0.42904468260022099  0.43799337309209663  0.44684061331707003
  0.45527683885245673  0.46336156331161255  0.47097258011659970  0.47841302146499032
  0.48562646407839560  0.49264368871194480  0.49981085159810129  0.50683951732319632
  0.51379219313215319  0.52061649641847441  0.52758554891824838  0.53468454186635928
  0.54174447562702377  0.54876554446964010  0.55568524523841378  0.56225929889459914
  0.56839389471150237  0.57430423484712745  0.58013513402617634  0.58581867996764436
  0.59135451699261266  0.59682878626289759  0.60214901730999071  0.60722240394490901
  0.61218231175297388  0.61722774546784520  0.62250630083433911  0.62784555593154878
  0.63310868915313923  0.63828056695638202  0.64324317481051330  0.64816992967823073
  0.65325391577112657  0.65818396651511357  0.66341283678616747  0.66855844194268121
  0.67364358396047352  0.67886412093964565  0.68406260969922250  0.68919572517720962
  0.69425928003399795  0.69924890668285244  0.70420708577960722  0.70920602602540372
  0.71416953573755726  0.71907684592107068  0.72409272929312141  0.72906687289246530
  0.73416386706234049  0.73922548539290045  0.74427371342705262  0.74936082798610215
  0.75450830356101883  0.75952886783902540  0.76452124442233971  0.76965037054291763
  0.77500148578110684  0.78052397219247771  0.78607330180196178  0.79228595909611954
  0.79920205800015487  0.80664231562500299  0.81455986077262310  0.82304781246849912
  0.83298765283239673  0.84463725382920207  0.85806289790320422  0.87263814580930643
  0.88544197884344256  0.90013408816413187  0.92460089065739715  1.00000000000000000
   2.0973227975439253E-012  -1.0000000000000000     
 F F F F F F F F F F F F F F F F F F F F F F F F F F F F F F F F F F F F F F F F F F F F F F F F F F F F F F F F F F F F F F F F F F F F F F F F F F F F F F F F F F F F F F F F F F F F F F F F F F F F F F F F F F F F F F F F F F F F F F F F F F F F F F F F
  <DiscreteSampler_grid>
  grouped_processes
  1 # 1 for a reference and 2 for a running grid.
  10 # Attribute 'min_bin_probing_points' of the grid.
  1 # Attribute 'grid_mode' of the grid. 1=='default',2=='initialization'
  0.0000000000000000 # Attribute 'small_contrib_threshold' of the grid.
  0.5000000000000000 # Attribute 'damping_power' of the grid.
 # binID   n_entries weight   weight_sqr   abs_weight
    13   10   3.761392364634888E-003   3.905554604639401E-005   3.761392364634888E-003
    14   10   3.761392364634887E-003   3.905554604639401E-005   3.761392364634887E-003
    16   10   4.739406526006369E-003   6.169327194302113E-005   4.739406526006369E-003
    17   10   4.739406526006368E-003   6.169327194302113E-005   4.739406526006368E-003
  </DiscreteSampler_grid>
