  0.00007130199149840  0.00007292604413423  0.00007520371543978  0.00007768530049843
  0.00008021952935058  0.00008264916876178  0.00008552005787323  0.00008868935946132
  0.00009114209518938  0.00009221505264974  0.00009247563206629  0.00009252172338175
  0.00009254308393365  0.00009255653504604  0.00009256415558647  0.00009256907287613
  0.00009257289895319  0.00009257573169864  0.00009257789831877  0.00009257970586205
  0.00009258104087495  0.00009258228263694  0.00009258326918236  0.00009258403897613
  0.00009258474904746  0.00009258540815634  0.00009258602568174  0.00009258652547662
  0.00009258700396765  0.00009258744621271  0.00009258788755338  0.00009258830516974
  0.00009258872145928  0.00009258913891159  0.00009258955666129  0.00009258999032962
  0.00009259043306399  0.00009259089836324  0.00009259137893284  0.00009259193312251
  0.00009259251707662  0.00009259324738888  0.00009259400623699  0.00009259480734369
  0.00009259595679580  0.00009259723421890  0.00009259875895486  0.00009260068284546
  0.00009260316961124  0.00009260645962493  0.00009261036136447  0.00009261574026706
  0.00009262666276107  0.00009264399005509  0.00009267118298900  0.00009274436006023
  0.00009318135768384  0.00009538798433839  0.00009974025191211  0.00010496981508377
  0.00011145687338221  0.00012110563161663  0.00013380397830134  0.00014986911252078
  0.00017071491681014  0.00019717927173698  0.00023267947623366  0.00027783361000643
  0.00033328659528738  0.00040064074378226  0.00047062881487457  0.00053941748450986
  0.00061114962612824  0.00069147408782775  0.00078743591341079  0.00088942109551647
  0.00099548094859414  0.00112260555266907  0.00127759134236392  0.00146169930106789
  0.00165012213675901  0.00183321772367729  0.00203133478496744  0.00222429934019532
  0.00248052475064382  0.00283079835939109  0.00331442827190561  0.00385408931964961
  0.00438304558439823  0.00484277946201466  0.00535038773139955  0.00619177341619799
  0.00799220813380025  0.02126015164201852  0.06984572699588097  1.00000000000000000
 -0.00667593084436795  0.02851789068724928  0.03600880222282781  0.04492472650059087
  0.05435806196658665  0.06330195508563630  0.07206085115697308  0.07819852200010355
  0.08663124925985355  0.09758390441089242  0.10842084543162031  0.11982153708634558
  0.13074081409908406  0.14186772457556907  0.15532602277656601  0.16815143058580415
  0.18008576458221248  0.19231217941274859  0.20487092745200586  0.21681024086737335
  0.22847362482387434  0.24066409859616597  0.25273165682456589  0.26388305782651506
  0.27464013086600314  0.28521458007912104  0.29626588292281364  0.30701780067675538
  0.31673749493076592  0.32521666952046113  0.33333397998007086  0.34261418936539967
  0.35024467695687433  0.35995240498418768  0.37198159393041658  0.38418856475627083
  0.39631967734025014  0.40820505216009706  0.41944759814514904  0.42987151030097792
  0.43969196259817273  0.44963301965421104  0.45994597941699528  0.47040225971846028
  0.48147600455722322  0.49091432797205048  0.50152026505341307  0.51159486439844359
  0.52175744457674889  0.53236123674893154  0.54380458940493803  0.55527894759262608
  0.56667035695358980  0.57767825543010365  0.58885107387318958  0.60029598273645868
  0.61078766274301466  0.62056051727064299  0.63013127706539429  0.63971358361876152
  0.64964510235354012  0.66018162395689217  0.67126366715887131  0.68296927623629200
  0.69402885845301032  0.70465858436840678  0.71384296827146998  0.72319737819637497
  0.73330586802401354  0.74282218256863985  0.75106897728419086  0.75977014814799571
  0.77080005814239771  0.78132082661506663  0.79277207974040931  0.80361377664297373
  0.81422643622969937  0.82395155763252959  0.83319188013178291  0.84188212849026400
  0.85092720440221081  0.86095456708636775  0.87066229073815060  0.88003501188697542
  0.88967554162297613  0.90027724536699594  0.91158720753118727  0.92258682135644909
  0.93349346353557028  0.94520191726266478  0.95697781934244674  0.96842733229003186
  0.97697880702492867  0.98561138540494919  0.99249819523034344  1.00000000000000000
  0.00000054118788237  0.00000220625262624  0.00000327756239735  0.00000522610170326
  0.00000724083720394  0.00000989651919462  0.00001345461253716  0.00001719237502500
  0.00002064543256948  0.00002392555764879  0.00002705828633679  0.00002979718136078
  0.00003262119740314  0.00003519448305248  0.00003765041526137  0.00004075450757719
  0.00004381004404420  0.00004680157997918  0.00004966228502899  0.00005250523595809
  0.00005545880755284  0.00005856675617494  0.00006156256114097  0.00006455477639344
  0.00006755882743771  0.00007057998884205  0.00007415571676105  0.00007840855210985
  0.00008323606474220  0.00008795682550602  0.00009247966206125  0.00009735244159413
  0.00010307973468669  0.00010938724584847  0.00011550219998198  0.00012084736038594
  0.00012563750856800  0.00013036478999851  0.00013499149391398  0.00014043946993717
  0.00014665836121773  0.00015264839253160  0.00015839897211898  0.00016379152097016
  0.00016961504547203  0.00017660981277097  0.00018457097091451  0.00019379245554587
  0.00020388705208020  0.00021473401353600  0.00022633242598572  0.00023741413818996
  0.00025038741404721  0.00026385710613723  0.00027913649279041  0.00029694350476905
  0.00031751183225929  0.00034056356765526  0.00036661455771155  0.00039602469606828
  0.00042913302897216  0.00046206919712919  0.00049398771610182  0.00052454509985493
  0.00055259649836971  0.00057769784491408  0.00060317811639603  0.00062846886261629
  0.00065498248934652  0.00069092152615930  0.00073326703114431  0.00077955271177216
  0.00082691044635896  0.00088502055153622  0.00095010943108835  0.00102029677362626
  0.00109592412938624  0.00118716116691204  0.00125171237844842  0.00130249266060329
  0.00135515666861743  0.00141198644934895  0.00147337982690344  0.00153734393206252
  0.00159588706229102  0.00165460512425565  0.00171630292289346  0.00184739807635277
  0.00203124744641567  0.00226731597932020  0.00248288986454141  0.00469078692518827
  0.01222176685083840  0.01916265246501925  0.02554680921323874  1.00000000000000000
 -0.00179916434614841  0.00715855601071742  0.01733492132143641  0.02689921246896758
  0.03658763133803489  0.04486931185105242  0.05382778956932721  0.06283396674520197
  0.07209600192736175  0.08303277218866477  0.09366071299863492  0.10408064861522140
  0.11462736296296351  0.12514878464803411  0.13573078871348374  0.14579540196753932
  0.15522297253314221  0.16444206738579067  0.17350398789782412  0.18221520175538536
  0.18958647705465662  0.19638388544331470  0.20453131428968141  0.21318623858540892
  0.22184835516254106  0.22985001265551813  0.23721888949584979  0.24465414602563193
  0.25292164994215838  0.26301194925737514  0.27379082862673404  0.28423510797369916
  0.29480501532329267  0.30587405442900978  0.31686736578901403  0.32704645093778328
  0.33641953443921485  0.34529411714476760  0.35410258004280859  0.36374269498781464
  0.37425666551904357  0.38514962400358621  0.39610522685662597  0.40669715296061892
  0.41656128949099769  0.42593191677228126  0.43554275689391747  0.44465989167298214
  0.45277997188097097  0.46059583529598719  0.46723696059206238  0.47478083492592443
  0.48282486516258794  0.49082314270992838  0.50060301322687017  0.51302569625401828
  0.52648320356961253  0.53961897090744959  0.55204798686048584  0.56411915391799916
  0.57570336268453637  0.58671372357784446  0.59866700312681287  0.61086792312182014
  0.62176241435583746  0.63245514106676615  0.64362975096104591  0.65489519640407368
  0.66554660154846956  0.67563870796150727  0.68613422741271202  0.69734939980933763
  0.70892698952726307  0.72043575380324176  0.73110102698825519  0.74054806375599336
  0.75048436462186952  0.76093821174986542  0.77053760228313128  0.78105691344007999
  0.79308898934638505  0.80670613197580499  0.81910477103563761  0.83058413756397398
  0.84337715596283769  0.85719411559954939  0.87049386240535609  0.88387541828492322
  0.89759820816494840  0.91109589338076225  0.92455688019089655  0.93871379011914879
  0.95368468587322730  0.96901306058033809  0.98441253127238870  1.00000000000000000
 -0.00206212196637465  0.00805294396542502  0.01920177576594387  0.03041503573588769
  0.04130157314782150  0.05229631986474393  0.06313218032911473  0.07527341009372211
  0.08559975263538443  0.09547827940971550  0.10545030919833465  0.11655290641791435
  0.12841328621454862  0.14138016114784874  0.15395463648010940  0.16548106620161154
  0.17572152811705363  0.18568492198773798  0.19568188538073936  0.20518343215351795
  0.21567089137381124  0.22773415563963073  0.24051227977200013  0.25318300538981836
  0.26522976848044921  0.27654229385095841  0.28741682190728879  0.29812694456854871
  0.30915293051887782  0.32069605468899359  0.33220410748762258  0.34470316629328063
  0.35697732725536502  0.36894265944367849  0.38074724870829596  0.39248003281446797
  0.40406501371299330  0.41515399777145745  0.42562531686267541  0.43642756644096742
  0.44563728641173261  0.45505289811590460  0.46550098333571938  0.47570811107657085
  0.48661399701421260  0.49905413267430188  0.51262971037008354  0.52481504852225469
  0.53705530772757604  0.54857760041035175  0.55887358817525923  0.56714758848703251
  0.57408027844440457  0.58212100995318683  0.58998122166279299  0.59732908935436946
  0.60587021819324660  0.61433291607771046  0.62307744878695781  0.63374498279829539
  0.64468750021633292  0.65505494820946697  0.66475998326027308  0.67400820854563193
  0.68349301676541230  0.69298483798694721  0.70279616229247521  0.71348745245582612
  0.72411076595818158  0.73461938581587494  0.74587060463038091  0.75756996187580061
  0.76871980903533865  0.77790951828917920  0.78589315921736380  0.79409059719091268
  0.80302686986854610  0.81116137687121648  0.81849158462464477  0.82882932599754133
  0.84107381325274855  0.85242609371102074  0.86270367723049191  0.87142700815106744
  0.88076952311590728  0.89110221190102301  0.90037888115780629  0.90941039783912014
  0.91906972147776422  0.93001416628337974  0.94108859343788986  0.95176430639364373
  0.96307842411266076  0.97524974465897929  0.98775512756596218  1.00000000000000000
 -0.00312435630376872  0.00895411810432734  0.02059467151140932  0.03169591543479898
  0.04228713824826586  0.05254947534277483  0.06309268787456071  0.07444613841631476
  0.08620418240836313  0.09810002011109763  0.10955329727749696  0.12044770734753217
  0.13083537400461259  0.14028327423666129  0.15074926751343282  0.16190579349302320
  0.17365992504904437  0.18580147647857931  0.19848265632305412  0.21110570045246962
  0.22252578253136474  0.23247901601899371  0.24270547983598975  0.25301782788062427
  0.26260935029095112  0.27382938976518806  0.28749632091429778  0.30172308647031981
  0.31558426166527487  0.32960599101908905  0.34521278897284347  0.36133684034594055
  0.37583851933313533  0.39003496647747560  0.40408332100939653  0.41746439352824721
  0.43052647972844632  0.44231389596718312  0.45435836160017645  0.46776758415427144
  0.47980199688411557  0.49099814687673310  0.50272951111455932  0.51551225399306089
  0.52899208948117227  0.54249632020560823  0.55584565200499481  0.56900494702784410
  0.58115131293794342  0.59273647523085649  0.60430025051645497  0.61488241223660423
  0.62333694541428730  0.62882719531585729  0.63714652280611872  0.64593880817301008
  0.65444371533145040  0.66295157406160898  0.67163262686732095  0.67915376621245616
  0.68821747747292639  0.70083682129597302  0.71412662560627138  0.72618347231222879
  0.73740984664674092  0.74840128995853361  0.75928988077973536  0.77020101979212929
  0.78087730289848722  0.79153800849651768  0.80207974642537239  0.81235636118123644
  0.82246364156430496  0.83176084513479254  0.84043885265624951  0.84907996940757868
  0.85767181109607937  0.86618308660368015  0.87426785552467146  0.88195879896872365
  0.88917504992055507  0.89627364926481579  0.90341977884010261  0.91032651159645961
  0.91644692340092226  0.92253151930877286  0.92962819889480897  0.93706441334468504
  0.94457855707981841  0.95250495998908147  0.96083348129038404  0.96881453369370929
  0.97636627456346403  0.98386741149346535  0.99172957951648877  1.00000000000000000
 -0.00424485040233575  0.01397466624396149  0.02503422831999499  0.03520133322419843
  0.04473435404188444  0.05393998370878829  0.06250242606026016  0.07371980999731242
  0.08555509282946155  0.09637853574045073  0.10596577448024511  0.11551888965195309
  0.12494988509186535  0.13460136942677628  0.14433069226246223  0.15347050014394076
  0.16110031472368047  0.16778928968943815  0.17501446458888772  0.18371949416543565
  0.19489486344150408  0.20800051979742978  0.22057842658498453  0.23203621780837491
  0.24316543399945925  0.25427348363831703  0.26604443733653654  0.27820751791082582
  0.29025360457208899  0.30191905785923284  0.31311805712691815  0.32293818837452376
  0.33294648719011161  0.34372360097800619  0.35415395310197167  0.36491290323544046
  0.37584041937487317  0.38613464586503593  0.39583153033412005  0.40637239077401155
  0.41709156745888759  0.42748803937625707  0.43798716049078440  0.44874743542426265
  0.45964329776418889  0.47041802918277675  0.48115660281793204  0.49191300502754126
  0.50243278736452468  0.51226018502112403  0.52093300666743148  0.52922250016622585
  0.53778754010251395  0.54452513709506045  0.55105115023776574  0.55975741729584039
  0.56829845683320612  0.57703865093011131  0.58543395377815033  0.59714052242437732
  0.60893091102306518  0.62058085395849605  0.63236097313721995  0.64464258680627173
  0.65759304642962446  0.67015598965075096  0.68067670023110705  0.68963290846197212
  0.69871222881203565  0.70784138278271047  0.71542923583961959  0.72483562424149939
  0.73599676830371696  0.74652079249821612  0.75821121364692134  0.76876917055905614
  0.78234819026837932  0.79418138609863231  0.80596613061159550  0.81764318104580580
  0.82902262117815850  0.84049238121306502  0.85198148408629060  0.86370997076960043
  0.87591113971174972  0.88824637092449021  0.90037993817589790  0.91216909790053002
  0.92437492485335881  0.93669488283460534  0.94749950352272727  0.95834995814396984
  0.96831675698060815  0.97829738625390217  0.98905118442879569  1.00000000000000000
 -0.00273645644384513  0.00992737345505811  0.02118737286284346  0.03202928854829774
  0.04294248708619480  0.05438566675688036  0.06462539235212940  0.07376818137585300
  0.08214455720809601  0.09073529973315092  0.09940890494602062  0.10625459433998345
  0.11397936993664132  0.12242820670597729  0.13201056452591053  0.14314533275168118
  0.15449956304489854  0.16608342115299993  0.17839109102076744  0.19143259626125447
  0.20472024336426570  0.21734395608945384  0.22837372950346477  0.23864268079107975
  0.24908872836809190  0.25960449914898909  0.27030717145226868  0.28147899518303510
  0.29285759986975662  0.30426379688305011  0.31584601775704257  0.32785343503232439
  0.34047567212494279  0.35193175972377294  0.36028907528896115  0.36695516102494546
  0.37342558032867407  0.38057791001979480  0.38864320240850408  0.39716115377621652
  0.40574400943133448  0.41527212636264005  0.42571953590653694  0.43646854614423436
  0.44725820380162556  0.45842979973512404  0.47048205098130175  0.48248806170134984
  0.49446888742577944  0.50671034522088043  0.51907459198559691  0.53127538806986863
  0.54329182120555597  0.55538148594234560  0.56771387797982364  0.58034425114569377
  0.59352357318023485  0.60575090689446065  0.61689087023022049  0.62650759913633802
  0.63527505799417949  0.64396336726599368  0.65190558523907238  0.65961994335372753
  0.66849354149429852  0.67962407980913542  0.69223261726361707  0.70527712674727827
  0.71793406591119191  0.73015810210625709  0.74107209130666529  0.75340380597126388
  0.76561061799591712  0.77655883122685176  0.78655365625916218  0.79628830127175843
  0.80593120162639809  0.81488487290792555  0.82435646520760397  0.83390188957922917
  0.84287898574407949  0.85183707765457128  0.86121419035884883  0.87075774799128292
  0.88044561566292479  0.89087767326577250  0.90120976382042606  0.91172895386170771
  0.92262553418675841  0.93211558954982421  0.94192289939259533  0.95274231490375361
  0.96365542150638550  0.97537587075351040  0.98800466109911267  1.00000000000000000
  0.01781988592106664  0.22695934917541544  0.43458961465007628  0.58144896039974447
  0.62691623904758076  0.64376248339667241  0.65263483822391177  0.65926418298478795
  0.66464538450886834  0.66891829569978201  0.67276814450489697  0.67639244092648776
  0.68010281410580742  0.68370189487030575  0.68733198021347675  0.69080517254628859
  0.69397265779117212  0.69712456373683984  0.70036698797136798  0.70368780116698071
  0.70708422446911667  0.71042388107468313  0.71358868773984774  0.71655588297330230
  0.71945357937214860  0.72272933928964522  0.72598253648478139  0.72928977491505365
  0.73265249881289074  0.73619123961508182  0.73974994029916952  0.74310433356571159
  0.74607942436404673  0.74884903429763394  0.75156763287697781  0.75420728681025717
  0.75681331905856142  0.75962290123715648  0.76237818449029793  0.76525171809331782
  0.76872197978890511  0.77218356058311821  0.77554353974682910  0.77882523561930683
  0.78207887631217676  0.78546276945441540  0.78862001671247683  0.79150687791384711
  0.79416090755547697  0.79674637861076847  0.79931468914621617  0.80194165091063063
  0.80473136474248408  0.80746541999155597  0.81014694049537583  0.81296521386639575
  0.81553593569789318  0.81758192072675362  0.81979316870545238  0.82228327513058308
  0.82490464081375725  0.82649128122160531  0.82790373968515851  0.82995128302102272
  0.83212251355339439  0.83484709663190959  0.83756521153646712  0.84032026335248478
  0.84347883040330551  0.84687132250349362  0.85002079195509761  0.85281320083311252
  0.85516134925361387  0.85869594963057627  0.86236458157448526  0.86605494545573536
  0.87011371583750907  0.87447508907895544  0.87894143574684958  0.88347802249832463
  0.88798906136074396  0.89251003523763706  0.89724911622502967  0.90234133837803499
  0.90791083054233690  0.91404701885457162  0.92026007174792479  0.92671810375980868
  0.93330528161730641  0.93986911509653825  0.94685382922277050  0.95423254995072526
  0.96183582970030490  0.97071783197922712  0.98312328119179726  1.00000000000000000
 -0.03555830243493709  0.17155871676399226  0.24039810716569041  0.27107298188202594
  0.29281262743482106  0.30724143707578327  0.32014333222121039  0.33345908206256858
  0.34744775759928970  0.36161158700358742  0.37493857726802310  0.38736362098515803
  0.39902324294599922  0.40984688623753968  0.41984727249548764  0.42955290143488972
  0.43933617953842102  0.44920515469270128  0.45917607745034156  0.46882077469093314
  0.47686703847549278  0.48245419878344403  0.48743303970591162  0.49351771405339823
  0.50079847794319687  0.50753450317229543  0.51234025049952303  0.51784074267849178
  0.52490819706440828  0.53308325543078205  0.54014981864976375  0.54720073398677493
  0.55401521859410041  0.56078085420789081  0.56782058270173474  0.57495926656502527
  0.58204819936305652  0.58911512831510393  0.59622662570993978  0.60327859466974409
  0.60978067683941151  0.61566677401880932  0.62134744621731808  0.62678937465131324
  0.63223897400895535  0.63746665358570076  0.64253923964812210  0.64783629235776086
  0.65349453824278869  0.65952071213024765  0.66561369618245469  0.67091673288241238
  0.67532417792157562  0.67990159753500834  0.68480014809675216  0.68946147599502150
  0.69387184278038594  0.69796617444282383  0.70185141860642641  0.70582306650271676
  0.70974385780419869  0.71397008168758802  0.71859924965813760  0.72336229655260331
  0.72830272959709497  0.73332685674689158  0.73800104078525242  0.74251984866093901
  0.74733444751829659  0.75231605148447878  0.75716067977969692  0.76182247836188566
  0.76645561557122244  0.77094766882838694  0.77460420332732904  0.77821064869266621
  0.78215389079870767  0.78595138314953994  0.78994208756609918  0.79474499504788665
  0.79960611762570277  0.80405568967311025  0.80827421163234192  0.81235695815096609
  0.81659939413082661  0.82144332918747076  0.82672952941206246  0.83206238536666222
  0.83834565014402929  0.84549192468069856  0.85297354432722927  0.86142253336289554
  0.87286549254576107  0.88875624380814700  0.91658149386050736  1.00000000000000000
   3.3689227659907564E-010  -1.0000000000000000     
 F F F F F F F F F F F F F F F F F F F F F F F F F F F F F F F F F F F F F F F F F F F F F F F F F F F F F F F F F F F F F F F F F F F F F F F F F F F F F F F F F F F F F F F F F F F F F F F F F F F F F F F F F F F F F F F F F F F F F F F F F F F F F F F F
  <DiscreteSampler_grid>
  grouped_processes
  1 # 1 for a reference and 2 for a running grid.
  10 # Attribute 'min_bin_probing_points' of the grid.
  1 # Attribute 'grid_mode' of the grid. 1=='default',2=='initialization'
  0.0000000000000000 # Attribute 'small_contrib_threshold' of the grid.
  0.5000000000000000 # Attribute 'damping_power' of the grid.
 # binID   n_entries weight   weight_sqr   abs_weight
    13   10   2.573750961305512E-001   5.769987251081982E-001   2.573750961305512E-001
    14   10   2.573750961305513E-001   5.769987251081983E-001   2.573750961305513E-001
    16   10   5.814071116118349E-001   3.009767796042831E+000   5.814071116118349E-001
    17   10   5.814071116118350E-001   3.009767796042832E+000   5.814071116118350E-001
  </DiscreteSampler_grid>
