  0.00000010104992967  0.00000019646305411  0.00000032707798446  0.00000129388719124
  0.00000786313526259  0.00001828258095922  0.00002659840504917  0.00003209229305217
  0.00003554685944191  0.00003847475678564  0.00004066888851478  0.00004187992841375
  0.00004290103111827  0.00004380078010490  0.00004459922717587  0.00004519920382548
  0.00004562410689474  0.00004597060785481  0.00004628004342355  0.00004656074439807
  0.00004681420696696  0.00004703908719201  0.00004723403374138  0.00004740044851271
  0.00004755413424804  0.00004769049759288  0.00004781517553673  0.00004792665820103
  0.00004802758435843  0.00004812597953568  0.00004822425014343  0.00004831855282603
  0.00004840557867822  0.00004848618024173  0.00004856419525975  0.00004864046749912
  0.00004871312612101  0.00004878511972380  0.00004884724195793  0.00004889958891960
  0.00004894902472548  0.00004899846674289  0.00004904893342702  0.00004910213132243
  0.00004915773717087  0.00004921458383949  0.00004927166020442  0.00004932881736544
  0.00004938546707906  0.00004943799538954  0.00004949205081354  0.00004954112932766
  0.00004959130016026  0.00004964479066778  0.00004969372367334  0.00004974604642803
  0.00004980213996797  0.00004985406142865  0.00004990222992880  0.00004994876001369
  0.00004999368025058  0.00005003151300144  0.00005008144733781  0.00005013672409121
  0.00005019891047499  0.00005027732346645  0.00005037275222855  0.00005047801293246
  0.00005058497667184  0.00005069766188046  0.00005082487727605  0.00005096250965020
  0.00005111480436793  0.00005128921555878  0.00005148489693573  0.00005169837975816
  0.00005194915323434  0.00005224768956211  0.00005265117939321  0.00005315590757423
  0.00005373354575398  0.00005437150460889  0.00005507648330536  0.00005600943847115
  0.00005749727730978  0.00005982752047542  0.00006336072881167  0.00006784902210877
  0.00007428465732494  0.00008606822169609  0.00011778580538538  0.00036996024465131
  0.00114910679450842  0.03080696524067567  0.21275806895270696  1.00000000000000000
  0.00007101933492552  0.00007422597473386  0.00007781965672836  0.00008153235080555
  0.00008555742494385  0.00008958444412396  0.00009179092900636  0.00009233796564323
  0.00009248397028334  0.00009252583232304  0.00009254066695392  0.00009255269076004
  0.00009256151960839  0.00009256784974442  0.00009257229763955  0.00009257562882073
  0.00009257831432342  0.00009257998988049  0.00009258145698569  0.00009258278478599
  0.00009258392912125  0.00009258494625222  0.00009258582538098  0.00009258670011151
  0.00009258742835999  0.00009258815660847  0.00009258888484225  0.00009258961298814
  0.00009259034113402  0.00009259109880985  0.00009259194182142  0.00009259278483299
  0.00009259384840938  0.00009259498007558  0.00009259645860528  0.00009259808850852
  0.00009259991270372  0.00009260193872438  0.00009260534510699  0.00009260988560176
  0.00009261646722599  0.00009262489399110  0.00009264186676183  0.00009267308368634
  0.00009275708021637  0.00009298430551608  0.00009407869097108  0.00009742590581836
  0.00010361137624973  0.00011082728504483  0.00011996046734411  0.00013130054702567
  0.00014536912957392  0.00016217717215751  0.00018142467736868  0.00020198232019628
  0.00022408074915827  0.00025026740608364  0.00028128573695954  0.00031632952958826
  0.00035473333017834  0.00039580812280722  0.00043712707834039  0.00048082876288557
  0.00052360977433130  0.00057229054883276  0.00062511647171176  0.00068027651455137
  0.00073557805590091  0.00079273179787457  0.00085545707393110  0.00092886779105136
  0.00100470920357523  0.00109096971691715  0.00118615434647119  0.00129474254099527
  0.00141280690089021  0.00153336378736744  0.00166555940890793  0.00182266650140197
  0.00198618535570028  0.00215567708765053  0.00233219041207412  0.00252922930090229
  0.00275843036518674  0.00299536522714809  0.00322975237999399  0.00347475448617711
  0.00376773581893923  0.00404776216155389  0.00442634645323032  0.00476832972839946
  0.00503799783992400  0.00553144868543590  0.34378030785076852  1.00000000000000000
 -0.00000007777805117  0.00000317623445774  0.00000534739744409  0.00000805978753134
  0.00001115442877163  0.00001436769557155  0.00001725147708513  0.00001974955051917
  0.00002228232937061  0.00002532566793409  0.00002820462855186  0.00003066072330602
  0.00003307520788625  0.00003562412500926  0.00003819948913125  0.00004074943220365
  0.00004324512080739  0.00004572224961815  0.00004833083349761  0.00005093754106655
  0.00005348129688530  0.00005620734290208  0.00005878327767392  0.00006141489971037
  0.00006433175555106  0.00006712523655373  0.00007035049983328  0.00007358315549601
  0.00007631732799683  0.00007805674935254  0.00007994173715992  0.00008176255537280
  0.00008372333398696  0.00008569833910164  0.00008745382336268  0.00009074299429665
  0.00009590898282781  0.00010125851582264  0.00010666676937990  0.00011282993399969
  0.00011864023959064  0.00012522641173326  0.00013079845640517  0.00013628303347771
  0.00014176619887481  0.00014770395094269  0.00015458335309538  0.00016210553672512
  0.00017147234174138  0.00018149233238598  0.00019260370801595  0.00020655141812409
  0.00022186109076755  0.00023565848267895  0.00024623359590614  0.00025693303168392
  0.00026764668952945  0.00027940855578659  0.00029355763917728  0.00030956354591642
  0.00032643823368310  0.00034468827586931  0.00036597085954720  0.00039085426245919
  0.00041095346686793  0.00042548882697288  0.00044081664328654  0.00045897420901981
  0.00048259102484539  0.00051524302861738  0.00055751044233562  0.00061035195145379
  0.00066749310944443  0.00072719598163461  0.00078944396062297  0.00085433171189474
  0.00092132322625154  0.00098638414560282  0.00103832910652911  0.00108089257232107
  0.00113099601382754  0.00118879348107735  0.00125312872982806  0.00134193405797086
  0.00141590961512182  0.00148495428811764  0.00155681934355340  0.00163320436600294
  0.00171743981573789  0.00181606840891143  0.00193683218364320  0.00206028437635205
  0.00216262893235781  0.22725954338329790  0.49265424347130088  1.00000000000000000
 -0.00071008281739428  0.00367047457874395  0.00995644950306017  0.01651984690486847
  0.02439190820476204  0.03228503901701044  0.03831206656771480  0.04388080322626098
  0.04935564323435826  0.05600254942011204  0.06345699269504883  0.07157072677458810
  0.08218279206856854  0.09454978465197149  0.10669407549899525  0.11881506170194733
  0.13222690684816665  0.14636046458151192  0.15937745969047848  0.17203193872496164
  0.18351095928380021  0.19511187435845243  0.20779267815419672  0.22119812920470566
  0.23415927533053130  0.24583768191357200  0.25721630793771788  0.26925121993455758
  0.28302044694777140  0.29675027209885024  0.30868860289714090  0.32029414034734566
  0.33154582154928458  0.34245766825253482  0.35392960535054530  0.36595060432846999
  0.37666980965704761  0.38819723997838657  0.40080596598463591  0.41564619227281863
  0.43131016782272846  0.44536125385449510  0.45876511260715663  0.47270033334909595
  0.48688509329250995  0.50036018651356873  0.51326823552498135  0.52641744052852535
  0.53847987710947542  0.54965805660130773  0.56144222312720427  0.57489156512784578
  0.58938617679553940  0.60327656355324177  0.61585084205559215  0.62708515212806315
  0.63818127292580551  0.65021037838350038  0.66369774796848213  0.67768518531049726
  0.69050298809811150  0.70251058588448068  0.71498241624537429  0.72948160050869415
  0.74388870391533923  0.75673497945697477  0.76777061793027057  0.77765874219097109
  0.78748078140919742  0.79739092796738664  0.80742916764822692  0.81757650953426642
  0.82749747110840244  0.83731010497295266  0.84637064906418336  0.85388048824498963
  0.86031307650130007  0.86579060289011223  0.87095384991086278  0.87718577949431231
  0.88444535650145706  0.89236191426930789  0.89913700959916998  0.90631692506213735
  0.91313555165939908  0.92128077275639042  0.92956548689686147  0.93679326969360222
  0.94451539526209416  0.95288557452831735  0.96107105324224329  0.96856438528158784
  0.97594804664610291  0.98390879009826515  0.99202756081255705  1.00000000000000000
 -0.00239596812081723  0.00867958192773213  0.01970803901545477  0.03110434388049932
  0.04245571697637877  0.05509554672101918  0.06549248979412393  0.07156896253509787
  0.07633586693859176  0.08197241014704540  0.08914759282876926  0.09536183160770464
  0.10008796316033290  0.10660203189825940  0.11382296324202830  0.12061206382679790
  0.13018798963373929  0.14318563397524334  0.15558016362508839  0.16689928608361956
  0.17797394324495874  0.18899331740721240  0.19999987374795153  0.21088339556608282
  0.22233750987103612  0.23433825558773311  0.24642843887417318  0.25890077031520020
  0.27116999889320420  0.28225142025180838  0.29304650340735333  0.30324675856164773
  0.31213374840597180  0.32009559268837195  0.32781106999135151  0.33535637720060030
  0.34345944765516084  0.35399045885082558  0.36444974614916853  0.37604412262157427
  0.38700853719872991  0.39905950441543875  0.41106975952458075  0.41840910787214541
  0.42770310093315034  0.43842732513649590  0.44891168932170106  0.45673206844671155
  0.46567278537434686  0.47842229483550169  0.49242397450281000  0.50757671831746565
  0.52181146050989335  0.53505668899719350  0.54812973085953587  0.56164039892100259
  0.57523089818228468  0.58790522086683850  0.59934918655626268  0.61093210858151592
  0.62264613281920544  0.63282996465295382  0.64102665570560713  0.64945149689427373
  0.65846606144342978  0.66851798225262415  0.67834924674872654  0.68822285787159188
  0.69925059329443839  0.71114821400620398  0.72290455243902219  0.73477055418937887
  0.74654210979691216  0.75820334157949165  0.76959062607781459  0.78060173131748545
  0.79113793128254706  0.80088993418606158  0.81142900045923227  0.82370271024180353
  0.83595599078347316  0.84702798771823529  0.85735010884603258  0.86662146612675817
  0.87488100654480483  0.88426049137087759  0.89598294971315440  0.90920534519074447
  0.92147542530392335  0.93176591553471999  0.94133839976434741  0.95146154731763932
  0.96256209357480726  0.97439317087370614  0.98678729133316034  1.00000000000000000
 -0.00147096305947837  0.00655466616081911  0.01550769032325389  0.02483794117635005
  0.03529238409490683  0.04647338779236208  0.05628232586486345  0.06696591782464863
  0.07501159233623872  0.08296014086813801  0.08981475095446534  0.09720186471476526
  0.10514940910022479  0.11409605292609425  0.12271513872091595  0.13070851956831836
  0.13909316232077501  0.14884786939619044  0.15999046881559412  0.17173627266816291
  0.18330116949385639  0.19442332996974121  0.20486388452411192  0.21516105217044362
  0.22645824568207509  0.23842595113035070  0.24947531238539322  0.26029708447787908
  0.27142111645660999  0.28077831091739697  0.28964812135281931  0.29910162755156400
  0.30676733176160975  0.31450412717872239  0.32157687522681760  0.32962634156164627
  0.33956103427975604  0.35066148128882602  0.36185441450415007  0.37215406401816575
  0.38145611427344595  0.39063603842321132  0.40078996645780512  0.41228601496087841
  0.42418347790944827  0.43452050055565433  0.44422177303336885  0.45548361947128307
  0.46882786724565334  0.48137672084313354  0.49318165455740903  0.50397830467280202
  0.51289773864699961  0.52337728944636897  0.53454528471235230  0.54598395238562003
  0.55851133535225694  0.56961709663973137  0.57866508161431107  0.58671293681230996
  0.59445051896893986  0.60146514150096231  0.60890352843934614  0.61690822120220312
  0.62592395993777195  0.63598050434458875  0.64704764006393911  0.65891116438454778
  0.67082738280398246  0.68218431248378453  0.69327790295220559  0.70387426018581356
  0.71488728645004374  0.72865856547086028  0.74442199706500989  0.75784734908028639
  0.76620599812013956  0.77195085175825318  0.77921777865872632  0.78830242923562011
  0.79569513441242512  0.80162055191472104  0.80954964046763678  0.81919793571286970
  0.83346792731473773  0.84876459043655528  0.86158224197449984  0.87269462566879630
  0.88431364057439599  0.89746262753971884  0.91296254617218742  0.92674175095339995
  0.94264947366056140  0.96070749682297685  0.97988165050452936  1.00000000000000000
 -0.00245563963334904  0.00881029984871654  0.02010352049203995  0.03107829265525358
  0.04234671163162608  0.05381187097524899  0.06532158263586876  0.07695303474575971
  0.08853137278914325  0.10012083257589527  0.11193676352152518  0.12371861866096845
  0.13417985623014464  0.14340784013222282  0.15255364706534771  0.16123876182826141
  0.16879014980965551  0.17599711643109872  0.18419003660631775  0.19303635800608390
  0.20337320406998555  0.21423199773913248  0.22468230188632873  0.23429559452669663
  0.24498312700697769  0.25612227572107904  0.26801142655884752  0.28097097396417525
  0.29356857948533943  0.30595091325519747  0.31790814174993454  0.32828174252735726
  0.33950257532666817  0.35183591708765855  0.36515088327084733  0.37897468394007267
  0.39279849280375767  0.40675849004141268  0.42136433913202026  0.43155593762059707
  0.44181388029350838  0.45205009010774383  0.46136617608947866  0.46930278450821239
  0.47795363274435287  0.48684542275803799  0.49616663097459413  0.50609015089408604
  0.51602575548870966  0.52565989213837605  0.53542063361757952  0.54533789341538397
  0.55616390045666841  0.56811006460003799  0.57967835577105953  0.59169473755298552
  0.60360938553830223  0.61523059197380914  0.62673719344701528  0.63851980997377156
  0.65035945960448993  0.66033849974105607  0.66579266431395379  0.67205751041716799
  0.67850827230256072  0.68447588872269416  0.69013123173242619  0.69760740075786543
  0.70792978905672710  0.71986731787049629  0.73205804591898593  0.74469460250120667
  0.75767693007340287  0.76968283082063871  0.77994392431286474  0.79050625308826827
  0.79996332496282052  0.80720281634647773  0.81482577864234718  0.82200247414820893
  0.83102483834578977  0.84205672903459994  0.85191769768936687  0.86061118864469821
  0.86965730170175237  0.87983725532813606  0.89108648337411611  0.90394122299785507
  0.91792117248734117  0.93169974883864581  0.94406527149352182  0.95497606542992242
  0.96580949826329188  0.97681639295078115  0.98752344944658788  1.00000000000000000
 -0.00259079188311105  0.00899321064614745  0.01995545900760399  0.03020719541210551
  0.04119911896508358  0.05019677976586374  0.05760265202669905  0.06730581622760769
  0.07823709990348077  0.08925475813593121  0.10027751977240427  0.11163937879210231
  0.12380149591447653  0.13630968719441169  0.14975217690926393  0.16283840010362699
  0.17509101682197900  0.18732749360998388  0.19887265743549665  0.20868000194908232
  0.21952451692574965  0.23130846712362929  0.24267515081723318  0.25360141374943657
  0.26462445862711897  0.27516908646352400  0.28489975388707006  0.29510983046982142
  0.30538475898215361  0.31499390565967322  0.32415456890021555  0.33292267930701125
  0.34214925539210128  0.35164352307553709  0.36070808679028926  0.37080442318195100
  0.38142032250252572  0.39077200906225479  0.39996241833124924  0.40914237919917329
  0.41987575926049225  0.43204412531238590  0.44438101873182756  0.45643563587714553
  0.46837518053955257  0.48047444454847493  0.49237046731153278  0.50350747788470673
  0.51511168913987815  0.52696547573440589  0.53696017979331379  0.54663907185071803
  0.55682859374613369  0.56822409878802449  0.58008538356236961  0.59172347046642759
  0.60322492443556230  0.61462082280674302  0.62580464803161273  0.63640967952286376
  0.64539575030969620  0.65466697574388100  0.66391707230337382  0.67355414364100008
  0.68361849561822396  0.69549996487658694  0.70804025924186897  0.71951824575897083
  0.73029776568672955  0.74200777616872748  0.75383744193866176  0.76576824741531346
  0.77725609929048523  0.78832153848194597  0.79713913758284072  0.80674120207732813
  0.81658729867908286  0.82722491480220028  0.83868837959143794  0.85146266200265075
  0.86399646438125166  0.87674543124483539  0.88927105945414842  0.89911505787717771
  0.90624139530017978  0.91324720888355038  0.91913233014925544  0.92451453611765977
  0.92969981475268149  0.93426530158032561  0.94335466421194392  0.95310377302175397
  0.96345803535887908  0.97475865355602087  0.98710278565848830  1.00000000000000000
  0.04391997676289607  0.17719798074502541  0.26254094484984725  0.32760593547750910
  0.37179517800186240  0.41166245909006899  0.45674774930264223  0.50254951244266133
  0.54900343112749761  0.58926518887725976  0.62206581724321963  0.63913058946962098
  0.64833020301313748  0.65463595989066203  0.65932687923171474  0.66365701536835653
  0.66807636306667106  0.67240435862017778  0.67661909732163228  0.68069637813784123
  0.68448421832668793  0.68793108680302351  0.69126713371537996  0.69479456269182560
  0.69833099765709117  0.70175126239245056  0.70507671217226908  0.70851070487048262
  0.71288057571819941  0.71687043595880418  0.72062101758082631  0.72449852280411531
  0.72840320996947439  0.73225515146032760  0.73642040937793929  0.74045139044121411
  0.74413701598059101  0.74760760768648749  0.75068147908024629  0.75301086781082693
  0.75534559579118399  0.75813994261488660  0.76101706408030378  0.76344910792505360
  0.76550934282107153  0.76728913237058183  0.76923598942690219  0.77140310758924446
  0.77357295354704037  0.77532834462480071  0.77738510134434813  0.77934777791414311
  0.78158528454193521  0.78523115878785843  0.78941425304861390  0.79321686880912101
  0.79696279226315658  0.80052918396397832  0.80363502832338440  0.80649915482769541
  0.80935264139185159  0.81230217306603236  0.81560713736404800  0.81945175016279315
  0.82378587033876383  0.82865788379378325  0.83339240752887600  0.83769548370478997
  0.84188366053699848  0.84605073406920006  0.85001848335173513  0.85368758590737270
  0.85734164270343349  0.86129855187383353  0.86529182103222335  0.86905535935922662
  0.87289405092655692  0.87698717602061083  0.88117573420094031  0.88503008802127947
  0.88884370958514569  0.89277165354738053  0.89740672989224468  0.90287427349107974
  0.90837361822909179  0.91358282661950396  0.91899555504804098  0.92508407392212777
  0.93188399641300290  0.93933546433888826  0.94769175717589382  0.95646452055610276
  0.96503944054753810  0.97351410405260641  0.98427649784632554  1.00000000000000000
 -0.03937102430546428  0.16433667436124222  0.21336335037210508  0.22861221465770637
  0.23772293193657701  0.24658140523861813  0.25752600451165469  0.27394538506062760
  0.29100888347150977  0.30636417949057537  0.31880081079612471  0.32992336562110636
  0.34290020161885337  0.35550567102925357  0.36744904826416114  0.37829280954570421
  0.38845925495561878  0.39803765051544382  0.40723056258742585  0.41670121917082920
  0.42666172458443985  0.43568786754438099  0.44396474644474382  0.45224545049914383
  0.45985353757455971  0.46710622174149924  0.47441227778946665  0.48183278769372828
  0.48925481468655280  0.49659180799365910  0.50375497465633923  0.51096745979440117
  0.51852482353784968  0.52621675972383819  0.53348131850983227  0.54002783166329182
  0.54607490561069760  0.55214504711586498  0.55830269069856153  0.56379801546744124
  0.56772626092283618  0.57116944546624859  0.57465911037476969  0.57831102255380717
  0.58527404071786260  0.59089425292201447  0.59600228091901186  0.60086661982902234
  0.60572572075419839  0.61117174250483797  0.61666682332874623  0.62192952708687954
  0.62692406499650533  0.63193104204672879  0.63698655989104613  0.64202998561790980
  0.64716039299404005  0.65243596329939735  0.65777259940363675  0.66291711501266981
  0.66783397501797415  0.67250223775459705  0.67687410334281684  0.68154755465193362
  0.68627135240549209  0.69131574703747212  0.69654708744817373  0.70184788163277023
  0.70701058669996009  0.71157596799630485  0.71535523353052444  0.71875716578236404
  0.72195982146252724  0.72522971072859355  0.72855819843867042  0.73178669354013048
  0.73574345576181388  0.74050160145363342  0.74561288811859938  0.75057220192004181
  0.75547779826597572  0.76072272144362330  0.76615952148403166  0.77209374123248153
  0.77894038308203417  0.78531791666461848  0.79100964458025114  0.79694277898684518
  0.80325787813094340  0.81059096428513289  0.81839938173087312  0.82869073626533762
  0.84520541185178144  0.86499561026010729  0.93067673701226605  1.00000000000000000
   2.7477041377208694E-010  -1.0000000000000000     
 F F F F F F F F F F F F F F F F F F F F F F F F F F F F F F F F F F F F F F F F F F F F F F F F F F F F F F F F F F F F F F F F F F F F F F F F F F F F F F F F F F F F F F F F F F F F F F F F F F F F F F F F F F F F F F F F F F F F F F F F F F F F F F F F
  <DiscreteSampler_grid>
  grouped_processes
  1 # 1 for a reference and 2 for a running grid.
  10 # Attribute 'min_bin_probing_points' of the grid.
  1 # Attribute 'grid_mode' of the grid. 1=='default',2=='initialization'
  0.0000000000000000 # Attribute 'small_contrib_threshold' of the grid.
  0.5000000000000000 # Attribute 'damping_power' of the grid.
 # binID   n_entries weight   weight_sqr   abs_weight
    13   10   2.101313136847767E-002   2.139887460324937E-003   2.101313136847767E-002
    14   10   2.101313136847766E-002   2.139887460324935E-003   2.101313136847766E-002
    16   10   1.829317418579629E-002   2.241048198146174E-003   1.829317418579629E-002
    17   10   1.829317418579628E-002   2.241048198146172E-003   1.829317418579628E-002
  </DiscreteSampler_grid>
