  0.00007131945032522  0.00007291343999582  0.00007504455348115  0.00007736410219605
  0.00008006060272741  0.00008331038250017  0.00008659569026223  0.00008926327620496
  0.00009153104335140  0.00009229508594543  0.00009247528425449  0.00009252530935413
  0.00009254356790698  0.00009255400766437  0.00009256220884282  0.00009256808419164
  0.00009257244313870  0.00009257576685699  0.00009257832475849  0.00009258024134112
  0.00009258158154886  0.00009258279125092  0.00009258390745913  0.00009258481341232
  0.00009258568184347  0.00009258640085254  0.00009258707201662  0.00009258772957718
  0.00009258834023007  0.00009258895088296  0.00009258957283972  0.00009259020911382
  0.00009259084538792  0.00009259159399317  0.00009259237621567  0.00009259326141864
  0.00009259425454325  0.00009259537738820  0.00009259663675683  0.00009259832791181
  0.00009260059232272  0.00009260341477685  0.00009260710350724  0.00009261201327467
  0.00009261938483847  0.00009263122574350  0.00009265044942338  0.00009269248416714
  0.00009278356810014  0.00009317119283170  0.00009462366020985  0.00009812567335868
  0.00010378884881621  0.00011139413433266  0.00012105110285305  0.00013331043574586
  0.00014879612705196  0.00016938461674427  0.00019555231860113  0.00022747730198554
  0.00026525700514466  0.00030748363528257  0.00035349739631310  0.00040244973740729
  0.00045792278179522  0.00052094059486363  0.00058894082733276  0.00066263015088549
  0.00074458484287510  0.00083551623725563  0.00093377282442942  0.00103688126307447
  0.00114763753174406  0.00127269491678496  0.00140524090052907  0.00154221106127984
  0.00169666360579317  0.00186964803707533  0.00203629255698148  0.00220839129954308
  0.00239225113264625  0.00259497459600345  0.00280418299582891  0.00302708060894962
  0.00325601318238014  0.00350232387623589  0.00377906525577549  0.00413544667637635
  0.00457070518563559  0.00509264768055662  0.00570800642414241  0.00637040458156461
  0.01099381611660133  0.04051369218009741  0.15687077406174180  1.00000000000000000
 -0.01036188235944977  0.04329452295671506  0.05625469575099424  0.06552197037796585
  0.07510880524431045  0.08552961923861364  0.09699544293482418  0.10782647299150794
  0.11666813112217507  0.12453186618212661  0.13310152990600427  0.14239437133354158
  0.15120281777716602  0.16202206187463969  0.17348866523947332  0.18377902181495545
  0.19341657738065210  0.20327540247394427  0.21331434068340260  0.22375627578052396
  0.23500877430184416  0.24587856808574149  0.25613478798981509  0.26673163238880127
  0.27645617278159462  0.28417937965010454  0.29182935607553562  0.30017572912215851
  0.30806064304921288  0.31693113226448838  0.32785271269697386  0.33869006160930887
  0.34870969378524946  0.35835654838191655  0.36788304549764422  0.37804451966339986
  0.38904237832464095  0.40080243708111685  0.41287565599751830  0.42366642167670687
  0.43520900410066632  0.44561569375218935  0.45687116513995002  0.46822678358609521
  0.47811148376868950  0.48702076615383222  0.49532691749479774  0.50397466188650930
  0.51450941710383069  0.52669789289145397  0.53900355398305411  0.55119572079717882
  0.56360577524083411  0.57667769946571201  0.59002593276437276  0.60262190897569268
  0.61444579373950337  0.62534766346669601  0.63459106625876627  0.64323708186531547
  0.65241153273693719  0.66169223847203384  0.67205061641094910  0.68417543017251070
  0.69629527921981904  0.70584903130737608  0.71241737326085497  0.71847240078606955
  0.72580148917843956  0.73583061755887169  0.74773185764334815  0.75994574054575192
  0.77151204270495033  0.78237168626594833  0.79258653133088552  0.80238047586333827
  0.81210537034987995  0.82198706137994759  0.83168429436241109  0.84167836673494412
  0.85178160601446362  0.86133876220642958  0.87089270464191992  0.88103944622963526
  0.89158058121057060  0.90288745136102810  0.91454118187424516  0.92510937042275454
  0.93404918757794608  0.94218221655932288  0.95070985006192454  0.96052619799975014
  0.97121455514397514  0.98182444320292228  0.99150140630100991  1.00000000000000000
  0.00000094892552655  0.00000229091302116  0.00000323593751880  0.00000428805652680
  0.00000544569458649  0.00000713542928388  0.00000918213431359  0.00001144757795855
  0.00001405519193336  0.00001701787617926  0.00002016933126599  0.00002358252273025
  0.00002692719682208  0.00003002497584695  0.00003277796888536  0.00003550203414624
  0.00003816506457389  0.00004075287409118  0.00004340196098181  0.00004633030716000
  0.00004947879812931  0.00005264384958053  0.00005572231314696  0.00005875916074834
  0.00006189925379713  0.00006532328420812  0.00006894844514415  0.00007130547424820
  0.00007318872923740  0.00007522426214928  0.00007788944984976  0.00008087665129624
  0.00008404622560131  0.00008738681275957  0.00009141191217600  0.00009582589306431
  0.00009974719793008  0.00010295714772115  0.00010645610198494  0.00011039581273821
  0.00011456339218056  0.00011884060406348  0.00012361361824484  0.00012902001248033
  0.00013449722137811  0.00014033569174879  0.00014671607535536  0.00015395343017113
  0.00016158318854351  0.00016910113820428  0.00017627482301179  0.00018395980121294
  0.00019245496768431  0.00020127945789769  0.00020967135040870  0.00021930649542757
  0.00023034167920755  0.00024264797957771  0.00025616946094763  0.00027102114883811
  0.00028723184946408  0.00030414372221825  0.00032390372260196  0.00034568119388331
  0.00036620135252664  0.00038646701486262  0.00040890579435936  0.00042347150365911
  0.00044330038590041  0.00046405854115525  0.00048872295408688  0.00051723998390835
  0.00054849048485685  0.00058239226177005  0.00061874977997736  0.00065645481219730
  0.00069145310887799  0.00072319968141158  0.00075690266095971  0.00079455444550963
  0.00083699386894814  0.00088513059196942  0.00093634041554085  0.00098540277177095
  0.00103684735073607  0.00109313711316232  0.00115348064082563  0.00122461422423687
  0.00130406647408220  0.00140813095064187  0.00152868839050271  0.00165920489601623
  0.00273649586422000  0.01268707894911818  0.03144031629300400  1.00000000000000000
 -0.00134585917759267  0.00612711293712613  0.01421388485842321  0.02225145287669474
  0.03099735470961024  0.04021816531904912  0.04963825562107654  0.05895564283547342
  0.06867000101359105  0.07837563592609172  0.08808055956672921  0.09774662956750664
  0.10708474472894738  0.11644605003266773  0.12634753680865973  0.13602638490582883
  0.14469944071910310  0.15215961147822760  0.15931360633089939  0.16647089455662081
  0.17381568822950033  0.18177715627021895  0.19024312598234391  0.19810827976865042
  0.20572376322464678  0.21351979628401757  0.22146769853494641  0.23067447435964897
  0.24129050905035651  0.25242116806137777  0.26140091465225812  0.26789079235162044
  0.27488390566213955  0.28073745860082722  0.28488859350192131  0.29082916581413049
  0.29765852875797216  0.30485773570566488  0.31275137025611305  0.32172414077611777
  0.33130195113561350  0.34145366902088570  0.35167720066128505  0.36160633490625349
  0.37095306953155338  0.37954524797897871  0.38892473834292929  0.39904632396874717
  0.40913884317455229  0.41861889420499160  0.42770657935142814  0.43670684058281350
  0.44496260250774589  0.45547480467713547  0.46803687272190136  0.47822476503915234
  0.48931856623188608  0.49942203399612867  0.50800867625205703  0.51712012124071649
  0.52565780499459958  0.53365066698867747  0.54209036081664885  0.55221234729965329
  0.56411068171870060  0.57733868527148391  0.59002132705793764  0.60297043121957616
  0.61614454723631329  0.63059005190420325  0.64504188511773930  0.65825660606535308
  0.67142372749891310  0.68472853607346795  0.69729538353490972  0.70887928236505449
  0.72041015786095830  0.73246617884490384  0.74525878196136519  0.75924394360363845
  0.77345853904555695  0.78680192491124690  0.79986428765390660  0.81250464974549097
  0.82487939270253452  0.83732348059734518  0.85088272816977861  0.86584312340679337
  0.88101196093993994  0.89535383272307467  0.91134057402974900  0.92775281267562248
  0.94499681748525233  0.96308187057121031  0.98161291657464178  1.00000000000000000
 -0.00328871248021230  0.01030742954998613  0.02341328965496158  0.03615890650008844
  0.04868035270111358  0.06123405577302209  0.07316841585982914  0.08507333638361129
  0.09710482915408941  0.10840708542301970  0.12011386043708920  0.13074635895661532
  0.13995218459357661  0.14962927770381215  0.16098949028660658  0.17306105611892367
  0.18486882230656335  0.19581327055606187  0.20567555731783929  0.21431782004627492
  0.22328874360008380  0.23366384094727669  0.24147091519208289  0.24725807389659318
  0.25470888536601555  0.26308631472076638  0.27021671130452501  0.27893226403594468
  0.28916182237199972  0.30015516948874799  0.31154074929081943  0.32251996031837499
  0.33258461078097346  0.34193057457620774  0.35127301511823117  0.36082348457285340
  0.37136194752951718  0.38299004508566920  0.39464942722623164  0.40594000982452511
  0.41687950180385031  0.42741010311104660  0.43726353749897640  0.44697413032458860
  0.45700295159008963  0.46730802424282158  0.47823681172626642  0.48924383607738242
  0.49899869622181559  0.50913432139783521  0.52030895331536664  0.53076286245155502
  0.54052461082584458  0.55047582302922038  0.56092412110234713  0.57177352653711189
  0.58280553500863053  0.59345639542747908  0.60306715248973264  0.61199753559651671
  0.62082892675696011  0.63103042097330853  0.64206579068034941  0.65355385932174814
  0.66485060387930350  0.67580732391727938  0.68691698888293440  0.69831892007339247
  0.71177735995768787  0.72492524491900268  0.73755230004905625  0.75065902572117760
  0.76453772217860161  0.77736431308716580  0.78827852592055603  0.79831805137186962
  0.80747085130386609  0.81664829638310599  0.82676478650785878  0.83597636043678469
  0.84511129156539333  0.85584201932345416  0.86702744868671811  0.87887891202068757
  0.89181602200483190  0.90390769484338818  0.91335619429081050  0.92142414941375927
  0.92882084062066539  0.93550242963230434  0.94161134989354567  0.95157317648088491
  0.96310438045871805  0.97395071713852199  0.98779544184179024  1.00000000000000000
 -0.00146773503610765  0.00580566824105920  0.01417202792801002  0.02217940939498727
  0.03143713275412829  0.04222138876593382  0.05069855352699888  0.05730710887312240
  0.06424886771522591  0.07197199633580340  0.08034005891510411  0.08946753942031033
  0.09900360166390637  0.10859239555172688  0.11755017107411675  0.12646705200874525
  0.13810666763293172  0.15216818381511141  0.16586599599960888  0.17805126297408500
  0.18970498595604804  0.20224224664007018  0.21624208886140495  0.23106760837577259
  0.24486074836709432  0.25863248949365603  0.27302986442762461  0.28571289762541596
  0.29779411007783635  0.31087171993693452  0.32338313635652893  0.33512145255826636
  0.34672410293504274  0.35918311026027228  0.37242056644498728  0.38473680800573451
  0.39585417512743631  0.40796215707850003  0.42097145009568482  0.43382735014568535
  0.44704963602616160  0.46102001033218465  0.47522306279412496  0.49031405781440218
  0.50611924873192293  0.52069398604064498  0.53419385434140398  0.54651616187842600
  0.55854517884336419  0.56984328303423404  0.58137241317530930  0.59305982398032042
  0.60357465148567313  0.61247060873823334  0.62002088600209637  0.62821811371366343
  0.63772132255325764  0.65013312677129331  0.66323794585235762  0.67544272177983500
  0.68653921249572414  0.69746568186815194  0.70912588891476180  0.71909050527030460
  0.72642092314271800  0.73286093839483768  0.74014024081971019  0.74608720919038130
  0.75297971506232764  0.76383172293715951  0.77514627151962057  0.78568491849700772
  0.79477764221814207  0.80291182975861741  0.81156949977832327  0.82142404996574014
  0.83219204136693903  0.84309379363979331  0.85290174600601920  0.86096850409097980
  0.86766387774229736  0.87359789265454268  0.88063698090371179  0.88841927954429523
  0.89722903339037430  0.90696928179441061  0.91712619269205087  0.92733165293237618
  0.93752557615109400  0.94763031885426829  0.95710318301871333  0.96613200415087874
  0.97477365748686162  0.98312942155131677  0.99141149857797373  1.00000000000000000
 -0.00251375771203615  0.00949693981814975  0.02107884057649209  0.03211653116676791
  0.04246632594620399  0.05298161335428601  0.06313168004244531  0.07394743701586463
  0.08138214046617892  0.08981487178390382  0.09892423289859495  0.10592366688603923
  0.11273376754175979  0.12217408127235324  0.13306573426142218  0.14320052082564061
  0.15293265547985410  0.16234700428880944  0.17299287709162256  0.18364139153441048
  0.19203611172680576  0.19857810820406732  0.20510808645263792  0.21287099062286050
  0.22185948363141267  0.23289001853815527  0.24468622360398926  0.25622913378038514
  0.26722615006300665  0.27696513512047460  0.28591345625647924  0.29520703370964324
  0.30512942568666279  0.31618007769318918  0.32803403237012035  0.34000093349576854
  0.35152804831980300  0.36219445181286958  0.37272581950474126  0.38320153303574289
  0.39424057286118641  0.40678878578497424  0.41854038352441580  0.42713007262772684
  0.43624757282039095  0.44751823486224718  0.45970003746043658  0.47026077219817830
  0.48125531106360198  0.49221843380506697  0.50403535662894605  0.51729518194710389
  0.53041411337788891  0.54211496598202935  0.55238142232892051  0.56239905209291841
  0.57295408867047870  0.58344848762396129  0.59373168692135125  0.60410464845981715
  0.61405026465472123  0.62261091207136299  0.62988741079114352  0.63704640148894565
  0.64557189417676086  0.65593155005237946  0.66632942499824821  0.67570917840513767
  0.68485661756902227  0.69420871657754768  0.70624324805125482  0.71975966687215343
  0.73155994139941316  0.74162382304585772  0.75219452023231614  0.76334135792124647
  0.77396148216862515  0.78525673736508939  0.79690056444998869  0.80889892012383191
  0.82125649620413621  0.83355753544742939  0.84547643918255921  0.85694216385412536
  0.86787752956086539  0.87872577533260798  0.88981364455638245  0.90108660886943970
  0.91287746596231523  0.92538737934878779  0.93826485882691224  0.95115948889439450
  0.96413244572655188  0.97709047704299190  0.98875076129979589  1.00000000000000000
 -0.00267637463005591  0.00908323451426318  0.02152632481539100  0.03373095449261948
  0.04586422782283434  0.05823410417771530  0.07029052546679741  0.08156118442255866
  0.09225380686188968  0.10126402660865684  0.10851649884523092  0.11538428172599499
  0.12264995568086974  0.13232403036836005  0.14564907320685430  0.15801346409443917
  0.16927848081771141  0.17994009961041221  0.19065968512643272  0.20162753799404512
  0.21275532833961874  0.22395642419538705  0.23521957173096303  0.24605248598542270
  0.25585108657158401  0.26476293844530063  0.27326748054232991  0.28205573084988028
  0.29186911884639816  0.30239050005657025  0.31287589651003167  0.32414697267248621
  0.33607426846767635  0.34865012620171748  0.36079647286231326  0.37175056309423543
  0.38186695801227538  0.39134532151355061  0.40016517586677508  0.40926313737548836
  0.41910442873224668  0.42954099861462203  0.44091149674706465  0.45154946679915819
  0.46194747269429320  0.47299641639502316  0.48478091499301407  0.49711852293579806
  0.50979603424320130  0.52215621423620329  0.53371370384676398  0.54475312850645918
  0.55565403693913851  0.56743436618363952  0.57998525131001666  0.59201966576007026
  0.60367225727094109  0.61336964534321137  0.62180901317473591  0.63012734986484609
  0.63763113445998887  0.64463023348178194  0.65292717199116068  0.66194483100474411
  0.67146611129339084  0.68108662435819967  0.69061743419367594  0.69911007460100727
  0.70741097534697206  0.71505151425509172  0.72435198600820883  0.73446877307524105
  0.74568266938017957  0.75838200201995098  0.77176122337291675  0.78462243064258530
  0.79566492604070205  0.80577891044571692  0.81560238508491323  0.82586643409509108
  0.83663090020268172  0.84729949419344774  0.85764077108597392  0.86676949282936977
  0.87493607462488898  0.88271632307228054  0.89135400780727170  0.90045059785359338
  0.91024564529704655  0.92150208481397222  0.93409319231863697  0.94766393065501742
  0.96141526692738555  0.97452648438610823  0.98705356747762274  1.00000000000000000
  0.00428361326067084  0.30063824785421533  0.48604919529117269  0.60248321269975935
  0.63355630812389863  0.64392597586442046  0.64992198558531455  0.65523359325210873
  0.66001160857100227  0.66389784376671590  0.66722661456841947  0.67016017832738450
  0.67288985764591935  0.67579998842357869  0.67920319996395107  0.68300760612155020
  0.68702907619729292  0.69116392643398405  0.69535714001027937  0.69952867168253419
  0.70353699026213112  0.70774494822116818  0.71163244878746612  0.71514123813830754
  0.71799485780196814  0.72028942570211585  0.72241365749933750  0.72472281432182606
  0.72701803741582116  0.72933800397375226  0.73151347421637325  0.73374898020880130
  0.73614316748412389  0.73868071279499870  0.74117547322825283  0.74355863085844476
  0.74586623175999867  0.74822820329928030  0.75061726680506768  0.75227114246236937
  0.75484143598286568  0.75750715653667589  0.76023300809564043  0.76287011053684295
  0.76525421287936357  0.76777981691864672  0.77057807673224810  0.77351702299869918
  0.77649428731071923  0.77941932952756088  0.78200101299214686  0.78470274367176085
  0.78761820782425029  0.79024674866083977  0.79280444994997901  0.79571339313348943
  0.79860105575391216  0.80158132113400871  0.80494486797873854  0.80857492659400432
  0.81222920444269575  0.81585058587291526  0.81947677323430357  0.82313450461123761
  0.82677833196933548  0.83029641839583623  0.83388683016425225  0.83772369436429384
  0.84136516058681354  0.84494101628607288  0.84859854880076802  0.85213034240798835
  0.85597746431156141  0.85988665331811864  0.86360164835866859  0.86751759525989547
  0.87129685575625782  0.87493936847957265  0.87890585245955655  0.88308682605612610
  0.88740300715611697  0.89196134795791027  0.89681952000520782  0.90157621610132610
  0.90679979182933768  0.91258168462739286  0.91868523058612905  0.92493572396237322
  0.93117357282222890  0.93753849537307998  0.94403434945466580  0.95065654343128292
  0.95769523737893780  0.96591656999810338  0.97916071867255383  1.00000000000000000
 -0.04130855655038080  0.15709005653774777  0.23084155626877828  0.25762571044287325
  0.27790384326835055  0.29609229490893874  0.31430041591758129  0.33328978682151572
  0.35064221040091037  0.36527632340754479  0.37739822289197872  0.38736337117551600
  0.39556389186206853  0.40325553575687678  0.41169200673936529  0.41817636507300071
  0.42485236171064311  0.43377917206225802  0.44319834884908377  0.45244876505695664
  0.46129241578882818  0.46977418243957936  0.47845484389989407  0.48730846351579771
  0.49634369777091819  0.50579949504717769  0.51524470330363570  0.52327828354700556
  0.52931236543845805  0.53503574773794815  0.54094410999847697  0.54708421599589074
  0.55364366843924562  0.56044808390888345  0.56708199566624073  0.57391232105384959
  0.58146828164697284  0.58901907412781940  0.59498067145958700  0.59945953246606043
  0.60374475078589440  0.60841802090523700  0.61259886603598501  0.61686653271387437
  0.62198344651647164  0.62621856634499617  0.63220322279739771  0.63750721708738389
  0.64202486446990603  0.64611577289065025  0.65048491872652803  0.65450187038130236
  0.65913382285261490  0.66413996188773783  0.66932068617065843  0.67478956810005197
  0.67994491919148525  0.68482697203822562  0.68976320957407145  0.69478989872121888
  0.69963804610890845  0.70426491481698350  0.70896001434137312  0.71403573174334345
  0.71895168628218487  0.72357513712124899  0.72836582073770495  0.73349004823676145
  0.73879831308926369  0.74457482985965284  0.74963155556112260  0.75423694613138048
  0.75877968360468107  0.76330770745134091  0.76806176719164865  0.77310305813776414
  0.77817222468345815  0.78303199846153482  0.78748791746385838  0.79147137980807691
  0.79543268522061139  0.79966219329023724  0.80456426229473843  0.81045680685750932
  0.81700578043370986  0.82269086434098071  0.82749694819899045  0.83258566680049428
  0.83844957483258131  0.84537165079717902  0.85358488422209711  0.86315942343077101
  0.87405940335537680  0.88966037664299880  0.91668352357245175  1.00000000000000000
   3.4145218680442534E-010  -1.0000000000000000     
 F F F F F F F F F F F F F F F F F F F F F F F F F F F F F F F F F F F F F F F F F F F F F F F F F F F F F F F F F F F F F F F F F F F F F F F F F F F F F F F F F F F F F F F F F F F F F F F F F F F F F F F F F F F F F F F F F F F F F F F F F F F F F F F F
  <DiscreteSampler_grid>
  grouped_processes
  1 # 1 for a reference and 2 for a running grid.
  10 # Attribute 'min_bin_probing_points' of the grid.
  1 # Attribute 'grid_mode' of the grid. 1=='default',2=='initialization'
  0.0000000000000000 # Attribute 'small_contrib_threshold' of the grid.
  0.5000000000000000 # Attribute 'damping_power' of the grid.
 # binID   n_entries weight   weight_sqr   abs_weight
    13   10   9.373055029944738E-002   6.376761688572756E-002   9.373055029944738E-002
    14   10   9.373055029944741E-002   6.376761688572760E-002   9.373055029944741E-002
    16   10   1.507447716428605E-001   1.736342410475768E-001   1.507447716428605E-001
    17   10   1.507447716428604E-001   1.736342410475767E-001   1.507447716428604E-001
  </DiscreteSampler_grid>
