  0.03093183927538692  0.03589796651244290  0.04418567853918726  0.05317964183900250
  0.06233007030854692  0.07155559302229299  0.08114988507703302  0.09112397943519274
  0.10129449608544498  0.11149950535957215  0.12164196318028973  0.13141551287309799
  0.14100526666319618  0.15105749384722184  0.16132220988904639  0.17132603606262728
  0.18092522577578071  0.19083141120688604  0.20097782368954917  0.21097031968159158
  0.22083182992282482  0.23074849496320249  0.24091655562003250  0.25163432767672550
  0.26277135247454109  0.27394979713465595  0.28496701141361203  0.29606844912046720
  0.30752243039136584  0.31909368918496395  0.33045551533327733  0.34112955268876183
  0.35099965490866691  0.36086621311559541  0.37052840581962387  0.38035759959479581
  0.39057502651524401  0.40082992113074989  0.41082057581750858  0.42077062251578401
  0.43052375821376099  0.44023037614080579  0.44996510730093980  0.45988789584423362
  0.46986722935876968  0.48010953216565955  0.49102909896525682  0.50247998916923142
  0.51391815266887042  0.52469506102926622  0.53451208403671324  0.54469221947189483
  0.55463234320098354  0.56476874170593827  0.57545288451474430  0.58614349872604532
  0.59573934030235876  0.60564575981309154  0.61524003273170458  0.62457667612799239
  0.63345071872828063  0.64203763947634773  0.65072051718714730  0.65952945312077627
  0.66839421592321591  0.67751811566070086  0.68685939550823294  0.69659207971151238
  0.70670710522493974  0.71722577149085631  0.72790289649005435  0.73860006174129189
  0.74906244384601661  0.75947622138780368  0.76967013336262102  0.77967112736192357
  0.78941127089106611  0.79889947642183545  0.80825104057499897  0.81742612663333758
  0.82672827172275831  0.83646868035038924  0.84717381467143049  0.85803129930854549
  0.86895550209916750  0.88004807213105629  0.89181720341596493  0.90294471105870988
  0.91394244274665615  0.92468686900648756  0.93549134719231408  0.94582471233733312
  0.95579441049260694  0.96450289501001807  0.96907520067132380  1.00000000000000000
  0.00000007519869537  0.00000132977387412  0.00000395661466415  0.00000780003610069
  0.00001231339821706  0.00001703859778516  0.00002161501751815  0.00002574077174253
  0.00002926001594101  0.00003230221714785  0.00003440000159278  0.00003575357436490
  0.00003700587033379  0.00003815136567696  0.00003919503405178  0.00004014871893022
  0.00004102109918782  0.00004177313480802  0.00004245105040180  0.00004307184997819
  0.00004364240119520  0.00004416332983806  0.00004463681987749  0.00004506864826518
  0.00004545402937543  0.00004579568250722  0.00004610918787657  0.00004639388328404
  0.00004665016182887  0.00004687788143747  0.00004709920584638  0.00004729223262071
  0.00004746027708778  0.00004761931082971  0.00004777393061792  0.00004792530483220
  0.00004805734358110  0.00004818388003998  0.00004830039710707  0.00004841462829980
  0.00004852760628590  0.00004863613997631  0.00004874385898327  0.00004884656234392
  0.00004894863528151  0.00004904716339757  0.00004914564521024  0.00004924395601349
  0.00004934248817788  0.00004944161620146  0.00004954142551363  0.00004964253011602
  0.00004975401737283  0.00004988106411965  0.00005001022748042  0.00005014168681991
  0.00005027927017444  0.00005042055003511  0.00005057189971237  0.00005073422325700
  0.00005092494232556  0.00005112143778210  0.00005132223387721  0.00005153025248484
  0.00005178899037578  0.00005207139730604  0.00005236808771874  0.00005270857827876
  0.00005309621189454  0.00005352196581243  0.00005398996990051  0.00005451342203909
  0.00005510234644550  0.00005575314508634  0.00005648829215670  0.00005730158887582
  0.00005818595758464  0.00005915752407517  0.00006038106186565  0.00006204499891480
  0.00006396530875208  0.00006617831634809  0.00006871359342665  0.00007131232447077
  0.00007687852382478  0.00008501478348931  0.00009696529115462  0.00011508611477904
  0.00014551663490211  0.00019472377299886  0.00029447105557338  0.00052018292067965
  0.00124935018969274  0.00496915959062410  0.10054107778489335  1.00000000000000000
 -0.00254283656551444  0.00908543034698311  0.01962512525200166  0.03043531137473245
  0.04201582313165248  0.05375706545974387  0.06584617342308859  0.07769750236797236
  0.08956530001520153  0.10085403712955873  0.11157975555234853  0.12196003742825173
  0.13228533629597608  0.14263661885640255  0.15312126650274097  0.16383194090605124
  0.17490045135719673  0.18610247384613632  0.19685015374531128  0.20747438370480886
  0.21799906011612416  0.22826251658238139  0.23787435827235479  0.24711404369401851
  0.25690817489159501  0.26704541950026844  0.27787909428461538  0.28841111466564573
  0.29977298572241545  0.31118419658536711  0.32264716594451270  0.33428164011399286
  0.34579960630951140  0.35770967758397676  0.37014185642147707  0.38196092178508845
  0.39328948309509359  0.40376116028114656  0.41439747933446325  0.42534947845458732
  0.43662210136610619  0.44755334480665060  0.45786762807402315  0.46774186558910741
  0.47750609385986226  0.48729528400272648  0.49643393773474559  0.50534249343722981
  0.51455876234291364  0.52474567467392264  0.53600838729828648  0.54703878460098010
  0.55719812196582585  0.56744882946457897  0.57801458883296586  0.58867027808456651
  0.59920287189670096  0.61026465457487922  0.62073790296047804  0.63034602170657117
  0.63913091310860004  0.64811500849579762  0.65717808744046136  0.66646630193859469
  0.67594952303823630  0.68607948632445392  0.69726142188581341  0.70909706246152515
  0.72106816593312106  0.73285749266894895  0.74464449320671922  0.75676812591836895
  0.76917414378491233  0.78090160313913637  0.79246656338346311  0.80426474504129364
  0.81554158168494695  0.82574165188298410  0.83507612544297671  0.84393524191262670
  0.85315094150957616  0.86289713312227878  0.87274107824848590  0.88180231163856204
  0.89042058141938274  0.89938063728897510  0.90849256078088081  0.91771241735491405
  0.92714428858784281  0.93714366848198849  0.94785304818655269  0.95866144846840451
  0.96930749854730713  0.97969489738185267  0.98976823204385933  1.00000000000000000
 -0.00307793465601096  0.01101288647697823  0.02236610812662871  0.03358557476681068
  0.04524052244302573  0.05732889267413620  0.06926861461768276  0.08115898204713781
  0.09321654058292134  0.10510655000533040  0.11626053704457090  0.12654960371341711
  0.13642994976392600  0.14644998557653302  0.15681312179683107  0.16724240884364500
  0.17726754583021651  0.18692586647913900  0.19652283964758743  0.20619131804102639
  0.21569669377638387  0.22540110999596982  0.23553664306974451  0.24610485967408696
  0.25638336377910192  0.26632390101911624  0.27647407791682010  0.28664799032094457
  0.29679156565089310  0.30697492611015742  0.31712942572894831  0.32707556492434736
  0.33690703976782344  0.34646578122425148  0.35585891985339335  0.36520123467341753
  0.37476910980966022  0.38482735341011803  0.39495280259184151  0.40503507247312887
  0.41512635264038317  0.42545806112061729  0.43579259189732905  0.44602544334630528
  0.45618368093217326  0.46762132342087859  0.47918187769823273  0.49084640995568962
  0.50305872392435247  0.51562436928433086  0.52766539167124338  0.53908490397234388
  0.55017638108091393  0.56110305903726021  0.57223787314462526  0.58397495696961532
  0.59653360644692843  0.60927125977882113  0.62099267880121245  0.63263789115719560
  0.64392970874053590  0.65524076143538224  0.66620872855655722  0.67747623219500863
  0.68844299507664797  0.69915135826778996  0.70984262919484675  0.72151345233379849
  0.73332596370257885  0.74545134002811642  0.75601578544493986  0.76562784643113169
  0.77482173555292089  0.78404987210762711  0.79333309777371785  0.80206578982846932
  0.81069530647681309  0.81952803469488933  0.82806375256721576  0.83656782025567011
  0.84532679293434265  0.85466578691487638  0.86481515184085700  0.87391903283187111
  0.88345814812271184  0.89299913678488529  0.90315319532296456  0.91405872373055208
  0.92482801540577497  0.93546334739555848  0.94629417530002335  0.95762374803094152
  0.96809231309153254  0.97860589547648336  0.98914512595524073  1.00000000000000000
 -0.00346520098150717  0.01029092126953995  0.02293761845028153  0.03526761652929397
  0.04750921532026768  0.05919472091390217  0.07011829157100526  0.08085632099924363
  0.09126675353434803  0.10141445397485305  0.11184575825767912  0.12227379734010910
  0.13330612228321229  0.14489730692600980  0.15643386244908766  0.16761761210092258
  0.17736759660222118  0.18668028634074438  0.19622544330688002  0.20626691419877630
  0.21640777178082549  0.22645115667249036  0.23741839682200094  0.24926864686884909
  0.26128581730057943  0.27365229522787410  0.28601201889936984  0.29873473421344110
  0.31113705610277598  0.32246126475753928  0.33339397669587933  0.34399317436796872
  0.35472707412306764  0.36519592241651566  0.37629358388505574  0.38874894650734615
  0.40100180116493800  0.41293208014966937  0.42563437359574458  0.43869508633861942
  0.45111810407351927  0.46364908509615244  0.47634551257599822  0.48861494407149381
  0.50031138696064814  0.51214380539120430  0.52439086961343973  0.53667221614278404
  0.54856559749132228  0.55983155353866787  0.57166062219694314  0.58405756058577685
  0.59601100651780670  0.60745639476543101  0.61843452486394945  0.62896312061081172
  0.63923053513137384  0.64935107152323701  0.65920652166927340  0.66964361627599445
  0.68018367364062782  0.69032025983600309  0.69974085501018601  0.70934215095041375
  0.71941586889356812  0.72926724959754763  0.73867332438401778  0.74790091880359411
  0.75756944724667608  0.76747962625509403  0.77745685071095527  0.78742048265394726
  0.79707563573524076  0.80663399544189218  0.81579178037834998  0.82415114705913473
  0.83296211530575748  0.84150658264059197  0.84941210253666988  0.85716863300763069
  0.86513710527809329  0.87361572785963837  0.88298472897608460  0.89252274874273740
  0.90124171866940783  0.90949173930333638  0.91754774005838191  0.92643495280478327
  0.93612919987851828  0.94589543420500144  0.95537569201385664  0.96468081938175587
  0.97390610971497638  0.98294817121957501  0.99167190730245103  1.00000000000000000
 -0.00283343327849340  0.01002813385845954  0.02067132433896080  0.03090348744667473
  0.04146785941622921  0.05219357310599129  0.06338183475941121  0.07472785862945172
  0.08652505590863158  0.09883064393886194  0.11058951667685347  0.12207197686222337
  0.13335803409949656  0.14425471499579895  0.15496183420762019  0.16552197278466563
  0.17612244573262492  0.18638450440794643  0.19605625335383531  0.20550556788121552
  0.21469089684055986  0.22358631722172181  0.23280564000742912  0.24262839802051572
  0.25315441657696425  0.26417135658783381  0.27586723523672679  0.28789170152454008
  0.29969485860198708  0.31111190835734781  0.32226681626939563  0.33311851392327885
  0.34364734755708887  0.35420002548338636  0.36500516520395060  0.37585737252442214
  0.38629861982706509  0.39601664642501733  0.40489329081472525  0.41364308134376532
  0.42218164035421463  0.43024382903863989  0.43829074710316274  0.44612488913793824
  0.45454031451045618  0.46339314419002037  0.47306737980234470  0.48244925260036681
  0.49302570638943044  0.50420383392651580  0.51692175194084811  0.52928204538054724
  0.54129310205789494  0.55191015787616005  0.56229586794072894  0.57255071602639396
  0.58302881517461669  0.59389663300461926  0.60559255615214735  0.61827122145225222
  0.63031158810374632  0.64134425783215743  0.65142990990525318  0.66098113723318885
  0.67050265605393311  0.68036531816619439  0.69080261110298169  0.70196649192086957
  0.71311232088719101  0.72418071546994600  0.73503047134986133  0.74578481030453336
  0.75634642356798498  0.76672800271697450  0.77667446910604765  0.78633925250587644
  0.79587193885568319  0.80526628694970437  0.81465475220426331  0.82379727661970104
  0.83320977516490291  0.84410218754941080  0.85563104859984074  0.86659834232026456
  0.87756669540381205  0.88857223706257782  0.89965412566500713  0.90988728174333566
  0.92017038438579069  0.93109597880639283  0.94247512486118801  0.95411099625480600
  0.96552446182592466  0.97679340494441180  0.98823618098891741  1.00000000000000000
 -0.00285477647338567  0.01089763932488588  0.02375059426677159  0.03700776802098429
  0.04919699677077435  0.06037307204023625  0.07186327606098271  0.08342754801296895
  0.09426866773661967  0.10449853084028929  0.11413470965628580  0.12362587767397472
  0.13327225927225622  0.14311380507388910  0.15299515920915752  0.16263678151926331
  0.17275937424167617  0.18340926239173547  0.19397779854046227  0.20416490844633842
  0.21403860050289272  0.22376511726502121  0.23339235395490929  0.24293978633280056
  0.25242915502202595  0.26211266421553953  0.27200607930881526  0.28179090984365879
  0.29164320644461633  0.30160889248055206  0.31159659104016940  0.32120348879419325
  0.33053151935116371  0.34000409855773622  0.34965732362746732  0.35946106327577904
  0.36943342228985626  0.37961113082243803  0.39016493330158841  0.40043170782943116
  0.41021963809147227  0.42005086940656056  0.42893543281515212  0.43785583166929859
  0.44709919559163419  0.45650510096944547  0.46594841850709234  0.47524969599433342
  0.48502399067813867  0.49561285970292307  0.50571127572100805  0.51586174685369568
  0.52644299769648839  0.53730308856640296  0.54765440959465284  0.55761427144889997
  0.56711489543496274  0.57650166828567395  0.58565229754369519  0.59419111899763655
  0.60279751145539151  0.61189659926301099  0.62122409002507961  0.63054947367844483
  0.63986554585682232  0.64925080261950285  0.65871778184053387  0.66828243448971869
  0.67797420773352446  0.68768066013776896  0.69747390586065316  0.70747799740770589
  0.71774197985178967  0.72803068802206816  0.73831870220030271  0.74899518892112360
  0.76018917290753063  0.77154221845026860  0.78290004215492470  0.79446628255264351
  0.80581548326316033  0.81700659018892041  0.82881698930969094  0.84193169364505926
  0.85651359361748691  0.87076122417191992  0.88346819014656885  0.89513610499251894
  0.90663684653760901  0.91824664270736656  0.93020426088894292  0.94292925209811396
  0.95611784468482308  0.96976123461183728  0.98440268439621703  1.00000000000000000
 -0.00215157383979164  0.00882618513901469  0.01799055429999991  0.02851331855576465
  0.03954675886081396  0.05032735374030571  0.06061889411173706  0.07042069825135122
  0.08035535737538187  0.09086299789609703  0.10174256318325102  0.11310004129915162
  0.12489384354664787  0.13701075184134037  0.14864791651111134  0.15972273164789155
  0.17065824535405763  0.18142426781742696  0.19235418419347350  0.20291572648421266
  0.21328536980813650  0.22377822272565948  0.23429141819317123  0.24459088336131302
  0.25491112733085103  0.26519060812551332  0.27512160779689376  0.28470650650502055
  0.29443116928490998  0.30577943338988806  0.31724150673824775  0.32925652208032441
  0.34060478295217866  0.35154375117212699  0.36184481432492660  0.37177088650230977
  0.38196640910530966  0.39177105620803365  0.40189899705583337  0.41214291974639033
  0.42335663582243016  0.43482803992310010  0.44647888997090829  0.45813785978701010
  0.47012834651087476  0.48164122354751604  0.49233795308524436  0.50268184133846772
  0.51282733842782835  0.52313205643213967  0.53347456622321932  0.54412190210706990
  0.55528033199018179  0.56739871039892731  0.57999360884667983  0.59135283577926623
  0.60177865230093841  0.61221655228933503  0.62206385119457408  0.63122941995445947
  0.63992406274910385  0.64914866373893143  0.65924104861997901  0.66987227148704287
  0.68147421369113936  0.69276487364382333  0.70335305209464227  0.71359550702701402
  0.72366139977901034  0.73415670961995549  0.74501668180239977  0.75566677974449514
  0.76614315811568967  0.77673023983941392  0.78739013804668201  0.79798958821712551
  0.80833060775724130  0.81832118829544354  0.82798831075064561  0.83730979129763183
  0.84643643499123700  0.85599441916191554  0.86558611755398007  0.87518430971942063
  0.88525856896253208  0.89556266898032832  0.90573665835266914  0.91560237419339952
  0.92566041756262063  0.93606913351376475  0.94643728320584308  0.95677066864126858
  0.96744416787747567  0.97824690591289853  0.98925642260141067  1.00000000000000000
 -0.00093417613955979  0.28662680056586393  0.40771962041610993  0.48044307282187199
  0.52404922908886509  0.54473790287836477  0.55556960603667538  0.56313569477600434
  0.56906089292354411  0.57442802379785085  0.57967247809537714  0.58448651276084485
  0.58896470441431814  0.59331534222046067  0.59761374713767690  0.60193832523607793
  0.60619727187458305  0.61037808322297427  0.61440241445765942  0.61812694231357479
  0.62192683587980124  0.62578801988629484  0.62966930571411073  0.63368344595239867
  0.63768140267967011  0.64171872318943723  0.64582714420180654  0.65009153329914748
  0.65429445874889358  0.65834506374061941  0.66233013503114757  0.66628028313806120
  0.67014355721107854  0.67392953472388262  0.67782124302566260  0.68173717277733203
  0.68577644130779347  0.68996530415536872  0.69421271097583648  0.69841345184574422
  0.70258677589233487  0.70691242662816067  0.71137877084307199  0.71597631116441018
  0.72043842629470289  0.72467564285900843  0.72881704004521919  0.73294520596534107
  0.73707215256933245  0.74124203491340257  0.74553080144386741  0.74975786034068836
  0.75388520425134598  0.75789001726608585  0.76174347560194378  0.76557672628465712
  0.76949054060575006  0.77335760217349681  0.77715161390636489  0.78119327322029852
  0.78509793118986282  0.78911383091919585  0.79317365007641660  0.79719747545588526
  0.80131709862986344  0.80534149319283432  0.80942498090204973  0.81354495542055538
  0.81779347738189445  0.82218850016280876  0.82668330529816059  0.83113050826463741
  0.83554057242219004  0.83995192097816107  0.84452486067814592  0.84944331159607456
  0.85455691099429443  0.85978749097625473  0.86500363830268434  0.87018125461790530
  0.87528555968757105  0.88041659675188300  0.88543793001054216  0.89070490417490467
  0.89626333096673938  0.90255887602951057  0.90900370743435122  0.91569145536040486
  0.92285920682406697  0.93049242678527599  0.93833968434938420  0.94653413110447637
  0.95521209597652768  0.96512767788155418  0.97840521419036119  1.00000000000000000
 -0.02388648450889431  0.13230445229500692  0.18081980739074799  0.20666184667867316
  0.22620176543558140  0.24402121001721497  0.26031657467827912  0.27571805625847351
  0.29020817992675163  0.30367829570428473  0.31658805399515438  0.32918073188534674
  0.34095425051678474  0.35213157027057718  0.36305935273047746  0.37329148127407658
  0.38272990078861713  0.39181548781710845  0.40084802002995618  0.40961422574961487
  0.41808095131447970  0.42638374059565431  0.43469848531306698  0.44280351117059846
  0.45054092432674431  0.45799226229471934  0.46541494327855559  0.47254580844185484
  0.48018132729688834  0.48801768614415997  0.49564241160838779  0.50296133649867425
  0.50994662049554507  0.51699237628130956  0.52370776566890498  0.53020250225081533
  0.53680366171897020  0.54341417603219089  0.54980157915131100  0.55595700977716334
  0.56186715660300590  0.56766503757117315  0.57342867962091393  0.57921646529429205
  0.58505671879327548  0.59070708274629025  0.59629628810982105  0.60177547730200875
  0.60720348342235053  0.61267637868810898  0.61820161798162565  0.62373190048009375
  0.62919696759841481  0.63461026871435622  0.64023022250552786  0.64589139723671440
  0.65153100942631625  0.65693741395358318  0.66215855061424977  0.66737522236189006
  0.67267516883523182  0.67807905404437563  0.68360077721020895  0.68906268398831483
  0.69361552210794497  0.69820035456129759  0.70274059829224866  0.70751052768590983
  0.71242057868382613  0.71738230363746969  0.72234630612526329  0.72743289242889364
  0.73261289335550539  0.73785546923499112  0.74292995628330172  0.74796695288214932
  0.75351827859128517  0.75945212028986842  0.76548311159723037  0.77155283559484489
  0.77804655300542402  0.78492429585392809  0.79192838207140726  0.79877876588914964
  0.80556210386797689  0.81268042673650831  0.82031666433785022  0.82886263681324124
  0.83799091110354029  0.84768419346363100  0.85866054216782384  0.87048860497635105
  0.88337380558949496  0.89948822716223187  0.92347963253197196  1.00000000000000000
   2.0847314180825448E-012  -1.0000000000000000     
 F F F F F F F F F F F F F F F F F F F F F F F F F F F F F F F F F F F F F F F F F F F F F F F F F F F F F F F F F F F F F F F F F F F F F F F F F F F F F F F F F F F F F F F F F F F F F F F F F F F F F F F F F F F F F F F F F F F F F F F F F F F F F F F F
  <DiscreteSampler_grid>
  grouped_processes
  1 # 1 for a reference and 2 for a running grid.
  10 # Attribute 'min_bin_probing_points' of the grid.
  1 # Attribute 'grid_mode' of the grid. 1=='default',2=='initialization'
  0.0000000000000000 # Attribute 'small_contrib_threshold' of the grid.
  0.5000000000000000 # Attribute 'damping_power' of the grid.
 # binID   n_entries weight   weight_sqr   abs_weight
    13   10   9.274815879132104E-003   2.434026283125113E-004   9.274815879132104E-003
    14   10   9.274815879132104E-003   2.434026283125112E-004   9.274815879132104E-003
    16   10   1.203863261994154E-002   4.153616835841834E-004   1.203863261994154E-002
    17   10   1.203863261994154E-002   4.153616835841831E-004   1.203863261994154E-002
  </DiscreteSampler_grid>
