  0.00007138928656637  0.00007261135405209  0.00007448153584512  0.00007641223598311
  0.00007857237627625  0.00008094972227502  0.00008351004490790  0.00008639377241658
  0.00008942986669164  0.00009140685663432  0.00009211625564073  0.00009228842192950
  0.00009235183463953  0.00009238689245095  0.00009240606745632  0.00009241860432191
  0.00009242632508278  0.00009243207418825  0.00009243637765134  0.00009243992338666
  0.00009244271214558  0.00009244459200356  0.00009244631543283  0.00009244789240311
  0.00009244935791506  0.00009245044204354  0.00009245148463717  0.00009245242615665
  0.00009245334869722  0.00009245419147559  0.00009245503425395  0.00009245586146541
  0.00009245668587013  0.00009245754138854  0.00009245843698857  0.00009245935834079
  0.00009246039074960  0.00009246146337345  0.00009246266514669  0.00009246413276893
  0.00009246584071822  0.00009246793297502  0.00009247015706066  0.00009247327903856
  0.00009247751530036  0.00009248265801568  0.00009248953877345  0.00009249868440925
  0.00009251026600107  0.00009253165997968  0.00009257486053598  0.00009267644934952
  0.00009306358930659  0.00009442254084105  0.00009769426079887  0.00010278047425934
  0.00010846154600261  0.00011551887012742  0.00012449629653648  0.00013568707376838
  0.00014956279274907  0.00016667949238812  0.00018782776580675  0.00021355906110163
  0.00024444495043236  0.00028052568935489  0.00032271478571694  0.00037020968518603
  0.00042547023886862  0.00049027320610934  0.00056248779073967  0.00063720855681262
  0.00071470576046537  0.00080628809077647  0.00090415618808397  0.00101049486314209
  0.00112599929307109  0.00124899692269795  0.00138387343076056  0.00153505365393355
  0.00169511012209824  0.00187399043693082  0.00207247096145060  0.00227593158952615
  0.00247724991427599  0.00270652114153451  0.00296678323391009  0.00328260449698472
  0.00362133665073799  0.00403732084468261  0.00465557257151751  0.00552894341444167
  0.00647684732769121  0.00738473284800882  0.62641259779755920  1.00000000000000000
 -0.01048751984279004  0.04148271274898876  0.06256187034276806  0.07612665056326563
  0.08920534210495627  0.10159474706708756  0.11400869777291639  0.12405062072105777
  0.13125315826085740  0.13815767787450850  0.14462488981265592  0.15310996865475318
  0.16345202772740511  0.17443848589383179  0.18430823810187430  0.19402432478528681
  0.20305540967610053  0.21092972422895195  0.21977127323212034  0.23025484337467683
  0.24140543051500443  0.25250125593338035  0.26274281765517610  0.27156534620003703
  0.27964771108723979  0.28859968739703379  0.29824753014926453  0.30918048798842784
  0.31936288897068937  0.32961289758480361  0.34044023675630214  0.35127931786649602
  0.36193931923055378  0.37272390414958922  0.38285654378033934  0.39271547686705399
  0.40249546378983364  0.41177846024034265  0.42172648216167263  0.43356415619153998
  0.44606895062564933  0.45806363340990702  0.46960385794635512  0.48065639765385437
  0.49095189081702378  0.50090682003135945  0.51092186456846167  0.52114098490619309
  0.53183692105052449  0.54293991050937407  0.55426471428178170  0.56566197433810972
  0.57688292449612988  0.58762722867950656  0.59729118408040049  0.60584603785032864
  0.61476193694757875  0.62459258569035048  0.63530820179578384  0.64853840997876322
  0.66090217430429610  0.67153282342472709  0.68171956025448299  0.69195022705388143
  0.70219981157472167  0.71240489253760397  0.72168817689563092  0.73103898579252335
  0.74111115828470775  0.75176841683190199  0.76296926938974874  0.77421135967743715
  0.78558734170269462  0.79716224795618773  0.80894110670359176  0.82066748585211469
  0.83200312040733826  0.84292774308766150  0.85303596514045510  0.86250152748172215
  0.87167553900417949  0.88126639482461766  0.89245678257087857  0.90132538959746611
  0.90849697485365433  0.91423441656580129  0.92000638657816403  0.92831133408811761
  0.93415738517111901  0.94339967016892412  0.95320518514660602  0.96357949025191869
  0.97418770166246971  0.98434576759443815  0.99295590446776805  1.00000000000000000
  0.00000078630153785  0.00000226074306742  0.00000328676814250  0.00000458191021459
  0.00000623921150896  0.00000839850721742  0.00001075256310883  0.00001337454352033
  0.00001611365305231  0.00001888735969665  0.00002182481043029  0.00002501623704281
  0.00002826301288058  0.00003148861430403  0.00003464804896479  0.00003772674860467
  0.00004078293842770  0.00004350566368163  0.00004590398801391  0.00004845711959304
  0.00005116035027215  0.00005416054651252  0.00005744893125492  0.00006082408144150
  0.00006409794508144  0.00006733446562025  0.00007054718874275  0.00007397227666482
  0.00007789560602366  0.00008211216579193  0.00008683964874255  0.00009200656387690
  0.00009727930031109  0.00010263728665108  0.00010863213262699  0.00011540284130247
  0.00012264194517825  0.00013003644628021  0.00013728501801886  0.00014415993264124
  0.00015085880331842  0.00015682476100807  0.00016297886850312  0.00016966638493244
  0.00017735017067449  0.00018567412280236  0.00019446095360382  0.00020325619962088
  0.00021164337077860  0.00022063739043916  0.00023076781884399  0.00024214468547783
  0.00025524020735801  0.00026951823979432  0.00028361262209418  0.00029728178934437
  0.00031058458325765  0.00032357333837052  0.00033676459797977  0.00035101627649055
  0.00036673736104638  0.00038422819433909  0.00040394003388433  0.00042478701460098
  0.00044573851180510  0.00046499843942057  0.00048383638504139  0.00050580126495790
  0.00053112513497444  0.00055807140665761  0.00058764239781996  0.00061703548729584
  0.00065405189574399  0.00069415568188546  0.00073456438209512  0.00077745361101827
  0.00082304658592315  0.00086900190129139  0.00092891164985724  0.00099695322728465
  0.00107777249652828  0.00116894627765422  0.00126265108176168  0.00132703878048467
  0.00139793317500223  0.00148898584904236  0.00158989029704911  0.00171429448951892
  0.00188026890624821  0.00210865110845014  0.00232610692548119  0.00263280515070300
  0.00371782810718332  0.01061332016263058  0.02576253256341921  1.00000000000000000
 -0.00120144715941120  0.00557435942324943  0.01372703974071205  0.02146976812942085
  0.02970432438707947  0.03960249240793681  0.04938536977456676  0.05796526960774796
  0.06529680647615405  0.07179882716300859  0.07835785961324306  0.08485666389137969
  0.09232816895915628  0.09994193697665775  0.10735111928880227  0.11592906093202796
  0.12627170669798946  0.13604497805370797  0.14553306980661182  0.15546711587016179
  0.16641405001604923  0.17684226400062922  0.18594716929350680  0.19458288343966657
  0.20330310382117647  0.21296257935832752  0.22294740766208340  0.23372505395496759
  0.24443606691804487  0.25287043885422572  0.26043823894780566  0.26764160270851428
  0.27447425198000569  0.28317811906031398  0.29199535077308830  0.29956842261750199
  0.30717230304874860  0.31575329059018226  0.32608565976502291  0.33666723015411071
  0.34600277021252634  0.35495829031681320  0.36422771666657466  0.37410487457770875
  0.38460759437760911  0.39573389469453296  0.40704988140214443  0.41813237454953472
  0.42925971414483260  0.44061896597787975  0.45153777106632320  0.46068096842060585
  0.46900229581192832  0.47785546173176618  0.48761229169163905  0.49843126301688939
  0.50979072648735335  0.52123632150761601  0.53268449970723519  0.54414207009562987
  0.55542256475858276  0.56636888386357032  0.57740972258897050  0.58882161353124063
  0.60056210625090134  0.61311342764862720  0.62570926237230418  0.63723972317676392
  0.64837320312410684  0.66019298476382016  0.67264549987138234  0.68353383864028849
  0.69518888743524254  0.70732490306310269  0.72005267326743672  0.73213853697196540
  0.74532571497741185  0.75883849960919358  0.77226389781785676  0.78551141999663854
  0.79857696998101269  0.81211353591996382  0.82564122139372498  0.83787852190061107
  0.84995037560679221  0.86250137755464806  0.87518932712989739  0.88859904345511787
  0.90254507248657667  0.91611461486228773  0.92939878589207370  0.94271473637039660
  0.95648433006432398  0.97066910136264073  0.98509385161518892  1.00000000000000000
 -0.00221815570255649  0.00827193933519270  0.01944286109609457  0.02927203034291767
  0.04006692148265607  0.05119912721880461  0.06261028428551695  0.07466913722029930
  0.08641028928048786  0.09757839081219653  0.10772617899324631  0.11720408804980105
  0.12535989272737605  0.13280434709279038  0.14051737419439203  0.14940007194939081
  0.15887904044785131  0.16932917225322514  0.17977104244547751  0.18960825038492676
  0.19956851247632049  0.21100664820188350  0.22369992371318906  0.23617146075652246
  0.24757465038865900  0.25854417320908335  0.27001220456113445  0.28170017136807018
  0.29220664427235699  0.30072313883931584  0.31011113196639267  0.32167287035325970
  0.33369195657384065  0.34491750259201726  0.35524773985140540  0.36618331623936212
  0.37569564723283994  0.38423804275065354  0.39293683545450486  0.40050910035167958
  0.40746660790659700  0.41616302591197901  0.42880225416868883  0.44284977383964685
  0.45590108094969772  0.46807344622860941  0.47985104763702896  0.49175804969429177
  0.50398791527214759  0.51654311972573053  0.52892764693744876  0.54060907109146716
  0.55136824257227934  0.56123357216043823  0.57013192724262740  0.57845227442850555
  0.58736075208905836  0.59707120140889147  0.60739583996516244  0.61926924724822785
  0.63308345521024723  0.64658117124422576  0.65807396570757881  0.66879513415508030
  0.67890348404024992  0.68896914092574091  0.69794410944217022  0.70733137522060274
  0.71662483055568693  0.72695280400241979  0.73597114974849642  0.74342825613888019
  0.75168690006883654  0.76033309478331090  0.76902401621143823  0.77790707078975496
  0.78746187648256472  0.79830345620596266  0.81019411866443602  0.82243335221487457
  0.83445185082964612  0.84638950552343517  0.85831286637459581  0.86960777773913289
  0.88156889581916154  0.89295675707328226  0.90368780649048197  0.91475202401635491
  0.92546085048151283  0.93588430205963269  0.94737315295452562  0.95734568096216022
  0.96937415708449781  0.98099311596453775  0.98995626027417860  1.00000000000000000
 -0.00184872086521647  0.00632864799019838  0.01619017139308277  0.02473148647066562
  0.03375410690131952  0.04271755997973851  0.05296362286550377  0.06232847928772026
  0.07116565934256687  0.08096396879424270  0.09199688892111814  0.10372514300083235
  0.11508978830657185  0.12585967136836215  0.13677496694652014  0.14830851030744677
  0.15986533628449268  0.17128441855106080  0.18410891844515945  0.19792436007502318
  0.21169880109388223  0.22428763975458293  0.23587775092813859  0.24841850809554317
  0.26257138795968327  0.27741659275732766  0.29164791412309188  0.30473938611239354
  0.31716636707948098  0.32969815476626174  0.34208009060834488  0.35355407422116752
  0.36537258869799988  0.37764621085770372  0.38869445968940008  0.39980250389393823
  0.41142157681288238  0.42274670463502478  0.43518253397895756  0.44766026233497830
  0.46008160652229196  0.47234102523233801  0.48526578290639155  0.49941080802300730
  0.51243841570219117  0.52358296780487912  0.53415422684247327  0.54566499781386590
  0.55751574957106398  0.56849840689027542  0.57902924047886084  0.59065746471993108
  0.60342685943037000  0.61670956237587560  0.62958467032734633  0.64216246293039814
  0.65510082909925915  0.66794173292377423  0.68019998373919299  0.69219769455274849
  0.70452857015082104  0.71708212423270512  0.72860615414317098  0.73965915546379524
  0.75007348590263823  0.75971039871579849  0.76938748670415114  0.77912649617513152
  0.78932310377195192  0.79898615694187702  0.80816796108144617  0.81790748302163074
  0.82868071227505147  0.83977300017496659  0.85026560432191689  0.86028510576636441
  0.87037180711346507  0.88028885762690678  0.88926754497336724  0.89722268975701625
  0.90487091184718738  0.91220558031154919  0.91974624719570197  0.92842286130026930
  0.93751047109937380  0.94595955157217670  0.95318351875897889  0.95952511060215129
  0.96568489648873035  0.97081287820491746  0.97603134281529913  0.98209289142432665
  0.98702174043624746  0.99126531655359773  0.99561798332730056  1.00000000000000000
 -0.00347307003977365  0.01246262565027413  0.02126768337787570  0.02879888913770222
  0.03620574865415348  0.04467877135751044  0.05307432499923171  0.06173816809511435
  0.07225398059279813  0.08397617537142266  0.09570158715413687  0.10708145818779349
  0.11793983188161811  0.12951623791030106  0.14104486010294331  0.15256390876539302
  0.16417354896578651  0.17562071226534465  0.18723488280853384  0.19877509390304729
  0.21007699408465280  0.22118031864667867  0.23184940601471912  0.24272079258880117
  0.25372212324790866  0.26456141566357083  0.27607011275117860  0.28650123043254205
  0.29685192629987539  0.30787893730447929  0.31879164867535958  0.33026876269586697
  0.34201119464085511  0.35315920501340531  0.36343755865947691  0.37246863225227428
  0.38154519826249023  0.39190193005872626  0.40285520902753830  0.41285330724136826
  0.42413851891103166  0.43612211827403380  0.44783859544259585  0.45921984124556642
  0.47025302231203303  0.48150090014642621  0.49293508983654194  0.50430531481752872
  0.51587000218615897  0.52786956368324789  0.54003027785919988  0.55214333706976726
  0.56423805881654654  0.57584751644512078  0.58712192989584722  0.59763697136466976
  0.60632156501879297  0.61460645532615454  0.62350630363822190  0.63347811432437229
  0.64383093771943478  0.65416057427968211  0.66412147764170004  0.67365856325241824
  0.68305039588243988  0.69279882679711668  0.70262405911480252  0.71259065294479429
  0.72267664592221525  0.73262685188577359  0.74316373688385706  0.75418321284476209
  0.76489448119880998  0.77483523494581008  0.78346642559679458  0.79141800915002114
  0.79982040681375632  0.80855448014075448  0.81846676039275479  0.82934227950997308
  0.84090017528813410  0.85171367242633511  0.86299685341592980  0.87572030071350548
  0.88930649841412635  0.90290794001934438  0.91534820179672771  0.92565919896226601
  0.93453731650105809  0.94334048624346278  0.95238852670270713  0.96198238544965753
  0.97178892339119349  0.98108646123801435  0.99063588396483238  1.00000000000000000
 -0.00167939330292656  0.00701276518985166  0.01685522788502432  0.02689611721196584
  0.03859545231517061  0.04913127151422650  0.05939555503756800  0.06999241938687950
  0.08191875641176130  0.09276073583668146  0.10238767908786275  0.11058991909566231
  0.11841933591476550  0.12714928685142549  0.13742149401649101  0.14840500038411011
  0.15933961256066498  0.17062996480584616  0.18261707102222741  0.19526677762729158
  0.20843521178239133  0.22171629623569292  0.23462383733518249  0.24529676837385619
  0.25396122696586054  0.26218654001803060  0.27013634414028675  0.27779383478953029
  0.28753050780780431  0.29808377855773516  0.30732989131566624  0.31684060878315173
  0.32723413019333597  0.33826265001896844  0.34967591318241920  0.36162604443193003
  0.37412350573774211  0.38694362754399236  0.39973398501382168  0.41139970493728611
  0.42203135137336684  0.43274466954545759  0.44382063190358961  0.45496179423013383
  0.46558592644800612  0.47568030551181806  0.48533151692155302  0.49491472608499315
  0.50481546232393704  0.51613496767920408  0.52806958395849568  0.53898005040131181
  0.54879117122894860  0.55816886250306086  0.56694815099330664  0.57522088763819401
  0.58463812159445294  0.59430379017365875  0.60400717176355512  0.61418261589085676
  0.62417151057806830  0.63489870442998486  0.64662838344209483  0.65841603585949871
  0.66962014298497252  0.67981882379478897  0.68850954028307698  0.69767327167024173
  0.70733485300374199  0.71674870201752705  0.72620572630668423  0.73619112769978290
  0.74553229006688504  0.75361815111237818  0.76152441726404696  0.76973801460495228
  0.77847888688138078  0.78910938609538828  0.80064190596038753  0.81194013637653784
  0.82274791293591643  0.83398944694913657  0.84591267638684164  0.85836864935598645
  0.87041266203275913  0.88154272740595629  0.89208195448982508  0.90294109313069226
  0.91472427151997604  0.92720643309466577  0.93976606780654415  0.95183525797056889
  0.96340817805129408  0.97533673042228253  0.98723787915505745  1.00000000000000000
  0.00709839287214802  0.25889946630374017  0.42080865955744529  0.56439960748678775
  0.62172309198331288  0.63872974294700791  0.64619368202458805  0.65245801181294760
  0.65813245978140122  0.66298003779483183  0.66718323266915147  0.67095853978440434
  0.67447909149277496  0.67813223995156280  0.68179059263062658  0.68505094241235887
  0.68766291326757389  0.69025644471100034  0.69301167713774103  0.69578826848822850
  0.69822384315467789  0.70079900620972990  0.70387549035589947  0.70689835055938732
  0.70987774514567115  0.71271118074239592  0.71562156098117247  0.71857266793266161
  0.72155719507005456  0.72467810771367747  0.72796014360240413  0.73140362331678310
  0.73487714920865232  0.73821137055584896  0.74163731606082040  0.74512405117417480
  0.74854415529752794  0.75186448717862397  0.75513722461949917  0.75834988417235705
  0.76137149190056641  0.76403075555830990  0.76668363003176698  0.76927405939215310
  0.77160541306823438  0.77384737316847962  0.77629245930089841  0.77887577873053448
  0.78148524802594999  0.78420778437469418  0.78707816704334721  0.79037395699891655
  0.79398786515652575  0.79759648078336554  0.80121459941387108  0.80494916009280360
  0.80876779448770986  0.81208528830800086  0.81561336448704902  0.81921491489935316
  0.82272406244471619  0.82638727854449412  0.83022780602955681  0.83416475413400559
  0.83814887808593075  0.84210197204760784  0.84586144155092768  0.84917914567836172
  0.85212570281746713  0.85520326597018559  0.85813038050062962  0.86115505466955933
  0.86461320125564312  0.86806219132857709  0.87146044786540433  0.87508891293987434
  0.87917611864876954  0.88360624827867251  0.88798145182924371  0.89211423519441146
  0.89613413623057225  0.90031875784691584  0.90457349342515991  0.90864789173487159
  0.91246619963326581  0.91632659382581527  0.92112828607549890  0.92628549056923559
  0.93162675816709817  0.93701043505476189  0.94348877155558131  0.95088759496621766
  0.95889172166449121  0.96744440234242068  0.97878990252726528  1.00000000000000000
 -0.03672130740194130  0.19930581876412451  0.24882120772185176  0.27171343475136162
  0.29226458687125656  0.31222640615548869  0.33155656651048582  0.34738984999226263
  0.36186340877659601  0.37538269528820400  0.38799503525096191  0.39989689381697180
  0.41125033281699408  0.42208259664192499  0.43217087001033044  0.44145889459775856
  0.45039061756933862  0.45934983982056155  0.46845883720088677  0.47728289677667179
  0.48513898903348290  0.49241071347235288  0.49972387997764306  0.50737419689798147
  0.51505618708447509  0.52265055924347048  0.53028958854619590  0.53793370253060868
  0.54536379683213054  0.55250077398146946  0.55925026181508486  0.56574749644947842
  0.57201535303176010  0.57795394116213439  0.58383605621514623  0.58981258691717720
  0.59555739555079623  0.60142611564146398  0.60769076381199671  0.61337441932975867
  0.61893401511793622  0.62420471542146294  0.62895677931700344  0.63389197554918819
  0.63907603950618730  0.64443328008301803  0.64999911073165995  0.65549451732009345
  0.66075008655635414  0.66599779465590103  0.67127494315920289  0.67595041263173439
  0.68013846826217284  0.68455703022057268  0.68875656709259081  0.69242170820115301
  0.69578786375124868  0.69934393455248822  0.70305481777927847  0.70720787280303565
  0.71181194441306372  0.71615840772956874  0.72024712777116173  0.72415335234211931
  0.72886559635724602  0.73403835054678535  0.73926115536949544  0.74441797594315084
  0.74958423674520458  0.75458471554308704  0.75872925120145085  0.76266346219042813
  0.76710543984714408  0.77176377930120177  0.77642220332818701  0.78105697393923956
  0.78557347456483817  0.78977381023633053  0.79425775161726364  0.79915388604492055
  0.80438968294288815  0.80975272827592315  0.81489508916010567  0.81978117184492949
  0.82496430508877028  0.83052325559705686  0.83634296303561428  0.84258368561337738
  0.84946981027115864  0.85599792605678626  0.86171442752911509  0.86780207087554739
  0.87357862689386334  0.88427831355832931  0.91643667452905231  1.00000000000000000
   2.9458744290775826E-010  -1.0000000000000000     
 F F F F F F F F F F F F F F F F F F F F F F F F F F F F F F F F F F F F F F F F F F F F F F F F F F F F F F F F F F F F F F F F F F F F F F F F F F F F F F F F F F F F F F F F F F F F F F F F F F F F F F F F F F F F F F F F F F F F F F F F F F F F F F F F
  <DiscreteSampler_grid>
  grouped_processes
  1 # 1 for a reference and 2 for a running grid.
  10 # Attribute 'min_bin_probing_points' of the grid.
  1 # Attribute 'grid_mode' of the grid. 1=='default',2=='initialization'
  0.0000000000000000 # Attribute 'small_contrib_threshold' of the grid.
  0.5000000000000000 # Attribute 'damping_power' of the grid.
 # binID   n_entries weight   weight_sqr   abs_weight
    13   10   4.421868360029968E-002   4.843714522999330E-003   4.421868360029968E-002
    14   10   4.421868360029968E-002   4.843714522999330E-003   4.421868360029968E-002
    16   10   5.352699896505020E-002   9.086316197608951E-003   5.352699896505020E-002
    17   10   5.352699896505022E-002   9.086316197608952E-003   5.352699896505022E-002
  </DiscreteSampler_grid>
