 -0.00102007465067053  0.00379796408531168  0.01073694658103636  0.02006682848861998
  0.03044649912944102  0.04125271002471003  0.05255580250114102  0.06431836898840755
  0.07639356234280942  0.08828577873456886  0.09980771478906732  0.11099023261331466
  0.12149185033230650  0.13145827997840784  0.14099390371636286  0.15073559244521267
  0.16107020992277202  0.17245662933859851  0.18368191691483313  0.19396469270865854
  0.20331176706868345  0.21292324147405411  0.22317241904590726  0.23349518303935007
  0.24319627771352392  0.25278646191655835  0.26253046769344057  0.27183621515043949
  0.28261173646556476  0.29452078745536986  0.30622965826888632  0.31802333677879269
  0.32799647445318703  0.33758784212596971  0.34728771821017251  0.35701292975246124
  0.36635026834820844  0.37701211140160973  0.38842482010248797  0.40012451842762059
  0.41095387234495068  0.42133549957346877  0.43160268092172233  0.44359851826553365
  0.45690344516117765  0.46966064857994627  0.48064264451464345  0.48948464362108085
  0.49860686934998294  0.50794287264877880  0.51565508412443839  0.52319724359250575
  0.53150971529321100  0.53968526335496636  0.54960923590817246  0.56118086579608684
  0.57300372433659919  0.58463300274426844  0.59607166827875402  0.60744065844081629
  0.61904274004459714  0.63109874184454506  0.64347724905888670  0.65553478535948795
  0.66625157874793395  0.67698046170333059  0.68836426735318379  0.69991092506100216
  0.71200878297109083  0.72417459916361004  0.73257289470564213  0.73911884330447630
  0.74694983218232247  0.75698499709211775  0.76779126784936602  0.77812290307325160
  0.78733113442085523  0.79653985691933316  0.80699025240563627  0.81824122192759829
  0.82974624079586934  0.84185290731436568  0.85418486973520313  0.86609787337650990
  0.87720179237507678  0.88784629580300378  0.89793323032314931  0.90723074901170520
  0.91722396065494383  0.92894947184737664  0.94137031553875206  0.95394648854716269
  0.96673269719382815  0.97927789523593067  0.99084996931496838  1.00000000000000000
  0.00007083528349407  0.00007488340706615  0.00007901883315874  0.00008259315508381
  0.00008639692623945  0.00009028844329382  0.00009209925365157  0.00009232730471368
  0.00009238207101358  0.00009240733332053  0.00009242170811196  0.00009242995157550
  0.00009243573141309  0.00009243992232706  0.00009244303510081  0.00009244551104728
  0.00009244720675838  0.00009244876370816  0.00009245023732605  0.00009245130171794
  0.00009245232773180  0.00009245326074014  0.00009245418518895  0.00009245505378302
  0.00009245592237708  0.00009245679562593  0.00009245766895385  0.00009245860398536
  0.00009245954893960  0.00009246074999022  0.00009246201507865  0.00009246344994826
  0.00009246524271360  0.00009246736695969  0.00009246986147927  0.00009247381321212
  0.00009247879260822  0.00009248474704036  0.00009249591939532  0.00009251461777397
  0.00009255658541810  0.00009273122471202  0.00009390492661026  0.00009804339530341
  0.00010441052281825  0.00011238046177159  0.00012472002378327  0.00013945967795525
  0.00015773931814302  0.00017990123153515  0.00020223629807365  0.00022531615280650
  0.00024922039175191  0.00027354472144147  0.00029770326734073  0.00032393591412740
  0.00035143495124631  0.00037894117451142  0.00040644560348991  0.00043575584215283
  0.00046549198464411  0.00049705820478819  0.00053250313691720  0.00057317585977086
  0.00061835006621198  0.00066990372530195  0.00072688513558146  0.00079052317731353
  0.00085634707594359  0.00092948310872371  0.00100775863618116  0.00108919188915974
  0.00117412146798560  0.00126603497669456  0.00137400512730467  0.00149879494712709
  0.00164062903086923  0.00178902159449286  0.00193949806225561  0.00210037908144859
  0.00227299834691920  0.00242431245339884  0.00255715987175321  0.00273039390312827
  0.00291959684401005  0.00315039489164339  0.00344793903377859  0.00380879263048178
  0.00420180046845482  0.00464731977223868  0.00511513573649981  0.00562848634585430
  0.00608999899303935  0.01521550881041081  0.16309673599847191  1.00000000000000000
  0.00000012870789610  0.00000369814068442  0.00000533720951018  0.00000674178364089
  0.00000794495567961  0.00000953104447929  0.00001104102858961  0.00001262313113892
  0.00001392653181518  0.00001535918456078  0.00001732896635619  0.00001985906407899
  0.00002280502329077  0.00002601213429727  0.00002895974747157  0.00003186294703251
  0.00003447428182277  0.00003669753425758  0.00003881900756834  0.00004098144900752
  0.00004329249891619  0.00004552330142798  0.00004765809110239  0.00004973970404056
  0.00005167326853923  0.00005360936722958  0.00005580497445931  0.00005874701105083
  0.00006245287597976  0.00006627163834220  0.00006971733580921  0.00007303946703255
  0.00007645939403430  0.00007999881235871  0.00008366385052534  0.00008745078675222
  0.00009088635075488  0.00009388334083033  0.00009655535210383  0.00010014266874477
  0.00010487999592079  0.00010921492979278  0.00011272000402938  0.00011664470212866
  0.00012177744999334  0.00012641119988894  0.00012985390307293  0.00013431167683048
  0.00014023546042046  0.00014727720483600  0.00015531409438693  0.00016406159698830
  0.00017329888544523  0.00018341302719805  0.00019539881050458  0.00020992657834436
  0.00022688726902022  0.00024533742126759  0.00026377069840480  0.00028263998801253
  0.00030200858504767  0.00032166157063057  0.00034105781877879  0.00036003657173582
  0.00037968794592968  0.00039971076487052  0.00042017733536452  0.00044144004350557
  0.00046356396912614  0.00048742718168764  0.00051529590070047  0.00054735980081942
  0.00058033055661698  0.00061139313279247  0.00064420264798514  0.00067997814351955
  0.00071595469313420  0.00075409253693922  0.00079690680600560  0.00084781635246921
  0.00090851663089664  0.00097115799458444  0.00103912517823405  0.00111641615326114
  0.00120806164839564  0.00131516486361731  0.00142363449430626  0.00152596034005350
  0.00164421777842652  0.00176755440517923  0.00187582807379445  0.00270776809945568
  0.00438194780829668  0.00746517478742007  0.01979867130209989  1.00000000000000000
 -0.00203417418296695  0.00713063916025439  0.01701843815374540  0.02678655007977352
  0.03621710532230558  0.04566612833838838  0.05528433206010808  0.06484680693635503
  0.07438411148566754  0.08384732816254103  0.09350564548875992  0.10428385235259745
  0.11572805501892064  0.12704746098921077  0.13734585741603042  0.14885122539311191
  0.16265959240535194  0.17663546848542913  0.19009575607578158  0.20270910866961303
  0.21512886462036124  0.22748302653537858  0.24032415957778466  0.25368598463893832
  0.26649428811746212  0.27971375947399829  0.29325866060760547  0.30657325445189265
  0.32010983154354367  0.33439901249142989  0.34967845615133397  0.36539357173096665
  0.38133863224692638  0.39753920117359809  0.41304909275480434  0.42708857837116510
  0.44099250327790568  0.45488173781342156  0.46811802663122637  0.48146223585097947
  0.49490555195987540  0.50848588322389965  0.52169102497899400  0.53420576860720126
  0.54542963643277886  0.55587792828773641  0.56716179213569740  0.57868087850997030
  0.59085546906008302  0.60328363038702537  0.61528980438723546  0.62708742752463331
  0.63870290678314567  0.64940329578467793  0.65895842365387980  0.66881427431023099
  0.67861175379398775  0.68933090652987095  0.69984012862817202  0.70876534939694846
  0.71841124724203265  0.72829441040589971  0.73739692463264184  0.74588293541147310
  0.75456328933622718  0.76359862920347710  0.77231886396430049  0.78521377784895963
  0.79636506163772991  0.80648319096287280  0.81506138065579470  0.82355831357838882
  0.83258515285473922  0.84225082665672013  0.85157987746297448  0.85975558472246671
  0.86780033608116003  0.87474168714888756  0.88092178394883536  0.88678067661680937
  0.89345125959747562  0.90081929361277513  0.90795633405255294  0.91444701231700276
  0.92116720852821066  0.92827748493362816  0.93512804664435489  0.94181377675682165
  0.94852901364566311  0.95529565366631153  0.96203048209088993  0.96823380901361511
  0.97454534743448251  0.98214311971126911  0.99090268091021039  1.00000000000000000
 -0.00243412034830658  0.00903442437983747  0.02005766839379033  0.03027717338228050
  0.04078512555987043  0.05138017891434877  0.06147891035048451  0.07136135436234481
  0.08170564762252125  0.09200088802372577  0.10150700494433584  0.10994873674263973
  0.11936810077831000  0.13016486716511738  0.14008586221217073  0.14873310580441712
  0.15737713716897186  0.16765198390691061  0.17921148896636580  0.19136341605527793
  0.20319382329448260  0.21526083461807155  0.22689551685184067  0.23910971433112352
  0.25163014873175271  0.26410494428255143  0.27625678664176428  0.28811623240690559
  0.29993067153725012  0.31167902469835090  0.32309027302248772  0.33428323154725481
  0.34549664196349844  0.35707555984401229  0.36941431328846192  0.38210482320368033
  0.39415792350200607  0.40479921380287021  0.41363333604842661  0.42129082644448312
  0.42931796260089944  0.43797489002941598  0.44751077235585873  0.45704830833220400
  0.46653494826944603  0.47657173499940009  0.48656847954974419  0.49626476686268073
  0.50663314928224823  0.51762837628097702  0.52907337204371685  0.54038328131498314
  0.55186510988243453  0.56260728481124678  0.57284895073465314  0.58326124091606402
  0.59396459432411786  0.60499253169373823  0.61652388622673160  0.62829226073378319
  0.63926551868325165  0.64906637457715788  0.65860312696323375  0.66855078097085618
  0.67880820647676576  0.68930108187069150  0.70048814761042000  0.71229794664906776
  0.72378853660891607  0.73439419091259894  0.74441640593899838  0.75429920496660052
  0.76265847338547343  0.77000025668738592  0.77844083126600194  0.78823481150322405
  0.79822880444267053  0.80905236652333634  0.82000436961143686  0.83165804492968720
  0.84339414935850576  0.85468455614471672  0.86590631526176487  0.87656617548611826
  0.88695741513107296  0.89690017669236888  0.90728523597931809  0.91801957950730972
  0.92921818326772909  0.94080139948624608  0.95217593635612230  0.96186115513190817
  0.97141122500902199  0.98073927593558030  0.99060017266631861  1.00000000000000000
 -0.00153494076117808  0.00626028362298511  0.01636522394288642  0.02551580872681725
  0.03464983034237640  0.04306661665190296  0.05032679496414462  0.05729298925151562
  0.06455767411986399  0.07319762301965017  0.08285029623498706  0.09160298590305413
  0.10008555755689401  0.10946990078758725  0.11952701372293342  0.12927730184240147
  0.13823571139938132  0.14716705537272576  0.15605851035129711  0.16521545492014525
  0.17520872762299530  0.18565001021339864  0.19597708778946582  0.20592116155413759
  0.21518596696137490  0.22420826996398849  0.23313970278059934  0.24172148159159917
  0.25044254076205547  0.25985885484063065  0.26984712510019854  0.28003066738740634
  0.29038236774188086  0.30069560382768584  0.31107669792069659  0.32167594431761637
  0.33256574149180751  0.34330885664334421  0.35308228188035318  0.36204154122679233
  0.37123537415274871  0.37953749503595535  0.38687789332187483  0.39517625444084609
  0.40293550376054610  0.41099147634220612  0.41760152611905638  0.42651763997455860
  0.43696487107596060  0.44876807051324308  0.46025593438397305  0.47218665817843719
  0.48497772690466057  0.49693476717878854  0.50806107970936532  0.51858620383989751
  0.52952507716311670  0.54104902025326074  0.55268335489295173  0.56406909648672265
  0.57584274040733985  0.58824769518839104  0.60090733219490855  0.61375880063055854
  0.62707479919934084  0.64084688486356955  0.65442953417719296  0.66752206163948291
  0.67863231493879927  0.68822172824823191  0.69791337030795519  0.70662847281281260
  0.71431582605089194  0.72484390483606631  0.73916176243351583  0.75395109011932249
  0.76574588233834018  0.77790744428033343  0.79029436695214172  0.80155587833510511
  0.81256454865320460  0.82422569615907271  0.83716503372702711  0.85097941803619814
  0.86330222410416702  0.87327918149177886  0.88307423035664734  0.89515033906157715
  0.90443652540771258  0.91233303303151425  0.92226986909847442  0.93430463678065945
  0.94749744160413152  0.96243156407166142  0.97982590854572671  1.00000000000000000
 -0.00187949480230920  0.00769696161758050  0.01936837870813283  0.02971766803652329
  0.03948913754962615  0.04875885437939902  0.05906423009784083  0.07070574650301158
  0.08336696009506300  0.09341083136274794  0.10179086708979204  0.11105019189714480
  0.12103627751181886  0.13189906791044892  0.14215767877636826  0.15269631397437097
  0.16293793080784236  0.17275491591186659  0.18222810409375487  0.19206538936566286
  0.20165931354368347  0.21158575741497060  0.22242137569507747  0.23390533670986854
  0.24524972026468159  0.25673011980812754  0.26781056746960735  0.27812254003044340
  0.28938246833876918  0.30024564612818283  0.31316996315824119  0.32564425495942861
  0.33686413684787714  0.34708209299851961  0.35692921360400981  0.36767573694285421
  0.37878800454167333  0.38846099893186642  0.39821932276629485  0.41072487516702871
  0.42389018325313305  0.43580987734706744  0.44551654653531036  0.45400791054794715
  0.46348485329496825  0.47286796020933536  0.48165125699479228  0.49050449053710954
  0.49920151907007021  0.50834441295778643  0.51947609483636126  0.53162089417057534
  0.54258627020314210  0.55293726046270530  0.56288977550491659  0.57547583641534461
  0.58586955744382396  0.59381156055255369  0.60096530407169391  0.60884050508103726
  0.61779201177496912  0.62738527871120753  0.63756094465800761  0.64765719746368822
  0.65750012714355743  0.66854949804382047  0.68132355924366639  0.69395882914434204
  0.70547359712328295  0.71652017451005356  0.72723636746955245  0.73731068007622580
  0.74688621894236629  0.75750874861976147  0.76968153898246283  0.78163553064924818
  0.79332793899971787  0.80451074465730654  0.81491015676595935  0.82509752630367661
  0.83556192275825525  0.84634255643924494  0.85790399668684125  0.87088177495810359
  0.88411630516701489  0.89734930073723673  0.91033272379586483  0.92306606764058596
  0.93556213652553655  0.94735573838193343  0.95755055096749186  0.96603816157371203
  0.97457158739120675  0.98277782667230074  0.99075302874155402  1.00000000000000000
 -0.00246694959968951  0.00877400470592534  0.02051884621686037  0.03167181259611095
  0.04319132876346143  0.05472176118763235  0.06652727773197940  0.07803991566820444
  0.08739157724714494  0.09522622219099437  0.10278737879278343  0.11064642368664697
  0.12057065355775710  0.13175562562928772  0.14289327991818773  0.15353257271275791
  0.16424688661110179  0.17541389728699228  0.18639080229191587  0.19750656901857022
  0.20896822531593440  0.22074363596999458  0.23319058599721842  0.24630645354780067
  0.25935715144484067  0.27203190148546147  0.28509893032047479  0.29790843436757286
  0.30959083576893093  0.32012645004629481  0.33018534686347867  0.34026820405144692
  0.34985504433843939  0.36033986332286816  0.37158508068480656  0.38055017769606997
  0.38865908044525804  0.39687825321894038  0.40563149589666592  0.41521387891671369
  0.42378437732877283  0.42986157618162146  0.43789366236122690  0.44758901764498532
  0.45534053907912875  0.46427786534308801  0.47322580336389686  0.48293521718192223
  0.49441201020939962  0.50653573573287591  0.51835029868388616  0.52919526224821800
  0.53881970432658943  0.54803429928437053  0.55694104337193429  0.56556059657723012
  0.57542508244283863  0.58673601522444963  0.59852059580680694  0.61066780572856572
  0.62320701676219603  0.63564320687743503  0.64728148385383721  0.65862576777155557
  0.67020415709580528  0.68111287696219280  0.69208349772208200  0.70304888172467750
  0.71407351920783524  0.72437142656305686  0.73410283612000082  0.74443613045976431
  0.75513316874858893  0.76629783759685666  0.77763197087542868  0.78863623333833355
  0.79888744395878075  0.80681193736522661  0.81385038693854217  0.82220212427522321
  0.83180051348032569  0.84175425659873360  0.85209351193207217  0.86350740943652282
  0.87517153306341267  0.88650008141828585  0.89792994597906528  0.91005685615873710
  0.92286995978961228  0.93524422291057507  0.94658798091466900  0.95754232175658127
  0.96853739406683437  0.97956956033253983  0.99003836836326897  1.00000000000000000
  0.27214847275843340  0.38843857761177847  0.45204529818610428  0.48064647086422302
  0.48708008714773920  0.49706395977148693  0.50973201205163199  0.52201308754441900
  0.53800865746110971  0.55579902745696441  0.57810904191122570  0.61008870254139647
  0.63610687321738812  0.64925142967040317  0.65703456154528028  0.66291179768789676
  0.66805733939217993  0.67264121406288468  0.67674762714165415  0.68071950599358366
  0.68466350737577852  0.68840382706242009  0.69182345312668947  0.69512164995153525
  0.69857246721273825  0.70210153782370044  0.70557892521506338  0.70931529151784278
  0.71310004177232633  0.71633340980270166  0.71922304002905224  0.72239264411845716
  0.72597299247494362  0.72944305713057223  0.73240935991219369  0.73500262466642952
  0.73750569937438437  0.74016973878147585  0.74282791963126105  0.74533472032699821
  0.74785993254432637  0.75018976769250234  0.75279656379049131  0.75546741192105826
  0.75786221601683312  0.76008722606761592  0.76231782665910763  0.76526795161439454
  0.76861804115707677  0.77112172145257774  0.77343179514397764  0.77563453496065426
  0.77836146194118261  0.78112359329348291  0.78346530514363821  0.78613934187568080
  0.78921363502690667  0.79247698806053579  0.79574096086489099  0.79877299414584302
  0.80158999644838047  0.80439810372582377  0.80718408344455306  0.81000768932679879
  0.81282744335843571  0.81572404094751516  0.81889878882235523  0.82218427513365289
  0.82541119747882286  0.82885996541112805  0.83263264415985849  0.83694706651830464
  0.84168686313954877  0.84653906527799405  0.85136505142861407  0.85614427366242396
  0.86091013827616791  0.86569549339144425  0.87077949431727675  0.87597752951330687
  0.88126594905097055  0.88671098429431527  0.89241238508935050  0.89833303208486437
  0.90429514617304607  0.91020014797429116  0.91650787338369766  0.92302675546841040
  0.92971603280355619  0.93666679089976890  0.94393506769990709  0.95152532502638298
  0.95953477355011130  0.96848082169351501  0.98218523931500634  1.00000000000000000
 -0.03942557191441140  0.15874593040453167  0.21260380303040702  0.23830908678227100
  0.25961948945720509  0.27807668617837517  0.29543100213393980  0.31247075513150163
  0.32878097053568589  0.34336467545100557  0.35536857547944678  0.36630945193892123
  0.37687895294106738  0.38691919470634106  0.39472002827502112  0.40137937840627069
  0.40816558172621259  0.41453148184041921  0.42152073502061527  0.43003179633630784
  0.43776065923602431  0.44543006697405352  0.45216053175455934  0.45872533512402119
  0.46685159213769595  0.47618365898763082  0.48461661652759030  0.49178746357515868
  0.49853814585447004  0.50543012406103693  0.51246433499181498  0.51934690661389249
  0.52643771944952678  0.53347527665997363  0.54046503576043803  0.54753734021066025
  0.55501930421453349  0.56180109069693396  0.56837469339535240  0.57503767249783133
  0.58156130040852327  0.58771039796109525  0.59344765014935530  0.59883184951306645
  0.60396794731151227  0.60910925388369874  0.61441419793642205  0.61998073816770183
  0.62577134044642302  0.63160937500293723  0.63737660263846974  0.64284951958223158
  0.64768118633479499  0.65201508326580460  0.65647170191207671  0.66081779819791864
  0.66440238889640191  0.66780456012431433  0.67206603177535496  0.67615110039146964
  0.67948350769886201  0.68289875372520803  0.68637583809612246  0.68971720894242350
  0.69272690888716626  0.69612468146425854  0.70021619496762688  0.70436667470287373
  0.70843319788723502  0.71271968733016533  0.71733908390153434  0.72226302256363251
  0.72721444587067618  0.73238948382071856  0.73761739549535077  0.74306374054290092
  0.74878092740834201  0.75436245921212775  0.75950365018268806  0.76412763278766538
  0.76862153835248204  0.77308006180275446  0.77714382289912332  0.78124147708077119
  0.78534441005822264  0.78981109273812367  0.79449967453500370  0.79957382633926621
  0.80545168641518117  0.81290890901086943  0.82105481988187545  0.82900126530950469
  0.84522312597023930  0.87315995893623233  0.92059264413841391  1.00000000000000000
   2.4099062638540459E-010  -1.0000000000000000     
 F F F F F F F F F F F F F F F F F F F F F F F F F F F F F F F F F F F F F F F F F F F F F F F F F F F F F F F F F F F F F F F F F F F F F F F F F F F F F F F F F F F F F F F F F F F F F F F F F F F F F F F F F F F F F F F F F F F F F F F F F F F F F F F F
  <DiscreteSampler_grid>
  grouped_processes
  1 # 1 for a reference and 2 for a running grid.
  10 # Attribute 'min_bin_probing_points' of the grid.
  1 # Attribute 'grid_mode' of the grid. 1=='default',2=='initialization'
  0.0000000000000000 # Attribute 'small_contrib_threshold' of the grid.
  0.5000000000000000 # Attribute 'damping_power' of the grid.
 # binID   n_entries weight   weight_sqr   abs_weight
    13   10   3.919222918672759E-001   1.126317380825220E+000   3.919222918672759E-001
    14   10   3.919222918672757E-001   1.126317380825218E+000   3.919222918672757E-001
    16   10   7.188326081512290E-001   4.166633505396623E+000   7.188326081512290E-001
    17   10   7.188326081512286E-001   4.166633505396619E+000   7.188326081512286E-001
  </DiscreteSampler_grid>
