 -0.00229241492895208  0.00866762405727870  0.01833884448761297  0.02833676949228085
  0.03856579334510225  0.04885111375112988  0.05918168644890399  0.06963256983763139
  0.07998212222949948  0.09057841471125162  0.10111215441433201  0.11167269024266804
  0.12229348098738546  0.13286981559696259  0.14340381003089486  0.15377184782181599
  0.16422135061358639  0.17481815659522140  0.18549793732718806  0.19613904097508464
  0.20667051864186173  0.21718165098755202  0.22773270292169817  0.23850802368382878
  0.24935917516107428  0.26000067493660184  0.27053425030190598  0.28097454226012875
  0.29153240797904612  0.30194817437532245  0.31250649189084351  0.32303026368790061
  0.33348398872265095  0.34367389463968501  0.35392557226720250  0.36422448126610873
  0.37469653782769358  0.38522448688100530  0.39592561640370677  0.40675088657061614
  0.41747266950746659  0.42819896450073075  0.43896513696874845  0.44987005328535634
  0.46076693629781101  0.47129341118248846  0.48157050439439664  0.49177364490687853
  0.50208007406857857  0.51256335042964385  0.52313688513782153  0.53373211043650404
  0.54436652304265087  0.55498496088892135  0.56555555829049664  0.57595997639547669
  0.58641728331289544  0.59692967502641647  0.60734302610060786  0.61763774173163288
  0.62785540971321008  0.63826358645973158  0.64871373486032291  0.65932648836246310
  0.66993472127798881  0.68041456906661912  0.69081739342358128  0.70124091190474702
  0.71195544850283266  0.72267265284953686  0.73335245185080178  0.74409607407427636
  0.75493815996768898  0.76588973096121160  0.77660194730360832  0.78721816230801955
  0.79758195647823549  0.80784626153135841  0.81831344052397981  0.82881397937201373
  0.83944010650017720  0.85009896037841859  0.86089545756541064  0.87187477595943619
  0.88274078395296607  0.89350592126621209  0.90401912960159581  0.91446404849122864
  0.92498391612944442  0.93564056090969705  0.94639837555942807  0.95715907256028321
  0.96805528659474327  0.97868754646566147  0.98937316609641213  1.00000000000000000
 -0.00322307889604929  0.01457905094439112  0.02729481957194071  0.03801165066206386
  0.04851196984808442  0.05850693816737811  0.06852164766305890  0.07856103419845840
  0.08873103310129561  0.09922195454284444  0.10972662482442407  0.12038627453839033
  0.13116665206279945  0.14200738816580363  0.15276111208194712  0.16329969420990392
  0.17401212804055183  0.18461577738122559  0.19526943973062572  0.20591692819300708
  0.21666636820146937  0.22748974981509060  0.23813852383576475  0.24873424438376082
  0.25906467915062636  0.26946125570643409  0.27999761808057166  0.29031214941612626
  0.30053617887640394  0.31052948297304434  0.32103783743712083  0.33149883012898357
  0.34216801820153209  0.35269178659883021  0.36310981041624663  0.37350033347944789
  0.38399820282608776  0.39468196707120390  0.40528487752501613  0.41574061377546384
  0.42624864568390963  0.43655393633396966  0.44683835133662786  0.45720050911792703
  0.46763584353970261  0.47807394048923352  0.48845451056880518  0.49871815379392503
  0.50894965944477644  0.51917611748404713  0.52969851854317485  0.54017969870376925
  0.55058548234189220  0.56093975925321360  0.57136653175345375  0.58194898869061529
  0.59228616098588416  0.60276570127351004  0.61305566462445982  0.62344397186552614
  0.63376926526598443  0.64423151425212066  0.65478503044778891  0.66540858845578266
  0.67597933951956468  0.68656321338257875  0.69717029896910254  0.70795850848061181
  0.71878342917700422  0.72950171798461083  0.73996545963323768  0.75035324012566140
  0.76078664746796520  0.77123679430940228  0.78175843159770786  0.79233216054937305
  0.80297663482913006  0.81370459560765063  0.82413847929149797  0.83452463567568769
  0.84458623990911041  0.85497008304047262  0.86533087634579808  0.87565579192557852
  0.88581921521905893  0.89604594187292042  0.90644471453676334  0.91691938524340333
  0.92729007682308484  0.93769437163504599  0.94800722592521913  0.95826842115781141
  0.96857689182491602  0.97887153430862550  0.98945144818021702  1.00000000000000000
 -0.00192868364274849  0.00897150902449237  0.01817146624485125  0.02762574767747074
  0.03729505421200112  0.04700143452748590  0.05672614905937494  0.06675996319766567
  0.07710404676982788  0.08767752293730671  0.09826771968421692  0.10890036091841698
  0.11947899600268951  0.13015597218777869  0.14103998738236659  0.15220127671857775
  0.16348510206446062  0.17477447339408117  0.18581473208589444  0.19656424120509872
  0.20732371916828085  0.21842749154885271  0.23004769621360160  0.24191319900253536
  0.25396687201176099  0.26591273167683654  0.27814189593457900  0.29034528909754664
  0.30256693529914053  0.31459884104028957  0.32661294845342786  0.33881074975491876
  0.35105263504493311  0.36341183915467457  0.37574778670577902  0.38800259388116998
  0.40032422728255174  0.41292792757432156  0.42558369820278980  0.43804886694836986
  0.45047628106035092  0.46282291630268335  0.47506437943797353  0.48708557075319536
  0.49896846676052631  0.51091761819224735  0.52297859048220163  0.53499830338189180
  0.54692032539926527  0.55883136728072191  0.57087412369914647  0.58286818922072536
  0.59469679182763491  0.60650683088595780  0.61839387972473336  0.63017050392607332
  0.64172345207372528  0.65327143097981943  0.66493731742078932  0.67618540090870205
  0.68710330279524412  0.69766389267601259  0.70814508799452769  0.71849536008189097
  0.72870581173649351  0.73881637645409792  0.74886078949600454  0.75892278928539303
  0.76899119807380145  0.77900287892574094  0.78897424760144363  0.79878340804644432
  0.80839522262054331  0.81783855569798114  0.82708804276500292  0.83635824755308374
  0.84556224784558831  0.85471098698094949  0.86362623174229869  0.87248477037651373
  0.88116034646081287  0.88974601984197832  0.89816747087906412  0.90646859773436816
  0.91478411463167020  0.92308564187387632  0.93137505984413294  0.93953609896596646
  0.94746098970492254  0.95529642835957829  0.96296246688636367  0.97051959042424230
  0.97795310152367787  0.98526935183075148  0.99256639855599060  1.00000000000000000
 -0.00242200803357042  0.00943217897456831  0.01952498326845446  0.02977063459242990
  0.04031557013596818  0.05094088999410515  0.06155369936461894  0.07233245083170858
  0.08292127255007291  0.09357042973042093  0.10419853015592634  0.11496824459052386
  0.12565066823799462  0.13640967848135371  0.14720261417491398  0.15778982068136507
  0.16841255338299460  0.17897742777796180  0.18952949332831426  0.19994286674225423
  0.21049110637426782  0.22123408832612487  0.23191040327155413  0.24243822048472169
  0.25283887464567473  0.26333966394043196  0.27402265909910367  0.28494900417057989
  0.29576681897734902  0.30656190534046385  0.31738500138761544  0.32832806198097086
  0.33902372538281950  0.34940998284915481  0.35981871880588623  0.37021125025887058
  0.38063532751584789  0.39110214670162147  0.40165033370818415  0.41228724024653557
  0.42278061785670790  0.43320731687511921  0.44368672964691330  0.45415551530417991
  0.46455901929462956  0.47483400729696262  0.48524027706888212  0.49581904759068934
  0.50643463927721255  0.51699087654054487  0.52741286650788033  0.53787010813479452
  0.54818481495958260  0.55844981613325528  0.56865879716386891  0.57885406729233579
  0.58912700891695213  0.59956931183991380  0.61020900655103449  0.62089873907663873
  0.63146124835525741  0.64191763974975613  0.65235959290393619  0.66279016436479254
  0.67322935301235720  0.68373920965795332  0.69451607985766861  0.70546993701412986
  0.71614416674994330  0.72660967427050349  0.73702616010486821  0.74745458065342896
  0.75778010927330886  0.76805941485131723  0.77846029088402602  0.78893105495545501
  0.79939779071782957  0.80985889127783961  0.82020404999641894  0.83054154700821226
  0.84092885343332879  0.85149785192142846  0.86220769084845117  0.87297114316668145
  0.88356927945360375  0.89399600446207239  0.90449937159523719  0.91519794086487705
  0.92580576827669359  0.93621725672750666  0.94670037671641338  0.95745561475384022
  0.96810512581888919  0.97868755292411669  0.98926457453608896  1.00000000000000000
 -0.00238773531908845  0.00956196205249040  0.01975962200545559  0.03027234227759137
  0.04085015287851155  0.05148037865454869  0.06204335155531659  0.07271136144897915
  0.08313999625714460  0.09389160437642104  0.10439161369124145  0.11538147081878695
  0.12631664221504887  0.13741715650183889  0.14820544335759489  0.15879129410663292
  0.16936327165223045  0.17984080939892705  0.19021321142796535  0.20047307405125367
  0.21084152802637721  0.22134306234696466  0.23182675320103574  0.24230777904488565
  0.25278331095905499  0.26355475577842608  0.27433325526412194  0.28507836345105658
  0.29534415507350947  0.30550969690465779  0.31587803478351340  0.32646327682999493
  0.33713376749075635  0.34767856804157476  0.35806527006248684  0.36832377436611347
  0.37881237757510583  0.38951106723608858  0.40028600078110099  0.41072255603162677
  0.42107688455788400  0.43141871463836795  0.44186907192371605  0.45242427076276531
  0.46306494242776347  0.47379099749442655  0.48434775334488561  0.49486829008838673
  0.50532290298237659  0.51590929738673930  0.52644330561149977  0.53690597839344067
  0.54741833267149587  0.55793611238800522  0.56849746464866546  0.57901556737705318
  0.58960031712144800  0.60033782133371161  0.61080571081741364  0.62131930657184453
  0.63161238381012696  0.64206294552067944  0.65238468383604520  0.66275668784245789
  0.67311118978481210  0.68349720888289700  0.69368497341180513  0.70382585155941457
  0.71385449044849814  0.72389002912420874  0.73420455392093931  0.74467433668766958
  0.75512582898173097  0.76555710233600238  0.77613854571829122  0.78699060567809975
  0.79763162308659052  0.80828510816649235  0.81881060650243065  0.82953289799022845
  0.83994081997575643  0.85048441933943242  0.86115778429307421  0.87188467692434224
  0.88271043662457838  0.89336530532436231  0.90414706381822940  0.91468286003336141
  0.92523402702686730  0.93582665018051725  0.94673418017967992  0.95727093083718018
  0.96782026819481404  0.97837205042676856  0.98922882526928502  1.00000000000000000
 -0.00270815248275793  0.01003842793914717  0.02083664650333814  0.03162465440470449
  0.04231959751808673  0.05268511408732555  0.06282877280112968  0.07289429793718273
  0.08316040384930219  0.09334998522067707  0.10365546900383080  0.11404447425904468
  0.12447595790126309  0.13472205376758570  0.14493496222807392  0.15523255502877389
  0.16551901044259396  0.17595596087981480  0.18648892403848238  0.19710445203027485
  0.20767299530230016  0.21831353426403013  0.22899614679657820  0.23970551133287205
  0.25031347521664804  0.26078106216332669  0.27129879277368102  0.28190936986484444
  0.29286209799911439  0.30351053232811748  0.31405807772249467  0.32437916696185226
  0.33490307427941596  0.34539973823891246  0.35597330959673068  0.36626680795678612
  0.37685318560419745  0.38747321310080685  0.39808852949186413  0.40844979409397636
  0.41888400080901667  0.42956632664122052  0.44031905341257044  0.45092701819610803
  0.46149257234219282  0.47195556047484888  0.48236291867917519  0.49259856069448604
  0.50296112633834011  0.51324063005530385  0.52376683118481537  0.53410258304004898
  0.54455562239270006  0.55494656418326516  0.56549043504133445  0.57611543237696683
  0.58668009600684723  0.59714370083336110  0.60747617412351840  0.61775506092022336
  0.62792496891717886  0.63812944712534603  0.64846782036727535  0.65895098980527800
  0.66946455891188117  0.68005122591651945  0.69067376287847693  0.70130497600235753
  0.71191511841436550  0.72270305543233337  0.73351509431732753  0.74437938035493378
  0.75515314535406264  0.76595290708926622  0.77685177150852269  0.78784174219863012
  0.79843708926001533  0.80887860582642557  0.81931507891014432  0.82975560543867233
  0.84017164366585073  0.85042552502468050  0.86096451217314629  0.87154140611168740
  0.88205656726592174  0.89283030218552595  0.90346303411436535  0.91431730181081194
  0.92498980056672109  0.93581718615197906  0.94656508166404041  0.95738800048949213
  0.96819125301070852  0.97890984180891394  0.98944354668808610  1.00000000000000000
 -0.00255353983693058  0.01146298686032090  0.02320768783046900  0.03528582014354532
  0.04740180012081732  0.05932878700408716  0.07098842509504616  0.08247027180411008
  0.09381715080376704  0.10516019331820525  0.11636694986668525  0.12735693454792918
  0.13813392020717832  0.14878957316559110  0.15941963983406116  0.17001370719076850
  0.18047961270712939  0.19079279486101694  0.20097902607492982  0.21105412681672597
  0.22105801936193945  0.23101628211598826  0.24093915337736976  0.25086979551521327
  0.26073267159728736  0.27055603108427917  0.28030429627243159  0.29001691132838980
  0.29964627198644894  0.30914718926137774  0.31858073008203919  0.32805050236763544
  0.33756065704646210  0.34692308763711432  0.35626399648073415  0.36543213057606916
  0.37460756274526341  0.38358662871685745  0.39258549835662693  0.40173696552845761
  0.41105053641907813  0.42036124081276177  0.42955871486578096  0.43853661680136047
  0.44752956120439413  0.45655385202696763  0.46569592642759955  0.47481869759456308
  0.48399099467922407  0.49329796967824696  0.50267939942257700  0.51238054369882113
  0.52213026386002703  0.53176729995125260  0.54124768731069506  0.55060583148140063
  0.55997201247216544  0.56927283224245695  0.57850597340442733  0.58788377979951278
  0.59743197123117286  0.60695613999592402  0.61646762306999980  0.62620903336541711
  0.63606899516726312  0.64580818095490100  0.65556038028624097  0.66524621673887918
  0.67529445670029542  0.68556465905108721  0.69605090755540733  0.70647741847138512
  0.71706695130615716  0.72782670405607797  0.73877479696129800  0.74954973910878497
  0.76060532031264272  0.77181897453780968  0.78337382067670258  0.79505347859404485
  0.80686427649769343  0.81870247570037646  0.83066385924771036  0.84261163110269766
  0.85477684926257202  0.86712526846370053  0.87949806021067800  0.89180627577074623
  0.90411091271437893  0.91668516767355113  0.92962769924514166  0.94308764683428492
  0.95698380917458126  0.97129303093814878  0.98569074727688255  1.00000000000000000
 -0.00228655109994088  0.00959256032336437  0.01955378599384456  0.02987031794927390
  0.04006590413738201  0.05044058850793953  0.06095747799481061  0.07151542593502010
  0.08221007733729326  0.09285254962655823  0.10343179212285353  0.11387553933698739
  0.12414986481563421  0.13442137363119139  0.14457343039143622  0.15487703461847047
  0.16510584040219986  0.17560666466303346  0.18603954078365439  0.19685044321095616
  0.20751112420499621  0.21811324677671384  0.22867356080337581  0.23924445408380787
  0.24998062058327183  0.26057375983750314  0.27117530905504666  0.28152630933255340
  0.29204719882721808  0.30234551993659675  0.31262762331584792  0.32295411371923310
  0.33320002797311077  0.34382294253994206  0.35421500614467377  0.36447059629887407
  0.37480524275348320  0.38526436263137076  0.39605351114100906  0.40688282477023385
  0.41777167816454280  0.42858426172538366  0.43926512952824426  0.44976116982815550
  0.46046326926702980  0.47098519785525078  0.48148923597814530  0.49199677275105352
  0.50250648937250675  0.51324647774571908  0.52380845860152125  0.53439855501083056
  0.54491155816483117  0.55538015075467162  0.56581148369973899  0.57631579605411609
  0.58700401952052328  0.59783817576397491  0.60894161462644325  0.62023189783878563
  0.63116872019152559  0.64182521001818427  0.65210163526195608  0.66254854322755508
  0.67285717827550029  0.68340653508455729  0.69412227259766779  0.70466720626649704
  0.71505940957281644  0.72536368679958207  0.73590556235940974  0.74652835486134539
  0.75703852126573001  0.76752399950137917  0.77819313616773000  0.78871155911685908
  0.79927619920850668  0.80955698126355946  0.81999284774754777  0.83038394452029540
  0.84069028943803326  0.85110833239869299  0.86149526011166433  0.87190804232914798
  0.88236718652155388  0.89286009270603872  0.90369000819168055  0.91461552296660020
  0.92544256503276179  0.93624439491205091  0.94699110051448665  0.95780997427185899
  0.96828634508662115  0.97886829801749875  0.98942505528799995  1.00000000000000000
  0.33537098409645466  0.40112630952497058  0.44804252289130803  0.46716612370123700
  0.47201127631579987  0.54048858520491883  0.55164780342760544  0.56241437820385820
  0.57337872700354287  0.58567232240806744  0.60491226375151652  0.62630462873391024
  0.63967605757409030  0.64765577524419859  0.65330246467090725  0.65830129376120239
  0.66302512397848923  0.66740482663930956  0.67139528304479978  0.67524029392450968
  0.67905500003280628  0.68282899233250105  0.68652528725795592  0.69006469194582387
  0.69350263650203625  0.69689146919603384  0.70024133572299907  0.70356550749939761
  0.70687940189040999  0.71018386376476750  0.71346128443239243  0.71670168571743809
  0.71992126722742789  0.72311443182582802  0.72631509534382199  0.72950614892603094
  0.73271069304469594  0.73593205864063482  0.73916685918327951  0.74239665599917959
  0.74561104330909445  0.74881676152789944  0.75204077842794170  0.75527507525177195
  0.75851748231064398  0.76176543143987663  0.76501528884383474  0.76828072668056591
  0.77157638808528295  0.77487777641250744  0.77817864870013820  0.78149419810994858
  0.78482555749008742  0.78817954451468852  0.79156178866620275  0.79495696314207620
  0.79837849064640953  0.80183179534512039  0.80526959177084356  0.80871750095304962
  0.81217814678023148  0.81565451911139897  0.81919620140966909  0.82273643006784958
  0.82635503659076470  0.82998332974486899  0.83366532569439045  0.83740141064149243
  0.84113936289859803  0.84490294480199979  0.84869081681955316  0.85253645853429061
  0.85644261663202614  0.86040514008423363  0.86445727055419774  0.86853752605574008
  0.87267135479669145  0.87696603888138958  0.88141942639235471  0.88595640009391263
  0.89056424354051789  0.89520140701154272  0.90012736438033980  0.90514117099760061
  0.91023340942746944  0.91541623735831501  0.92085697362850794  0.92660865871761300
  0.93258917069032987  0.93888109676397480  0.94576461563201120  0.95289742371683295
  0.96087039129921104  0.97055280164242153  0.98279912922046142  1.00000000000000000
 -0.01839072901965693  0.13227398666666484  0.17784492257167622  0.20566704671961838
  0.22801863555453797  0.24726540297249738  0.26432735783651429  0.27991689944561182
  0.29437768341727577  0.30805723571847055  0.32085991092399263  0.33294301326222914
  0.34443129743071166  0.35565192242583032  0.36650156473053513  0.37686371227909010
  0.38673200164908045  0.39628886917089251  0.40561542739055068  0.41475259568680023
  0.42361910167231437  0.43234367628155806  0.44091428345153394  0.44926180469804861
  0.45738936547631032  0.46529754785028660  0.47296070580535238  0.48036026028439088
  0.48757893988556861  0.49479957665106117  0.50202191623655334  0.50912609757337890
  0.51614881469646390  0.52312044664180379  0.52997875202592326  0.53671896035000155
  0.54339641447580744  0.55005997043694899  0.55669320023401037  0.56320229957436752
  0.56955314788408151  0.57588311002239945  0.58222762361264668  0.58844721377011311
  0.59455412459113233  0.60056274431325729  0.60647910402677208  0.61228712161709076
  0.61811197034655496  0.62396707277321573  0.62977843286582214  0.63550506640367999
  0.64116924801576225  0.64679631764196865  0.65242546131729184  0.65806170332386060
  0.66362404887870596  0.66905845839277656  0.67436473666551877  0.67965626649767918
  0.68496888685387869  0.69028400551438995  0.69558953768561516  0.70080674306389734
  0.70601763276191543  0.71123808542711220  0.71650068485989526  0.72178703936831212
  0.72706524847075293  0.73235410721871497  0.73767057941006176  0.74296576074563758
  0.74829881092464956  0.75358744261208788  0.75888150947186794  0.76425326447671604
  0.76972373279952278  0.77534394434864473  0.78101435044828804  0.78671831085401656
  0.79251286186272663  0.79845635324308295  0.80455892123459294  0.81068582639320819
  0.81694789080321673  0.82362386698828938  0.83056563279627071  0.83831421891727320
  0.84650789093862167  0.85510350474017405  0.86459633699219007  0.87512125561365806
  0.88859187192707445  0.90625464308471715  0.93391589157517996  1.00000000000000000
   6.3688504219695868E-012  -1.0000000000000000     
 F F F F F F F F F F F F F F F F F F F F F F F F F F F F F F F F F F F F F F F F F F F F F F F F F F F F F F F F F F F F F F F F F F F F F F F F F F F F F F F F F F F F F F F F F F F F F F F F F F F F F F F F F F F F F F F F F F F F F F F F F F F F F F F F
  <DiscreteSampler_grid>
  grouped_processes
  1 # 1 for a reference and 2 for a running grid.
  10 # Attribute 'min_bin_probing_points' of the grid.
  1 # Attribute 'grid_mode' of the grid. 1=='default',2=='initialization'
  0.0000000000000000 # Attribute 'small_contrib_threshold' of the grid.
  0.5000000000000000 # Attribute 'damping_power' of the grid.
 # binID   n_entries weight   weight_sqr   abs_weight
    13   10   5.701634671722933E+000   6.118336354070603E+001   5.701634671722933E+000
    14   10   5.701634671722933E+000   6.118336354070598E+001   5.701634671722933E+000
    16   10   7.344159199866766E+000   1.015977195812364E+002   7.344159199866766E+000
    17   10   7.344159199866763E+000   1.015977195812363E+002   7.344159199866763E+000
  </DiscreteSampler_grid>
