 -0.00206483806211333  0.00857763491838527  0.01832547764123729  0.02871826575964761
  0.03932247661853917  0.04982422491310291  0.06038098091517083  0.07079877822033731
  0.08142450609059074  0.09209096148270353  0.10281438781857345  0.11339282836889852
  0.12400810387065068  0.13454192477163235  0.14491043981290033  0.15513630889052296
  0.16544193666989351  0.17589193038308956  0.18640053221033859  0.19698579526263699
  0.20753658089284299  0.21809808787380636  0.22872623780078119  0.23958089053855133
  0.25043506967808915  0.26111589926343420  0.27169601947165600  0.28224791073607253
  0.29273209368376135  0.30321473134835419  0.31370393726940232  0.32423509867609662
  0.33478042366395361  0.34542197804647912  0.35607031197225292  0.36663125260401641
  0.37703768631197243  0.38740420686215549  0.39778831212865995  0.40805726566428246
  0.41840660877217617  0.42880709393156596  0.43946972160741543  0.45029427994715832
  0.46114986552907178  0.47203982106755543  0.48287800696900640  0.49365934228264829
  0.50425127860971464  0.51470856023568634  0.52511349053312384  0.53543606327065407
  0.54565281009255329  0.55587411694778954  0.56628736074155039  0.57675752197565044
  0.58725553766689254  0.59768164238626520  0.60821333474384986  0.61856368361946201
  0.62881958074938404  0.63922280954921396  0.64992005469509995  0.66084753142776465
  0.67142953798426719  0.68184831229085918  0.69222504332984636  0.70265592443036529
  0.71298109150697353  0.72315927465904928  0.73335268732708869  0.74374217577945412
  0.75417423266212713  0.76451347640641931  0.77489917767662542  0.78541385585605816
  0.79613633275018658  0.80681671168854041  0.81737386218393726  0.82796351846898519
  0.83849592267037554  0.84931023825677143  0.86014636183004189  0.87106191055344395
  0.88159524759149266  0.89205409144674352  0.90255966610422966  0.91330815745567040
  0.92397824354679636  0.93469213844120980  0.94555009909243748  0.95673240261051551
  0.96762781780598384  0.97838921245348320  0.98917085226269497  1.00000000000000000
 -0.00343838281989883  0.01514801593274145  0.02823051393793950  0.03929009056554827
  0.04989995526747412  0.06006966285007494  0.07022002984483219  0.08021195657839264
  0.09046877977194878  0.10071643443910691  0.11136192609876025  0.12200308901118641
  0.13278984697735113  0.14345047775226683  0.15417228177481287  0.16478809682430443
  0.17541834692736774  0.18598724422766952  0.19679887281215774  0.20767520133690354
  0.21829704797960778  0.22898471515086910  0.23961237071791311  0.25024657305645948
  0.26053098142505088  0.27068214728368506  0.28124910279892723  0.29197397945322068
  0.30238189102829960  0.31285256039142961  0.32331638743685881  0.33400728726567114
  0.34454525517044993  0.35501155862614991  0.36577832993534154  0.37634113287536675
  0.38683831926946982  0.39736020414603823  0.40797079139268733  0.41846361089130152
  0.42874111230513107  0.43928891405029979  0.44994702394821051  0.46062267201552748
  0.47081988545794368  0.48115404132423972  0.49129368042567129  0.50155043190173998
  0.51160518796326004  0.52164590939643696  0.53153623070218436  0.54145139162521405
  0.55164983480420415  0.56187205916335681  0.57215654022424545  0.58238414563635921
  0.59265558478108027  0.60261400866958603  0.61258082282147808  0.62255989321496108
  0.63279989846124129  0.64301054265437252  0.65312660103878317  0.66347549170939046
  0.67402759539860835  0.68485937609153258  0.69551753249845594  0.70601913037082142
  0.71640865315208502  0.72681600719620054  0.73715130558516084  0.74728819557798942
  0.75740136877850905  0.76734398753964672  0.77750931243176535  0.78775221657963501
  0.79826231213608856  0.80854639487588020  0.81886157174308316  0.82909141774903516
  0.83956252985712987  0.84990671710379051  0.86039525295278574  0.87111426288063110
  0.88210950945635114  0.89322557436335526  0.90414060933246254  0.91531446740683720
  0.92615526805856396  0.93727726535449518  0.94777141560313405  0.95837604842716773
  0.96849613408954238  0.97889129713800893  0.98942896953633352  1.00000000000000000
 -0.00188073573580886  0.00820340987209061  0.01699969326837110  0.02614773526224006
  0.03522370958912441  0.04459401077393163  0.05407134745692289  0.06388461472096914
  0.07392126155054231  0.08437058323962408  0.09505301903086741  0.10581669450394925
  0.11619066374670493  0.12658986070374240  0.13694808920527116  0.14777538912553473
  0.15894898757607226  0.17032423178930794  0.18178112196448870  0.19331327710735549
  0.20487908626901039  0.21616218534458737  0.22750819439524730  0.23892174037452077
  0.25061292691364551  0.26225279594992290  0.27402282299453617  0.28618476828578537
  0.29889706490117407  0.31178023864393684  0.32443528711502750  0.33684239420049761
  0.34945466273763992  0.36233565181490185  0.37501911776071989  0.38734817307575653
  0.39947185021860798  0.41165945134685544  0.42405618726294037  0.43674735501096867
  0.44966506500413306  0.46246423077616017  0.47497655227807162  0.48738141671087049
  0.49987184756523684  0.51243849418698684  0.52493447875153809  0.53724477500839518
  0.54935796340276721  0.56136450257835901  0.57323482747058963  0.58497197700061276
  0.59678652910124086  0.60846031579504989  0.62013659868456805  0.63168409432295625
  0.64316818266782416  0.65450838279714219  0.66565904097871498  0.67671101180975257
  0.68770685818338306  0.69863257826342007  0.70929518620535437  0.71989086965522353
  0.73042872713203022  0.74096425652782727  0.75124498328963285  0.76118694512823915
  0.77112436225567627  0.78097221458901467  0.79078714844494657  0.80042449872423038
  0.80993977003197748  0.81916198871281343  0.82835532463140982  0.83755599963083516
  0.84686498016095157  0.85602598413984832  0.86495315292151664  0.87374363257360688
  0.88240584505334174  0.89097371112666757  0.89932264037525411  0.90744712519712689
  0.91547615902310786  0.92343933170537229  0.93140495441419924  0.93928138434785147
  0.94700729871133282  0.95461661171778334  0.96211095313756945  0.96958337583285159
  0.97709584819780293  0.98468513003028191  0.99234786698578870  1.00000000000000000
 -0.00236489013970468  0.00986806333352693  0.02005636687064985  0.03058421133844375
  0.04113434842187572  0.05188041449066812  0.06251524210069237  0.07318371570160435
  0.08377696979361678  0.09465852297507298  0.10569105500697340  0.11686132904185616
  0.12787200372418486  0.13883715807127697  0.14972305158866386  0.16063108853913025
  0.17155316979644616  0.18244555904484408  0.19328118516164108  0.20402169805949261
  0.21485071540936695  0.22552305306521492  0.23596149484421980  0.24623236317213087
  0.25684472491724109  0.26764391271592947  0.27834553160246539  0.28894811072994336
  0.29934483414350277  0.30986445086321557  0.32035841010318283  0.33093117794462212
  0.34126430672005542  0.35161469383936261  0.36205158042185853  0.37260920306484324
  0.38307512733024590  0.39356446249696481  0.40431901347555882  0.41475404921818371
  0.42511737532667887  0.43534024361585782  0.44568273399512698  0.45601704495301337
  0.46631331768967588  0.47671963812191559  0.48724244932731930  0.49782120231317989
  0.50819798832153296  0.51861944829555018  0.52906071853186687  0.53952857657424946
  0.55010999412177020  0.56071623278238880  0.57138292454531503  0.58228680456921644
  0.59319678298129264  0.60422658288115327  0.61465208544397887  0.62508660141859185
  0.63567277565744429  0.64626185327635410  0.65665124440322398  0.66696225065675274
  0.67740308875954425  0.68780203911800031  0.69820109067361902  0.70841156610428968
  0.71883293812659532  0.72912450368340531  0.73955471446281507  0.75002562948492024
  0.76063982135499086  0.77113823336310472  0.78144871883755007  0.79155812299617179
  0.80154337190766844  0.81155503499801163  0.82180356515271247  0.83216747098841093
  0.84264340913880698  0.85291820257508899  0.86333032877649762  0.87388831962671321
  0.88435542771774989  0.89470457741330489  0.90482065908525910  0.91515888213674113
  0.92569023569601239  0.93624414491337415  0.94670048126484874  0.95698043436896862
  0.96741281971804050  0.97805989892891232  0.98895174709973932  1.00000000000000000
 -0.00236437659575534  0.00943529851382878  0.01958058972762012  0.02992868548935459
  0.04009468302719225  0.05029358574318264  0.06049992527815096  0.07102511959462736
  0.08150615690237581  0.09208822658997091  0.10274493144529244  0.11344512013412682
  0.12437254592630329  0.13545798813878335  0.14645589910776427  0.15693300332388879
  0.16715879791561458  0.17744893494677438  0.18774587933819861  0.19836993042843426
  0.20903461485493285  0.21986997220649088  0.23051529361811038  0.24107127494963640
  0.25162914740085296  0.26219372252828804  0.27279197292681368  0.28350436495474041
  0.29410822357158534  0.30487417053912236  0.31560225444000195  0.32643189452655752
  0.33705414201213341  0.34759494138056979  0.35799898176885919  0.36838379037123969
  0.37889212930657856  0.38945790652495416  0.40002873037418074  0.41069134506845079
  0.42145992952210659  0.43233309313735796  0.44302774186013866  0.45375345950864254
  0.46420211850140236  0.47453760631314579  0.48490391748313755  0.49521147508766261
  0.50562643882053304  0.51604824885615419  0.52681238667568087  0.53764176948274811
  0.54822693475022732  0.55871879814998093  0.56913281577420105  0.57947314921108684
  0.58987810919414752  0.60026808204822291  0.61060257325153322  0.62087594658120338
  0.63135274398942276  0.64205731674347655  0.65273230385613190  0.66325275990037569
  0.67368923143197146  0.68425425980143784  0.69449951456513670  0.70483528886177504
  0.71530743416155762  0.72566140684832969  0.73614243814574520  0.74635832646289468
  0.75704220706832159  0.76783093495389476  0.77888846404007706  0.78985710258037134
  0.80056095070097377  0.81107616233713620  0.82146137963050714  0.83191207457246663
  0.84261000288755505  0.85334409835597658  0.86384993298569579  0.87413618888617706
  0.88455150651014836  0.89505561229115305  0.90550449378305842  0.91595242210915984
  0.92640488759838935  0.93695878480655381  0.94737503588073657  0.95775587645513161
  0.96805293060561870  0.97843586857230302  0.98908287135829820  1.00000000000000000
 -0.00246641850405850  0.00964087380127890  0.01980777245236839  0.03045872946238729
  0.04105036842848305  0.05172231022097896  0.06227741617949132  0.07312097362142782
  0.08382810198459568  0.09452329429606908  0.10513786034566534  0.11588974001715581
  0.12652819495973788  0.13707602639441951  0.14761612296440851  0.15810326678419001
  0.16861785699079462  0.17913804509055120  0.18966446726776751  0.20008813438681403
  0.21061218305365606  0.22109307346302368  0.23157507663968330  0.24198115683846838
  0.25235572342520080  0.26272831523128598  0.27324107669439379  0.28373877903274852
  0.29415670022363610  0.30434251560368075  0.31462096786362220  0.32496890624665908
  0.33543184182173380  0.34595649873997558  0.35657979736539092  0.36715709384876161
  0.37773659308240665  0.38811732301293100  0.39858353144749470  0.40869685754453572
  0.41881343942548643  0.42887135919149288  0.43921365675995100  0.44990478895616370
  0.46056715521131131  0.47113143963818244  0.48164952905308300  0.49196198540735819
  0.50236182661177264  0.51261328649539117  0.52293550452198578  0.53329263595556275
  0.54370389717189149  0.55433241931223010  0.56514383406147350  0.57607767889109296
  0.58690305196420500  0.59748320568223712  0.60802649123556918  0.61863257846100261
  0.62920377075981559  0.63954181444573877  0.64984427465206929  0.66019850878600261
  0.67063766676752667  0.68113055585223992  0.69164885821618927  0.70230936123398757
  0.71294353715034475  0.72371541100987657  0.73443901471253559  0.74497534267837129
  0.75540867006578738  0.76591230284460710  0.77647013174675417  0.78711967733122667
  0.79778817761973886  0.80820655506228456  0.81852952265895051  0.82873037413381367
  0.83924060356986041  0.84998452676780034  0.86081887057825146  0.87156527182291077
  0.88219613167159550  0.89298055439473545  0.90384082980596570  0.91480732106533635
  0.92553267438246634  0.93621011097280382  0.94689079031782186  0.95766388763492472
  0.96837545119603141  0.97900529757066312  0.98958401499803872  1.00000000000000000
 -0.00274628683502083  0.01147731633832254  0.02300875019645859  0.03494713011790242
  0.04648011387437547  0.05799332990351321  0.06945460838719424  0.08094061585053888
  0.09221861249335891  0.10324416775547594  0.11415857926101405  0.12489850545693382
  0.13540545435902304  0.14582452740918200  0.15624041874136732  0.16651144827791564
  0.17668508847100220  0.18684978632800420  0.19711432174691537  0.20731292854771380
  0.21718737358761958  0.22668087566993003  0.23591628245848359  0.24510754132319212
  0.25429488203766687  0.26348160384645236  0.27278627519615334  0.28224147639988806
  0.29168479053127505  0.30110623915302293  0.31054523644820026  0.32009750048317759
  0.32976725553150715  0.33938724583067253  0.34894050944920335  0.35845580442837432
  0.36802660397199710  0.37761449682965381  0.38720063699378982  0.39659638441160705
  0.40586156937511597  0.41517895794757148  0.42464450274963583  0.43424899880777562
  0.44377377099773074  0.45320823082467304  0.46266330383778270  0.47211358523791974
  0.48162920175671192  0.49120323390159615  0.50086329507718430  0.51050243149227215
  0.52013441229510793  0.52965401561264458  0.53932300710732428  0.54897753763172519
  0.55872590079512252  0.56840938676033503  0.57810553239734530  0.58773512596963795
  0.59753095903515219  0.60724737710682375  0.61690769337201035  0.62661339644553005
  0.63640708971234927  0.64629144571728792  0.65640045156884852  0.66663821364937292
  0.67713709456377713  0.68752944669215410  0.69784862595691977  0.70821092243103578
  0.71874261930499672  0.72951132683193654  0.74047841474189013  0.75145600024923520
  0.76255850807432390  0.77366733962997158  0.78487923901340806  0.79617892998172357
  0.80740989873949609  0.81902240246158642  0.83067430283605959  0.84256272275071664
  0.85445282098191599  0.86680020170557559  0.87919656004399671  0.89168773349700592
  0.90463550549995475  0.91753975610120908  0.93046563307059194  0.94353672528239296
  0.95728861823790579  0.97146378771420783  0.98585319478615874  1.00000000000000000
 -0.00239429919578152  0.00949599023169610  0.01956087349964769  0.03009841053230528
  0.04080889143944966  0.05131247182909517  0.06170592603940063  0.07214438439694704
  0.08266769682089702  0.09331889216377802  0.10393432066493689  0.11457338072142753
  0.12526586355334476  0.13597019689603265  0.14659773846081289  0.15704865432194465
  0.16741579178114027  0.17793462764174039  0.18851996147797956  0.19927170977989761
  0.20970141188055746  0.22014867328989468  0.23047317564901010  0.24087224814664773
  0.25112262492166570  0.26126458688308252  0.27136494464788080  0.28138768236454104
  0.29144793578019690  0.30177870582507293  0.31226168564736251  0.32297226014166730
  0.33385611533832688  0.34450695824257538  0.35504630845799090  0.36553482485481831
  0.37613687805485652  0.38664542503238419  0.39713489161920429  0.40775986591601893
  0.41833707606555587  0.42882867432798338  0.43903985883512014  0.44926527481582379
  0.45949265030282788  0.47002821761896996  0.48056589632189217  0.49100990267822631
  0.50146818387107894  0.51200536713144584  0.52257230245832698  0.53307704402897660
  0.54363250158108600  0.55409553788407218  0.56467395934726983  0.57541921033185228
  0.58634571642792643  0.59719133570955407  0.60790519420545919  0.61853071735170395
  0.62905109452166530  0.63962248239526653  0.65031228429581622  0.66102896767275787
  0.67171795025270919  0.68246875341144175  0.69328677762372826  0.70412550799582085
  0.71484102346539657  0.72552538872624495  0.73607985425123268  0.74650524557722875
  0.75679539676548113  0.76707803653086271  0.77750813755063020  0.78790202234826368
  0.79837471785071856  0.80891974391337096  0.81980677456134454  0.83081519107761792
  0.84176874988488826  0.85274947156850256  0.86349098586668260  0.87398290476542451
  0.88423787546448074  0.89465648409271303  0.90518208173270698  0.91591027779068968
  0.92642286772434645  0.93692924978547465  0.94741174943157402  0.95791293894088525
  0.96852192164406437  0.97894234035011329  0.98952949724272365  1.00000000000000000
  0.16637108654531102  0.32431587944036866  0.43932860521865053  0.47659725179442314
  0.48055958343765104  0.49502236313365633  0.51799017054618213  0.52399486036507070
  0.53586409812291391  0.54952095536497669  0.58867875952303972  0.60361489105183364
  0.62432103707697983  0.63722928410210222  0.64553497599602216  0.65172361010994606
  0.65695461293083734  0.66186705285299052  0.66638951403154068  0.67055916415280203
  0.67455967046330823  0.67846446594785592  0.68230063181694389  0.68606076824776518
  0.68973938262010215  0.69335308845436017  0.69694014410432803  0.70050266257817928
  0.70403518265362652  0.70751345506740226  0.71093571902096742  0.71433608344771859
  0.71772320536154732  0.72108553581369594  0.72441896985200727  0.72774078455625268
  0.73104663434222150  0.73431986537228267  0.73756271981271382  0.74079289067780818
  0.74403891393942945  0.74731208200879762  0.75058780132500214  0.75384442529332019
  0.75709748602755778  0.76036175128653871  0.76364691507236337  0.76695020849663376
  0.77027313417074017  0.77361733618224493  0.77694816992259774  0.78028682877673605
  0.78360739391592416  0.78693201080928299  0.79029909568601509  0.79370948012396991
  0.79715473366639622  0.80057501593547997  0.80398646959483977  0.80739534081087139
  0.81082601491307948  0.81429811285488651  0.81782824985852798  0.82139010007674573
  0.82497335703475549  0.82855531883938349  0.83217116028733840  0.83589594199345252
  0.83970527127501426  0.84354785633954343  0.84741262316291233  0.85131965433002199
  0.85529142429897764  0.85939025058695839  0.86347657949009460  0.86766302354639990
  0.87189958014552393  0.87621643981016961  0.88060195244166817  0.88502961298413330
  0.88954092486129999  0.89419978857574689  0.89909251874466700  0.90412543448619498
  0.90921066513873228  0.91445406092727299  0.91998153197458576  0.92583766371626708
  0.93186100508691028  0.93816278889472049  0.94519999389076315  0.95255631630028237
  0.96048854205374212  0.97010633327831008  0.98233710289996146  1.00000000000000000
 -0.01732848398817479  0.13639214789218984  0.18144510837536718  0.20815142574662704
  0.22945174773755239  0.24791231385488902  0.26427408989712270  0.27949890372194325
  0.29392992047643646  0.30748265684469578  0.32019321246870547  0.33223086001853530
  0.34383823604474711  0.35503135915256312  0.36568755366769390  0.37593959865607701
  0.38589899558484242  0.39570075245658204  0.40513362060938168  0.41431361855430859
  0.42320630278644483  0.43187660096908109  0.44026510626742438  0.44849535748230618
  0.45664168987755971  0.46467813326753321  0.47259990772827709  0.48033241027756229
  0.48779250266922952  0.49513301010985450  0.50232110044468958  0.50936670796444417
  0.51634186144307270  0.52322532427383861  0.52998768189709022  0.53664250810431224
  0.54318582882058408  0.54961025101189698  0.55597183801463268  0.56229616343933142
  0.56856427290707912  0.57485206990074478  0.58110343764481132  0.58725962402550647
  0.59322163267479355  0.59909626649178460  0.60495513069081797  0.61076068757669344
  0.61651623740908512  0.62217141098843010  0.62777375784243716  0.63340612044592171
  0.63903436720452689  0.64459657597246944  0.65000895330132757  0.65525008374085469
  0.66048364990143549  0.66570321856739256  0.67100400409468364  0.67627941322452556
  0.68156143587512152  0.68681395952943114  0.69208192833134485  0.69733650206839759
  0.70254571123977816  0.70772464951354674  0.71292188156744596  0.71815520966033031
  0.72335269389611445  0.72845105175112923  0.73357834777453468  0.73873870371202122
  0.74400591835151120  0.74936956247628483  0.75466339577016439  0.75992593725778146
  0.76515168925188437  0.77046504005471617  0.77588596037657809  0.78139558975209178
  0.78698232910625654  0.79267766962645236  0.79858575330047776  0.80461376243250338
  0.81070437613243962  0.81718890494159679  0.82381568170942077  0.83068643865034764
  0.83801624315574441  0.84591209625269304  0.85431664246969541  0.86427695235294766
  0.87599058543019104  0.89116993485586593  0.91189027754411700  1.00000000000000000
   6.3754943541391084E-012  -1.0000000000000000     
 F F F F F F F F F F F F F F F F F F F F F F F F F F F F F F F F F F F F F F F F F F F F F F F F F F F F F F F F F F F F F F F F F F F F F F F F F F F F F F F F F F F F F F F F F F F F F F F F F F F F F F F F F F F F F F F F F F F F F F F F F F F F F F F F
  <DiscreteSampler_grid>
  grouped_processes
  1 # 1 for a reference and 2 for a running grid.
  10 # Attribute 'min_bin_probing_points' of the grid.
  1 # Attribute 'grid_mode' of the grid. 1=='default',2=='initialization'
  0.0000000000000000 # Attribute 'small_contrib_threshold' of the grid.
  0.5000000000000000 # Attribute 'damping_power' of the grid.
 # binID   n_entries weight   weight_sqr   abs_weight
    13   10   1.396201323166785E+001   3.084314395476854E+002   1.396201323166785E+001
    14   10   1.396201323166786E+001   3.084314395476857E+002   1.396201323166786E+001
    16   10   1.731003961927663E+001   4.690032653798306E+002   1.731003961927663E+001
    17   10   1.731003961927663E+001   4.690032653798306E+002   1.731003961927663E+001
  </DiscreteSampler_grid>
