  0.00007146337701952  0.00007233259034237  0.00007415380276487  0.00007586294855533
  0.00007778525046550  0.00008004171516889  0.00008261473462951  0.00008546941292121
  0.00008842775297282  0.00009052051280592  0.00009184517991683  0.00009235326078968
  0.00009246541764569  0.00009250843683720  0.00009252882595622  0.00009254456070300
  0.00009255594425641  0.00009256403877212  0.00009256904354229  0.00009257256677293
  0.00009257566920815  0.00009257818820451  0.00009257999770170  0.00009258152846919
  0.00009258295757942  0.00009258403539686  0.00009258511321431  0.00009258600256184
  0.00009258683282607  0.00009258766309030  0.00009258845703641  0.00009258923739721
  0.00009259001775801  0.00009259084399496  0.00009259171496628  0.00009259258593760
  0.00009259364390145  0.00009259481633336  0.00009259616690733  0.00009259771332015
  0.00009259974762116  0.00009260216485330  0.00009260499029898  0.00009260814310420
  0.00009261265983450  0.00009262128326146  0.00009263227376386  0.00009264868460017
  0.00009268088105710  0.00009275375829076  0.00009293677795572  0.00009360535743663
  0.00009598123102615  0.00010052393111263  0.00010611730325795  0.00011291186382672
  0.00012130928267795  0.00013106891103166  0.00014303878324072  0.00015802923703914
  0.00017743833889852  0.00020168950132124  0.00023095412403886  0.00026681230803968
  0.00030858242486890  0.00035570710475306  0.00040827324818224  0.00046785539188399
  0.00053701027456437  0.00061229669547660  0.00069090936362018  0.00077764276005021
  0.00088144304919806  0.00098838744715050  0.00109145368044228  0.00120769822392044
  0.00133504110000536  0.00145380395489564  0.00157344600944473  0.00171860861790648
  0.00188480349514648  0.00207149242576859  0.00226826417943927  0.00248460883514202
  0.00273385746633981  0.00300553291530035  0.00336063071397825  0.00380972827702892
  0.00423206729263984  0.00466089569675497  0.00512999848189278  0.00574570014216104
  0.00668052845204468  0.14239158708187585  0.38359995571075656  1.00000000000000000
 -0.01000987832825393  0.03874404998703489  0.06257055358586103  0.07747191540197941
  0.09067048156286690  0.10380971849741917  0.11735173856012665  0.13073984803839614
  0.14343602096385175  0.15561855409104783  0.16757318998695664  0.17940394996647752
  0.19158872283620940  0.20298445323104847  0.21408812092705257  0.22326072826564300
  0.23246537123397035  0.24345084838824846  0.25709554904307863  0.27055557809939235
  0.28280504140576085  0.29287230589826868  0.30177738569144502  0.30990033628221447
  0.32008528371858963  0.33091216135200924  0.34221607884606475  0.35400592900107741
  0.36573960899657354  0.37685617377449682  0.38710739084532386  0.39657531435545379
  0.40619909693579070  0.41503964542449395  0.42184774362100386  0.42906227160345828
  0.43718357710458894  0.44461159533126837  0.45277949935581596  0.46462533577312021
  0.47626855785992711  0.48611851516085369  0.49435599756948517  0.50326068567434845
  0.51168163631866215  0.52207461559181811  0.53349878148659036  0.54395909419310096
  0.55316401452946906  0.56166854793607701  0.56942205132312429  0.57739057115076009
  0.58563403823207438  0.59391968035562137  0.60224831006007373  0.61114273599291691
  0.62064887229624222  0.63013939576604217  0.63944714001125358  0.64864808674735408
  0.65847436169556572  0.66942521546811817  0.68112857032849305  0.69333299994423381
  0.70577569503061255  0.71846066370067208  0.72964739595455985  0.73886418160267764
  0.74750870868182862  0.75604034431963618  0.76364214760299753  0.77151664937651065
  0.78111043163229599  0.79196712359207122  0.80242206413371198  0.81245747582054473
  0.82225512070114304  0.83299279219808486  0.84381188174482291  0.85407495337920802
  0.86413009954617914  0.87371892084130298  0.88274972968034859  0.89306639601360593
  0.90544001232727245  0.91749900909563542  0.92724346494706444  0.93664596522165577
  0.94606521072576888  0.95549865245082399  0.96554524086303173  0.97495889366028798
  0.98301119187904362  0.99017310670458059  0.99532938580224206  1.00000000000000000
  0.00000147955284277  0.00000239011620504  0.00000311843531391  0.00000391287236385
  0.00000573234555083  0.00000764031738340  0.00000971539376654  0.00001218434090675
  0.00001490180223506  0.00001788534687007  0.00002106602203507  0.00002394742337381
  0.00002652686580297  0.00002892699404775  0.00003125870036876  0.00003363720493099
  0.00003655261877698  0.00003984938529514  0.00004308320340001  0.00004609587253483
  0.00004891871496159  0.00005165357998693  0.00005451293068659  0.00005723503511809
  0.00005981952373711  0.00006247602867198  0.00006474226927241  0.00006748393663375
  0.00007039915996213  0.00007324402139127  0.00007632842487951  0.00008022770000056
  0.00008482849096466  0.00008984338684065  0.00009495556146034  0.00009987491351872
  0.00010462722152598  0.00010938143646368  0.00011444770809132  0.00011997930230926
  0.00012565492375659  0.00013141086405288  0.00013748205836791  0.00014396452830884
  0.00015060796050215  0.00015701304868204  0.00016340162887343  0.00017047753517683
  0.00017778337812472  0.00018478378933472  0.00019210998378723  0.00020172216653341
  0.00021134716613930  0.00022203596377530  0.00023444020827735  0.00024520152589097
  0.00025638587478893  0.00026581914074893  0.00027527978510463  0.00028433474479442
  0.00029387135244655  0.00030559609147895  0.00031770170123259  0.00032818566151353
  0.00034136447817856  0.00035865745317172  0.00037658310454564  0.00039767352193795
  0.00042349979073060  0.00045279105186563  0.00048402808278101  0.00051709234336794
  0.00055273774998017  0.00059230367621286  0.00063865495771644  0.00068555409477470
  0.00074162241331149  0.00080210259457433  0.00085542706497723  0.00091176850581963
  0.00097338696590320  0.00105212923870689  0.00113723008890981  0.00123153235302353
  0.00133228236885957  0.00143521933504662  0.00154765915459929  0.00170352198831573
  0.00189259135103398  0.00215138935650646  0.00252684948964866  0.00298645835312158
  0.00583515638860586  0.01468646874446429  0.02949574421734202  1.00000000000000000
 -0.00236740503004801  0.00938260527688427  0.01716957929316050  0.02528021301333433
  0.03308210957131141  0.04182395106371541  0.05080277757581534  0.06014570810684275
  0.06923511544083304  0.07854031283474237  0.08684629526046074  0.09425500197810885
  0.10166287307491170  0.10956136997708948  0.11772304367497119  0.12539425074161606
  0.13249313553925932  0.13941309491859430  0.14629590750838470  0.15512801227771442
  0.16504383534143338  0.17566026643174920  0.18337090726096361  0.18971916572488193
  0.19560402894783555  0.20196234815466116  0.20885393629047458  0.21541560372323518
  0.22262560250943916  0.23285115175881044  0.24441414185463059  0.25529658621328494
  0.26582006198831482  0.27578737703961986  0.28616787530641291  0.29744723841309162
  0.30904565725803673  0.32056307444035587  0.33158720332076030  0.34125449796814300
  0.34979673412443285  0.35894195825923958  0.36959784906342896  0.38103993362529598
  0.39258377588323118  0.40432760175016524  0.41613522147376786  0.42697063588444772
  0.43636786081454554  0.44528736865581070  0.45361827373620500  0.46216159221163705
  0.47183574418544738  0.48147107510116210  0.48918713091281191  0.49636782216214848
  0.50567766973279771  0.51807930736388408  0.53082439010071081  0.54303353821617040
  0.55508034315918930  0.56610477646171309  0.57584816660231364  0.58625712638810246
  0.59739226664250422  0.60884298943468695  0.62107090913290020  0.63441169021735300
  0.64802394464207635  0.66047276088865714  0.67290508968676688  0.68775752948188928
  0.70520934882132280  0.72036051687357472  0.73368834602835442  0.74606288987797020
  0.75669125253039071  0.76597736393786764  0.77548665183483945  0.78490199162057517
  0.79492961884995872  0.80672304197648415  0.82072279394044645  0.83496459031744386
  0.84793402009139918  0.86022118522083990  0.87268157381738531  0.88582985402160441
  0.89944379472744063  0.91257389637871800  0.92554277119346595  0.93951098601364325
  0.95402893389648369  0.96868265379772123  0.98351157500119346  1.00000000000000000
 -0.00339510854179978  0.01141254605331129  0.02288664788706415  0.03436091476865514
  0.04384187380949316  0.05355902286764360  0.06473116970161361  0.07589298352359997
  0.08472722321774569  0.09277640595026107  0.10174782529081061  0.11381810202689291
  0.12711387223371542  0.13938740167476957  0.15052500898107729  0.16113345476105978
  0.17166627298210438  0.18211895872546877  0.19221253706479735  0.20222305377937672
  0.21434888195639801  0.22474426716092358  0.23508833623145706  0.24596648804177360
  0.25744628194198393  0.26908621446986419  0.28083640424564466  0.29331369157811354
  0.30472783816500415  0.31454090607952856  0.32404392988018899  0.33351910256429068
  0.34353899344016048  0.35440641585821658  0.36510265416293564  0.37422854876960038
  0.38290835799970180  0.39087534185174633  0.39788873970958899  0.40703730880954808
  0.42093765650576037  0.43299823509114904  0.44345078987886277  0.45259994523348668
  0.46070202735478000  0.46858885069786133  0.47805008150677786  0.48843956946863731
  0.49880232749884118  0.51141456003898655  0.52407358781984337  0.53546754613629455
  0.54624873802314045  0.55491899336105288  0.56401227770593421  0.57292511877922325
  0.57925905276447409  0.58593669606725585  0.59350092283573619  0.60180774153709571
  0.61180093933200608  0.62300510035021150  0.63443028457753115  0.64642127342160915
  0.65837864205518837  0.67004932071833601  0.68123699720991926  0.69149964196871339
  0.70069481017088375  0.70898677196886395  0.71684135794499793  0.72403361105548081
  0.73123708904505214  0.74087290594417798  0.75189286435244795  0.76356822269242430
  0.77644056312527221  0.78953694384346107  0.80226808793426474  0.81419182963725767
  0.82507041327957242  0.83548119428482881  0.84581340476181577  0.85734310427466387
  0.86903829087097606  0.88034587386473695  0.89231460369765425  0.90525423123744264
  0.91823487513083601  0.93049555908054882  0.94212568356854987  0.95357279762931246
  0.96461450180705588  0.97585105121079707  0.98744198307542042  1.00000000000000000
 -0.00349330148084808  0.01068280653348003  0.02269883402774073  0.03309175777685742
  0.04235648467330469  0.05145499961788617  0.06081306158453253  0.07056830384752180
  0.08180790027648074  0.09378775949332743  0.10529658789786359  0.11736754552997053
  0.12905458180507437  0.13824986391847802  0.14699267819318057  0.15599732788869553
  0.16393070587988531  0.17245375870550622  0.18550577936126980  0.20032476856578402
  0.21510483373049286  0.22846794527685926  0.24076209107216157  0.25280663880152388
  0.26507404370255871  0.27824502254423750  0.29300322188953337  0.30826710693133419
  0.32130324212568395  0.33227235433116820  0.34325893944883218  0.35409898300600351
  0.36667431347378532  0.38100322114091967  0.39564952579140777  0.40968640650369464
  0.42342775996570248  0.43604958338529837  0.44614695767620549  0.45506436829958258
  0.46448789343050995  0.47556416414200203  0.48570443642426303  0.49732830221842600
  0.51102247942294843  0.52474300202154789  0.53735004678249509  0.54925117171149718
  0.56125296045882234  0.57484239650388025  0.58852768439059844  0.60020837445716890
  0.61034741471651877  0.62090201423664682  0.63302319778613558  0.64527906158318804
  0.65657725892007390  0.66592844692875686  0.67470247062041389  0.68408013399223078
  0.69393850717853367  0.70474369459251474  0.71554544403235665  0.72607133106068122
  0.73733381111217133  0.75094349006111683  0.76439905847144052  0.77509475230051583
  0.78524058407858299  0.79527891357190639  0.80558004589966115  0.81322643009257034
  0.81851689038219455  0.82485504853101255  0.83125022550841032  0.83790876006686343
  0.84624896840685571  0.85460283881268539  0.86274545977702211  0.87103232424517341
  0.87984614709461317  0.88893437596142155  0.89774135300380409  0.90596195935902291
  0.91371216369608377  0.92139127467037674  0.93060692562210967  0.94026707826148725
  0.94865729590448322  0.95595290998358817  0.96304111040152929  0.97027513970520585
  0.97781622105319965  0.98545778734399248  0.99295333941228403  1.00000000000000000
 -0.00324732899510502  0.01094386857661334  0.02357539700867229  0.03556254932855157
  0.04716809077223893  0.05840618741772191  0.06922608234660370  0.07995674057320329
  0.09068316480765963  0.10170635021719353  0.11332004036567293  0.12549667860890756
  0.13707168466232930  0.14743511711389762  0.15765036056902837  0.16864388532373636
  0.18044622841625363  0.19193323470507292  0.20308568094267990  0.21423322519961321
  0.22508233429371477  0.23461183752614265  0.24262795663755210  0.25007648108067404
  0.25800451651750805  0.26774731793805767  0.27890882572115561  0.29034808026537839
  0.30078360776729357  0.31031323882630946  0.31836996149453961  0.32878639137567628
  0.33879482696217966  0.34647776493164634  0.35443490299975150  0.36265142578150045
  0.37139740478789490  0.38071228400902563  0.39095403438303750  0.40242465634681585
  0.41457110227672428  0.42666211439819979  0.43828637716319563  0.44990966355342443
  0.46275301358389481  0.47621541920832583  0.48940029096198806  0.50174661584099589
  0.51371047894595945  0.52531574957214833  0.53668503819902447  0.54621442892214067
  0.55372459052662770  0.56136819331912291  0.56868230396952557  0.57788391023675356
  0.58689119403048240  0.59551088363613036  0.60503799161459670  0.61548616063423933
  0.62616077986975860  0.63753963997200802  0.64974840837392711  0.66206701574863946
  0.67472055442898238  0.68789831459767170  0.70012474986030171  0.71133559402765734
  0.72198183005549510  0.73223077051103502  0.74401480345845261  0.75491733961857288
  0.76497313979461945  0.77582261522769491  0.78734905398499277  0.79835714272085045
  0.81076573037089406  0.82169080201097389  0.83257987361390817  0.84321657652959014
  0.85154826586051346  0.86037399944172366  0.86942260713822828  0.87826054358459138
  0.88594756760984406  0.89592480406762154  0.90684859642593652  0.91780222042255610
  0.92949358317135689  0.94085272755696336  0.95249756793979445  0.96217392562442949
  0.97089768748457439  0.97958731319326864  0.98676010773140699  1.00000000000000000
 -0.00216270177514241  0.00833717504224586  0.01816471154886400  0.02538330937060147
  0.03552834247721866  0.04489154134540980  0.05380537087429393  0.06369011391594588
  0.07463427389626699  0.08685336310774598  0.09865159251028494  0.11041747069111751
  0.12217780928694319  0.13386825948867337  0.14548162164887588  0.15677056420166596
  0.16821787564567753  0.17929662984695482  0.18958525405815282  0.19670151188836782
  0.20417984824488528  0.21145667579012767  0.22092766664755178  0.23343757087568109
  0.24497114947119225  0.25713025485044244  0.26941977793737215  0.28217368250935948
  0.29622170720183555  0.31019228050033176  0.32369280932939798  0.33536254014766020
  0.34542611457882971  0.35525283797169099  0.36514019576843709  0.37536353652533583
  0.38470095652902092  0.39421768897449089  0.40435129745457943  0.41434130633213900
  0.42400657672757530  0.43385407360497297  0.44570101636312220  0.46000285875066316
  0.47500015201706458  0.48850133736823337  0.50022509875066912  0.51256385296519746
  0.52291481017740538  0.53327775086252083  0.54398835295384806  0.55460273889067313
  0.56547538092145866  0.57528148787800826  0.58491294122213078  0.59400929080925524
  0.60332081968859230  0.61177524898755464  0.62176086354923121  0.63335207894899981
  0.64366101385928609  0.65370854745730234  0.66423881371844729  0.67488151840072486
  0.68593556146856505  0.69752804876051577  0.70868786819020779  0.71910209387574364
  0.72980983872041993  0.73980242666853069  0.74906642977512206  0.75874478819802549
  0.76785442072821164  0.77635975693195192  0.78574904762460429  0.79557630307038996
  0.80479167017488940  0.81409396929360989  0.82475085246170532  0.83545428555326817
  0.84589801553724675  0.85669398423016241  0.86707626184011188  0.87797732913297954
  0.88887028479611097  0.90003897763981622  0.91139271883985273  0.92220005888248768
  0.93188754474548796  0.93984056580425002  0.94647598716225390  0.95545087604529266
  0.96716362487069407  0.97837894027498440  0.99028072604842288  1.00000000000000000
  0.01886399269103602  0.19864164689389094  0.37938607236195360  0.54475065655504329
  0.61840587409838865  0.63706212721016253  0.64510973289468754  0.65092754450460411
  0.65588327922185274  0.66112081274840750  0.66687460201420634  0.67284092186871203
  0.67879082055009365  0.68345685298482961  0.68692335928301573  0.68997670683331791
  0.69300485809421408  0.69578392978529757  0.69825084158271666  0.70053487800223158
  0.70307746917807157  0.70632977782977335  0.70962396907075698  0.71267598712541258
  0.71592594254117803  0.71874273144698086  0.72168980609601574  0.72458226557066463
  0.72798467530785016  0.73151477371649276  0.73482691668396560  0.73730875410873375
  0.73949352038184646  0.74169890088158807  0.74413351749013867  0.74656521136952769
  0.74938042029614427  0.75276472003837358  0.75601272697698796  0.75920448182585865
  0.76196778567636725  0.76462774551822310  0.76735147523564395  0.77008494952897810
  0.77282471286033405  0.77551160937700558  0.77823203983563727  0.78097563032737605
  0.78380541380352875  0.78677864279795140  0.78965581934123741  0.79232807251324888
  0.79484069985499217  0.79740822963796665  0.80044830366454156  0.80381772854319611
  0.80739078677307230  0.81102947624563848  0.81425629681539335  0.81737150058130448
  0.82046971164056492  0.82373778986823432  0.82725439725765615  0.83086948482540179
  0.83461276570092147  0.83826205973520718  0.84203666694857549  0.84591574755926024
  0.84974461147416303  0.85353803034926634  0.85738347480119137  0.86146004875892912
  0.86543577356045309  0.86949023056734398  0.87340734639064233  0.87715368474440603
  0.88092900118334505  0.88469539611175663  0.88882336844378773  0.89311147302048832
  0.89684975872382255  0.90046400467306309  0.90461409276367277  0.90923925301359099
  0.91398709453147187  0.91806521805460850  0.92212149019227962  0.92573960595812432
  0.93002119959867580  0.93603305087824862  0.94249876586841153  0.94950035073466155
  0.95815151323750392  0.96785049503267895  0.98150795977309391  1.00000000000000000
 -0.01730267163385008  0.12856906325672335  0.21503543208342568  0.24051316349676743
  0.26296612694045451  0.28212220960848239  0.29891981499141973  0.31532775990764422
  0.33049461163353788  0.34261083902486472  0.35335432457494126  0.36391800593347290
  0.37502950930178791  0.38794268645598662  0.40097536709964798  0.41307415668116448
  0.42430108701197866  0.43490499141468753  0.44506266428945018  0.45488874254435785
  0.46443093322472317  0.47393316694572274  0.48306351654640445  0.49273747824266950
  0.50207765278658212  0.51018731590430066  0.51831854542356981  0.52530260727355549
  0.53123804695053911  0.53687276826415009  0.54222412467426495  0.54730999018156445
  0.55338649613694080  0.56126242422624251  0.56826479199694535  0.57448558567616859
  0.57926646223472400  0.58350616038652203  0.58874521407677760  0.59338959899708432
  0.59805884488819661  0.60348059098318596  0.60908622316983119  0.61446185483816773
  0.62004463103752872  0.62487328916367257  0.62925917466991721  0.63399410935646461
  0.63898852124009098  0.64440545088447287  0.64963751049481055  0.65432491633340495
  0.65838909284609115  0.66252301183893791  0.66721087165081983  0.67228639739615181
  0.67760443662397474  0.68343756993402571  0.68915455801082637  0.69438256910206508
  0.69962678567204628  0.70476610390758665  0.70941625183070400  0.71350554174729863
  0.71754668267197774  0.72280307601203253  0.72797269640333551  0.73293456793401845
  0.73789885565832958  0.74268985140095967  0.74723484500064807  0.75175151343941471
  0.75579285414208197  0.75957464782600581  0.76373470454692494  0.76800750102733351
  0.77257090377507853  0.77683009394611280  0.78125572110832631  0.78588104108966550
  0.79101069558372694  0.79661027392352679  0.80254417312107518  0.80883611032033531
  0.81518015632931351  0.82131227462268719  0.82761533540904553  0.83420360913644442
  0.84084616647936916  0.84777073368290423  0.85414432035576815  0.86130727151420450
  0.87017291161623833  0.88567916909166267  0.91825812291859177  1.00000000000000000
   3.3566127615390703E-010  -1.0000000000000000     
 F F F F F F F F F F F F F F F F F F F F F F F F F F F F F F F F F F F F F F F F F F F F F F F F F F F F F F F F F F F F F F F F F F F F F F F F F F F F F F F F F F F F F F F F F F F F F F F F F F F F F F F F F F F F F F F F F F F F F F F F F F F F F F F F
  <DiscreteSampler_grid>
  grouped_processes
  1 # 1 for a reference and 2 for a running grid.
  10 # Attribute 'min_bin_probing_points' of the grid.
  1 # Attribute 'grid_mode' of the grid. 1=='default',2=='initialization'
  0.0000000000000000 # Attribute 'small_contrib_threshold' of the grid.
  0.5000000000000000 # Attribute 'damping_power' of the grid.
 # binID   n_entries weight   weight_sqr   abs_weight
    13   10   2.036163491936134E-001   3.011417592423869E-001   2.036163491936134E-001
    14   10   2.036163491936134E-001   3.011417592423867E-001   2.036163491936134E-001
    16   10   3.815729407964233E-001   9.913396804792308E-001   3.815729407964233E-001
    17   10   3.815729407964233E-001   9.913396804792305E-001   3.815729407964233E-001
  </DiscreteSampler_grid>
