  0.02396353033813299  0.03214442342408578  0.04242122065881793  0.05270890817636215
  0.06292686825340141  0.07317733471670129  0.08350034091121022  0.09384192331691492
  0.10402974850894151  0.11406411331448633  0.12405137306238456  0.13395773198104707
  0.14388469790804234  0.15396048910550195  0.16402022113541398  0.17401308917754241
  0.18389619835220883  0.19390403577849638  0.20415644260869853  0.21455768163594452
  0.22502005658347587  0.23552046059813431  0.24596743505743687  0.25619632282603033
  0.26625994506064660  0.27630658381739798  0.28639263005411608  0.29644207365702535
  0.30656608380545625  0.31679763666592159  0.32731444529821446  0.33747900983870005
  0.34742584314578501  0.35725253987008659  0.36738936407653605  0.37753950682933340
  0.38760063475810003  0.39765189852691485  0.40783503269327553  0.41826461398630810
  0.42856972239170682  0.43878953277806526  0.44882014688962502  0.45882819641958711
  0.46882696739697027  0.47875838402666870  0.48878895370510017  0.49891423599863249
  0.50899501983402029  0.51909682630393383  0.52923830835022301  0.53942070146958609
  0.54959790987303225  0.55978140715395008  0.56992797427585218  0.57996906362450584
  0.59000255989977612  0.59993437819104867  0.60991585881500543  0.61995792044912790
  0.63007750645167926  0.64026565371752053  0.65044876326164924  0.66065282381050960
  0.67084758188821525  0.68098426859121552  0.69114112521668136  0.70160725810717328
  0.71201658635442389  0.72232655568594473  0.73256470021440390  0.74288021900208701
  0.75347932802503603  0.76376027898243992  0.77392825344256633  0.78397512267280456
  0.79407303084443936  0.80422552025084371  0.81431199779261665  0.82450879958940071
  0.83470467086317379  0.84485903424123787  0.85478748289579676  0.86462094545093626
  0.87446517680010105  0.88446555725689080  0.89449314853085671  0.90458827634330674
  0.91467460955615787  0.92494245307037493  0.93522302420437664  0.94558042757463157
  0.95622043785833621  0.96560514130213126  0.97092989716568401  1.00000000000000000
  0.03074403856180032  0.03700116534219901  0.04636111963442265  0.05701571136701572
  0.06719664744138186  0.07722161616548297  0.08725267152779421  0.09736764043250867
  0.10741416354437197  0.11747290924252815  0.12755471893480794  0.13764352016584225
  0.14763848180324832  0.15757160298593442  0.16762570629297618  0.17775712986415088
  0.18767134564992285  0.19764185146579419  0.20743749140923401  0.21724371718123317
  0.22697851267458416  0.23710714865381788  0.24735178811822925  0.25759312687391267
  0.26770690283888193  0.27809067187765640  0.28876396152247275  0.29930334124588653
  0.30957352763449375  0.31975702681858320  0.32972354503161105  0.33990124680528433
  0.34996493465326362  0.36022532338198449  0.37046569669932183  0.38071253234963287
  0.39094573207520888  0.40107067850261763  0.41116166615670136  0.42118729834680968
  0.43115749658994179  0.44127442312901605  0.45133237445654784  0.46137080087359916
  0.47120090893901606  0.48117425177676387  0.49119735664399067  0.50128938911645904
  0.51121511178529577  0.52134479289876401  0.53158248889696269  0.54183258149769042
  0.55166807778744453  0.56148458583514960  0.57118557107688661  0.58109629992389944
  0.59104766951753096  0.60094580359870797  0.61078518956385364  0.62080445878745039
  0.63104950541074067  0.64143447846304658  0.65163589187914595  0.66178338456003971
  0.67182965527176985  0.68180502329484050  0.69178680500657674  0.70175245723206048
  0.71165984722382492  0.72154007826056554  0.73145160543058785  0.74160088118359691
  0.75184776025934386  0.76213344373251357  0.77266733073898819  0.78315490474087701
  0.79341906479961710  0.80349326681002065  0.81352785349898293  0.82377548554096514
  0.83400845940945201  0.84411535197946286  0.85401802030155893  0.86377252633775825
  0.87349967819136765  0.88338643628286684  0.89336251173286485  0.90333879707578857
  0.91338128715861366  0.92355817866063417  0.93382716944092437  0.94401575854788478
  0.95442250993963074  0.96288589004601188  0.96941004313607415  1.00000000000000000
 -0.00214480766332879  0.00842995138322336  0.01759188517369335  0.02710686189577034
  0.03689322284599771  0.04694311667687744  0.05706797520295469  0.06708765352643370
  0.07713491794829541  0.08723930436822552  0.09740239613468897  0.10758084644218965
  0.11783163518298706  0.12809999592282620  0.13847809864696559  0.14894994674755485
  0.15961226006094023  0.17021786672674200  0.18098710093450385  0.19214327479945939
  0.20375537529269105  0.21538034760825581  0.22705612989303023  0.23871788026088470
  0.25057352124791427  0.26221952926951847  0.27409471046019773  0.28605472392645837
  0.29809908251960998  0.31003635172142291  0.32202127510732920  0.33425243176871433
  0.34657743072491132  0.35900457195154212  0.37135826170130265  0.38370723764592535
  0.39611288964813390  0.40863373354114457  0.42123710184054619  0.43386874186595958
  0.44645499575888203  0.45901915735738508  0.47160629631832118  0.48423161421994088
  0.49678690363883310  0.50930945651642567  0.52174642979889840  0.53417287965215809
  0.54646963566492368  0.55863804195048350  0.57062461713664037  0.58245234044428962
  0.59423678787979195  0.60593475961697907  0.61743404710571603  0.62874870588609844
  0.64006910702011954  0.65137115073417673  0.66248040857421631  0.67355970167742230
  0.68455303103716181  0.69547671575273384  0.70629455190301205  0.71688072198712394
  0.72738654279068504  0.73772189259400933  0.74800247942714793  0.75801591462655848
  0.76785793260921120  0.77751282077375150  0.78708648233869094  0.79668295550012236
  0.80634860310170664  0.81601785165403740  0.82559986770824811  0.83495512059233601
  0.84396217476819502  0.85295978120888993  0.86165475038518924  0.87029556068862568
  0.87883691017218413  0.88737128496020679  0.89581570380230702  0.90421031923429318
  0.91253140741370631  0.92080472774238487  0.92908800803128933  0.93729807271271337
  0.94529892033419793  0.95311440221902499  0.96085747603116534  0.96858383130942249
  0.97637408269488624  0.98436084659512924  0.99217798136659241  1.00000000000000000
 -0.00217455355795207  0.01043231200860862  0.02121631187198089  0.03212509276255650
  0.04291613154212525  0.05351576173810173  0.06424039712207139  0.07479178221323450
  0.08540754376211407  0.09577050317509282  0.10604725241952097  0.11658808082082152
  0.12708140589986952  0.13782527820867693  0.14865209492247111  0.15961955847147391
  0.17035763869107770  0.18067451857608249  0.19088850330437954  0.20116578887090317
  0.21158972074765117  0.22209196047325336  0.23251712480939041  0.24309898850048603
  0.25384226827542999  0.26477889685889899  0.27557437314816935  0.28632217594680653
  0.29701571981121955  0.30769313382358632  0.31823797995207570  0.32858651376487946
  0.33879789918695191  0.34899606290138857  0.35943687489776777  0.36982764845998367
  0.38029365543187876  0.39052410861219639  0.40099854394234835  0.41156164036308163
  0.42220764624945029  0.43275804113087768  0.44328748000396079  0.45382362761532802
  0.46443613981046844  0.47492469688197758  0.48525856038714554  0.49541417633955775
  0.50594559072211986  0.51682941974872709  0.52757915157167867  0.53822151549238906
  0.54887156669890469  0.55983347866335020  0.57082345096355458  0.58180411984413061
  0.59266845432067483  0.60348036845525865  0.61380248390220171  0.62408382762414571
  0.63409254986204000  0.64431436080554794  0.65464113085085096  0.66488358820175053
  0.67526089288591840  0.68558342339577072  0.69598799998904826  0.70639529416360081
  0.71670513380617396  0.72705002164483168  0.73732891283488888  0.74763151194000443
  0.75805470605010894  0.76857763112448729  0.77934435302607574  0.79004900820448776
  0.80073163051310448  0.81127944467411472  0.82179568879329234  0.83232225114805070
  0.84281261359354520  0.85313781068054928  0.86331381825594766  0.87340361802232847
  0.88373076531370487  0.89415796268865932  0.90482544359864014  0.91558198686276804
  0.92622352460390445  0.93655658732132885  0.94686462780874336  0.95727552946266137
  0.96814068642966722  0.97887300653257625  0.98953718165860438  1.00000000000000000
 -0.00238025317120847  0.00954725514443231  0.01954801315948700  0.03001092532717841
  0.04064804209516736  0.05151721681243351  0.06227199276163689  0.07264940438784721
  0.08315308508167479  0.09370493000638337  0.10437946719869502  0.11469207361718113
  0.12505931997276015  0.13547741006600178  0.14601078730317713  0.15643725751907517
  0.16704617205575858  0.17757770219359972  0.18802409298956296  0.19828955258990510
  0.20865014264226606  0.21927219007599627  0.22981662646830470  0.24026924181146223
  0.25081696561132127  0.26133117909893894  0.27205475868514994  0.28244173575728865
  0.29298042087489812  0.30335754718106928  0.31368163832893031  0.32396212699160454
  0.33404975359202954  0.34419326287564433  0.35444172346983155  0.36488257114924860
  0.37518842437340033  0.38536026973656767  0.39562563316588961  0.40616971371763549
  0.41656584922343393  0.42682384492343717  0.43687970912995888  0.44708008193588789
  0.45732490189942204  0.46761421479282017  0.47787369545842617  0.48801210451806010
  0.49832336154366241  0.50869856137700287  0.51917890193988103  0.52960614194581179
  0.54025342009039945  0.55101975091375754  0.56193580311475788  0.57286244034094391
  0.58380061319289167  0.59435132632991461  0.60476378254444585  0.61506769243603732
  0.62544753906809059  0.63573945825045752  0.64604055536257843  0.65665346663905078
  0.66728749446167746  0.67799059729209488  0.68892452540763971  0.70010803744359773
  0.71122599400937803  0.72215098949798040  0.73293960355599175  0.74358759641416938
  0.75411559843395048  0.76438967059514817  0.77500781498799654  0.78568012210729454
  0.79652466736887273  0.80728263694066138  0.81813462270899051  0.82912711028929675
  0.83992540936409832  0.85048297904942305  0.86094008300692304  0.87168884693734305
  0.88254913927921930  0.89333737287810722  0.90420051198074125  0.91494951983769890
  0.92594533110010468  0.93659527937386344  0.94721240884568791  0.95779948694524897
  0.96833953032660569  0.97896565894030885  0.98944685992317050  1.00000000000000000
 -0.00242843445740864  0.00979620360111689  0.02003571555009671  0.03047230269842429
  0.04078169105972540  0.05089429595821626  0.06102653495482490  0.07154339573496106
  0.08219800091743384  0.09319694365746119  0.10405129689711654  0.11496048310499975
  0.12595237737421552  0.13687735831100251  0.14772629192670703  0.15811974539998133
  0.16860151384945513  0.17932916207546240  0.19015364269210727  0.20086652919823858
  0.21149984897250473  0.22217361711580119  0.23301818290968160  0.24375036406126055
  0.25451222328246231  0.26513452777385782  0.27570796393650665  0.28613317991584059
  0.29648751066662182  0.30685388952087628  0.31721274046610182  0.32785303824560003
  0.33866779833161698  0.34946185322079693  0.35989296950714511  0.37021518424992289
  0.38056895026635684  0.39109437663241248  0.40162494938148002  0.41221613403836066
  0.42283782561241234  0.43332615882653264  0.44372401356916097  0.45419850464868117
  0.46490682906055847  0.47580034611830596  0.48664874416735643  0.49745325087818554
  0.50811166830591892  0.51855129343745165  0.52903269945435072  0.53953510860846188
  0.55013050936698660  0.56060852872393607  0.57111468026729528  0.58167531403338024
  0.59232822540558638  0.60302653393995675  0.61361809011869750  0.62406367470575341
  0.63440156348865862  0.64472864785954531  0.65505377520100072  0.66547563696539547
  0.67605805641061412  0.68668119268346839  0.69725482729651700  0.70763013882878700
  0.71783715661231418  0.72811445590022306  0.73850419186866412  0.74886577542469224
  0.75922021864545586  0.76948895723631228  0.77990115944759220  0.79018494659645933
  0.80042334881768740  0.81074792093810399  0.82107042495586491  0.83146448699755227
  0.84195249445129505  0.85252461512647748  0.86312948801848555  0.87355197111642580
  0.88392726086030349  0.89446519070467201  0.90506935454021220  0.91555145986770370
  0.92611158269117433  0.93668371268377193  0.94725170732369224  0.95764302918898114
  0.96818195020449205  0.97881094241951627  0.98939596909732030  1.00000000000000000
 -0.00227830277315142  0.01171381855881104  0.02336315075801448  0.03514713737012422
  0.04660208408903620  0.05783626193528660  0.06911609834605338  0.08036980138862743
  0.09147639027480153  0.10235385491472265  0.11309704151016058  0.12377018026757593
  0.13442968513649481  0.14507301092698685  0.15566344972930993  0.16615918053990772
  0.17662745414253520  0.18705094191296801  0.19736528184722449  0.20757861358140373
  0.21761790067619627  0.22746513311496155  0.23717944957701856  0.24684606064326506
  0.25653364867532730  0.26617301844560659  0.27580761385475427  0.28543511644619590
  0.29503299902884467  0.30451332783186541  0.31398666624319382  0.32351109942696726
  0.33306631775859485  0.34268158521621167  0.35226152999687449  0.36183454486294042
  0.37141238206506733  0.38092340255115870  0.39039776646801200  0.39980498310167112
  0.40910006101563318  0.41835844804915678  0.42760655233726408  0.43692755906694536
  0.44632072397057160  0.45570455561711354  0.46500504711885593  0.47426117241686788
  0.48359944557776668  0.49300266024660361  0.50245509160418833  0.51184324292123806
  0.52111088381879089  0.53023014322601392  0.53927186793705284  0.54844389685698802
  0.55785355403210279  0.56750559810201984  0.57735022874335495  0.58726773198812687
  0.59729087993001384  0.60732404037206333  0.61731688371332949  0.62730033000423335
  0.63713146426954648  0.64698678266001930  0.65690754764617287  0.66685786575859418
  0.67688296240064916  0.68684522534855230  0.69711042934261191  0.70748362750669369
  0.71815566693938071  0.72893507932524271  0.73983219321028970  0.75074778286879729
  0.76166670894255362  0.77269545827747677  0.78390776865439116  0.79525222168943421
  0.80673697017700241  0.81820850483264418  0.82965836471171905  0.84107811132485089
  0.85269044950271466  0.86465360799340507  0.87681311701192066  0.88922608574149142
  0.90192341564723699  0.91495616342760999  0.92825222058998247  0.94209038254482991
  0.95621496708498477  0.97045071849594622  0.98499383750159675  1.00000000000000000
 -0.00229807082811545  0.00931347203256441  0.01926597712552549  0.02961822504804510
  0.04006810151968807  0.05082793502564004  0.06150966134181780  0.07226508014074069
  0.08297822967787327  0.09365435894759577  0.10436369357420346  0.11511203246578416
  0.12590709819062890  0.13658531875404722  0.14720027800519678  0.15786456285491307
  0.16856496016513492  0.17934801615804988  0.18991269117591966  0.20035979413486094
  0.21078735252255765  0.22147353356880400  0.23204118176718405  0.24256287476166080
  0.25312933168950513  0.26373208784308011  0.27445687448016437  0.28515011683828251
  0.29561515891515944  0.30598662603442045  0.31636392371138827  0.32700421768202981
  0.33745020048844721  0.34771728585891815  0.35803326202118468  0.36839842578273951
  0.37879426703719565  0.38921791829438113  0.39966494316875523  0.41013774046796692
  0.42054697330487467  0.43095467130817539  0.44118897897335263  0.45157442684702537
  0.46189356131375259  0.47274400745486861  0.48352644837736652  0.49437515546759681
  0.50503211399160386  0.51527243352992391  0.52557545153857066  0.53580928896053637
  0.54622780868528775  0.55677587544183016  0.56760710461503350  0.57860419449273359
  0.58932023721318494  0.60001178226653251  0.61074093051875333  0.62146947326565294
  0.63202163840207981  0.64266405108267355  0.65334779143773336  0.66387541335712508
  0.67434044213987021  0.68491740236871457  0.69569682900014307  0.70634836992689509
  0.71702942924384927  0.72781532220529943  0.73846508388939502  0.74896754953248779
  0.75931713368402964  0.76964103935617989  0.77992941257530779  0.79016455449380296
  0.80052292331722108  0.81087436846793948  0.82130555632750668  0.83172416915668235
  0.84221300678540145  0.85275898718551535  0.86354425851996264  0.87410120902221899
  0.88457882326875381  0.89482001896102592  0.90541342644276390  0.91599449412961542
  0.92642119501464759  0.93682447086620768  0.94724082275413723  0.95787424410013577
  0.96830999925966132  0.97884014879344783  0.98938827923593231  1.00000000000000000
  0.05464415023919066  0.06495642815007822  0.07878512540973273  0.09196662040411061
  0.10543621698623000  0.11957983640621613  0.13287148034926094  0.14486917216130182
  0.15571763390887230  0.16607343847787262  0.17570725665683870  0.18510557493705282
  0.19420929012991384  0.20312792549535499  0.21176273114213789  0.22031481998129265
  0.22871868351049407  0.23688942064996854  0.24487958336256105  0.25267549214105656
  0.26033784532004434  0.26799532912312002  0.27572813229010368  0.28351729038999562
  0.29126820947147769  0.29890282996467304  0.30644654755376366  0.31397271857196385
  0.32148162172762573  0.32907458518935556  0.33666229644569334  0.34411807063404631
  0.35157199891494884  0.35898110503648384  0.36643941378905270  0.37381369076587767
  0.38116355546679104  0.38849059074980125  0.39587647097867085  0.40334194806302387
  0.41074325505473347  0.41812129337668708  0.42547004801126087  0.43292157255750813
  0.44044315017550439  0.44790631445356754  0.45528364442702846  0.46258315791867144
  0.46987097973949371  0.47727969970692047  0.48484797615662950  0.49247995812659806
  0.50005843465543476  0.50765483563200708  0.51530195182531613  0.52311894442851914
  0.53099217272571353  0.53891558443779930  0.54689827886636777  0.55485225698844542
  0.56277071954465885  0.57079645437839122  0.57883361610546780  0.58708009487173651
  0.59543960697091669  0.60383988948047029  0.61241808412143617  0.62110168505157659
  0.62996054114755629  0.63902443603206383  0.64833024345941248  0.65774504244354259
  0.66709724313497010  0.67637172688306557  0.68567975752954813  0.69526748819901552
  0.70519657720155327  0.71546799141629058  0.72595971173262142  0.73657184378952811
  0.74733870079232467  0.75828883430455940  0.76946717376429663  0.78094223214029623
  0.79287968394941211  0.80530142580535502  0.81821187901265247  0.83147398122645966
  0.84499529952970676  0.85904755075779371  0.87392444358052801  0.89053634682915161
  0.90873517970107842  0.92965468011184849  0.95680528578760360  1.00000000000000000
 -0.01024433006921209  0.13551967101667614  0.17813264414359820  0.20628210750679232
  0.22861635048011603  0.24802620473871273  0.26522515404905822  0.28087141626193735
  0.29523712338104591  0.30860255010357251  0.32109054286207073  0.33290258387142541
  0.34423483059870214  0.35513897470941724  0.36561258855132922  0.37575299613691537
  0.38558534622260887  0.39521480283333232  0.40444933063192279  0.41349997937647909
  0.42228002311598417  0.43082127940739584  0.43915887553057026  0.44728405873661070
  0.45534351093686076  0.46329666777536432  0.47117184723932953  0.47891545447991923
  0.48641100876453225  0.49372871261833945  0.50096768118424051  0.50818114239458534
  0.51536807186579048  0.52244883994694713  0.52926130505762303  0.53589278034646493
  0.54239484697159857  0.54880696750688174  0.55520156119546904  0.56151089820025690
  0.56768687767800463  0.57379172089152386  0.57983984384500864  0.58585675471365894
  0.59181129561873891  0.59769205528163871  0.60350159508685342  0.60919438408202853
  0.61488444603927139  0.62059307136486441  0.62625305945079757  0.63192961529706693
  0.63760017564262939  0.64322244272708162  0.64871217723698715  0.65405556445123814
  0.65934619348742374  0.66466289148771562  0.67000166641431413  0.67535547049576783
  0.68069645570037940  0.68603528112232393  0.69133259095425670  0.69656763469888683
  0.70176250798986162  0.70691520216425796  0.71210166112546391  0.71729339681397919
  0.72249311632908497  0.72771220748446752  0.73293469515837062  0.73816508811989601
  0.74341267094562147  0.74862034004889566  0.75391114442903651  0.75919117106294320
  0.76444175891387467  0.76973992544562742  0.77530539407670707  0.78098293730360546
  0.78666130606825402  0.79247833080615582  0.79853104211964032  0.80473009659157113
  0.81114767498767393  0.81787599310481696  0.82499048043253531  0.83230102395748240
  0.84033140737881329  0.84883730978552774  0.85872942053802426  0.87058871506189306
  0.88471558844035147  0.90345327072448234  0.93087006303257214  1.00000000000000000
   6.3417926517226166E-012  -1.0000000000000000     
 F F F F F F F F F F F F F F F F F F F F F F F F F F F F F F F F F F F F F F F F F F F F F F F F F F F F F F F F F F F F F F F F F F F F F F F F F F F F F F F F F F F F F F F F F F F F F F F F F F F F F F F F F F F F F F F F F F F F F F F F F F F F F F F F
  <DiscreteSampler_grid>
  grouped_processes
  1 # 1 for a reference and 2 for a running grid.
  10 # Attribute 'min_bin_probing_points' of the grid.
  1 # Attribute 'grid_mode' of the grid. 1=='default',2=='initialization'
  0.0000000000000000 # Attribute 'small_contrib_threshold' of the grid.
  0.5000000000000000 # Attribute 'damping_power' of the grid.
 # binID   n_entries weight   weight_sqr   abs_weight
    13   10   4.587659731663710E+000   4.174265296500661E+001   4.587659731663710E+000
    14   10   4.587659731663718E+000   4.174265296500669E+001   4.587659731663718E+000
    16   10   5.714831959254461E+000   6.464948636302280E+001   5.714831959254461E+000
    17   10   5.714831959254467E+000   6.464948636302287E+001   5.714831959254467E+000
  </DiscreteSampler_grid>
