  0.00007136156414094  0.00007279898224592  0.00007513859207474  0.00007759763467602
  0.00008016627124778  0.00008264075805271  0.00008531638004850  0.00008817899098127
  0.00009085211947281  0.00009219419196558  0.00009244212936227  0.00009251393780468
  0.00009254018532728  0.00009255369356215  0.00009256248267111  0.00009256846250110
  0.00009257254463880  0.00009257547277816  0.00009257739249712  0.00009257901407210
  0.00009258039258583  0.00009258158584526  0.00009258262005909  0.00009258349716715
  0.00009258422191002  0.00009258484807804  0.00009258540623827  0.00009258593851411
  0.00009258640506992  0.00009258681595958  0.00009258720637549  0.00009258759192262
  0.00009258796011896  0.00009258832312979  0.00009258866809083  0.00009258901401989
  0.00009258936214165  0.00009258971276556  0.00009259006703869  0.00009259045621263
  0.00009259087508791  0.00009259131764093  0.00009259177279455  0.00009259228276066
  0.00009259288929428  0.00009259358616335  0.00009259432536848  0.00009259524753130
  0.00009259631314624  0.00009259750646733  0.00009259890341717  0.00009260047215356
  0.00009260321512567  0.00009260659411626  0.00009261115316526  0.00009261813089014
  0.00009262817019426  0.00009264370327877  0.00009266776652165  0.00009273285503836
  0.00009293346660317  0.00009392707991978  0.00009738288073923  0.00010183630315162
  0.00010676989451373  0.00011316499448209  0.00012300459470291  0.00013599654559309
  0.00015290020018286  0.00017409550029244  0.00020002562810007  0.00023269590343460
  0.00027513615179252  0.00032531568637566  0.00038300188430691  0.00045386084339887
  0.00053561836768942  0.00062478362658110  0.00072567485388912  0.00084446611994566
  0.00098168899763169  0.00114728886659385  0.00136045081759064  0.00162335743220127
  0.00192704656619266  0.00221431149026026  0.00257378909659454  0.00306742373634799
  0.00376567395960623  0.00465734017595139  0.00555226707518588  0.00657455668219209
  0.00803839013645105  0.01604416510530002  0.09038379864804595  1.00000000000000000
 -0.00733408426001706  0.02775757977791337  0.05181510657935128  0.06748803270458141
  0.07991716459835345  0.09100517018887408  0.10126528602005501  0.11051917877899131
  0.12001818932856320  0.12897922339380360  0.13683229283323475  0.14308277705330189
  0.14973024317683326  0.15836972399926219  0.16810615781080801  0.17574409805797384
  0.18253467334429929  0.19006638516195501  0.19963391191264901  0.21022191084610950
  0.21909259691367544  0.22716646968622403  0.23589085799954071  0.24492584443617363
  0.25454426638474109  0.26586616467928725  0.27902507480701161  0.29234137746022437
  0.30483315199423727  0.31704891800751911  0.32903284124732857  0.34044458330759486
  0.35138323787525744  0.36233402986877461  0.37349869217289799  0.38454628957504655
  0.39468278478417274  0.40348847479930178  0.41189805186056616  0.42060572064537699
  0.42975158319987161  0.44018965453821357  0.45188196437639444  0.46390154035257497
  0.47589822140839927  0.48802426801614557  0.49972727797991096  0.51005217411558490
  0.52030690447576788  0.53046059731190920  0.54026853202143110  0.55017777059625905
  0.55974866458069450  0.56869014260797301  0.57779204915884241  0.58758116722585996
  0.59841220687107644  0.60988687027872635  0.62094851569196785  0.63107183991110949
  0.64100529534010620  0.65114905922618649  0.66243453324221413  0.67461342770263188
  0.68745717025732833  0.70051718605822932  0.71316240025961186  0.72486634360966096
  0.73522247233415905  0.74456014217125488  0.75462794663010280  0.76474052652336189
  0.77300047515965464  0.78231120970259305  0.79455805373815580  0.80816478932287161
  0.82097799679224215  0.83264741503053219  0.84399212084857844  0.85347584738885451
  0.86053074804465723  0.86775033281233493  0.87409449651244875  0.88034366685231835
  0.88720222744406441  0.89423238186103859  0.90281687108179642  0.91234364844346905
  0.92238605890870662  0.93353841013610939  0.94554693062130446  0.95779425574487786
  0.96979199617182765  0.98088892153336904  0.99074120001369748  1.00000000000000000
  0.00000025498524101  0.00000333085762081  0.00000524579681213  0.00000705203126905
  0.00000886235270108  0.00001143163520715  0.00001436911252605  0.00001761261501040
  0.00002076826221997  0.00002389201645579  0.00002721736128309  0.00003061354242219
  0.00003372968842190  0.00003654739836533  0.00003927312207010  0.00004186172617953
  0.00004425419410579  0.00004664219249997  0.00004927413059810  0.00005222211416252
  0.00005523025234267  0.00005767500566895  0.00005982840660391  0.00006205067785850
  0.00006415010478133  0.00006639346790280  0.00006860520360017  0.00007099640246572
  0.00007425255517252  0.00007832340592985  0.00008246660464957  0.00008661777994839
  0.00009086893066731  0.00009508192664054  0.00009948968037236  0.00010406150481743
  0.00010910192211541  0.00011418677201551  0.00011931223795385  0.00012438827686073
  0.00013003422779763  0.00013652168956930  0.00014290667036660  0.00014880066044445
  0.00015473360024829  0.00016170001691050  0.00017071841843452  0.00017976193897594
  0.00018779420264539  0.00019655166717747  0.00020675557884498  0.00021759579495541
  0.00022997979327374  0.00024326112380701  0.00025650692867323  0.00027148793095380
  0.00028894291253601  0.00030778509594456  0.00032897556365048  0.00035175074887672
  0.00037517393299534  0.00039893543973652  0.00042254638167037  0.00044702589112897
  0.00047397500067256  0.00050176335811356  0.00052769497384829  0.00055552283686895
  0.00058653123627677  0.00061909806439080  0.00065348062677876  0.00068663038347741
  0.00071568613560018  0.00074244977524605  0.00075997851796551  0.00078431680405148
  0.00083531101857680  0.00089537113946905  0.00094928786774009  0.00100723127105379
  0.00107227701498197  0.00114269554864678  0.00122375811395222  0.00131704236823199
  0.00142466454085377  0.00153931278714096  0.00166151716138251  0.00181674490746615
  0.00201422663486845  0.00226310239955114  0.00271085802016698  0.00308759854654936
  0.00694830900275699  0.01344609444516976  0.02513638980713707  1.00000000000000000
 -0.00224352043891440  0.00846268600149159  0.01780087789347630  0.02707553355054079
  0.03700396228196492  0.04627360943867455  0.05436189093377149  0.06329096569061571
  0.07336532188164312  0.08342302652039443  0.09301261726836670  0.10244183371704253
  0.11209768409720322  0.12057232140319026  0.12905821035598153  0.13836733056068840
  0.14709671346816694  0.15638359598659629  0.16623328011556798  0.17554798075399092
  0.18430872001337445  0.19036022451152379  0.19646369037129810  0.20356057464587457
  0.21090018089270907  0.21837542283758693  0.22708457388016015  0.23694972013544416
  0.24693886844105906  0.25677045388476410  0.26674635776836719  0.27685576768537801
  0.28734490945361585  0.29826404229289272  0.30932144083679730  0.32060580938209288
  0.33228338401632002  0.34448970861192701  0.35707420758718211  0.36927019998156752
  0.38032634673906085  0.39077846400159472  0.40101318242613199  0.41142961088606589
  0.42183660591818550  0.43192793492033937  0.44199171023204531  0.45211070075923193
  0.46121848467738108  0.46873505307548058  0.47763219232283394  0.48916074285888705
  0.49890365533766906  0.50605943948924814  0.51289330494415408  0.52078855876451047
  0.52806660996355803  0.53534436802353869  0.54252105663453110  0.55112680470657016
  0.56214560830001048  0.57415197079263203  0.58634252309277768  0.59911577145069417
  0.61282675618373816  0.62707222123456419  0.64102326616795913  0.65415545084211324
  0.66600326550669520  0.67750809957687641  0.68855038474252517  0.70020480293880494
  0.71304456762459334  0.72711032783920793  0.74163836188436438  0.75525577545846012
  0.76740162245345134  0.77935666091624278  0.79099244674571456  0.80166870454237249
  0.81119476828824910  0.82087781578613184  0.83039610905266448  0.84015955335829251
  0.85098271785968882  0.86351861198956104  0.87680000127857638  0.89011213325235683
  0.90373539589326590  0.91813487638396096  0.93285470672620741  0.94710949786484699
  0.96108936532121780  0.97441085686296969  0.98721347328343789  1.00000000000000000
 -0.00219623680970824  0.00821242749795700  0.01987298279544346  0.03147977543231611
  0.04294600039809739  0.05451367723581999  0.06673948216557576  0.07897779516949376
  0.09060631763607199  0.10086092391560740  0.10920081256377032  0.11715206296295899
  0.12523261950823619  0.13269054009537823  0.14020421497770402  0.14730880400474369
  0.15562611225883266  0.16500856179304044  0.17458386735614023  0.18501956733236261
  0.19634381143991747  0.20814131484528980  0.22066196708723354  0.23384917659657067
  0.24668716930679274  0.25924777274044625  0.27169417670373880  0.28411188629345374
  0.29660795408731555  0.30825046839490550  0.31905844081287205  0.32877662261250384
  0.33660029195980407  0.34378780137461762  0.35311606265732981  0.36319343940685317
  0.37175383895618497  0.38310657294601203  0.39699303860874652  0.41026212410503771
  0.42292124385628754  0.43537323129684291  0.44684727568915150  0.45641238214043878
  0.46583433808107000  0.47537756076818749  0.48483089746404207  0.49502304841795530
  0.50579321379191478  0.51635389657286579  0.52661185670167965  0.53738877158762899
  0.54905583039080752  0.56050896056454069  0.57262217912406399  0.58526908607198358
  0.59788077959052888  0.61051019563257813  0.62282046162945759  0.63546014231398351
  0.64833569014365255  0.66106126658738751  0.67364768971564326  0.68622887876912797
  0.69858155912217934  0.71083118041270865  0.72299761431080301  0.73520223601470680
  0.74745058484015436  0.75927156590879352  0.77004113073079894  0.77970885759800013
  0.78896313174574351  0.79856804727462138  0.80879728192186739  0.81938795492596528
  0.82924533625126595  0.83844583198105227  0.84775911961275607  0.85643726029212464
  0.86477846723721663  0.87396184546487676  0.88174726086361843  0.88992432172429792
  0.89995491132042404  0.90775510570931561  0.91463613447738379  0.92362887335667243
  0.93267738131704081  0.93953858647021504  0.94651024172068920  0.95453473450619719
  0.96446716167587032  0.97467900941672170  0.98513410330576212  1.00000000000000000
 -0.00209304825572252  0.00760440112991341  0.01770474316583906  0.02774301685176541
  0.03829627011749748  0.04898459058705214  0.05983626346267967  0.07084130248363621
  0.08156482122281764  0.09178013431628294  0.10177334726868065  0.11189201648764154
  0.12180530545562916  0.12986117119176430  0.13696939764058333  0.14486111152853967
  0.15300507913797712  0.16153599157267187  0.16864011060671416  0.17773031490655036
  0.19141653027457139  0.20518229663490309  0.21734359131560477  0.22841287404296970
  0.23754451228099044  0.24647541069470974  0.25620122432001619  0.26503648157239051
  0.27596641190165266  0.28751958362060803  0.30105104461481563  0.31776389860581339
  0.33200432047124501  0.34411329055785822  0.35583896043841323  0.36668228872019193
  0.37770393152400744  0.39112988542330906  0.40339637485441160  0.41515163116794584
  0.42818965871294312  0.44170536398911175  0.45538522806045567  0.47005809704999402
  0.48561299769096111  0.50174191630329235  0.51822427536506999  0.53337205095819484
  0.54797276473685830  0.56228815584834624  0.57550200082975578  0.58842113111688865
  0.60135456953877409  0.61332490088374281  0.62450970161459807  0.63535994985747835
  0.64590274161052053  0.65589814528336077  0.66613116881944834  0.67740033524202137
  0.68950007701163873  0.70178197932322106  0.71361678012145757  0.72401930202310338
  0.73373654648589359  0.74370680790765620  0.75304602626521100  0.76257136541517845
  0.77265525048565775  0.78283864996238084  0.79338670706582326  0.80426208860627080
  0.81483330670940346  0.82412504514029128  0.83198115480065793  0.83961703941827248
  0.84752030084053576  0.85592190802118906  0.86389932289866622  0.87214635813274621
  0.88026579732370724  0.88828007453459135  0.89660102342220771  0.90483313866020965
  0.91308384175385571  0.92178814433863798  0.93025526315975637  0.93718613760653180
  0.94356542870334892  0.95021667920960451  0.95662096397073593  0.96308732619399173
  0.97052679623525162  0.97917030615158296  0.98895029631072195  1.00000000000000000
 -0.00172944164717252  0.00716613251160984  0.01840113757615564  0.03004631910621484
  0.04133217462863253  0.05299912247604922  0.06435212300203680  0.07473775183995528
  0.08423849815100573  0.09381290352470892  0.10349361450972072  0.11385277309341574
  0.12495455378185172  0.13665920472019535  0.14876930292875234  0.16077881292957188
  0.17189194170428926  0.18232721635023003  0.19225275217518700  0.20210365490463983
  0.21234245365234855  0.22327573787537566  0.23377997960851971  0.24243547317406566
  0.25031050765529794  0.26030702527148186  0.27277896948746294  0.28423390233219964
  0.29495565082070091  0.30559313235459723  0.31712940361042696  0.32932277020197082
  0.34035883368984593  0.35036706092362363  0.36048839222611523  0.37146594697320973
  0.38258992777302159  0.39331686789834436  0.40315356654797313  0.41240218741189100
  0.42124050458244888  0.42994436471339575  0.44054570259708936  0.45176714053063100
  0.46293739342749990  0.47462134135408962  0.48720759509502426  0.49988337036063873
  0.51237647576465961  0.52503317806944838  0.53738356543705756  0.54937679011567087
  0.56117244607418215  0.57080057805174511  0.58123826540394574  0.59267572506746335
  0.60337913994221604  0.61497231505220673  0.62617957546314873  0.63655613193181071
  0.64705163577172009  0.65798584541790550  0.66789945677411366  0.67639508242720836
  0.68712216364208667  0.69746200304324801  0.70734125933491465  0.71735295382637876
  0.72682801442567513  0.73464198372964284  0.74070782950027714  0.75112017891452820
  0.75962960115413358  0.76706021700336302  0.77465027548953713  0.78238419329277054
  0.78982837968851505  0.79612132804548019  0.80381091570650653  0.81177535967762338
  0.81959420302031383  0.82884062959037119  0.83878669705323816  0.84817517066551162
  0.85969979836172983  0.87340924908772066  0.88783776923450708  0.90212714242122682
  0.91582750738943652  0.92870280614723044  0.94087935360249630  0.95285453798034458
  0.96476418814025688  0.97643390419634446  0.98780582490132840  1.00000000000000000
 -0.00284427992482207  0.01082124146686684  0.02138865898798101  0.03193812257689618
  0.03984968880109626  0.04955313416379952  0.06055428407334638  0.07070539218655283
  0.08038519982566279  0.09039448434249615  0.10052828411426556  0.11093802449072693
  0.12406498714190477  0.13765926595541519  0.14855490163651888  0.15841822498171687
  0.16885128255585596  0.17956403538195814  0.19057733475087180  0.20159682002735524
  0.21190198163508855  0.22154788787755617  0.23138281096388738  0.24185956572846204
  0.25257414978079124  0.26314751359897304  0.27308633143140981  0.28078703970702834
  0.28996048725762702  0.30056562877039195  0.30964462101904872  0.31872414007244204
  0.32964767309271492  0.34185055168548611  0.35392654712237892  0.36531083971375911
  0.37577626404321940  0.38604031637823294  0.39697195795822215  0.40864737067343787
  0.42090033341704730  0.43265481665127709  0.44191824547109126  0.44871354703466104
  0.45579217256564680  0.46427788715183782  0.47282295827868220  0.48056159262645920
  0.48830003766957769  0.49688997282712022  0.50789872815611070  0.51909042715521714
  0.53016267998677891  0.54169472263671248  0.55370324728145759  0.56657921216878493
  0.58004818674709235  0.59358581738808092  0.60789147276865252  0.62040187737684604
  0.63135093595691849  0.64147835786957741  0.65140743772811271  0.66196395093442661
  0.67285518995304294  0.68252055770832976  0.69012015959451800  0.69796904906832091
  0.70736599803417155  0.71649918833590354  0.72589500688552266  0.73501203783626412
  0.74301403101270103  0.75169893021072520  0.76098621715926762  0.77077596254392722
  0.77990229219564278  0.78982854519849433  0.80222531750601156  0.81576393953738979
  0.82838086287717905  0.83939709677169938  0.84981896101561971  0.86043174696097524
  0.87169009607406667  0.88427846371579721  0.89784725094017614  0.91038497080932113
  0.92261213357777216  0.93410264840532808  0.94583106352858759  0.95672076600214939
  0.96478860617203432  0.97786434766485308  0.98943492494525986  1.00000000000000000
 -0.00684482552662410  0.19872319927772861  0.33645632097011602  0.53567532567797715
  0.61702638002470644  0.63693767339556240  0.64714377946249479  0.65463757987907711
  0.66077919035075905  0.66618588432311943  0.67126869869177785  0.67568620369855548
  0.68009710149261582  0.68406298751069750  0.68788530553824045  0.69155223883688965
  0.69488042819038787  0.69792111486443253  0.70092857938624531  0.70402475641569628
  0.70708460926434857  0.71006900300002551  0.71298796457264668  0.71686195522962437
  0.72104057651498199  0.72420489249944697  0.72639891212515206  0.72857003397091169
  0.73065109675349016  0.73261969924457837  0.73470789830276928  0.73696472704859695
  0.73919970056402562  0.74133341675414755  0.74335062909440719  0.74573406834538702
  0.74888687565154588  0.75239622353245272  0.75595716922193734  0.75948871392168937
  0.76296848536258699  0.76641434839951528  0.76982721501678719  0.77320773594036629
  0.77667693911585223  0.78019744847096628  0.78368193761084659  0.78711280449452892
  0.79041157508488447  0.79344271731600058  0.79627879787516431  0.79907075621548151
  0.80186381927235229  0.80472108733972414  0.80751527157852465  0.81022665857540721
  0.81282053391756903  0.81544147794597055  0.81838339049877562  0.82137276438170226
  0.82426447821282955  0.82684547672568653  0.82909432608154543  0.83148160912266511
  0.83419019692254459  0.83736110249934848  0.84085016113758848  0.84422617554907220
  0.84742088521203951  0.85024753359287830  0.85273391333277171  0.85517251913328551
  0.85798774198080097  0.86093954404265360  0.86426881033339753  0.86797084528407609
  0.87193495053676029  0.87622060952669012  0.88077542402540820  0.88563491705289354
  0.89059545702109932  0.89581975989727347  0.90124544443397459  0.90693096171364984
  0.91281358413416847  0.91905433596113717  0.92580205836487617  0.93289019742824919
  0.93984029573946959  0.94614666835217476  0.95251708090948040  0.95873150312527411
  0.96488648561557144  0.97246777667078799  0.98288057431121778  1.00000000000000000
 -0.02073354264599646  0.15790520852391007  0.23669543980162611  0.27165911465904086
  0.29228186660786809  0.30702172456438903  0.31974862679994515  0.33220641880421181
  0.34391409844543641  0.35548514841284223  0.36663849894479172  0.37767568168479992
  0.38995442754348453  0.40224885305113584  0.41398340480866813  0.42505499080762915
  0.43572958100008879  0.44608719835730165  0.45541048109940513  0.46452307616140709
  0.47408134041680772  0.48345036055319784  0.49027712339231777  0.49619349772406479
  0.50244526358998520  0.50853309359783594  0.51415042675092515  0.51987278259667236
  0.52596248835327708  0.53252995872881381  0.53830212939672872  0.54484415330049729
  0.55156794597363901  0.55776932731685303  0.56327817484327769  0.56771457611966603
  0.57199765462041163  0.57694404930809751  0.58272602197999546  0.58856965838336439
  0.59453231978844034  0.60090235882155996  0.60675983430924840  0.61294736093662450
  0.61975665867188823  0.62559386305477405  0.63100655858350618  0.63682218124179768
  0.64267496387419532  0.64842416873008701  0.65410921141760714  0.65971734715615737
  0.66575115817117725  0.67133964762802611  0.67594974579035549  0.68061466143226867
  0.68557141751582606  0.69001354379994584  0.69281474817238275  0.69517854295508408
  0.69767799514916862  0.70018328191686674  0.70414851579940196  0.70951139655615769
  0.71411880229415048  0.71861871203830974  0.72297146419514591  0.72750791198625209
  0.73227396955286628  0.73752526971710508  0.74277223056803543  0.74793890028637600
  0.75308675914246892  0.75830131572898485  0.76367094155128301  0.76915652749336527
  0.77449276647630216  0.77963074294314727  0.78443685955466125  0.78914197433131483
  0.79367383474125430  0.79774716931447442  0.80191055878356376  0.80631440384425146
  0.81132047160966225  0.81688864779001791  0.82336890534905949  0.83133484384871437
  0.84028576267330657  0.84978653773139545  0.85949833430090183  0.86872906221334723
  0.87786563816524943  0.88748499106686163  0.90999469156883939  1.00000000000000000
   3.3694062114086978E-010  -1.0000000000000000     
 F F F F F F F F F F F F F F F F F F F F F F F F F F F F F F F F F F F F F F F F F F F F F F F F F F F F F F F F F F F F F F F F F F F F F F F F F F F F F F F F F F F F F F F F F F F F F F F F F F F F F F F F F F F F F F F F F F F F F F F F F F F F F F F F
  <DiscreteSampler_grid>
  grouped_processes
  1 # 1 for a reference and 2 for a running grid.
  10 # Attribute 'min_bin_probing_points' of the grid.
  1 # Attribute 'grid_mode' of the grid. 1=='default',2=='initialization'
  0.0000000000000000 # Attribute 'small_contrib_threshold' of the grid.
  0.5000000000000000 # Attribute 'damping_power' of the grid.
 # binID   n_entries weight   weight_sqr   abs_weight
    13   10   8.889933972251544E-002   5.963295858831794E-002   8.889933972251544E-002
    14   10   8.889933972251547E-002   5.963295858831800E-002   8.889933972251547E-002
    16   10   1.818658103830073E-001   2.739910522282316E-001   1.818658103830073E-001
    17   10   1.818658103830074E-001   2.739910522282321E-001   1.818658103830074E-001
  </DiscreteSampler_grid>
