  0.00007135532729455  0.00007267150275208  0.00007448638006690  0.00007644986893001
  0.00007864769272678  0.00008104803276813  0.00008361025958211  0.00008654605503296
  0.00008919664996626  0.00009086111085111  0.00009194405789991  0.00009223652340256
  0.00009231018171978  0.00009235525691199  0.00009238570398227  0.00009240510587894
  0.00009241994963991  0.00009242673367329  0.00009243189450748  0.00009243636040601
  0.00009244019908982  0.00009244344269820  0.00009244593033993  0.00009244804179167
  0.00009245011963561  0.00009245180340654  0.00009245348717746  0.00009245517094839
  0.00009245684536116  0.00009245851816130  0.00009246019096143  0.00009246211002589
  0.00009246418901798  0.00009246626801007  0.00009246940959599  0.00009247281815375
  0.00009247710736493  0.00009248214106362  0.00009248770654147  0.00009249634120275
  0.00009251150531401  0.00009253535538301  0.00009257191931789  0.00009264876412316
  0.00009283647919506  0.00009359888900252  0.00009528062219320  0.00009829813959784
  0.00010319981077361  0.00010880117195440  0.00011605691084036  0.00012519822354694
  0.00013554490903114  0.00014801559449883  0.00016231899378536  0.00017886376617067
  0.00019902309696756  0.00022596493477923  0.00025780774246587  0.00029474436426530
  0.00033968609727303  0.00038998552616287  0.00044402993718969  0.00050416053397193
  0.00057003906378641  0.00064054897184890  0.00071943634332863  0.00080396584604609
  0.00089375742925991  0.00099306285209647  0.00110612214435996  0.00122826641261625
  0.00136372737774823  0.00150872289149773  0.00165400838155336  0.00179636064605707
  0.00194066870496774  0.00209002020295872  0.00225816902069633  0.00240108478998790
  0.00253215037045451  0.00267926224819743  0.00286799007205560  0.00318588416175737
  0.00360823846066608  0.00410113445045443  0.00461153738562612  0.00508767655286889
  0.00558130065664368  0.00625342372039587  0.00746175850813837  0.00956178047598109
  0.01241955138153075  0.01550294542153672  0.73019680047151014  1.00000000000000000
 -0.00598849204167955  0.02650363857971564  0.04758097965257281  0.06208764207888471
  0.07527906684231814  0.08880998098680316  0.10053793177481657  0.11150188270551829
  0.12162010833673671  0.13138439958937803  0.14015524556184303  0.14942261595896719
  0.16103048579854026  0.17029637002143641  0.17928305681522400  0.18813247780130354
  0.19897763004194910  0.21195748908618650  0.22645641806084274  0.24023988638490540
  0.25347249232185742  0.26585689756944392  0.27788045007139373  0.29121050038776813
  0.30266499208388609  0.31233317694573082  0.32195063570282012  0.33163373421239761
  0.34280134130966466  0.35294614510174316  0.36143164678100903  0.37005542221698473
  0.37869373171769788  0.38572017333426156  0.39303725160774722  0.40249591055245626
  0.41054348911674166  0.41775960112777910  0.42616920984699835  0.43539840834564930
  0.44517460448142160  0.45546013201492019  0.46655055198172152  0.47916084587562957
  0.49155428617838598  0.50074453789647211  0.50766698188436932  0.51490624667231433
  0.52457791411937760  0.53651926680942053  0.54842531316116361  0.55931085983712447
  0.56964037358995401  0.57999549736689426  0.59095823206243703  0.60295887307212881
  0.61573373068863924  0.62938301519231898  0.64347313256915240  0.65581023949574568
  0.66662121678108899  0.67676344353909990  0.68703839371482456  0.69845301714088326
  0.71143594385090703  0.72420635504258613  0.73269305501924831  0.73925934585892283
  0.74614484970696526  0.75254903163203402  0.75853858544154062  0.76569852122418636
  0.77762782208922510  0.79159210264218882  0.80540796661223790  0.81785128294093046
  0.82841706463762732  0.83799680845696767  0.84771672754168403  0.85739765035665638
  0.86731766916721975  0.87812172601422211  0.88955975221859318  0.90080784696417693
  0.91128417130174255  0.92103999983382989  0.93094958575318354  0.94063895279382626
  0.94995491617686656  0.95903115311077147  0.96617330595132156  0.97216553740344958
  0.97832308381918953  0.98791429071151304  0.99515367793664755  1.00000000000000000
  0.00000035106003686  0.00000294351035464  0.00000381164509163  0.00000498176831316
  0.00000625903403272  0.00000773554370031  0.00000995450814073  0.00001228353233257
  0.00001483237933564  0.00001747273968120  0.00001968121861265  0.00002167599636588
  0.00002376612513276  0.00002693542549097  0.00003069719124587  0.00003378907328259
  0.00003670910725677  0.00003958417390615  0.00004252798821631  0.00004575950541322
  0.00004908540347282  0.00005236542987971  0.00005521357205378  0.00005783130063307
  0.00006052653942763  0.00006343567526746  0.00006657207582825  0.00006973950870581
  0.00007300011497830  0.00007638510392935  0.00007975145502106  0.00008322130362179
  0.00008746339839608  0.00009239866631061  0.00009730045151611  0.00010171535022492
  0.00010579635425076  0.00010941145423514  0.00011249348168280  0.00011668721035875
  0.00012125923782468  0.00012616743942993  0.00013251478860589  0.00013970293577705
  0.00014805048667259  0.00015733637297443  0.00016572851040313  0.00017383030927923
  0.00018242745670305  0.00019152401319531  0.00019980969461273  0.00020654740563877
  0.00021273957519923  0.00021931651975613  0.00022672141919807  0.00023424107833044
  0.00024181760759796  0.00024908162916839  0.00025642444299709  0.00026490381678452
  0.00027633591762393  0.00029045962688317  0.00030511133175255  0.00031906467802200
  0.00033275629548428  0.00034721405765615  0.00036301216038134  0.00038089905406596
  0.00040157057102689  0.00042364183802410  0.00044402639801198  0.00046256143716257
  0.00048444408448134  0.00050895115402147  0.00053940192134559  0.00057813785790241
  0.00062385545851687  0.00067498255330062  0.00072641234834139  0.00077797430817958
  0.00082874792944187  0.00088131948167555  0.00093829445962133  0.00098981215388426
  0.00104111012368465  0.00111926457966485  0.00121847927690358  0.00134611257240536
  0.00150059061606947  0.00167720701113045  0.00187366912857566  0.00211110337226721
  0.00242872441185907  0.00671895545591391  0.02637322806512010  1.00000000000000000
 -0.00284244550832703  0.00944490013774126  0.01902057689783045  0.02813021046498685
  0.03692934883098111  0.04590170784800361  0.05534442508234847  0.06453876316994231
  0.07326687903400440  0.08128869196617045  0.08939826469457630  0.09804235709633743
  0.10909926104376542  0.12084504590119485  0.13036600549678645  0.13859502898123260
  0.14692322687152382  0.15470346362461324  0.16216066655774819  0.17097447810718128
  0.17972070293571513  0.18775158590097960  0.19555705074938448  0.20350743596659451
  0.21149058626155970  0.21884710329701221  0.22745899933399918  0.23564108390146427
  0.24236258556091089  0.25139052684052010  0.26107086789542150  0.27229030434187829
  0.28357575833652615  0.29409651944316617  0.30423314418278902  0.31422149159212381
  0.32428122428465445  0.33406452730579450  0.34389808377021958  0.35420235871222233
  0.36519009565854815  0.37550854362155417  0.38641630797362581  0.39602790148548239
  0.40521716646226702  0.41463697712461089  0.42446818601979724  0.43570234805894242
  0.44952169845890461  0.46323550660530405  0.47490216267275981  0.48494317918909141
  0.49363024478465900  0.50164143118851923  0.50964407052589900  0.52044716207572439
  0.53325214440824120  0.54691659199620635  0.56073668796130760  0.57424012672275626
  0.58626215956052874  0.59771071256598840  0.60822174257400519  0.61918737640363908
  0.63296748288866600  0.64729346302920443  0.66142808982416867  0.67516586397074485
  0.68819934603011579  0.70072366743132242  0.71324559700660395  0.72235311871933383
  0.72878229573668674  0.73560724995653648  0.74150981827545359  0.74693077900160587
  0.75409143611835716  0.76240057733458344  0.77371593748197087  0.78433307205717595
  0.79306358789304965  0.80260499650446426  0.81352017583048053  0.82645061015786170
  0.83987313682883891  0.85318108747301158  0.86717950507217667  0.87936038429157404
  0.88989508026073327  0.90242608110288025  0.91740984661660208  0.93384417643287754
  0.95066231354102193  0.96699871513359748  0.98275058510063040  1.00000000000000000
 -0.00362220443219729  0.01149500917583085  0.02651028265929860  0.04047896546915769
  0.05358156837004718  0.06574592485965307  0.07732038361311745  0.08875781756001677
  0.09936240310120563  0.10907532362743314  0.11863092024108750  0.12691515332495293
  0.13489883469650274  0.14295696524451851  0.15236114536149331  0.16487019102686523
  0.17835699546174080  0.19029048569514947  0.20037128841850199  0.21008660405551327
  0.22068758596573831  0.23146339123304174  0.24080677390912267  0.25066579693291419
  0.26111687654833193  0.27178258081213341  0.28231316837560927  0.29415229192228848
  0.30649732366062876  0.31793414194606484  0.32799252912432386  0.33753139052787895
  0.34739982866231206  0.35731553812917188  0.36881737598967479  0.37913610551167953
  0.38791346157043755  0.39643399506861599  0.40611151619973146  0.41721278127073702
  0.42829264750556134  0.43858053308450429  0.44914787434683240  0.46072857093345676
  0.47069290509675177  0.47679118929828651  0.48241375250366830  0.48977495340729832
  0.49790415424026513  0.50778093096662535  0.51932124141307778  0.53122805842533827
  0.54382088614181467  0.55497941862896216  0.56470028414174489  0.57339051052947654
  0.58335443256580655  0.59399164870774257  0.60569885309716964  0.61800777689495234
  0.63111560337816730  0.64435352684301972  0.65660764199291710  0.66778935633800285
  0.67960523163365116  0.69197398653121589  0.70495065815033386  0.71694691718514625
  0.72626546924080149  0.73457519416410122  0.74344053159978229  0.75279328733092510
  0.76157579628356309  0.77186773515168394  0.78386279622390820  0.79746159552808871
  0.80982801987612318  0.82100237828419353  0.83169955827475484  0.84232710377739128
  0.85333267299124083  0.86555971421413780  0.87705500038742701  0.88541218914276920
  0.89315849273736403  0.90127671208299753  0.91018479381369055  0.91998257572661901
  0.93196492996802816  0.94133499481066751  0.95210249178512152  0.96255362088198249
  0.97241497116755116  0.98276382899154358  0.99178981923560294  1.00000000000000000
 -0.00277458941887616  0.00900284604982524  0.01797432929075684  0.02667390735371082
  0.03612384978754579  0.04555082876070130  0.05512473626164189  0.06476949412834219
  0.07511076108320022  0.08594665619882537  0.09717240851309623  0.10906023101471368
  0.12180000205334976  0.13318444584225791  0.14287704379689553  0.15338781298296572
  0.16414292282516077  0.17463042139839319  0.18352574760264279  0.19323555798953382
  0.20345476615420494  0.21247985268044384  0.22317223138343412  0.23662170605606558
  0.24997561028481399  0.26158181139100767  0.27276391019250162  0.28663915799520945
  0.30039543097491306  0.31269402810361130  0.32501104475711556  0.33886689622666599
  0.35449524045171205  0.37095201163444763  0.38695503671285103  0.40196680608489610
  0.41410462652615804  0.42525508469005086  0.43669564822960455  0.45024742925801692
  0.46370025931071540  0.47797817888475463  0.49179390310455839  0.50604095341482191
  0.51995154236423069  0.53257089273778846  0.54430136385390915  0.55679180874826673
  0.56936615676301727  0.58279624216985337  0.59650286711183342  0.60950145566072522
  0.61961570961272605  0.62862579656888351  0.63749196178456047  0.64648147322995109
  0.65769730616466049  0.67142656599341888  0.68553711015051155  0.69879305080450282
  0.71105794037148395  0.72283013067628865  0.73511288817223019  0.74844260682326214
  0.76206467972928071  0.77472586897721674  0.78622166088849910  0.79740129231777090
  0.80766385407459151  0.81874339967911025  0.83082870572779788  0.84070891871468811
  0.84748688442237474  0.85379201267998273  0.86055462814051065  0.86736890419537249
  0.87452795367191805  0.88117797908890338  0.88718204507622267  0.89281863249679072
  0.89857962437024097  0.90312842202304289  0.90797813736251431  0.91325079265790798
  0.91819297335055461  0.92409806628900093  0.93058255676608814  0.93716670348199249
  0.94394225359155515  0.95090829650401199  0.95813918436518686  0.96599164929810466
  0.97434300629682002  0.98300209938169392  0.99194989263949540  1.00000000000000000
 -0.00277018554502682  0.00933693089202444  0.02105351687728223  0.02976806133382700
  0.03911827397288049  0.04675536141019919  0.05522723742363194  0.06632514559355603
  0.07849008663429693  0.08911830773399392  0.09773639882078357  0.10456160575850673
  0.11252866050309612  0.12124662292153554  0.13129636610243470  0.14239736475314063
  0.15386221442452030  0.16543662044292806  0.17719299394716786  0.18830037166042959
  0.19736260168349265  0.20682764696690997  0.21680429729091655  0.22781178900846261
  0.24000281865461032  0.25207347349235287  0.26353186972249093  0.27524212642535184
  0.28776187730542657  0.29955173180558009  0.31016358989910392  0.32062115917712652
  0.33145351315626992  0.34329713413564106  0.35624849630570982  0.36711408096832754
  0.37781326459654785  0.38766055282802053  0.39808377797748645  0.40980098297684930
  0.42247994824996649  0.43573590502122778  0.44641318963422760  0.45556739394158774
  0.46494769967828259  0.47464083644200811  0.48638259943232043  0.49929489692252560
  0.51116632439281773  0.52137951484563816  0.53067063520610935  0.53981437046099379
  0.55015178178108115  0.56246296983958277  0.57691514346368622  0.59227403788890520
  0.60578381113609536  0.61837771119231899  0.63046440076535648  0.64195855346454145
  0.65093709467343752  0.65877059748754518  0.66652051182115968  0.67479193904883794
  0.68510326081007511  0.69710127954486167  0.70880034378636314  0.71965009923998202
  0.73004454785372508  0.74044353405773888  0.75024681995364573  0.75798439054840283
  0.76552983663750451  0.77243799600601104  0.77882778006118158  0.78548542078819894
  0.79521384827487840  0.80596583063127258  0.81518499337940120  0.82494979838648008
  0.83568266278263004  0.84745280879019502  0.85877771221428911  0.86906326524064259
  0.88068500405714178  0.89312381168463639  0.90525317161288599  0.91479146303010539
  0.92429276237548641  0.93475367646264618  0.94604739500065371  0.95527488829343954
  0.96575379134838502  0.97575435635577801  0.98582672097999557  1.00000000000000000
 -0.00328113984568390  0.01104166080606941  0.02391733179751308  0.03677320244964218
  0.05041470738785951  0.06420483112010343  0.07656643775230125  0.08732444062376847
  0.09797883047290629  0.10891624070916398  0.12031055797929760  0.13221210048077697
  0.14278637683459239  0.15159632727348832  0.16061635451965947  0.16882697878345651
  0.17803995812872794  0.18745419761108895  0.19593460546201788  0.20510445405025177
  0.21505491714697506  0.22549634158775661  0.23598459976156322  0.24667771480282694
  0.25720112151488744  0.26876191252857984  0.28066678081714691  0.29224565438874628
  0.30383516557014811  0.31564634748450698  0.32633821752041442  0.33541196471782297
  0.34390146842987179  0.35297933815036847  0.36227201925103564  0.37033186749718561
  0.37726380324218728  0.38409675674633509  0.39044425136556943  0.39812971098470673
  0.40959954521519593  0.42300243425506900  0.43686549363286253  0.45059002307831320
  0.46356325229691753  0.47501998530439216  0.48462005057200097  0.49301896215697188
  0.50112975756003497  0.51089791786112471  0.52358407770818183  0.53837642339006042
  0.55303225111030696  0.56555587646625971  0.57669254053704044  0.58772119165300829
  0.59837690770014840  0.60943994996216100  0.62137362595966905  0.63247571254424428
  0.64283845286696284  0.65303072057844658  0.66274081307511878  0.67312096442379443
  0.68395043424068835  0.69438719948388805  0.70418203037650406  0.71288196321204222
  0.72382090009446420  0.73538056307593658  0.74680553405199546  0.75936192171080097
  0.77082347584850697  0.78155543217303058  0.79147367957027448  0.80050809683680457
  0.81030981981650074  0.82080064812402254  0.83169756849502574  0.84280119315861768
  0.85383751575658884  0.86484862303593901  0.87540192586581855  0.88369356135556876
  0.89194247961626660  0.90046799309381786  0.90859054035589093  0.91822348456705938
  0.92731378579768986  0.93682676446214208  0.94682074990036835  0.95732958892028674
  0.96896298095490163  0.97919275813186080  0.98938272351863210  1.00000000000000000
  0.04978915477813693  0.21511583772008505  0.34086477950118427  0.49969107999228757
  0.59523805344430436  0.62956815758491458  0.64330539521987284  0.65075617945776376
  0.65650589159985517  0.66176479114808051  0.66653995031112045  0.67080833302223053
  0.67456176339838136  0.67766041994978798  0.68053351456722244  0.68360417985419752
  0.68696252198424823  0.69028103837362320  0.69342605945377278  0.69695996089497292
  0.70061005409413390  0.70419624539394032  0.70763993440467721  0.71106518980107913
  0.71472466505428689  0.71821497342508511  0.72156961711456491  0.72483176716577391
  0.72788366223942791  0.73067053237570168  0.73325631721615103  0.73569533607922522
  0.73815424557144382  0.74097903623102634  0.74410268753881825  0.74725282388617453
  0.75051222061343159  0.75407041689325460  0.75726699918090967  0.76066832112995497
  0.76393268163005323  0.76722518929512817  0.76995487499291726  0.77204123359457411
  0.77372746437047224  0.77577845306768400  0.77791332736475660  0.78009825954425571
  0.78286841943031249  0.78546190223119627  0.78789029191997029  0.79031245205944700
  0.79285079385561630  0.79552704283454811  0.79856889191193248  0.80203178898594596
  0.80557472289668286  0.80913297162429021  0.81302964716618331  0.81720098733694779
  0.82139676264552641  0.82555937174455818  0.82973705319599678  0.83401889558957332
  0.83847473910396464  0.84298996554543604  0.84660970565176175  0.84948233569703657
  0.85210668990545979  0.85448313555369504  0.85670960750848835  0.85897322077471328
  0.86141811084969300  0.86387877598419194  0.86601462234373938  0.86848829965861640
  0.87216453368662139  0.87669988597483350  0.88176957669055478  0.88712723125361204
  0.89231322939166602  0.89710251206331371  0.90199867505927833  0.90663596476579178
  0.91128946021161861  0.91636037351738420  0.92135180932364846  0.92625690472712985
  0.93163461285219096  0.93705351964549977  0.94252813611426245  0.94863462667664988
  0.95560730337274424  0.96420783537976840  0.97748137970761251  1.00000000000000000
 -0.04234704576442400  0.18565819193351507  0.23951761405972746  0.27116694831501315
  0.29506185693043330  0.31145786743276871  0.32492285576356844  0.33695946460784598
  0.35007532850632289  0.36375014097671071  0.37755949229000374  0.39111963388795928
  0.40248952113855913  0.41260488353453095  0.42238752198859542  0.43153622039195316
  0.44088214652600566  0.45035644744336711  0.45916387862161084  0.46777431810619263
  0.47697532632441464  0.48661142317063832  0.49590813319156302  0.50417984930455106
  0.51130797812170770  0.51806421137113723  0.52463470412344515  0.53205085968891008
  0.53870679384349340  0.54369936727300161  0.54876878234515625  0.55452615882616552
  0.56118128455243643  0.56815870755059350  0.57493604723991032  0.58164638962502813
  0.58878483076484101  0.59615442096310511  0.60305865276891879  0.60921848593728478
  0.61505400408171484  0.62099879968230531  0.62690575453272646  0.63291797715680853
  0.63930469107557586  0.64614298821455884  0.65250086879407354  0.65905968358499445
  0.66571035378057353  0.67245364735486002  0.67861140320412416  0.68400721440318213
  0.68919288640142984  0.69400520139915234  0.69840118409544105  0.70301695693865052
  0.70818335329964510  0.71379623211946297  0.72035577889613722  0.72561321491158037
  0.73042640085505461  0.73490089460888752  0.73842718001593177  0.74115084800069952
  0.74401891042246859  0.74709864928059899  0.75038480366262872  0.75393650970457138
  0.75730723123796173  0.75991107279522208  0.76310096470134581  0.76701554531394023
  0.77159937095718689  0.77628832857676533  0.78088952186259708  0.78532390031067167
  0.79004584502242037  0.79452792804559524  0.79957420751549269  0.80460078544091984
  0.80989321786631618  0.81571227819917658  0.82185381448081751  0.82821934510145345
  0.83502329156492805  0.84216961200011142  0.84920050565701910  0.85542806091238688
  0.86018980531267608  0.86371659116691346  0.86806988453380707  0.87283139011797584
  0.88021616389105051  0.89293415034820112  0.92582041527178083  1.00000000000000000
   5.7607501286584079E-010  -1.0000000000000000     
 F F F F F F F F F F F F F F F F F F F F F F F F F F F F F F F F F F F F F F F F F F F F F F F F F F F F F F F F F F F F F F F F F F F F F F F F F F F F F F F F F F F F F F F F F F F F F F F F F F F F F F F F F F F F F F F F F F F F F F F F F F F F F F F F
  <DiscreteSampler_grid>
  grouped_processes
  1 # 1 for a reference and 2 for a running grid.
  10 # Attribute 'min_bin_probing_points' of the grid.
  1 # Attribute 'grid_mode' of the grid. 1=='default',2=='initialization'
  0.0000000000000000 # Attribute 'small_contrib_threshold' of the grid.
  0.5000000000000000 # Attribute 'damping_power' of the grid.
 # binID   n_entries weight   weight_sqr   abs_weight
    13   10   2.596340477761533E-002   2.721468026808951E-003   2.596340477761533E-002
    14   10   2.596340477761532E-002   2.721468026808951E-003   2.596340477761532E-002
    16   10   2.913541820269615E-002   3.347080471114937E-003   2.913541820269615E-002
    17   10   2.913541820269615E-002   3.347080471114942E-003   2.913541820269615E-002
  </DiscreteSampler_grid>
