  0.00007136534375566  0.00007272171728112  0.00007462282962737  0.00007667505305115
  0.00007892921679225  0.00008148109743736  0.00008429303406686  0.00008752556003647
  0.00009001560355447  0.00009183767509094  0.00009238065839450  0.00009247482646996
  0.00009252103849571  0.00009253780988888  0.00009254952842613  0.00009255845025056
  0.00009256510487201  0.00009257017218717  0.00009257417042938  0.00009257643194164
  0.00009257839446908  0.00009258020943752  0.00009258169702047  0.00009258288774561
  0.00009258385720659  0.00009258478077986  0.00009258555859329  0.00009258633077186
  0.00009258698216514  0.00009258763355842  0.00009258826691918  0.00009258887598776
  0.00009258948505633  0.00009259012240118  0.00009259077656029  0.00009259143353529
  0.00009259221624586  0.00009259299895644  0.00009259393867623  0.00009259493367648
  0.00009259621220724  0.00009259774515873  0.00009259950873913  0.00009260145315425
  0.00009260380035553  0.00009260798743543  0.00009261315070801  0.00009261977295093
  0.00009262959984934  0.00009264693128834  0.00009267866642641  0.00009274517326080
  0.00009293679873568  0.00009392134375622  0.00009647805902523  0.00010122097561057
  0.00010713087315483  0.00011446618727528  0.00012397060635555  0.00013573695929123
  0.00015067583513944  0.00016940831292124  0.00019283853820280  0.00022058941008984
  0.00025216646044759  0.00028849972654641  0.00033157627773522  0.00038147458647378
  0.00043809603658635  0.00050019525502718  0.00056533967651929  0.00063737409563121
  0.00071808518535612  0.00080521619937488  0.00090915363712838  0.00103035293355218
  0.00116314190571789  0.00130811946513323  0.00146663673573715  0.00160211339042968
  0.00175353191291212  0.00190967893700329  0.00210407764718020  0.00237176910151205
  0.00272188838063565  0.00312756944009111  0.00350704090333591  0.00389000746861967
  0.00443283386388037  0.00527082899572000  0.00633747790527407  0.00774608952368989
  0.01020603298306060  0.02375178748724643  0.07551096248597403  1.00000000000000000
 -0.01033057506112198  0.04019858271464616  0.06271937763845870  0.07624311533798236
  0.09052281330293947  0.10375780749300673  0.11579638359518299  0.12707887011466912
  0.13821500103586221  0.14940903576056216  0.16056408199531277  0.17160920514259947
  0.18226087161355314  0.19237216341280647  0.20257824641685390  0.21325485096553787
  0.22405599763389356  0.23533718441408230  0.24789314362638284  0.25937930077864135
  0.27003819584170075  0.28039987557491386  0.29080830687325271  0.30136974313172266
  0.31194131528106478  0.32240380654056988  0.33235094792791764  0.34184934173237552
  0.35213276236966484  0.36096296363355190  0.37097383990287647  0.38233159236245523
  0.39224503016518392  0.40320271947601161  0.41486825509650938  0.42508181451876126
  0.43607751377315179  0.44710292860657086  0.45886583899044198  0.46933290048365595
  0.47758253204806789  0.48499215963500619  0.49140364517981439  0.49924634798019774
  0.50906140855175586  0.51656385893773282  0.52501461791889037  0.53401436449600159
  0.54353431601732816  0.55449767648169845  0.56575946278007794  0.57562525111901297
  0.58450605070182937  0.59334082438107338  0.60202808717287581  0.61005839395339068
  0.61707116791295880  0.62382427868697443  0.63119704776155727  0.63980446207049502
  0.64970820267590024  0.66033726795113057  0.67112402223410017  0.68075068213618495
  0.69118102522107983  0.70227822476823454  0.71395301046950654  0.72596335061012174
  0.73714624064198608  0.74804573359683624  0.75906303179697465  0.77049174812741650
  0.78260784002543082  0.79482776840468305  0.80753126946021891  0.82066775340440790
  0.83341133609671059  0.84541939930090615  0.85710506438734246  0.86872109351566262
  0.87911915075498215  0.88768981903342148  0.89620473046473315  0.90479805945450253
  0.91304697660062140  0.92072184806209767  0.92812561642345903  0.93521749547941446
  0.94341995442005022  0.95442272932457251  0.96610388577639639  0.97565776090262424
  0.98292867296536957  0.98940383254257547  0.99499894039464321  1.00000000000000000
  0.00000038896499351  0.00000256013732416  0.00000354401008761  0.00000497653585361
  0.00000667460925542  0.00000855654927288  0.00001094422476461  0.00001381477841191
  0.00001661817828102  0.00001932798640180  0.00002229001905538  0.00002543659229726
  0.00002852368193093  0.00003157859842992  0.00003455233530470  0.00003746084489174
  0.00004046505247477  0.00004355372096416  0.00004641822880773  0.00004900145613960
  0.00005172758989827  0.00005457051821014  0.00005730085445482  0.00005997299360733
  0.00006334358906372  0.00006710815175905  0.00007105967709203  0.00007545421834599
  0.00008018422060729  0.00008487168563179  0.00008903022263876  0.00009298213687705
  0.00009731551896833  0.00010222379136268  0.00010749552125028  0.00011338781213132
  0.00011924036770917  0.00012520283748129  0.00013116032233028  0.00013704487437850
  0.00014299674574777  0.00014937071049673  0.00015674871925490  0.00016473214811285
  0.00017241803844763  0.00017964492711157  0.00018680173633743  0.00019458035060602
  0.00020386157798304  0.00021504724072968  0.00022700366143709  0.00023834464641565
  0.00024937839562918  0.00026113599699685  0.00027407311822439  0.00028799743024363
  0.00030362924224952  0.00032232335694181  0.00034288039283258  0.00036555846804920
  0.00038992688052145  0.00041328003136579  0.00043728042022027  0.00046289488315792
  0.00049049885509202  0.00052178580279224  0.00055374069956783  0.00058702123799377
  0.00062160605521387  0.00065785468959576  0.00069568658151064  0.00073235866928111
  0.00076212616613870  0.00079127770328612  0.00082049671127176  0.00085297981598797
  0.00089910324870348  0.00095145251388602  0.00100482207321236  0.00105780921114339
  0.00112179792872223  0.00121710667846876  0.00134921740629769  0.00146413766186567
  0.00158788840294079  0.00172033782869478  0.00183454639656803  0.00193041973399265
  0.00202494976256967  0.00218152679786423  0.00243776632257056  0.00269755046042589
  0.00302902571806959  0.00416717615718237  0.02088366575194078  1.00000000000000000
 -0.00120169529603212  0.00587287572102367  0.01296693866786022  0.01908851284477621
  0.02567579336414491  0.03200070058853852  0.03731430271424559  0.04345364519004824
  0.05209919893830151  0.06184676490004322  0.07152805366641300  0.08151169205234636
  0.09132358416090937  0.09976130426199116  0.10755907874733818  0.11543226091133590
  0.12430154691077271  0.13397702010489557  0.14328163062505742  0.15200047065012881
  0.16057613228184314  0.16972432166420401  0.17951017351583301  0.18952995137728526
  0.19877695489342051  0.20667690323142046  0.21389764153712437  0.22110215051867668
  0.22929595359911939  0.23762189114767418  0.24646449546596158  0.25584733447969094
  0.26530029849516984  0.27478429809356303  0.28429322499393006  0.29375539278728358
  0.30222539933984355  0.31086150154933473  0.32071173561845429  0.33107868886953651
  0.34237078948651517  0.35407610444208404  0.36556394443909673  0.37627024228393291
  0.38701804103901044  0.39774794888408233  0.40796283020513724  0.41819465946097556
  0.42937079699064590  0.44102523844494779  0.45179312539348704  0.46191746580767229
  0.47250307172209416  0.48391006079091214  0.49575824163190552  0.50736757659411724
  0.51786141598495095  0.52773854842044776  0.53859298742240802  0.55018169278286411
  0.56254806126357138  0.57540859124600663  0.58854126339477586  0.60195695421509698
  0.61579540220313522  0.63003895467163473  0.64372194230980506  0.65841131706196432
  0.67302681536282660  0.68627912556406534  0.69773287360367120  0.70810972624723434
  0.71846956417564556  0.72856301945724389  0.73853293883749738  0.75089712037582756
  0.76307973305189225  0.77468650030662733  0.78763403197880455  0.79980210882402591
  0.81120108451686435  0.82341059941699091  0.83650845705983157  0.85009115800947455
  0.86326426620120211  0.87566057785914209  0.88646828200759153  0.89548064023317209
  0.90636296676201833  0.91748629656807168  0.92827468270948055  0.94011002830128065
  0.95353880872593255  0.96799499265406264  0.98322753039858835  1.00000000000000000
 -0.00205944351727536  0.00831987206505810  0.01937149299810298  0.02864862265657894
  0.04086381640501570  0.05272695613118254  0.06122880265391002  0.06816954490610740
  0.07587466863347260  0.08325681641347184  0.09115431455363587  0.10139477505344899
  0.11176928372665355  0.12090033672361584  0.13044281343709552  0.13985445884179876
  0.14936328047924427  0.15982904311084770  0.17018380964116414  0.18125739963504145
  0.19213980906849448  0.20324601986553192  0.21473281050834883  0.22548001316813801
  0.23537476321855738  0.24468789702463892  0.25422236315805791  0.26467980792983703
  0.27681363119341701  0.29014354557683292  0.30281160784251737  0.31444067218973987
  0.32582872798464624  0.33712344156876478  0.34799804696709430  0.35808307707553166
  0.36742069936822391  0.37582938581614722  0.38376175961704012  0.39295034190021699
  0.40433115792534652  0.41666950737305813  0.42887531577940674  0.44097956335740623
  0.45336304128665478  0.46623884755696599  0.47989236376739708  0.49337165500796243
  0.50631766639978770  0.51920188915054155  0.53226828063943965  0.54522567242529330
  0.55708135956483174  0.56733035842181734  0.57647083076715600  0.58533971719410327
  0.59498176003303183  0.60586777602796504  0.61724154395706476  0.62799988158470110
  0.63775054133943154  0.64739590287202786  0.65716632980292811  0.66725895692191639
  0.67848690512393073  0.68910426688975790  0.70011643159300563  0.71104740275876444
  0.72176619368039274  0.73216979600913112  0.74253182746701485  0.75467819380137535
  0.76812232044594397  0.78126030277129843  0.79369350956945661  0.80560647939593788
  0.81658434315317951  0.82707740272480390  0.83801323191106702  0.84886031891225711
  0.85829836768055612  0.86615522186347971  0.87259005609687734  0.88028319640382846
  0.88862828772469959  0.89519264947671029  0.90307386994161865  0.91206993444928175
  0.92111916866611376  0.93005851015766838  0.94042984891500958  0.95183553282943911
  0.96243177108102451  0.97357450335065665  0.98663682721839807  1.00000000000000000
 -0.00165640193880843  0.00644155883051679  0.01517416788523558  0.02277611379047896
  0.03077309566497064  0.03688353271740158  0.04394743048974965  0.05150441744741546
  0.05912331113611096  0.06764728063469660  0.07646461520717547  0.08607388823107506
  0.09788420281116231  0.11129193141021265  0.12558679989078711  0.14048151205811321
  0.15565747013394951  0.16998275083673009  0.18264289514180801  0.19488766028116764
  0.20655846388359786  0.21896955049453765  0.23298413165660692  0.24813865742430383
  0.26356837604370714  0.27862133978683540  0.29308950170082587  0.30751730715625997
  0.32212149789614020  0.33626335547056158  0.34951080793950795  0.36170005122164756
  0.37445881937960329  0.38863549388777602  0.40240987391263794  0.41561948257409859
  0.42939744800963947  0.44203240034590291  0.45309686369433938  0.46492689946358690
  0.47731451369710642  0.48976341454530348  0.50189201324649468  0.51453276745759025
  0.52651054344961479  0.53722260403443167  0.54785531926461684  0.55964129153310593
  0.57219394165038695  0.58401634305391814  0.59600392863515517  0.60803458647692432
  0.61982468753053588  0.63124366917584374  0.64214828022702053  0.65196793600609826
  0.66174322753343306  0.66988358620024790  0.67730361909730952  0.68512529451632198
  0.69474621848610207  0.70459313321058104  0.71364170183348130  0.72258000366064890
  0.73213404638043622  0.74217977115905331  0.75349784007437959  0.76490412212143799
  0.77517348226810778  0.78463881432954974  0.79420735511445473  0.80505161276622084
  0.81697905922018932  0.82898415858674346  0.84018517053632602  0.84990575512093436
  0.85837871322140902  0.86596711926022107  0.87335971247612865  0.88160224762301598
  0.89058377532196464  0.89876833773576137  0.90600003478812408  0.91377976988930987
  0.92211198534307948  0.93021647079107983  0.93780296738254465  0.94604526021040747
  0.95312309965898623  0.95889838375232650  0.96467558319976132  0.97006172093972409
  0.97598953880804684  0.98312549980012687  0.99129454912521875  1.00000000000000000
 -0.00425732864670200  0.01352960524531495  0.02590738331545336  0.03731502342905044
  0.04722332052648481  0.05640220672621964  0.06598697610683715  0.07657030135060187
  0.08636695400478696  0.09678920427479407  0.10802003932505599  0.11935603330428522
  0.13139841412197381  0.14361068866510246  0.15564103504038151  0.16676288482191340
  0.17645575651821385  0.18600816016454330  0.19583621882373833  0.20538710102156038
  0.21572540234975129  0.22679086716820954  0.23734330124491532  0.24819194349814783
  0.25960549421997620  0.27226310896840600  0.28205683539883497  0.28996692823764564
  0.29851754740692782  0.30687652704612545  0.31537619345351769  0.32426111102584387
  0.33503271404927359  0.34656618309675130  0.35741062177264205  0.37001278754405864
  0.38254853561530805  0.39502772044022633  0.40617535065993821  0.41583233572932332
  0.42389330770493683  0.43156954320121627  0.44041889325308242  0.45026047858213342
  0.46114202323029713  0.47266431513791213  0.48354597015389877  0.49485252180052181
  0.50674993359807619  0.51822305756952347  0.53081700005216137  0.54280287363195234
  0.55436034826673986  0.56595081509190903  0.57778548718189671  0.58959523700512950
  0.60003997369994944  0.60885312748245934  0.61726536575882440  0.62521744189339623
  0.63634680289009449  0.64989476814489844  0.66139554539317136  0.67125638442375590
  0.68071272246108339  0.68995274881692381  0.70011110402244547  0.71175361697632089
  0.72442831538902508  0.73778882377999999  0.75023438025149836  0.76015161756296612
  0.76883803683108765  0.77745907185280361  0.78656287439724559  0.79485447971437984
  0.80179960843711562  0.80976292318434739  0.81957061820972799  0.83119775054643752
  0.84178384592336752  0.85163579468607808  0.86172718671821547  0.87235270885290683
  0.88389014546695033  0.89597463741018346  0.90780618056032825  0.91941829428555366
  0.93083938508799913  0.94156971014285018  0.95182214157536338  0.96175605794724006
  0.97194693172852853  0.98144528086602922  0.99063795207003980  1.00000000000000000
 -0.00205902664249779  0.00832941636455146  0.01911541315712629  0.03029383323524572
  0.04225840220927282  0.05486843113956569  0.06730182840867818  0.07946864629466809
  0.09062576943653824  0.10113472427459692  0.11109529926949503  0.12149324444396736
  0.13169115420737817  0.14179491464416968  0.15229444597991315  0.16373655915649413
  0.17646885541391880  0.18833470127602525  0.19916678139069882  0.20975832271953038
  0.21971078376413378  0.22892410453111212  0.23850836012713739  0.24827454550971506
  0.25882056370314099  0.27060014520543169  0.28258001224824070  0.29411812685963973
  0.30533737284054668  0.31618700783892212  0.32659054899988837  0.33609792057647037
  0.34612383335607610  0.35728509759606697  0.36661110113525669  0.37645308996699556
  0.38649202885988537  0.39544567372664596  0.40454593733764249  0.41499576396834564
  0.42596810623389958  0.43673055528042515  0.44724031625813399  0.45785603655018209
  0.46886671300618432  0.48052154119947627  0.49273729662745502  0.50512208333165665
  0.51711240488985499  0.52827703970700035  0.53870682577236129  0.54835966528469693
  0.55707786867846809  0.56550278920643982  0.57441558908860491  0.58427132846865748
  0.59585931666130565  0.60889719423731092  0.62178014903688661  0.63313114654000713
  0.64317757088862093  0.65307427298493281  0.66237326794927887  0.67110301599538191
  0.68183489790228791  0.69460822393386989  0.70761927611335496  0.72026985164544888
  0.73242068557059736  0.74493208604356032  0.75611783490878803  0.76610082528541190
  0.77591181477441284  0.78585157144065720  0.79670438173587677  0.80865042203551041
  0.82011964908670631  0.83066581177532250  0.84053109739551346  0.84973408421304719
  0.85884526916710113  0.86726101439581049  0.87503366152201423  0.88568789808635173
  0.89633141293560881  0.90455338562332599  0.91184000238002560  0.91868017049348238
  0.92408161442534520  0.93205328378620322  0.94208411675559345  0.95335088856629080
  0.96489181671532709  0.97687204981396025  0.98888477777530170  1.00000000000000000
 -0.02945024978843642  0.28789378862626902  0.47719718329863259  0.58947783740035009
  0.63094290320639879  0.64596169268153236  0.65415450264574160  0.65964293107379379
  0.66353267853519660  0.66645178090560719  0.66998227144981315  0.67300894341761730
  0.67524357156881665  0.67695231769105024  0.67912132346461929  0.68185304352320386
  0.68479584929926762  0.68807318296587461  0.69217624202089623  0.69666564099292694
  0.70113153763374703  0.70546323068411365  0.70965597204053887  0.71299956510838536
  0.71568766733580025  0.71845110856328309  0.72106415405805235  0.72380350426038353
  0.72612799111645965  0.72891443414601231  0.73218314992829336  0.73515618463444421
  0.73808013125904648  0.74091747797931362  0.74356314714505589  0.74633720597107145
  0.74925283492483985  0.75222347609020257  0.75521006230616294  0.75820863563218077
  0.76120132543187191  0.76424005613550283  0.76731118725563574  0.77044753146873846
  0.77362131983373805  0.77674553689594594  0.77981884943024393  0.78282411158921683
  0.78596045582850127  0.78923907956781159  0.79241197066371094  0.79505694554577555
  0.79743938720093854  0.79994820347474616  0.80261231883307449  0.80564492449549296
  0.80872461697604847  0.81172546947618129  0.81459328140428211  0.81730035381068444
  0.82028604772846947  0.82341837993996492  0.82662080081411038  0.83004517833024383
  0.83365554420856403  0.83707811938055787  0.84030423942115329  0.84354984890146356
  0.84676079160857698  0.84981387174405310  0.85291975212866922  0.85649354297089741
  0.86005227587699806  0.86382887533860409  0.86793222908746415  0.87198618000859185
  0.87618496124720713  0.88073942026508689  0.88535026655642779  0.88966356004572567
  0.89398503059731893  0.89876751355766005  0.90389821554551297  0.90937890914372399
  0.91499674010296217  0.92066667109213840  0.92665855463273406  0.93308770101383598
  0.93953155098988561  0.94566800739976820  0.95176119564961648  0.95835896170624946
  0.96559021407860013  0.97356363112475097  0.98454865846735651  1.00000000000000000
 -0.05279639704703440  0.18379293525224252  0.25304296064322751  0.28011691693204332
  0.29859870741294092  0.31375863149922822  0.32744214304876634  0.34044907970179045
  0.35090278808714026  0.35982301786970794  0.36866622780004543  0.37511307088924750
  0.38239106329302797  0.39424521569880311  0.40768555787030025  0.42032183703325382
  0.43116210608220168  0.44008208730751441  0.44787043519523295  0.45558421481896855
  0.46334530662482581  0.47168866223019640  0.47988953914679316  0.48709756990910380
  0.49423616502031753  0.50114040247006841  0.50795250309452789  0.51532568675188539
  0.52292938544105860  0.52989785072306839  0.53668754705084554  0.54408698778626396
  0.55142758029428163  0.55816614423581246  0.56427855507900704  0.56985291578309138
  0.57502383095252618  0.58030321959690190  0.58507986694762759  0.59045768277113153
  0.59631721948907213  0.60217840687704260  0.60749109208394714  0.61273186255314660
  0.61779855294673658  0.62288185443299360  0.62775776613152223  0.63262473244878992
  0.63825653102842117  0.64424755022705460  0.65013691981674571  0.65574689198670844
  0.66126029016470178  0.66669349845649650  0.67206276314885671  0.67706346222731084
  0.68161966714587652  0.68577513588657157  0.68998648371047910  0.69410604443362367
  0.69820194347832520  0.70287133023122672  0.70746237413482249  0.71171818763210959
  0.71604533783695357  0.72037801127890999  0.72574925662253653  0.73095979217674401
  0.73608520342151851  0.74113687476412837  0.74611077530350589  0.75119890626937769
  0.75587376459743472  0.76045821530107172  0.76524994005208080  0.77009924137129759
  0.77512904401235638  0.78042865752000401  0.78557705653104759  0.79019381418730972
  0.79450102443113313  0.79874074435681874  0.80355921584580770  0.80823152268999710
  0.81386611796813080  0.81945582701629238  0.82546947104756674  0.83196205738041862
  0.83844850663997794  0.84555876656932571  0.85359163286863471  0.86315493585069702
  0.87460416915229511  0.88781272592485239  0.90897966523282214  1.00000000000000000
   3.3347080147222074E-010  -1.0000000000000000     
 F F F F F F F F F F F F F F F F F F F F F F F F F F F F F F F F F F F F F F F F F F F F F F F F F F F F F F F F F F F F F F F F F F F F F F F F F F F F F F F F F F F F F F F F F F F F F F F F F F F F F F F F F F F F F F F F F F F F F F F F F F F F F F F F
  <DiscreteSampler_grid>
  grouped_processes
  1 # 1 for a reference and 2 for a running grid.
  10 # Attribute 'min_bin_probing_points' of the grid.
  1 # Attribute 'grid_mode' of the grid. 1=='default',2=='initialization'
  0.0000000000000000 # Attribute 'small_contrib_threshold' of the grid.
  0.5000000000000000 # Attribute 'damping_power' of the grid.
 # binID   n_entries weight   weight_sqr   abs_weight
    13   10   2.134610396209961E-001   1.791107167447562E-001   2.134610396209961E-001
    14   10   2.134610396209959E-001   1.791107167447561E-001   2.134610396209959E-001
    16   10   4.260821872039386E-001   8.986277290625797E-001   4.260821872039386E-001
    17   10   4.260821872039385E-001   8.986277290625792E-001   4.260821872039385E-001
  </DiscreteSampler_grid>
