  0.00006947532142742  0.00008307872797886  0.00008692060481863  0.00008914343846757
  0.00009045422279216  0.00009118540855846  0.00009160816725650  0.00009181707180045
  0.00009192384302063  0.00009202137432243  0.00009210834057798  0.00009218036362696
  0.00009223722700086  0.00009228312220572  0.00009232197313128  0.00009235438991382
  0.00009238210853854  0.00009240442777083  0.00009242296979847  0.00009243981799756
  0.00009245453587549  0.00009246584348882  0.00009247541629850  0.00009248410461652
  0.00009249203207849  0.00009249920905451  0.00009250588819358  0.00009251232717771
  0.00009251704794948  0.00009252169528241  0.00009252590437891  0.00009252936567786
  0.00009253274368749  0.00009253585816916  0.00009253876591463  0.00009254155495089
  0.00009254411582696  0.00009254652155725  0.00009254869367030  0.00009255081278803
  0.00009255281970709  0.00009255487191053  0.00009255696997536  0.00009255921907098
  0.00009256159269697  0.00009256491995228  0.00009261458714610  0.00009261741310644
  0.00009261968746619  0.00009262182898959  0.00009262373435103  0.00009262565455981
  0.00009262759422246  0.00009262962307263  0.00009263171230098  0.00009263411437372
  0.00009263670117636  0.00009263950363836  0.00009264252385591  0.00009264591183955
  0.00009264982597380  0.00009265387062402  0.00009265827483501  0.00009266308470589
  0.00009266827112204  0.00009267401873756  0.00009268026416074  0.00009268700178706
  0.00009269418101148  0.00009270158427279  0.00009271265788011  0.00009272580204593
  0.00009274117000600  0.00009275863520973  0.00009277833978957  0.00009280107137222
  0.00009282714071936  0.00009285649059587  0.00009289165897293  0.00009293644005219
  0.00009299045041322  0.00009305378041505  0.00009313074000603  0.00009322442901446
  0.00009333690781271  0.00009346869754565  0.00009362200049597  0.00009381611571342
  0.00009431394367517  0.00009522366407282  0.00009693627581022  0.00010016107116431
  0.00010693615101615  0.00016293271912556  0.12218584031087440  1.00000000000000000
 -0.00000101322139502  0.00001118049617729  0.00002210945328570  0.00002850609971930
  0.00003339163078740  0.00003603926384504  0.00003827462511157  0.00003994706045961
  0.00004123283425855  0.00004222461799917  0.00004301714757871  0.00004372805645990
  0.00004426873786676  0.00004471731740420  0.00004512246997440  0.00004548077849825
  0.00004580188443286  0.00004609236924090  0.00004635877813166  0.00004662355199522
  0.00004684206576923  0.00004704580837113  0.00004723003423849  0.00004738623035186
  0.00004752695028275  0.00004766300975245  0.00004779268863892  0.00004791782172885
  0.00004804523210659  0.00004815880682578  0.00004825931848020  0.00004835277980608
  0.00004844282395964  0.00004851836455804  0.00004859025704350  0.00004865714014186
  0.00004872150742968  0.00004878559678549  0.00004884848242073  0.00004891317256387
  0.00004897759986529  0.00004904320947131  0.00004910981443896  0.00004917586790350
  0.00004924474344160  0.00004931556344032  0.00004938711401233  0.00004945775146640
  0.00004952426199362  0.00004958433780545  0.00004964237410563  0.00004970123748057
  0.00004976265323751  0.00004982796684743  0.00004989786880224  0.00004997359010536
  0.00005005361838601  0.00005013730143336  0.00005022528332520  0.00005031580809640
  0.00005040274848267  0.00005049111123026  0.00005058260346145  0.00005068099895353
  0.00005077933579915  0.00005088597774421  0.00005099509383480  0.00005111103531347
  0.00005124406009161  0.00005137997133620  0.00005152799909334  0.00005168438849650
  0.00005185438982911  0.00005203130521252  0.00005221310038902  0.00005245355781261
  0.00005279186714200  0.00005320676628676  0.00005368561417534  0.00005421945210494
  0.00005482160520460  0.00005559859418954  0.00005656963000975  0.00005784769507920
  0.00005953234073065  0.00006177753589450  0.00006472681808520  0.00006855922707174
  0.00007276290746553  0.00007929031428992  0.00009494556907637  0.00012156605212249
  0.00020700266512826  0.00089163487299266  0.17787620476905799  1.00000000000000000
 -0.00125200216467480  0.00571278550557223  0.01487762498476056  0.02433089933350842
  0.03402395430225182  0.04499233964026012  0.05514043170986870  0.06278078328791604
  0.06990249949854946  0.07615583637460764  0.08294678712827075  0.09036478463555525
  0.10262401976278233  0.11587676236560464  0.12929200400824054  0.14433942943049233
  0.15932665054952533  0.17384125682035156  0.18817595950147548  0.20306745174420721
  0.21886469123937069  0.23567470960306713  0.25170673424387840  0.26592714839140652
  0.27848512348982291  0.29056367556062723  0.30237691119435467  0.31465435477022730
  0.32658863933914939  0.33862085697965733  0.35038840800704102  0.36160179910097651
  0.37245820852406136  0.38489766385180063  0.39876368588326561  0.40964986925668934
  0.41724454393993798  0.42403353613237621  0.42945108836626311  0.43511127100420244
  0.44378502522555208  0.45601817372653836  0.46802050876334045  0.48023201248090480
  0.49182504606550498  0.50242060397747113  0.51245009942001696  0.52216548458116663
  0.53322706065713987  0.54390506410260497  0.55218297816628514  0.55879785689636396
  0.56423403770764202  0.57088407423986298  0.57841223051762314  0.58641960177055774
  0.59472988997638143  0.60187964530030447  0.60883907350726596  0.61755570613727639
  0.62514319622497028  0.63212225526539079  0.64038702336820197  0.64812005701457809
  0.65615900504997060  0.66511766809202677  0.67464782375442212  0.68501558113793459
  0.69613906219596744  0.70662538657736140  0.71653492076232905  0.72731027632698408
  0.73893853320718184  0.75058464377908984  0.76220110917697814  0.77477694426377319
  0.78747427459293862  0.79850679912070532  0.80883527066884053  0.81730171725350820
  0.82624962450217199  0.83468964503599397  0.84331014066960786  0.85042772218446105
  0.86168811488691555  0.87435238271332982  0.88828820574518919  0.90323619513406028
  0.91865946673059895  0.93196431630992127  0.94223331781600650  0.95254589520515598
  0.96344485441237404  0.97466276012234321  0.98706460977130728  1.00000000000000000
 -0.00112866469111637  0.00584855614640853  0.01393914214097161  0.02264522057761028
  0.03189874526649978  0.04254184086801840  0.05420501310801573  0.06516100896974508
  0.07525450602736855  0.08638248012326186  0.09981497059081271  0.11264934959223555
  0.12466504470148985  0.13643370672639554  0.14761309855054705  0.15761494223362471
  0.16656345764650138  0.17501822195408559  0.18435934484940811  0.19088276301970858
  0.19796567996458952  0.20412550956537084  0.20906343885297868  0.21600329330652687
  0.22464330823553189  0.23223384040146930  0.24048160988209147  0.25021188470579581
  0.26200198856500517  0.27516001959169223  0.28803172676505495  0.30008603381477400
  0.31502850367937535  0.32634777814900362  0.33564599927987782  0.34456662940738436
  0.35381986395310072  0.36311848567670807  0.37168448423071510  0.37926449275368657
  0.38728822163369592  0.39525776082048836  0.40440670131035655  0.41569313044816736
  0.42872329106139112  0.44318380702788535  0.45683606572198066  0.46730930407072518
  0.47453091220156912  0.48158994198538974  0.48945334665500662  0.49813263813056596
  0.50657516121723845  0.51521924882265213  0.52718482642765807  0.54235814129633853
  0.55703067232674885  0.57090724095142997  0.58304755566386579  0.59277380220699583
  0.60356643816642697  0.61563843231433835  0.62770289037474147  0.63678095518032940
  0.64612251551921895  0.65346079598218743  0.66257551796174885  0.67144000002768511
  0.67960365966270631  0.68662250228638777  0.69340149408056240  0.70177962351990431
  0.70935641406544370  0.71927202033289062  0.73094218260854416  0.74364306073946118
  0.75765371018231431  0.77171340385695186  0.78465529652959431  0.79707399491775732
  0.80937332953782670  0.82227254532548733  0.83644185764297130  0.85262946998207911
  0.86791064406689122  0.88200389317847594  0.89503832156203111  0.90734892389147503
  0.91925469574342655  0.93082162105356370  0.94191198758045747  0.95277773517319031
  0.96419223024646961  0.97509882238725187  0.98701130427238037  1.00000000000000000
 -0.00374844762091620  0.00914703164803403  0.02249474566805408  0.03584946254559430
  0.04882771952951226  0.06143593387521821  0.07478200583949778  0.08918766037560345
  0.10348474938120977  0.11482284756798697  0.12318452140920062  0.13108022622598620
  0.13756891058455897  0.14447580059316956  0.15148756631690030  0.15787859843166452
  0.16512410895890395  0.17299589978064134  0.18586103135694984  0.20010975436877662
  0.21074582724454330  0.21928598058107368  0.22781956059365063  0.23626250862068485
  0.24406335426674450  0.24973166303768643  0.25535948989329799  0.26495975368265634
  0.27371119140426031  0.28367264780893986  0.29324761001453048  0.30267495037367870
  0.31287918282453331  0.32620787310323429  0.34104844648418442  0.35454403139353474
  0.36842545873585542  0.38330492106948061  0.39734273733149578  0.41095524762524699
  0.42576477050781025  0.44026152977435767  0.45466961766941066  0.46979583382156642
  0.48498992430725352  0.49955978751467084  0.51347255643168010  0.52686921266531617
  0.53947596954446797  0.55145304387870464  0.56153527291537830  0.57300477370611813
  0.58590892722261312  0.60137443061618046  0.62153194853276150  0.63851609741668036
  0.65421654328014001  0.66903672955961169  0.68306536794712258  0.69656596213374888
  0.71012631752630040  0.72471320781504622  0.73839276506967455  0.75072706447366633
  0.76172101174671170  0.77175884690800811  0.78112106059258268  0.79021011412432984
  0.79975323802189746  0.80974226715091413  0.81948734676855439  0.82893236410390114
  0.83884328189640622  0.84911809474159705  0.85827398507738339  0.86551653274758977
  0.87219032303903365  0.87869482234913054  0.88507829033752883  0.89239316091699683
  0.89980418186205924  0.90696013008395215  0.91302483560427583  0.91884275423691475
  0.92524873508573635  0.93189302379051187  0.93844370007841049  0.94600451295799659
  0.95352999186341447  0.95983461418879601  0.96574053438665075  0.97224935820252478
  0.97951168055855176  0.98670550118068590  0.99353254186386253  1.00000000000000000
 -0.00382020666593271  0.01024818194265874  0.02535777696487972  0.04064607932929233
  0.05526829790009150  0.06928759997129721  0.08706935381060740  0.10318155730747056
  0.11882265772038070  0.13385973180877581  0.14775214767979467  0.16019640374710020
  0.17192294053124754  0.18330509282759216  0.19485939567295948  0.20668162209694310
  0.21898583772918701  0.23221379609065634  0.24502547477849820  0.25701787495544492
  0.26842492490774561  0.27964755549986187  0.29126853639069511  0.30300616199304725
  0.31415068491596732  0.32419477333179192  0.33408085294040679  0.34419974740222387
  0.35566373048243549  0.36564210710197770  0.37544686013972112  0.38450220513816902
  0.39377816213373679  0.40239029374314683  0.41093237797895782  0.41988294058860975
  0.42890080031395023  0.43653733117447358  0.44334304899123056  0.45083357424842058
  0.45919439827994157  0.47054627983355307  0.48166502061339683  0.48704975632808672
  0.49223219212965352  0.49674797739482490  0.50190487897482661  0.50887566791956462
  0.51631792574009838  0.52504381981952808  0.53655791973879541  0.55057254571993985
  0.56433764684177823  0.57483516755241104  0.58366749800554418  0.59393723835535139
  0.60312541911837503  0.60980001155171903  0.61570540264750595  0.62319442583272389
  0.63360269355029564  0.64665239032708322  0.65667550923083962  0.66536678452653164
  0.67368502782389605  0.68219229028399075  0.69114178948853155  0.69957144495604384
  0.70798932957156857  0.71764612801613614  0.72784329164724182  0.73849415379029226
  0.74921360072905963  0.76057920003410928  0.77378750307581390  0.78941415637757661
  0.80341440124882080  0.81675184109532584  0.82873362932927586  0.83752541142780190
  0.84463248627022780  0.85175121209783400  0.85952574871040055  0.86839106416642964
  0.87659779038772900  0.88294763781314822  0.88894039387905144  0.89648219044487387
  0.90723244483246024  0.91922270449045351  0.93061307299374496  0.94200749063919886
  0.95459450722728478  0.96888344712049623  0.98449383282323200  1.00000000000000000
 -0.00365053028092464  0.01264347826960825  0.02727935275931391  0.03858553545428631
  0.05030602350647197  0.06024019982968494  0.06807418388167161  0.07616028053833906
  0.08526737813572804  0.09558643976280830  0.10712759132378341  0.11926265666392542
  0.13107853350039717  0.14049915321383083  0.14655970391864595  0.15284383112884078
  0.15902402409200711  0.16426386099996704  0.16816406204089265  0.17493441466787205
  0.18545700099885479  0.19555003539760654  0.20168518193162549  0.20753461278349228
  0.21433792853910713  0.22397165538803415  0.23740599064696885  0.25243511210880731
  0.26783385290004669  0.28272633531755287  0.29577177293434082  0.30801566319739587
  0.31956408409531967  0.33050588770575623  0.34093029994003848  0.35065071398946213
  0.35881919305317744  0.36613092043475670  0.37506312663939251  0.38271087699813372
  0.38970694579279175  0.39666331258591103  0.40374043127301129  0.41219947405443186
  0.42421410699778572  0.43416762330634545  0.44072853487414404  0.44752998467791377
  0.45355085663053368  0.45965751686816309  0.46543615864743654  0.47144205816768375
  0.47781615740904521  0.48539354609247748  0.49735392880200524  0.51474960760154109
  0.53207515966463903  0.54769730948793172  0.56096813751497543  0.57185750677092106
  0.58205612999383716  0.59257183174936712  0.60210735883234201  0.61376485313268025
  0.62430332588497661  0.63258004620698804  0.63987021299666469  0.64712058996747113
  0.65483920200252321  0.66352439014802211  0.67147473598648533  0.67885706739584706
  0.68588918350509909  0.69455255196449273  0.70534754897561480  0.71604266687220042
  0.72649352142920132  0.73773070286977072  0.74903345574015601  0.75897655368206518
  0.76791694956864909  0.77763905354645213  0.78814396612364879  0.80031101410939010
  0.81357733548423372  0.82784062999393626  0.84333047438553599  0.85838972536356617
  0.87384935132895025  0.89145073744300574  0.91114731976073637  0.93107313699669081
  0.94952615629216475  0.96839833275052978  0.98535703902573901  1.00000000000000000
 -0.00345219339028718  0.01100304980960049  0.02394713178285273  0.03576303057436128
  0.04602649442969067  0.05412993304054505  0.06153267530236239  0.06804763519647572
  0.07596647887455278  0.08530965616600435  0.09538656571478227  0.10629444757978904
  0.11786474958160785  0.12847171390934795  0.13950270452857147  0.15026825375428696
  0.16140521684935949  0.17129788339393326  0.18051272153996964  0.19027868484487934
  0.20183627052916203  0.21660712605767041  0.22779986433674912  0.23698976081771253
  0.24638213359480909  0.25488758804350609  0.25958775574584292  0.26436234795124242
  0.26893595081871613  0.27420253716833171  0.28200967400209154  0.29087610399718894
  0.30253815429061814  0.31390197241209727  0.31935678644938836  0.32359601813172384
  0.32910201781805254  0.33666887074730600  0.34400814217717962  0.35130468779069635
  0.35716595304162840  0.36175121410813715  0.36618484283167202  0.37265860670226142
  0.38329203505880877  0.39664173505008887  0.41135084261032961  0.42602370451136812
  0.43765143834830450  0.44973496260318674  0.46190297807403519  0.47430523635296812
  0.48832748857730235  0.50059083142060767  0.51183612930513323  0.52321211784803368
  0.53459049281496729  0.54576144939349325  0.55681839148460177  0.56854139638436352
  0.58185627476517776  0.59714725128940915  0.60978769458390292  0.61906722028193262
  0.62671261035459080  0.63446697114206330  0.64385536097125606  0.65571363117821857
  0.66738342451610466  0.67892157042912604  0.69303249352145913  0.70737123175050742
  0.72122095871689096  0.73473197106759636  0.74868838954886940  0.76398353336484892
  0.77774882560460834  0.79054480325705845  0.80353558687879001  0.81721783218186239
  0.83166276327513622  0.84663354590903728  0.86173502314129291  0.87735187332433529
  0.89165915646211036  0.90502627889236242  0.91714282019629800  0.92829806462498732
  0.93928818836601380  0.95058578398070925  0.96163404837514310  0.97098373918648773
  0.97878331693063436  0.98681549192840867  0.99392616135711542  1.00000000000000000
 -0.00989934363359196  0.54650322261953443  0.61709415624290997  0.63895509706756892
  0.64999017675023318  0.65425167014604180  0.65887751269651962  0.66231783990796245
  0.66518243641727282  0.66777399809371440  0.67049055732192742  0.67393289962938119
  0.67786885373444339  0.68134084015076313  0.68377743166269378  0.68578450948638769
  0.68788874145576284  0.68997188689517419  0.69170562314240980  0.69346479891676094
  0.69606874925949125  0.69885957414391597  0.70156596117698755  0.70416024433677182
  0.70655804376427056  0.70892481645551730  0.71163880710445537  0.71472313942311383
  0.71769473133252415  0.72035789055713029  0.72280797058771695  0.72522364304944187
  0.72783836561279458  0.73080119721059644  0.73355816886406189  0.73601345776373439
  0.73842099826221874  0.74072031442970343  0.74316496608337335  0.74612169874397305
  0.74948711691023739  0.75291891443862036  0.75622087286889139  0.75937409780883847
  0.76244044018375112  0.76534886133754709  0.76812745783647984  0.77110198159993593
  0.77439885905266514  0.77802381411649957  0.78184149290889071  0.78545275042323504
  0.78838108721573863  0.79089721512062849  0.79362302841131283  0.79616613807306003
  0.79874066468803662  0.80135928830653091  0.80367551331284270  0.80583819253336564
  0.80796454461209199  0.81112842829497234  0.81557970035530669  0.82060043451290776
  0.82575396529194489  0.83107546331785420  0.83430934217422326  0.83770960111997361
  0.84082999783708257  0.84372011072018649  0.84657746751541341  0.84967624725826529
  0.85313315403473378  0.85653698899916231  0.85995876390809467  0.86394909235888351
  0.86835408504958300  0.87288637216527287  0.87768066337462824  0.88292324374380682
  0.88859265350492300  0.89436672725511290  0.89999015958108730  0.90534867899465932
  0.91036361870938654  0.91511193400212176  0.91989812288782213  0.92555216569223997
  0.93201147786431304  0.93770522516899135  0.94325261796349724  0.94990547762241961
  0.95723101933857768  0.96577009139644432  0.97362177779470005  1.00000000000000000
 -0.03517377106609706  0.14063595819246988  0.20744153027799048  0.23823650184922826
  0.26351947391204700  0.27927877467487161  0.29012515338325373  0.30012422227386854
  0.31171728062021159  0.32168600349276227  0.32876977628737958  0.33773154385270732
  0.35037147545604885  0.36324430018611847  0.37507003973856556  0.38728561400312128
  0.39936904037906140  0.41224735406174856  0.42646523716831763  0.43946163546343953
  0.45101075073100100  0.46135756380235998  0.47091423152022865  0.47985439787219825
  0.48810886256989389  0.49544038871013107  0.50263332622139634  0.50936124624411983
  0.51432650702555283  0.51801740063656621  0.52174060300242009  0.52603029250717903
  0.53036992237383296  0.53463643720600584  0.53849336935250458  0.54337115264561020
  0.55030132036738022  0.55754623239518530  0.56334101031822470  0.56765754837585036
  0.57212139526095918  0.57765186081781095  0.58350337447853906  0.58919301954636027
  0.59489321211424950  0.60012205128555263  0.60381586570982559  0.60788872421349627
  0.61211636842834016  0.61633779130299715  0.62175629386201092  0.62808144059889115
  0.63499566480866187  0.64147799824762053  0.64773858907419057  0.65359467433077656
  0.65851884697648500  0.66354628018637207  0.66899394335377049  0.67419295523041134
  0.67900518674694887  0.68368715197996610  0.68837476916355300  0.69311405943590343
  0.69804198079798585  0.70342187848234161  0.70932286568014580  0.71549309249010296
  0.72165546989593032  0.72806512305141591  0.73483097647367934  0.74179365806129871
  0.74791300648869063  0.75268683703371420  0.75737786686315245  0.76219155360256741
  0.76695082955435867  0.77137977791717138  0.77585271844667592  0.78089409125081100
  0.78649612096577237  0.79223592800161580  0.79815683885178113  0.80413693772164685
  0.81278902238174222  0.82164375730782957  0.82874870355181884  0.83377178583508982
  0.83874384821174708  0.84522125067060017  0.85275586416981464  0.86115222079250320
  0.87196707731903367  0.88218577252374397  0.89527219997325158  1.00000000000000000
   3.5717051553724711E-014  -1.0000000000000000     
 F F F F F F F F F F F F F F F F F F F F F F F F F F F F F F F F F F F F F F F F F F F F F F F F F F F F F F F F F F F F F F F F F F F F F F F F F F F F F F F F F F F F F F F F F F F F F F F F F F F F F F F F F F F F F F F F F F F F F F F F F F F F F F F F
  <DiscreteSampler_grid>
  grouped_processes
  1 # 1 for a reference and 2 for a running grid.
  10 # Attribute 'min_bin_probing_points' of the grid.
  1 # Attribute 'grid_mode' of the grid. 1=='default',2=='initialization'
  0.0000000000000000 # Attribute 'small_contrib_threshold' of the grid.
  0.5000000000000000 # Attribute 'damping_power' of the grid.
 # binID   n_entries weight   weight_sqr   abs_weight
    13   10   3.266698682790772E-009   5.927651569819478E-017   3.266698682790772E-009
    14   10   3.266698682790775E-009   5.927651569819490E-017   3.266698682790775E-009
    16   10   3.994175097487778E-009   8.850200407682682E-017   3.994175097487778E-009
    17   10   3.994175097487782E-009   8.850200407682693E-017   3.994175097487782E-009
  </DiscreteSampler_grid>
