  0.00000004270339658  0.00000044114970764  0.00000336577429738  0.00001360128243476
  0.00002430512784796  0.00003127852795338  0.00003550104515333  0.00003867226410141
  0.00004074779156787  0.00004224646443918  0.00004334736172601  0.00004411116522745
  0.00004458228635470  0.00004499563247467  0.00004539929536587  0.00004575957772663
  0.00004605511570789  0.00004629563518070  0.00004650659577943  0.00004670976004636
  0.00004691148236551  0.00004709916413680  0.00004726280889629  0.00004742367260125
  0.00004756906619734  0.00004769388594837  0.00004780491576378  0.00004790237292421
  0.00004799295102243  0.00004807929298570  0.00004816377207829  0.00004824686834830
  0.00004832212036574  0.00004839372106102  0.00004846385117049  0.00004853074629591
  0.00004859113374145  0.00004864502373581  0.00004869692176422  0.00004874901102394
  0.00004879922930348  0.00004884938764697  0.00004890231309020  0.00004895586943271
  0.00004900898686077  0.00004906338540315  0.00004911999294207  0.00004917769223292
  0.00004923125734336  0.00004928053422505  0.00004932917218337  0.00004937955407455
  0.00004942884664645  0.00004947856462491  0.00004953243536302  0.00004958819199402
  0.00004964348213890  0.00004969644168066  0.00004975266976271  0.00004981338463734
  0.00004988496310909  0.00004996440306327  0.00005004658624885  0.00005013191943171
  0.00005022191239053  0.00005031883743640  0.00005042075491039  0.00005052921365851
  0.00005064289485700  0.00005076667022691  0.00005090710246950  0.00005105958328526
  0.00005122160933682  0.00005139802918840  0.00005158846505393  0.00005179062616947
  0.00005201170982591  0.00005227301733232  0.00005255373539631  0.00005288369342035
  0.00005332511968158  0.00005385486206913  0.00005453643023031  0.00005533491617024
  0.00005623352639755  0.00005733599079353  0.00005883847893926  0.00006139861005535
  0.00006588637713238  0.00007527168749344  0.00011463746751230  0.00034326390135960
  0.00124523419786925  0.01869463488222686  0.21693223832974826  1.00000000000000000
  0.00007102415479429  0.00007439541119665  0.00007824912046536  0.00008270233582586
  0.00008737341942135  0.00009123877812099  0.00009235905749892  0.00009249731025770
  0.00009253970686725  0.00009255610923709  0.00009256454770756  0.00009256990614953
  0.00009257410925902  0.00009257692344569  0.00009257899731793  0.00009258071303466
  0.00009258212521584  0.00009258317507424  0.00009258414262554  0.00009258498449621
  0.00009258568739154  0.00009258629954322  0.00009258688967531  0.00009258742540510
  0.00009258795693075  0.00009258846035069  0.00009258895861130  0.00009258946140834
  0.00009258996666520  0.00009259049298690  0.00009259104047439  0.00009259164735095
  0.00009259231015422  0.00009259311642991  0.00009259398873547  0.00009259493589521
  0.00009259624475497  0.00009259778967370  0.00009259967431779  0.00009260220251024
  0.00009260568247149  0.00009261023426912  0.00009261642157120  0.00009262876699760
  0.00009265067855944  0.00009268992803075  0.00009294444992823  0.00009509042485306
  0.00010129084718468  0.00011058127339451  0.00012241335323596  0.00013737447139430
  0.00015630770245703  0.00017920965307987  0.00020674854228723  0.00023763172248952
  0.00027457909232511  0.00031824833511453  0.00036675950026530  0.00042204481700709
  0.00048383211724275  0.00055103976884120  0.00062530971143414  0.00070510101408914
  0.00079051907442500  0.00088860247003452  0.00098590216887317  0.00107804757286025
  0.00117628553296643  0.00128353485701100  0.00140709685714540  0.00153729069416186
  0.00167278886116432  0.00181766215570286  0.00197068915417657  0.00212174663224467
  0.00225799297197087  0.00238585989591194  0.00252041242791245  0.00268220585855232
  0.00286739880810354  0.00306036292015989  0.00325275146460806  0.00345135473827875
  0.00368623135753739  0.00400025715314986  0.00436769136896436  0.00480710045927091
  0.00536987294253732  0.00610891081538561  0.00705221971791910  0.00818849177444836
  0.00945246878365121  0.02426708381586064  0.16436678339878610  1.00000000000000000
 -0.00000019512200053  0.00000324950999840  0.00000619220679224  0.00000974613838219
  0.00001341248427416  0.00001671459866490  0.00001976096884695  0.00002258303207839
  0.00002531198069713  0.00002794456223388  0.00003070719562483  0.00003349918592138
  0.00003609717224057  0.00003846267742570  0.00004068152717385  0.00004277509150728
  0.00004502564861882  0.00004760239514328  0.00005027784916571  0.00005291654597352
  0.00005551749553650  0.00005808891347528  0.00006076257484060  0.00006363603302190
  0.00006670214132438  0.00006982041693372  0.00007293536866672  0.00007620145795467
  0.00007967720378560  0.00008330589006388  0.00008712214041024  0.00009107546951676
  0.00009497572991151  0.00009893894577690  0.00010332648807391  0.00010807780806324
  0.00011329772489870  0.00011918324913197  0.00012535580992661  0.00013178805159491
  0.00013905794613556  0.00014721445543586  0.00015570699632311  0.00016401032542488
  0.00017270791948121  0.00018212885932153  0.00019188417308922  0.00020293391864957
  0.00021319704983598  0.00022074203871072  0.00022885944590643  0.00023764889895930
  0.00024759756869106  0.00025881107154479  0.00026937215712924  0.00028058981684482
  0.00029425764040348  0.00030794780108177  0.00032012088590658  0.00033322117809501
  0.00034770383056627  0.00036191592268551  0.00037694879425315  0.00039375048899494
  0.00041363073483293  0.00044011792208141  0.00047052014077967  0.00050092820608353
  0.00052726718953073  0.00055175792730392  0.00057766181814252  0.00060465664371277
  0.00063308117119544  0.00066678637825721  0.00070740511879967  0.00075264258599588
  0.00080149934983548  0.00085147699860927  0.00090323189653391  0.00096169122008093
  0.00102380152407727  0.00108683716743358  0.00115479867498771  0.00122989457423308
  0.00131999853045484  0.00142431779858853  0.00153469926403278  0.00164497379972972
  0.00175119173016762  0.00185807951459646  0.00217060558953940  0.00286232569691970
  0.00471933218427898  0.01137452573668249  0.24750711474401357  1.00000000000000000
 -0.00203473661093110  0.00673488266677605  0.01764497947827478  0.02909856049522812
  0.04032793456948315  0.05120813607129482  0.06202606630060496  0.07288598610479941
  0.08367521601715872  0.09492397895079853  0.10689010533356832  0.11899236129700806
  0.13073531134852784  0.14215955460082275  0.15394956937786608  0.16617791436127607
  0.17858684080576126  0.19096175232736409  0.20320933385636544  0.21458327943482863
  0.22438310174126838  0.23397656797702268  0.24481571975543873  0.25581757666984778
  0.26702629564072716  0.28185422988826409  0.29750210032953461  0.31158287838415027
  0.32465016277163000  0.33718686354417765  0.34931040188260726  0.36160567969452267
  0.37342029739168325  0.38483563258261527  0.39790642237196860  0.41148027167416634
  0.42412848970342842  0.43527240294400033  0.44690080276525690  0.46024811974617835
  0.47338340505971865  0.48371769913000390  0.49374912895014383  0.50415877738032211
  0.51438940173340486  0.52679178310943875  0.53981553457096065  0.55257089614708288
  0.56456591111917176  0.57603387400293993  0.58781523440426964  0.59867598837147729
  0.60946704890592618  0.62085298783107357  0.63074763673557854  0.63927121959148081
  0.65015998314361312  0.66293568233861677  0.67532065165809962  0.68671234568466677
  0.69795872233807155  0.70955573070222977  0.72131787263085867  0.73311761418619592
  0.74465556264147292  0.75475052762837114  0.76360462032920395  0.77222615105551340
  0.78107985395664759  0.79047913313838458  0.79984351449426161  0.80912814506183151
  0.81824054078279573  0.82732586879828329  0.83691611548288258  0.84709540589701504
  0.85691073909828852  0.86505619675283807  0.87241336827770311  0.88027718580289283
  0.88832953435333628  0.89688285447002025  0.90594561388651451  0.91570667917553028
  0.92514928073717850  0.93241379486714093  0.93932556031747416  0.94648084447107539
  0.95273586930468046  0.95991074475419913  0.96800022723834789  0.97456468945818553
  0.98078222302737017  0.98769102390991048  0.99385892141785992  1.00000000000000000
 -0.00134030130112045  0.00647572117775265  0.01337643653739239  0.02053631667028444
  0.02931827559384914  0.03989456595644034  0.05106163749795244  0.06209391433787059
  0.07286462481685145  0.08298614534670888  0.09260613173673984  0.10228111955380723
  0.11083202531569990  0.11864218725163242  0.12721552261658808  0.13684047813447728
  0.14767517497698887  0.15849352078843487  0.16871496131005259  0.17844172458123694
  0.18856449419033200  0.19776472606605949  0.20698001400775112  0.21789448517416002
  0.23005970286994576  0.24227501113700414  0.25152032769377264  0.25933171600367744
  0.26752874334007515  0.27576622582183252  0.28505991566573274  0.29529245449012709
  0.30568226936534121  0.31652145355954797  0.32834221652348500  0.34012168407037546
  0.35060238498667207  0.36088855028788386  0.37095549984510379  0.38090424194005468
  0.39138847047223024  0.40204836452083637  0.41289059841115533  0.42463567472620123
  0.43787893197161298  0.44975038860772021  0.46167594337705653  0.47361283445386471
  0.48471266822064019  0.49637908870848974  0.50871330357401190  0.52109836365349804
  0.53261291904071317  0.54250448985513988  0.55147126871799801  0.56058823136348523
  0.57067159106010024  0.58153907345434963  0.59296094354458639  0.60472931288762788
  0.61676196345766243  0.62877940941515642  0.64046914266300337  0.65198188166107018
  0.66363354935728980  0.67528022590842840  0.68638941581902380  0.69681855564562301
  0.70679400533090897  0.71701920161761401  0.72857019668622036  0.74099006623060859
  0.75281343526979749  0.76359505377970982  0.77441541170818395  0.78555561502163174
  0.79790319492514761  0.81103588275728988  0.82276046443432249  0.83381359488728113
  0.84471590243296257  0.85492562695923557  0.86507204782451352  0.87573327047825444
  0.88684911435144187  0.89790184261526151  0.90652117364533247  0.91590880302830946
  0.92480533884334348  0.93428981654185606  0.94464022487461963  0.95475885230841528
  0.96543569605165058  0.97662039739649864  0.98819571240697335  1.00000000000000000
 -0.00166135624168912  0.00716573723151007  0.01526704185074694  0.02379879239970306
  0.03284371154295639  0.04131691728945141  0.04934048098452262  0.05656151900342501
  0.06253423777566676  0.06902577804767226  0.07730892711144359  0.08615489933451956
  0.09541422193962795  0.10478614772984585  0.11406197161209003  0.12319695843342772
  0.13247290438473264  0.14131507354617892  0.15043297677605597  0.15935293793749758
  0.16784940959226480  0.17622302329004252  0.18494160771556897  0.19330753298201400
  0.20197115377769276  0.21153418410932989  0.22189302665322144  0.23227598407615468
  0.24267808555112044  0.25228295680422869  0.26132061821856672  0.27056890242474646
  0.27955698907988769  0.28929957949934215  0.30024162363996121  0.31153148035745409
  0.32329073776260375  0.33498898276097239  0.34628061456783088  0.35806894504165593
  0.37006410042171423  0.38148607101651638  0.39147330256807650  0.40066759593662415
  0.40962595460931739  0.41809128408434698  0.42728265308039909  0.43786114727821102
  0.44893431992158550  0.45995554984388565  0.47047925458656342  0.48085202781908043
  0.49133121961877624  0.50193933972692895  0.51262666850916239  0.52373550952144632
  0.53548529725356364  0.54743256434972865  0.55846240842175732  0.56795065513116927
  0.57674293616494721  0.58633839963869461  0.59641633833098284  0.60889994717844098
  0.61914553628368463  0.62843079669208501  0.63837739355210388  0.64743371815403994
  0.65742835421403967  0.66933034035884187  0.68177167913323178  0.69359707962054507
  0.70532963538609772  0.71843242465250712  0.73215657986336580  0.74786181016940512
  0.76272678997695320  0.77635725233985242  0.78900656486828391  0.80043318563729349
  0.81010098755963655  0.81935088522550892  0.83001703251791603  0.84227711346397627
  0.85478151086202203  0.86658170182819849  0.87748946007539030  0.88854944996606156
  0.90049634552770341  0.91323502937614065  0.92661745119759054  0.94056560938641154
  0.95504241720264549  0.96998731844966890  0.98522832716831821  1.00000000000000000
 -0.00145371543646765  0.00659570561496379  0.01648358268209572  0.02639709265398405
  0.03603511864579286  0.04591795619971664  0.05677066813783707  0.06723547427502941
  0.07634253374282851  0.08564801801028168  0.09552067113034146  0.10535461387750615
  0.11520319492609336  0.12510784102627659  0.13378793308590481  0.14049587204368488
  0.14917726068765685  0.15834149461087108  0.16778827147550859  0.17873982373549854
  0.19037261781072726  0.20100502369053369  0.21078728896021598  0.22027769167291220
  0.22974127580244011  0.23952860017157460  0.24855104604548137  0.25781766130915884
  0.26719141692254056  0.27709389845340254  0.28703535770037603  0.29542085903320303
  0.30383247288801501  0.31339594143996591  0.32195576839639461  0.33153122556943920
  0.34262743921264494  0.35421251408063764  0.36603955701077978  0.37808560066329161
  0.39017680327549087  0.40213184233139132  0.41364801632604747  0.42472551461232977
  0.43566141350934201  0.44677979246094152  0.45788159743997220  0.46906136274237886
  0.48055764451584854  0.49151096578771408  0.50086116689357496  0.50873908216646035
  0.51654833422439872  0.52528729246352468  0.53522237669003880  0.54584299187544105
  0.55700125160929514  0.56796703319118735  0.57932014085693695  0.59115937821771836
  0.60311427212661339  0.61513194409615857  0.62712796109042923  0.63905994208236205
  0.65078765738920297  0.66261045127113460  0.67487769135774667  0.68731538677505777
  0.69956276596106937  0.71164503724625516  0.72360137884190023  0.73539755977831311
  0.74694983549839811  0.75810832255176752  0.76878055519987054  0.77909621993355449
  0.78928741220790444  0.79961929022192169  0.81049405632560956  0.82172892306316991
  0.83255826589756754  0.84314943380768237  0.85415480259530019  0.86520245781508620
  0.87588624175786933  0.88653953356262005  0.89695027157868745  0.90735138770786983
  0.91805187155527779  0.92930176515247920  0.94063539297566401  0.95169610842864083
  0.96311326819897491  0.97440351816063253  0.98554776408371547  1.00000000000000000
 -0.00297568225050523  0.00982460819491537  0.02252916109308813  0.03505663290828250
  0.04788082673964607  0.06086504263407210  0.07336104286325587  0.08491466539867339
  0.09557737329916512  0.10556994977211474  0.11503999564232054  0.12420761605038247
  0.13324215176488566  0.14171328876710376  0.14992721132437484  0.15982243085253006
  0.17148279160832300  0.18287655126999774  0.19405836539422799  0.20504154392931082
  0.21654925481615717  0.22832084127953406  0.23988397387313112  0.25117210202057588
  0.26229889312051186  0.27336670051433654  0.28409148975713883  0.29409545764754502
  0.30364964175591008  0.31313169095580928  0.32282644593694715  0.33391041189416854
  0.34622901613625412  0.35831464549802783  0.36897116674346725  0.37801531835714591
  0.38602111210400919  0.39364317156276835  0.40203679480349147  0.41140045774418227
  0.42173639669887203  0.43230977309379565  0.44290780528071205  0.45349076924437332
  0.46402472412920864  0.47440184212908743  0.48453290739507782  0.49387862394575593
  0.50370502343594648  0.51364959253824649  0.52366904357593580  0.53478903492310070
  0.54679386495839455  0.55908448859032311  0.57111480063145970  0.58254773997835863
  0.59343848670244237  0.60363129084588152  0.61325084582896650  0.62320135959924916
  0.63453266816778287  0.64706128352049375  0.65941461061072693  0.67109954098943891
  0.68217463888689722  0.69251733319243569  0.70272966092824218  0.71369996565949589
  0.72447697585594650  0.73393083742535858  0.74315318210525094  0.75194729225749957
  0.76077345249356043  0.77283307020358627  0.78492217054500679  0.79510847822606179
  0.80290852027731718  0.81105638839453531  0.82030034046193956  0.83131373147150756
  0.84301834901119188  0.85429671208500302  0.86593080479073969  0.87648964400687635
  0.88517377290993182  0.89365599526094941  0.90252467634143174  0.91248600394823953
  0.92342817828045964  0.93468778046951884  0.94589052554142428  0.95721409325079720
  0.96714247407288401  0.97762210981719444  0.98873027003607172  1.00000000000000000
 -0.01275269097975324  0.19963375383572823  0.29527999279340533  0.35326086896347536
  0.40609711470505638  0.45609658528297914  0.50343943797993940  0.55475078101147934
  0.60268922139392211  0.63364824157260691  0.64454414740306265  0.65118315361122392
  0.65696629359778569  0.66229194031498784  0.66705600805818632  0.67134759201213456
  0.67523580136970340  0.67910066274402658  0.68307060668894992  0.68705234762608569
  0.69084625968143698  0.69432828009038416  0.69771681424511922  0.70115892478509034
  0.70496504261594539  0.70902954721654610  0.71233673008152343  0.71562430114450559
  0.71886719254393827  0.72198963484481271  0.72545977983023369  0.72921349082559406
  0.73295626550641768  0.73648870039737335  0.73985711182989355  0.74303159126045137
  0.74585696185777028  0.74861634971553426  0.75152002761273229  0.75487606335280766
  0.75854969689754159  0.76216883058908280  0.76549177146197189  0.76859134031871479
  0.77173793310894023  0.77492018859395495  0.77795795926037448  0.78175264296252622
  0.78526367781705197  0.78847844468745820  0.79172004464862122  0.79474836702337515
  0.79762739276583849  0.80030594976384162  0.80288196017973945  0.80578961218557965
  0.80885417330034226  0.81214852035540452  0.81579080063304032  0.81967600720484690
  0.82366721097122508  0.82769149026806565  0.83178208248241636  0.83612800419800315
  0.84015953729704274  0.84303883371785771  0.84529968325164062  0.84797585663013364
  0.85126226666330163  0.85468743870234321  0.85802702287830157  0.86146157064381590
  0.86521187960679891  0.86904155529345561  0.87286305251811491  0.87709399326190440
  0.88165485236032104  0.88626697734199211  0.89074887707640071  0.89495766713018399
  0.89891246860193152  0.90287785734393511  0.90688280835852386  0.91118169787326808
  0.91615398434882034  0.92141179648743321  0.92661238820421210  0.93186181065929974
  0.93744826934770087  0.94324765199625282  0.94892346402316696  0.95491097392456625
  0.96132547912142818  0.96882415756032580  0.98122732036190707  1.00000000000000000
 -0.03477835849017623  0.14710189887564240  0.21658030167934728  0.24549146217144280
  0.26683474172151078  0.28304924884343957  0.29838730643107830  0.31165644864910835
  0.32384200304480421  0.33601036584464955  0.34726901670898902  0.35794149270195136
  0.36869428884844846  0.37968249177542163  0.39027597925457669  0.39997729685929606
  0.40906114707117441  0.41783139898203803  0.42645598121320083  0.43504902116602712
  0.44329225616862200  0.45126989155284081  0.45903905236734432  0.46659424737705119
  0.47421388246271667  0.48182233806928454  0.48935169901398684  0.49714071206699689
  0.50385590669364255  0.51005607422182719  0.51579243472228564  0.52137011681860390
  0.52738091256482522  0.53438425669811918  0.54100156326412041  0.54733533232072962
  0.55357212472362505  0.55991003458756328  0.56618298574177506  0.57235512214165407
  0.57821693330494006  0.58300287752521940  0.58705098477398654  0.59155547417247900
  0.59589616308213822  0.59954259021378797  0.60499877677828573  0.61070038972173957
  0.61583711006269315  0.62023806860874242  0.62389820316619993  0.62719137961379334
  0.63071814911916757  0.63478935978798490  0.63914452604908745  0.64375918388304143
  0.64882247169036122  0.65407312835896103  0.65925192776353247  0.66426256256807170
  0.66900677895414995  0.67363628107938289  0.67840286281857076  0.68340633788188765
  0.68854406139531821  0.69374840675377203  0.69864296166050910  0.70326058399405134
  0.70780525868862942  0.71195239563157375  0.71575619959573300  0.71982901075199102
  0.72416314737870824  0.72843549533659724  0.73255868941442848  0.73686324798755343
  0.74108788056467922  0.74522954360295612  0.74952195285151535  0.75433977584028511
  0.75959187866242628  0.76487672438899501  0.77034671162629964  0.77530264213333677
  0.77934654680084070  0.78376539404827084  0.78796347264501199  0.79360256536142315
  0.80138854762755474  0.80946260861840091  0.81722754520400986  0.82657908579238193
  0.83833807252074410  0.85996726915585409  0.91490389913287118  1.00000000000000000
   1.3714331002719394E-010  -1.0000000000000000     
 F F F F F F F F F F F F F F F F F F F F F F F F F F F F F F F F F F F F F F F F F F F F F F F F F F F F F F F F F F F F F F F F F F F F F F F F F F F F F F F F F F F F F F F F F F F F F F F F F F F F F F F F F F F F F F F F F F F F F F F F F F F F F F F F
  <DiscreteSampler_grid>
  grouped_processes
  1 # 1 for a reference and 2 for a running grid.
  10 # Attribute 'min_bin_probing_points' of the grid.
  1 # Attribute 'grid_mode' of the grid. 1=='default',2=='initialization'
  0.0000000000000000 # Attribute 'small_contrib_threshold' of the grid.
  0.5000000000000000 # Attribute 'damping_power' of the grid.
 # binID   n_entries weight   weight_sqr   abs_weight
    13   10   1.511806648923443E-002   1.096338726689710E-003   1.511806648923443E-002
    14   10   1.511806648923443E-002   1.096338726689711E-003   1.511806648923443E-002
    16   10   3.668298870825064E-003   7.044587453695714E-005   3.668298870825064E-003
    17   10   3.668298870825065E-003   7.044587453695722E-005   3.668298870825065E-003
  </DiscreteSampler_grid>
