  0.00007138486414652  0.00007263946030042  0.00007445998359261  0.00007635609661348
  0.00007844204066076  0.00008074121151277  0.00008322272843497  0.00008597397824033
  0.00008895681732708  0.00009104119066307  0.00009192250755260  0.00009225617345003
  0.00009233057453337  0.00009237618722974  0.00009240187495752  0.00009241421740437
  0.00009242267309292  0.00009242930521369  0.00009243468308510  0.00009243842751534
  0.00009244151113576  0.00009244420832339  0.00009244587337071  0.00009244739529439
  0.00009244881655694  0.00009245008365317  0.00009245122508376  0.00009245225459818
  0.00009245322245202  0.00009245409850974  0.00009245497433967  0.00009245582496752
  0.00009245667559538  0.00009245755817523  0.00009245846747696  0.00009245942499571
  0.00009246053587467  0.00009246170235506  0.00009246304938452  0.00009246451130280
  0.00009246610167309  0.00009246805687437  0.00009247088368759  0.00009247415567467
  0.00009247826261871  0.00009248401447551  0.00009249103463993  0.00009250123525197
  0.00009252085430076  0.00009255516406470  0.00009261398401012  0.00009274991553783
  0.00009329605402750  0.00009505687014661  0.00009853379384207  0.00010339535724650
  0.00010948233843661  0.00011737210894392  0.00012694177974530  0.00013807391245611
  0.00015204668453851  0.00016964771101389  0.00019172881308768  0.00021890432392990
  0.00025293136889305  0.00029410012592347  0.00034026725092397  0.00039622103132574
  0.00046159820890602  0.00053441381585471  0.00061967925390896  0.00072376473313704
  0.00084599740766943  0.00097543609573753  0.00110502986852155  0.00124733387307865
  0.00139688532669764  0.00155626928233779  0.00174906242136085  0.00197759953906300
  0.00222782940202823  0.00251185357058219  0.00280424087490711  0.00311947624608978
  0.00352748609993079  0.00404391131470325  0.00468497716041462  0.00558160115294539
  0.00655754400185905  0.00737164723917153  0.00846604296193396  0.01000812336936188
  0.01219664310710425  0.02071908006430458  0.13425031680320609  1.00000000000000000
 -0.01119151245744682  0.04196645171259775  0.06361757223516888  0.07450203422762702
  0.08504645233462954  0.09344334858998821  0.10001713176249044  0.10654648394026865
  0.11420261387830689  0.12141158558993673  0.13434318187568969  0.14789471102814908
  0.15841504925531202  0.16706571991129990  0.17480837071074926  0.18333956547457070
  0.19384281641564871  0.20686530865655298  0.22033833291300128  0.23291028762656776
  0.24442941177859034  0.25492252959488665  0.26464544770583015  0.27413590136020405
  0.28363561171823537  0.29321529076450181  0.30280350116979271  0.31272134561279014
  0.32312218605332982  0.33289772282469282  0.34155113951953092  0.35019660182300821
  0.35893072805728010  0.36739490340093978  0.37631565130079803  0.38549352515983598
  0.39516201195079881  0.40596315238415170  0.41772485630016093  0.42948109070410018
  0.44069888496927551  0.45153269590009809  0.46221070967473132  0.47341118919551117
  0.48560745009098999  0.49833091809544650  0.51047554758588132  0.52149458843567120
  0.53346936612860485  0.54505426761786169  0.55678623825688889  0.56519852797785131
  0.57398924249449779  0.58422609079299437  0.59396472441463810  0.60362240325306715
  0.61625315143459014  0.62826942253900886  0.63954526173915505  0.65088563749251904
  0.66225491785695545  0.67352484188843542  0.68460447758640253  0.69493723522687056
  0.70428932808274070  0.71323629315149806  0.72150942645623739  0.72919485117377136
  0.73522895675315014  0.74288978616340928  0.75320117214816118  0.76344147329221679
  0.77264810432717257  0.78182879207217504  0.79138244291817494  0.80163581842364084
  0.81244957424811104  0.82322590508551019  0.83441605050363832  0.84460047958933659
  0.85360200566387490  0.86226904899368151  0.87105654504966135  0.87993641513333121
  0.88980767100364300  0.90081070001887897  0.91220068837137480  0.92351029712713117
  0.93522682394925094  0.94643550469725823  0.95562061725659520  0.96435940628995043
  0.97261843836782014  0.98137162928751520  0.99077226276599939  1.00000000000000000
  0.00000083350607683  0.00000234724667773  0.00000364555683950  0.00000515849451233
  0.00000700915496990  0.00000915712792843  0.00001148403283062  0.00001410914070275
  0.00001695288307823  0.00001951430009445  0.00002174893666342  0.00002396257874602
  0.00002648209383556  0.00002907039695997  0.00003161102227169  0.00003429707270976
  0.00003699591245506  0.00003976629800788  0.00004264366606331  0.00004559307362254
  0.00004856885537190  0.00005159783172742  0.00005471955790315  0.00005818011046173
  0.00006219776772207  0.00006606399524116  0.00006973449551521  0.00007329118791155
  0.00007688700717054  0.00008072745451452  0.00008506410364690  0.00008988118994746
  0.00009508732163676  0.00010055858180001  0.00010598981454908  0.00011100840671521
  0.00011637218802902  0.00012223338065014  0.00012881536398118  0.00013632266545280
  0.00014463306427288  0.00015353719958503  0.00016278539204232  0.00017205081152542
  0.00018110122729495  0.00019000139943498  0.00019879484542529  0.00020686902294390
  0.00021417008959418  0.00022161879042557  0.00022918478626404  0.00023653645286669
  0.00024326361332312  0.00025334798914692  0.00026508082222848  0.00027635193657739
  0.00028766262769756  0.00030229685221339  0.00031705495595736  0.00033147520755778
  0.00034543682114882  0.00036249923980482  0.00038352971860086  0.00040549177414835
  0.00042823031531500  0.00045073938152045  0.00047417538393464  0.00049933790161619
  0.00052814008869850  0.00056327871796408  0.00060590841017410  0.00065713566882121
  0.00072028220872766  0.00079414747547479  0.00087078333976327  0.00094304324508688
  0.00101201456595047  0.00107950920484199  0.00115261774785453  0.00123094177895526
  0.00131771266507175  0.00138362359841370  0.00143255423061880  0.00150326847266326
  0.00159677629421571  0.00169756585439465  0.00182018623905624  0.00194591357316767
  0.00204296242776647  0.00213613307656336  0.00224907401574763  0.00242063473382849
  0.00256933806952704  0.00751328331441253  0.01572903574416989  1.00000000000000000
 -0.00082610514165842  0.00462258093087070  0.01102375292894305  0.01747188155089714
  0.02339496624624784  0.03065937212378249  0.03914717402259565  0.04776044385715130
  0.05617039250953844  0.06413252569670237  0.07260695909494697  0.08187491041695322
  0.09150726596624965  0.10087211641152989  0.10903764251185460  0.11680799273573374
  0.12539388443507032  0.13315506642686376  0.14154546061909648  0.14882311585915076
  0.15609338750173612  0.16420658748552333  0.17318658471681345  0.18339203103096974
  0.19342099686346997  0.20364849442741945  0.21383463989533352  0.22413048232212085
  0.23425885625244378  0.24402493025137650  0.25347958930900294  0.26339425807439565
  0.27365973205947214  0.28349624756782749  0.29240175032342458  0.30181268945805062
  0.31138166727076871  0.32035684655390567  0.33123998888099154  0.34178103558239775
  0.35126784919218690  0.36039727033663560  0.36962138252933496  0.38026673495968943
  0.39181137606510874  0.40283723785046416  0.41134665278907956  0.41940240300094744
  0.42856892123649515  0.43896801580013439  0.45035359265540681  0.46264030118496752
  0.47525515156647380  0.48738109925969714  0.49915687545077475  0.51108903460644206
  0.52321133370330353  0.53516925904122625  0.54629666669594068  0.55595010056188099
  0.56477878557059646  0.57317869589426029  0.58343225588289571  0.59670335718810286
  0.61122053547855493  0.62237052570541174  0.63279069081393013  0.64230597269967282
  0.65172136619012000  0.66279500999865704  0.67523945517602957  0.68866962204055926
  0.70148389698134905  0.71380958246360371  0.72687515478419218  0.74009392857399714
  0.75333514412002156  0.76641196530063171  0.77911547526461145  0.79030663595327877
  0.80121786510436421  0.81442540295692967  0.82788894639678257  0.84101798118917670
  0.85384151234075123  0.86625802164876031  0.87945831408159802  0.89400604016888718
  0.90776842109288836  0.91914061716604012  0.93115336749621280  0.94411411101658882
  0.95742115929011440  0.97133168434937645  0.98436545859036095  1.00000000000000000
 -0.00139806697345961  0.00678036459201723  0.01655156149352240  0.02704103277064572
  0.03792596879005905  0.05036843869576418  0.06343623474666982  0.07550385207880128
  0.08381414227253681  0.09240084249912302  0.10130943883253131  0.11087216481205776
  0.12297409576101928  0.13576666167117415  0.14705454124345838  0.15736727995842323
  0.16723788494135605  0.17502392239471096  0.18371664565933479  0.19271886000011412
  0.20264912058985537  0.21441310801419769  0.22597838144760538  0.23621257952759361
  0.24548631208041397  0.25418757698663841  0.26352415909974941  0.27364675371583869
  0.28445194191588807  0.29610006477899098  0.30808891457018589  0.32011055604615668
  0.33215739513388953  0.34455609203692805  0.35703592449772337  0.36992070448815162
  0.38239703680349935  0.39256885270101627  0.40074524435950604  0.40873238518894178
  0.41705489363139531  0.42537530964828424  0.43453181744181302  0.44597423641078637
  0.45770655204996630  0.46989863713715274  0.48272897702053391  0.49565192324262186
  0.50827807324774887  0.52014150061936659  0.53165189053036310  0.54334372685820875
  0.55474990184739670  0.56616196855333212  0.57796529396207608  0.59024723527862921
  0.60262399418174573  0.61426833885226573  0.62480521118957244  0.63501451685255139
  0.64548831620970604  0.65470002577915209  0.66174024298021328  0.66860666189459639
  0.67623564083163379  0.68596145104631867  0.69687434596451858  0.70921987665537511
  0.72072125407527532  0.73078345089483165  0.74065006314757564  0.75032327580477920
  0.76037752939156067  0.77237510253237018  0.78464077430687251  0.79605485864333936
  0.80757409090668653  0.81776553215994396  0.82781153884917191  0.83671250124313801
  0.84660201975758176  0.85687454945309716  0.86734515516721955  0.87809530629658894
  0.88983144001872438  0.90141028622503416  0.91243028013819516  0.92297388103654843
  0.93346003436130154  0.94450232540540768  0.95489948282118609  0.96449840497069506
  0.97332985323355470  0.98195530384535690  0.99092785563547159  1.00000000000000000
 -0.00189531477063485  0.00695059711203673  0.01675477147872410  0.02639635490913200
  0.03643492036506945  0.04632048330666209  0.05689461716267756  0.06779516448255249
  0.07798547000812019  0.08786319981528923  0.09804499555039273  0.10774377068262196
  0.11662270560035198  0.12484660574682434  0.13422505846509844  0.14251696599574248
  0.15218253299487494  0.16509629981900217  0.17705149814124896  0.18703777465519156
  0.19706635144070167  0.20683008981512019  0.21652668837266520  0.22641921434319698
  0.23676014583603949  0.24732618663591122  0.26075968301197500  0.27558045602871972
  0.29076682218783084  0.30722239994948985  0.32214274030466239  0.33192472498576964
  0.33951169435554091  0.34829099336271596  0.35734351831222438  0.36546486472136142
  0.37946907395916629  0.39386089677927427  0.40906513273615336  0.42340564715774215
  0.43653522798705063  0.44968777629805601  0.46390240069130556  0.47896766650974121
  0.49325865406191949  0.50574697417064030  0.51695198950541510  0.52766269177209313
  0.53881183571903601  0.54899571677980774  0.55948673490202960  0.57143878154425021
  0.58416727771773858  0.59692118337044175  0.60832159748035330  0.61823935748466630
  0.62810714620564112  0.63986594423658250  0.65297517770278013  0.66564908604278528
  0.67772739938506210  0.68973981501792003  0.70174407958580653  0.71365902442340423
  0.72492293880211289  0.73569727909549221  0.74632672696227687  0.75690989137016795
  0.76758490376861899  0.77767574644363868  0.78714555388624519  0.79586736722282736
  0.80390128919282111  0.81278712701293054  0.82251949764743282  0.83222524619771410
  0.84185109009217096  0.85157801992602777  0.86111119374033107  0.87041046617603202
  0.87924225493501751  0.88591323345112727  0.89103125315252807  0.89738128313436294
  0.90456187463395010  0.91261745510385417  0.92173784394660674  0.93170724660694026
  0.94135568851852880  0.95006104553801474  0.95928144205864063  0.96838951750988234
  0.97663932231435391  0.98446457031799395  0.99227373941274488  1.00000000000000000
 -0.00139887291332053  0.00650973815932630  0.01609818699651396  0.02406598617283605
  0.03336619646722050  0.04400519589113620  0.05450812681256489  0.06488788339035327
  0.07525920141963559  0.08552833643673220  0.09615368549880814  0.10712893031824125
  0.11718739232044306  0.12666278074927967  0.13544180219535523  0.14313662899481547
  0.15092125743301393  0.15938549060793908  0.16816714965422813  0.17567971969267843
  0.18416041626908994  0.19567393878267203  0.20926978234945270  0.22287807418296757
  0.23461673188706503  0.24540596973789194  0.25612298843335191  0.26674241221041761
  0.27757446027783711  0.28855448205296302  0.29815091837301438  0.30867068425991495
  0.31939464064536088  0.33046963769820575  0.34255784165733133  0.35471098916550270
  0.36754770105987178  0.38073720545368694  0.39297571850921031  0.40346953925959861
  0.41273598382873006  0.42145112228566239  0.43076564820304308  0.44211480899650818
  0.45390144473280325  0.46525288592597125  0.47674219567604009  0.48840348218025681
  0.50063623493351539  0.51244526409692326  0.52380975812095720  0.53436908449344600
  0.54567929041879937  0.55665290055734018  0.56814978308714970  0.58058215695741722
  0.59223577135633221  0.60149260440565078  0.61101025333039138  0.61932117975644729
  0.62891062474293458  0.63964896246712422  0.65094930135698525  0.66123839660076722
  0.67060956569057406  0.67993510058836193  0.68824790280764081  0.69480087151744618
  0.70357588579773533  0.71288673330382446  0.72236147038143739  0.73207474857042343
  0.74254326535929172  0.75450332117107699  0.76727940504471603  0.77949140955468954
  0.79056133778631466  0.80099284257915837  0.81158937093891115  0.82324688063015028
  0.83572045598634748  0.84745985183742822  0.85728253691085210  0.86580265714140392
  0.87498834059032560  0.88598351663195907  0.89841461078668317  0.91142527513896798
  0.92439463953163881  0.93623007141077941  0.94671072443770699  0.95797406766106963
  0.96919728566023444  0.97961060990382498  0.98924220182495926  1.00000000000000000
 -0.00269599346688942  0.00995711446392270  0.02082632057055017  0.03112142069881507
  0.04030671731436605  0.04955372865983111  0.05979061024425381  0.07092363886641101
  0.08056362391227312  0.08991337501603419  0.09853400379504711  0.10835140660120536
  0.11884044582807704  0.13001770122348458  0.14168912952352455  0.15291322320580203
  0.16321492590784253  0.17298716366843772  0.18164272913211246  0.19069818167211541
  0.20069913723244692  0.21147734570290264  0.22278080077020840  0.23404461006641156
  0.24536178091182018  0.25615176861722810  0.26612190561863097  0.27626971605913248
  0.28598735798900055  0.29428618553762670  0.30265645320294665  0.31196186892069755
  0.32206754912520569  0.33332167817489622  0.34538505414130660  0.35716273200137294
  0.36854506830986294  0.38003055679014819  0.39186889842924255  0.40267586027453678
  0.41262370997037950  0.42108825662504168  0.42785963570000107  0.43499606885590908
  0.44256859629303952  0.44993730019077066  0.45816620739087677  0.46915292218102589
  0.48169950518254034  0.49335475423159802  0.50514687067867003  0.51699424491941182
  0.52937539249958243  0.54108293650449124  0.55187560192279206  0.56275062291744049
  0.57390912163723962  0.58570262818882901  0.59800134687645501  0.60945149950840505
  0.61958224285041497  0.62916362952034832  0.63859705481239259  0.64838737609673758
  0.65950033257494489  0.67173588323100775  0.68406204442786445  0.69602433409104947
  0.70763090363318149  0.71828224940476082  0.72787342807810174  0.73725287698617936
  0.74708011554602094  0.75688466322416614  0.76732902350550747  0.77898706481739899
  0.79180422380824600  0.80490556547677883  0.81788588655759020  0.83186230500863878
  0.84476988124436636  0.85638842702483453  0.86748013747046038  0.87853583994674112
  0.88983964093997248  0.90162020624019779  0.91139544428808217  0.91842617180154995
  0.92459478211462420  0.93241018940824505  0.94304773828139254  0.95477174176224655
  0.96653033686350209  0.97709262554160925  0.98797901520783948  1.00000000000000000
  0.05949907655066303  0.22138586596784171  0.44647387142883305  0.58981339479278250
  0.62986248487540530  0.64389582596982053  0.65171176548400511  0.65751592993701491
  0.66273820746799339  0.66782709676018015  0.67264080776449708  0.67676889979328958
  0.67996155302378880  0.68281200555956367  0.68564541469141438  0.68851330675304856
  0.69156962517032528  0.69466416910155149  0.69781086578656470  0.70079933307261744
  0.70365126862183014  0.70647010765648555  0.70934065514312117  0.71211048035451374
  0.71518868458369422  0.71873883350247947  0.72203231631841125  0.72513516860068206
  0.72805855554557930  0.73085760869916461  0.73397841738885972  0.73754216934248473
  0.74122676262284148  0.74490062136380442  0.74840122780874518  0.75134792988839694
  0.75376422535765963  0.75608602382703061  0.75838551513351093  0.76075812691819444
  0.76307696453194651  0.76552772723379658  0.76800550563993297  0.77045644127862545
  0.77304745571849098  0.77589869607719930  0.77901385821344282  0.78240279083438347
  0.78625476308337783  0.79024714124137174  0.79371268637960202  0.79705133051747401
  0.80036502071316451  0.80363122013585386  0.80688332782595951  0.81026306792016989
  0.81379522485352462  0.81719854807797565  0.82056790597988194  0.82394678815801858
  0.82715539032488516  0.83013874373878227  0.83316945564731171  0.83630489549878639
  0.83940016552515695  0.84266196083934120  0.84621299746976975  0.84987597588546526
  0.85359434906375531  0.85732632379617724  0.86101659126055097  0.86496439668950997
  0.86934614272637922  0.87386849809406675  0.87858389651011926  0.88325361078278408
  0.88780846416963755  0.89240795546131479  0.89639020825308768  0.89933811118445617
  0.90212252884869137  0.90532696059835294  0.90820305300136017  0.91187417171481810
  0.91577058505599718  0.91985345738473978  0.92455428254141236  0.92972993848776997
  0.93537492676088441  0.94170317514193547  0.94898510107700529  0.95587643833701152
  0.96220922655895869  0.96966596309842046  0.97948754738128685  1.00000000000000000
 -0.05316510790110089  0.20015013255626410  0.24094299866552910  0.26262950848825084
  0.28296190939832444  0.29899857818611769  0.31433282052304856  0.32686876440947821
  0.33735872583160642  0.34913031263819649  0.36287510438600762  0.37637184442578170
  0.38899348599096573  0.40010574012854377  0.40938446642780602  0.41771374838218717
  0.42617958658633587  0.43535008224864363  0.44487198591004001  0.45401619701281820
  0.46267314860511721  0.47129612213203159  0.48000175863387012  0.48851992159430513
  0.49674389941121794  0.50465190698464324  0.51228369986592981  0.52004417003571368
  0.52804107231383623  0.53565197193657343  0.54267296249336783  0.54906060709213111
  0.55535065109627546  0.56180839199136468  0.56769660728764937  0.57384019508514161
  0.57979658835307546  0.58476789909749771  0.58980534217725999  0.59482794463480393
  0.60002925185905753  0.60539207222512970  0.61084627063608921  0.61638637240831406
  0.62193302355404634  0.62746478435762565  0.63308130526500073  0.63883534436517408
  0.64457225027483533  0.65020535312529282  0.65595168108136226  0.66189318660126084
  0.66781280276555799  0.67317457145756365  0.67842794243426474  0.68312012990572324
  0.68708074041693423  0.69092108582489586  0.69510795511342005  0.69929011635626970
  0.70338058629261346  0.70797616293455035  0.71239756103023111  0.71647948558001684
  0.72054091548999744  0.72512752447807927  0.72991844151297169  0.73398167217573429
  0.73780714491517019  0.74178870851554490  0.74585474944402674  0.75016275075674854
  0.75482303851335986  0.75972114687763925  0.76487945861296969  0.77023300061666877
  0.77536918501387675  0.78043975377880259  0.78556912964835834  0.79052414318833275
  0.79577027142460022  0.80142865199918012  0.80738948336596572  0.81377558619236934
  0.82028902769591494  0.82566715279658243  0.83000985501169489  0.83500659587679038
  0.83974421308995006  0.84433814000189789  0.84960421682431664  0.85765351384662158
  0.86744662793902838  0.88290013013298430  0.90857319650817692  1.00000000000000000
   2.9469309157232213E-010  -1.0000000000000000     
 F F F F F F F F F F F F F F F F F F F F F F F F F F F F F F F F F F F F F F F F F F F F F F F F F F F F F F F F F F F F F F F F F F F F F F F F F F F F F F F F F F F F F F F F F F F F F F F F F F F F F F F F F F F F F F F F F F F F F F F F F F F F F F F F
  <DiscreteSampler_grid>
  grouped_processes
  1 # 1 for a reference and 2 for a running grid.
  10 # Attribute 'min_bin_probing_points' of the grid.
  1 # Attribute 'grid_mode' of the grid. 1=='default',2=='initialization'
  0.0000000000000000 # Attribute 'small_contrib_threshold' of the grid.
  0.5000000000000000 # Attribute 'damping_power' of the grid.
 # binID   n_entries weight   weight_sqr   abs_weight
    13   10   7.952952898741998E-001   3.152355144421987E+000   7.952952898741998E-001
    14   10   7.952952898741990E-001   3.152355144421980E+000   7.952952898741990E-001
    16   10   1.380296249023979E+000   1.052286593652522E+001   1.380296249023979E+000
    17   10   1.380296249023977E+000   1.052286593652518E+001   1.380296249023977E+000
  </DiscreteSampler_grid>
