  0.00007130717692131  0.00007289500047853  0.00007498893648075  0.00007727593046276
  0.00007977463779026  0.00008237557646697  0.00008537248765386  0.00008871661100505
  0.00009127273803292  0.00009228195387194  0.00009246299344614  0.00009251451261226
  0.00009254039765370  0.00009255516924530  0.00009256167886105  0.00009256710876530
  0.00009257146098043  0.00009257485240561  0.00009257732262335  0.00009257928205178
  0.00009258069708271  0.00009258201079845  0.00009258321785302  0.00009258401332375
  0.00009258475642905  0.00009258544976624  0.00009258607429347  0.00009258666557494
  0.00009258722184408  0.00009258774559160  0.00009258826613108  0.00009258875960442
  0.00009258925307775  0.00009258976274771  0.00009259028329555  0.00009259081776696
  0.00009259140134190  0.00009259200051114  0.00009259273947405  0.00009259352557708
  0.00009259444422678  0.00009259544079163  0.00009259656007319  0.00009259793940317
  0.00009259992766158  0.00009260231164263  0.00009260526996873  0.00009260896080786
  0.00009261503867674  0.00009262395120750  0.00009263877833675  0.00009266608879538
  0.00009271053018446  0.00009287552091429  0.00009377350613260  0.00009609853168014
  0.00010171287427042  0.00010801029840234  0.00011631697300330  0.00012719110226139
  0.00014041914367125  0.00015737750371142  0.00018014374430789  0.00020946867431874
  0.00024443907861977  0.00028396912172489  0.00033340339804493  0.00039371661369066
  0.00045626288459113  0.00052114615096439  0.00059372335727412  0.00067640608089640
  0.00076904198661781  0.00086717580072141  0.00097694291575112  0.00109484490071931
  0.00120980091211762  0.00131881196961891  0.00142849015589531  0.00155255532769277
  0.00169129685473958  0.00183560864528402  0.00198421149325316  0.00214770823066078
  0.00233045193673773  0.00253357340024562  0.00274229738019677  0.00296360914687892
  0.00322675283086697  0.00359013465114937  0.00398519718488280  0.00441601720094559
  0.00492444552886146  0.00558004823116295  0.00639958041799247  1.00000000000000000
 -0.01331378695323251  0.04885681447025086  0.07408550740694364  0.08797067238115379
  0.09932451043832800  0.11021552224209905  0.12053389279103677  0.13175852135723096
  0.14414231685213905  0.15706650152015797  0.16992846988036681  0.18219557553694468
  0.19385980431846572  0.20544207742712131  0.21683035563414230  0.22783675684904275
  0.23676212517387699  0.24477729491187308  0.25235433177033023  0.25987362194767710
  0.26792967458842570  0.27638525708414463  0.28408559688059271  0.29101705107350812
  0.29963533879449061  0.30812422140096846  0.31648039931420252  0.32604801696084640
  0.33748671699519139  0.34876694624530796  0.35863076924272369  0.36782873437108649
  0.37528942105244045  0.38081703464650507  0.38658578486322914  0.39465208155927545
  0.40231751548831957  0.40870199803412499  0.41767578121691618  0.42786361275412538
  0.43821874197091704  0.44852808261436250  0.45816607880117616  0.46762003443987393
  0.47709309739709443  0.48629273589068711  0.49430989080565996  0.50274858403801304
  0.51223730942710932  0.52219001222346895  0.53235767705009918  0.54386035459985282
  0.55688428755437491  0.56901852255424834  0.58116557260988566  0.59330102015838382
  0.60536548852565997  0.61709617005883854  0.62844640740716329  0.64003280048098254
  0.65097169666374444  0.66104058422752243  0.66986178256876683  0.67853805236770726
  0.68737783357327753  0.69695931530772726  0.70735786539942436  0.71813590840962083
  0.72850661388995164  0.73794649117247579  0.74708370964540449  0.75641058022525132
  0.76552394004359092  0.77534351378161126  0.78656983539939440  0.79802925861596630
  0.80924348213002584  0.82095905249007861  0.83345011002879987  0.84591015127665825
  0.85690678411594834  0.86609809068781207  0.87599325200934219  0.88590695748559956
  0.89449197260361801  0.90245239501590957  0.91176835310911841  0.92207358057239075
  0.93235551586396737  0.94202382123260842  0.95158701182319683  0.96138043129835538
  0.97134582579065254  0.98159720625048230  0.99108138395144840  1.00000000000000000
  0.00000066600238924  0.00000299068750644  0.00000448146608543  0.00000633881388839
  0.00000861603509703  0.00001107989574656  0.00001360047018228  0.00001644550984717
  0.00001938433407264  0.00002227307612098  0.00002538935777238  0.00002873593690191
  0.00003168229821508  0.00003428974815018  0.00003688390357860  0.00003938452051953
  0.00004189049151786  0.00004456014376670  0.00004744537268570  0.00005038390976991
  0.00005335770997379  0.00005656568458060  0.00006032200234120  0.00006432856427479
  0.00006803907115767  0.00007153946862453  0.00007484136442118  0.00007806105905155
  0.00008112291157856  0.00008335097283650  0.00008581433590877  0.00008844465919026
  0.00009142886560536  0.00009523045837070  0.00009869071393491  0.00010259914116661
  0.00010692556356835  0.00011171739729561  0.00011725291317633  0.00012367422013894
  0.00013070304573655  0.00013774249430705  0.00014459068566683  0.00015158582670525
  0.00015900273268922  0.00016736697497045  0.00017577469071673  0.00018412759549261
  0.00019251139308016  0.00020239750155700  0.00021324053971636  0.00022220806453493
  0.00023001420112532  0.00023858188369210  0.00024786038193079  0.00025712429058171
  0.00026753627133336  0.00028108098935000  0.00029705984284594  0.00031470411614920
  0.00033298140718375  0.00035090374180867  0.00036821812081651  0.00038539190648141
  0.00040195669529368  0.00041713233036673  0.00043245557200390  0.00044934776010248
  0.00046864815956992  0.00048988833765292  0.00051378512357880  0.00054304817606613
  0.00057725593578955  0.00061396107346000  0.00065111042641526  0.00068694601175914
  0.00073161455639005  0.00078449078824998  0.00084805670289189  0.00092451099604676
  0.00101403459056261  0.00111124762025468  0.00121086043739553  0.00131168414234629
  0.00141385441515568  0.00149182665009633  0.00157891542430614  0.00167158175849221
  0.00175249675747281  0.00181343404205202  0.00224715542886850  0.00286786946058106
  0.00414796188535393  0.00700719572181513  0.01875252263852627  1.00000000000000000
 -0.00239462733064818  0.00863680447945506  0.01836216010042581  0.02782039530984194
  0.03713709328552196  0.04591431599199648  0.05436409016039159  0.06294943617044989
  0.06875116152315201  0.07465310252519636  0.08096690678638289  0.08962558522058242
  0.09885027143254700  0.10833954605345231  0.11810316328528409  0.12797145823003539
  0.13808404327318757  0.14865353199379611  0.15883641098319887  0.16752152183544033
  0.17513305724111922  0.18328160789979428  0.19267562815600478  0.20261918143024649
  0.21249967436115341  0.22242163068066734  0.23278741643921474  0.24320783815296249
  0.25301798208745535  0.26224247786422600  0.27139148609630892  0.28063525952497259
  0.29039902782853527  0.30099334980458742  0.31160104310164721  0.32224846246298361
  0.33355550859482674  0.34558084594043598  0.35798879296807845  0.37029611015002140
  0.38174438578205050  0.39134206798515803  0.39976455374054032  0.40817329510754280
  0.41618405937358455  0.42416137849890079  0.43179590244177324  0.43916472064517331
  0.44718479292946312  0.45632012259574506  0.46633867960051401  0.47654909440649540
  0.48780019932952434  0.49914350580815753  0.51017359641848303  0.52156360980085337
  0.53319774610289317  0.54501921617361870  0.55719034953549840  0.56974605573917003
  0.58158983768160866  0.59217445157924087  0.60214656695487956  0.61259382563629194
  0.62326531863979651  0.63396765805151989  0.64515368300993681  0.65700153215383139
  0.66765071210916216  0.67846066673307237  0.68960059376428440  0.70053470322449940
  0.71184053148155391  0.72388120913670684  0.73681720290368358  0.75081596167915043
  0.76510030971515031  0.77744249244323183  0.78759773155014168  0.79896353774550621
  0.81053140053241646  0.82199962471893262  0.83324738171755408  0.84606952268240909
  0.86095336490428864  0.87741138749062009  0.89428756284421906  0.90945416515671718
  0.92204789178089974  0.93304388671844130  0.94291020488735255  0.95429671970856988
  0.96524733842383637  0.97464640775455291  0.98714076307250642  1.00000000000000000
 -0.00279626927840415  0.01035626598193959  0.02101761047641358  0.03251443971882127
  0.04401092598667374  0.05431500514000086  0.06421797462664081  0.07460702605930045
  0.08509241511884137  0.09534099669905503  0.10803961484328806  0.12125747617320880
  0.13378989083400356  0.14538149003812456  0.15597112037134847  0.16608017975959510
  0.17653256822064248  0.18724992587115369  0.19798315331064195  0.20902252537728216
  0.22058342306319975  0.23278292662442965  0.24552879455109314  0.25918631999664876
  0.27185834614349069  0.28287716522388429  0.29267276866931519  0.30164158218304610
  0.31040758061976464  0.32017499172247071  0.32970452006629614  0.33889470221486290
  0.34817335211023215  0.35713179553883684  0.36628473906199011  0.37774975831843505
  0.39144553674064403  0.40521386056879971  0.41762056724510982  0.42810404904034105
  0.43717930262190019  0.44663236219190733  0.45617656292249625  0.46499117391917955
  0.47372043073976455  0.48317491567909504  0.49352330861840588  0.50420241656404241
  0.51577044900001134  0.52832368991835443  0.53874273923597316  0.54697241119253071
  0.55610410419858813  0.56547587775777741  0.57402770092698063  0.58310285902604797
  0.59259274799622830  0.60191353404656844  0.61103731046334386  0.61956885757067148
  0.63048147117714537  0.64267715832454142  0.65160712522485642  0.65961024056170303
  0.66847902687204730  0.67708055315739213  0.68597013892071890  0.69628875361350528
  0.70820954662122126  0.71958917765322028  0.73076704336969578  0.74058464174321492
  0.75058404142693380  0.75944468932338116  0.76670874490233809  0.77357520784122480
  0.78143449381464103  0.78988010414431331  0.80066156602528982  0.81308168479604370
  0.82509587217862324  0.83663939490867401  0.84803102534552166  0.85993085441590100
  0.87193285761636219  0.88376068570430777  0.89597580043529734  0.90837486785992738
  0.92058475848405230  0.93211028310639787  0.94290555160642553  0.95371295752893848
  0.96488089908088659  0.97677601276871440  0.98891034129248534  1.00000000000000000
 -0.00177808456013755  0.00679124671758540  0.01606373685687008  0.02544337137431742
  0.03541767537064871  0.04428346031529314  0.05235721131140633  0.06085448832749721
  0.07260707640678545  0.08499956713059517  0.09498664531706628  0.10324624947135963
  0.11159978263079728  0.11994067691335894  0.12788036374812606  0.13809569012561912
  0.15039571930770204  0.16345224861721619  0.17647405193028967  0.18749305800484958
  0.19652559115261237  0.20611664252742451  0.21659650412033951  0.22696075238673896
  0.23807918266552094  0.25083384630011585  0.26525690558937720  0.28001336931648135
  0.29376381765348092  0.30573467500345108  0.31675234107941608  0.32822582836444791
  0.33967448231337544  0.35145985969982058  0.36376598977261865  0.37610375973643084
  0.38813540066978020  0.40077336721578621  0.41410438970659585  0.42778361703425172
  0.44120194853823125  0.45403492066100976  0.46575374650369838  0.47897641938128710
  0.49290398593541868  0.50587448099599608  0.51784788912525881  0.52917507152875842
  0.54096513336890584  0.55319537662764839  0.56560211520515746  0.57792313921115313
  0.58997743517474266  0.60233783938516139  0.61471967164371522  0.62703380512617901
  0.63996295761827904  0.65331133537710517  0.66589128769853090  0.67829115664125206
  0.68979776952064242  0.69908601757748745  0.70651632871480696  0.71446691787205663
  0.72367824031695194  0.73337721512724008  0.74181226584769144  0.75057909996034011
  0.76015007837768367  0.77008738250846331  0.78026592360664526  0.79006378470219807
  0.79918872773284122  0.80779616889950256  0.81655855634344221  0.82588843390224786
  0.83558601990792425  0.84530727802823202  0.85431039128328734  0.86240963740789156
  0.86990733037016132  0.87673504422452997  0.88404326105204134  0.89257668365674692
  0.90164523946005748  0.91051187548212886  0.91914154626970734  0.92800047693905341
  0.93731031992189007  0.94683942385447606  0.95655725192183483  0.96580830368193327
  0.97482345198254561  0.98354981739659131  0.99189756921815120  1.00000000000000000
 -0.00187815687422047  0.00786920829114940  0.01916106856884565  0.02978656929986227
  0.03844371659461547  0.04542427541269603  0.05223543763230353  0.06021875621658698
  0.06824602418292669  0.07889901100785605  0.09204266818531652  0.10554670518536098
  0.11804458066351636  0.12950476425273014  0.14083272215540849  0.15223719202354852
  0.16508901189385686  0.17799000946259302  0.19000442678813972  0.20141804615667999
  0.21221025388905801  0.22348068736621496  0.23504115684418248  0.24680365848565813
  0.25853760146312904  0.26972183618636364  0.28000167431218198  0.28975717125001971
  0.29955404278678677  0.30948015235634513  0.32030756026796009  0.33224135854758480
  0.34439967367741053  0.35578174443675387  0.36699061228420893  0.37789435875488098
  0.38920919091496153  0.40147547892784924  0.41336887875185641  0.42410709520555123
  0.43430510939650252  0.44339760834157116  0.45217982137886553  0.46057921422093223
  0.46896623005794558  0.47738630341826188  0.48602428520289570  0.49441132569428409
  0.50363961928741685  0.51505546761117860  0.52774626712754291  0.53966438280485474
  0.55193869391492478  0.56372641065661278  0.57497527984197805  0.58599547036831134
  0.59690342784706352  0.60770069196044196  0.61847579298759292  0.62934463929334850
  0.64036145160232982  0.65213653366727331  0.66286780575980542  0.67111213670432190
  0.67875720623936009  0.68669094897154004  0.69444212585853793  0.70267016412144123
  0.71346456064670727  0.72054823007951829  0.72850162709299238  0.73671236083932168
  0.74684615960212264  0.75705548012663104  0.76766324225826665  0.77880287998108944
  0.79065393442798004  0.80280181695701947  0.81383117101155167  0.82250636174490632
  0.83126294571394233  0.84052230039377906  0.85013908021727713  0.86152505907994070
  0.87443165253950728  0.88726660020187798  0.89928553558297508  0.91071394348771473
  0.92210606947402618  0.93384788456227019  0.94450714306947914  0.95478893837120116
  0.96552729902008205  0.97586562615244965  0.98581810331376252  1.00000000000000000
 -0.00281657444283505  0.01080554705533954  0.02063981644916089  0.02941149405784638
  0.03884475226850330  0.04983796001712088  0.05979102312548452  0.06848162401820126
  0.07640382894816983  0.08468395384102599  0.09409984168234430  0.10453791494539869
  0.11589991028387228  0.12776716010405229  0.13946755114945353  0.15104951875863881
  0.16280064058466501  0.17481260111615901  0.18707877389169247  0.19859347746488215
  0.20794146983358203  0.21743960789504466  0.22645627350843564  0.23588679173068769
  0.24567745752572959  0.25573456430760977  0.26611014122697835  0.27666164731633147
  0.28766811329159464  0.29960250035741764  0.31255242489148660  0.32539992017543312
  0.33703141667603531  0.34849248165676949  0.35844939055936603  0.36756716187118460
  0.37735275577657545  0.38771178815674923  0.39839499548924834  0.40938382281077590
  0.41967926488590429  0.42832238545637857  0.43684822793735162  0.44676311553147047
  0.45376438210455561  0.46065015944155002  0.46728213187798673  0.47640863072871847
  0.48882391415906967  0.50154563332616575  0.51289120541587974  0.52337098661148496
  0.53409037449085772  0.54491853823877712  0.55608829704993190  0.56822942429278511
  0.58039680085060341  0.59186791528690508  0.60312670825078929  0.61397610486376675
  0.62282382511984846  0.63057949040132055  0.63961758266116875  0.64795705257740621
  0.65539350070941338  0.66575012060801342  0.67779701745037324  0.68913214460128625
  0.69930502915309445  0.70776387716272116  0.71713630077596824  0.72678322584753230
  0.73588687522282425  0.74557188342387926  0.75549225213866600  0.76601773453202482
  0.77688803133336648  0.78740537099177943  0.79915123640856311  0.81226568431489088
  0.82581382336583486  0.83926189668652607  0.85197222770308867  0.86391618639750245
  0.87528600974404402  0.88631862563978414  0.89756262014272659  0.90898702864424252
  0.92027206539792683  0.93172765538875502  0.94350204245674563  0.95556555163091372
  0.96729977983335735  0.97886173612283323  0.99002113812753456  1.00000000000000000
  0.00618152924073902  0.28916419040779223  0.48566876743468268  0.60510887438418481
  0.63206160938757439  0.64233386434148099  0.64848163763781930  0.65409642367177279
  0.65944608019917417  0.66414711885433642  0.66803706658661988  0.67171777770028895
  0.67531223200633983  0.67857347387148803  0.68177506842549496  0.68493839815031088
  0.68792418694220525  0.69072127681814277  0.69390382402633088  0.69710923976587325
  0.69993429962042386  0.70265186644635069  0.70550722958208867  0.70861235081326501
  0.71195751589021161  0.71533553070788092  0.71866651839000006  0.72208982091835305
  0.72568721473998721  0.72912139430294332  0.73233725475320377  0.73544927493629719
  0.73837447502221831  0.74140018897528615  0.74462856056737980  0.74784891305228618
  0.75075573980595001  0.75323485875462493  0.75571135467131501  0.75820871113552957
  0.76066821709702770  0.76312493176918561  0.76550547882781028  0.76824600007300947
  0.77164495656920140  0.77519930466551279  0.77863519367944978  0.78198938894441405
  0.78530508532935506  0.78862618549180763  0.79201482602515971  0.79550719144905480
  0.79901842183976979  0.80215689669920875  0.80455070024227515  0.80786195138923744
  0.81068884852589806  0.81295122631333816  0.81495306909475829  0.81714026311582277
  0.81965396774300525  0.82259539404741466  0.82568633716515560  0.82888155718103262
  0.83213046956573045  0.83552864293342866  0.83878078171697279  0.84222669548310203
  0.84606286229357364  0.85018804282754201  0.85438310857314748  0.85845487164442524
  0.86222141723872481  0.86556682338713842  0.86902885440368682  0.87275867819602626
  0.87622313470621072  0.87953776040949883  0.88298283669943389  0.88641452282902777
  0.89008963497812621  0.89442786929163387  0.89938435247778936  0.90457407356345099
  0.90983847545295715  0.91505208461905330  0.91957683516413169  0.92402754352191696
  0.92891123906717787  0.93436165557779627  0.94087164998459494  0.94856043895838860
  0.95726337793929872  0.96706049771425195  0.98130834404266087  1.00000000000000000
 -0.04714019692451696  0.20446617850228099  0.24398506100755699  0.26727910687415313
  0.28821126200197900  0.30814884877234000  0.32499242976575710  0.33926898692045387
  0.35252615930675107  0.36333300036372562  0.37346192786751337  0.38433886484643276
  0.39453882008595448  0.40526871750864252  0.41667979575082204  0.42847584243666703
  0.44064489101809079  0.45213939151716148  0.46123276095045762  0.46902681927809386
  0.47631526374805250  0.48414287414597307  0.49320312298826713  0.50245006866758979
  0.51017874699668786  0.51739092448819035  0.52426469185972957  0.53102515504394454
  0.53814435075701095  0.54525569727396339  0.55223852596995748  0.55926961704247513
  0.56583778941844975  0.57194056756741174  0.57783261429133059  0.58333042849434114
  0.58919736040999748  0.59536281020590509  0.60112019786228421  0.60599228217060763
  0.61008611973656690  0.61422920444621809  0.61826510210108043  0.62270937750492306
  0.62766363059695096  0.63310275347357725  0.63904718661711513  0.64504071311158917
  0.65086050910862014  0.65642794807742455  0.66200206872389511  0.66766756459043097
  0.67282188157306322  0.67699406441641830  0.68075807450733228  0.68483107183126635
  0.68891530831654968  0.69302630639373819  0.69700311284057670  0.70020832096686736
  0.70329356590547543  0.70733986160692819  0.71218120116204042  0.71691108336763143
  0.72188036638203279  0.72687057560405011  0.73153120397036575  0.73596305798463435
  0.74038548787729352  0.74474419603359399  0.74874781832022308  0.75240679338208871
  0.75622108291527146  0.76014088176014138  0.76363860206865419  0.76668912662011901
  0.77098503871081747  0.77561590266890068  0.77986865922046311  0.78410639916946512
  0.78857299754201426  0.79349988618843670  0.79868152253704028  0.80402945101894396
  0.80978825610327843  0.81596189656254425  0.82216386167230326  0.82838512684216625
  0.83506839783106090  0.84213287354708299  0.85048152948991973  0.86080886361592102
  0.87367014772764717  0.88912220241073658  0.91512056433324451  1.00000000000000000
   3.3462139167337487E-010  -1.0000000000000000     
 F F F F F F F F F F F F F F F F F F F F F F F F F F F F F F F F F F F F F F F F F F F F F F F F F F F F F F F F F F F F F F F F F F F F F F F F F F F F F F F F F F F F F F F F F F F F F F F F F F F F F F F F F F F F F F F F F F F F F F F F F F F F F F F F
  <DiscreteSampler_grid>
  grouped_processes
  1 # 1 for a reference and 2 for a running grid.
  10 # Attribute 'min_bin_probing_points' of the grid.
  1 # Attribute 'grid_mode' of the grid. 1=='default',2=='initialization'
  0.0000000000000000 # Attribute 'small_contrib_threshold' of the grid.
  0.5000000000000000 # Attribute 'damping_power' of the grid.
 # binID   n_entries weight   weight_sqr   abs_weight
    13   10   3.600789602526998E-001   5.046319005723694E-001   3.600789602526998E-001
    14   10   3.600789602527000E-001   5.046319005723703E-001   3.600789602527000E-001
    16   10   7.377023769263413E-001   2.222115125238351E+000   7.377023769263413E-001
    17   10   7.377023769263420E-001   2.222115125238356E+000   7.377023769263420E-001
  </DiscreteSampler_grid>
