  0.00000009759523320  0.00000031986474879  0.00000216696544256  0.00001068288594253
  0.00002029426437093  0.00002814334390855  0.00003398482566884  0.00003812266994913
  0.00004073963051850  0.00004231686115423  0.00004334734287493  0.00004414667429044
  0.00004479736546889  0.00004532067372609  0.00004571867660612  0.00004603921264430
  0.00004632229282533  0.00004655699705348  0.00004675050043131  0.00004691297770085
  0.00004707434725856  0.00004723246233744  0.00004738655335002  0.00004753393198313
  0.00004767079078201  0.00004778575112279  0.00004788603904931  0.00004798168425447
  0.00004807076191951  0.00004815344931831  0.00004823343046216  0.00004830596236055
  0.00004837699694006  0.00004844738900362  0.00004851295363608  0.00004857476025420
  0.00004863431931689  0.00004869207029689  0.00004874800331707  0.00004880319624979
  0.00004885830283111  0.00004891437647762  0.00004897073250693  0.00004903040973640
  0.00004908977756554  0.00004914718869709  0.00004920326588698  0.00004925774644136
  0.00004931058048686  0.00004936363089679  0.00004941787147451  0.00004947348479098
  0.00004953100975107  0.00004959119952374  0.00004965384289220  0.00004971068778067
  0.00004976652205102  0.00004982151935447  0.00004987645857992  0.00004993441108386
  0.00004999871858998  0.00005006887451224  0.00005014266875379  0.00005021859273279
  0.00005029835069694  0.00005038283562792  0.00005046883344974  0.00005055558968048
  0.00005064864273577  0.00005075104511410  0.00005086223553739  0.00005098789407474
  0.00005112984216127  0.00005129030858325  0.00005146845324609  0.00005166048509176
  0.00005187824328007  0.00005215357704827  0.00005244166196963  0.00005272845182158
  0.00005307979124050  0.00005349957273230  0.00005399662973654  0.00005467047590099
  0.00005549737793199  0.00005648298541041  0.00005760866853544  0.00005899704042063
  0.00006115132853636  0.00006445643361244  0.00007034503904411  0.00008672223814328
  0.00017398235170628  0.00087631000117898  0.32983636245996639  1.00000000000000000
  0.00007090976817393  0.00007480600609689  0.00007886963156731  0.00008337416703465
  0.00008810001356669  0.00009167724754426  0.00009237442155516  0.00009250033053972
  0.00009253517061315  0.00009255310207782  0.00009256378898394  0.00009256941113842
  0.00009257329224772  0.00009257644849697  0.00009257864668485  0.00009258055100214
  0.00009258208036961  0.00009258312085832  0.00009258405192667  0.00009258491926695
  0.00009258572291352  0.00009258638645789  0.00009258699844654  0.00009258756667382
  0.00009258811536999  0.00009258865622455  0.00009258918669243  0.00009258972135849
  0.00009259029782859  0.00009259087429868  0.00009259154192795  0.00009259222243719
  0.00009259301280993  0.00009259386403663  0.00009259484838177  0.00009259624781679
  0.00009259778776418  0.00009259967157402  0.00009260243688324  0.00009260584726075
  0.00009261030491789  0.00009261586534315  0.00009262470102657  0.00009264348934732
  0.00009267757769133  0.00009274690304958  0.00009326583265065  0.00009593685060459
  0.00010271100323996  0.00011155619143534  0.00012268391498676  0.00013606637068856
  0.00015177410140794  0.00017026872254572  0.00019141363841490  0.00021710156167222
  0.00024568761955827  0.00027811277500946  0.00031577143386845  0.00035714250048447
  0.00040263468908026  0.00045300165219286  0.00050525807994487  0.00055896732554018
  0.00061530949978844  0.00067620891684537  0.00074514624907548  0.00082108523659238
  0.00090541258846446  0.00099313571724469  0.00108973800599544  0.00119586722122023
  0.00130759645734890  0.00142503629042077  0.00156576749061030  0.00173413052143025
  0.00192115682378302  0.00212734145911958  0.00234758938956396  0.00258526571290433
  0.00284238397897540  0.00314617707920366  0.00343433052625684  0.00366838513986340
  0.00393325289040304  0.00429686940124285  0.00466409877423262  0.00514528406146568
  0.00579358580636543  0.00668873838405875  0.00803302434762192  0.01016951071777828
  0.01422915232369587  0.03322485818122193  0.09886146006406871  1.00000000000000000
  0.00000000728580635  0.00000327920008415  0.00000539845839270  0.00000798240318780
  0.00001083268931507  0.00001381562593175  0.00001708004202694  0.00002032835881300
  0.00002304533412953  0.00002539145992608  0.00002785694503276  0.00003027966526153
  0.00003260569138325  0.00003484006697328  0.00003717573577473  0.00003956797006450
  0.00004186858383970  0.00004416095527671  0.00004650416444803  0.00004873506752466
  0.00005095789944754  0.00005291616370055  0.00005509046831211  0.00005760548285605
  0.00006023847276298  0.00006295619353232  0.00006579891987676  0.00006872136240702
  0.00007136773102471  0.00007379459405552  0.00007618857527533  0.00007930540489337
  0.00008261400126866  0.00008585365264939  0.00008929732353658  0.00009294645676799
  0.00009707738233194  0.00010177564340395  0.00010676969122497  0.00011202744472350
  0.00011745346581230  0.00012290815283127  0.00012845818163617  0.00013455174444145
  0.00014117329732310  0.00014755296696027  0.00015336408265560  0.00015905035644186
  0.00016536684787743  0.00017298487653530  0.00018054321089138  0.00018833565548322
  0.00019747318994382  0.00020779003883758  0.00021825574219724  0.00022808211793864
  0.00023703854688639  0.00024611419746931  0.00025436232980948  0.00026339772756730
  0.00027358627542626  0.00028692113893872  0.00030219378998646  0.00031862811540664
  0.00033585362005970  0.00035274741520642  0.00036869299632724  0.00038577308842979
  0.00040407868773748  0.00042334478847237  0.00044394863474807  0.00047056971897905
  0.00050110717761199  0.00053454707557050  0.00056955012842869  0.00060396739657070
  0.00064010611535274  0.00068343454313844  0.00072913342971257  0.00077757840095088
  0.00083275542101244  0.00089682122577327  0.00095774808281938  0.00103294178857281
  0.00110635113330582  0.00116970677779431  0.00123566789751229  0.00131107353656615
  0.00139246098337954  0.00148244637052863  0.00157767753616937  0.00168004933631822
  0.00177070200932978  0.07365559807339710  0.33696314064082150  1.00000000000000000
 -0.00221114106793764  0.00701643292877037  0.01703179170071682  0.02646899160181931
  0.03492371189594302  0.04273767705418317  0.05193601250218692  0.06244956164958663
  0.07360936299143973  0.08538666325341437  0.09816039632099659  0.11137901563055319
  0.12022802262488075  0.12949533100876637  0.13702240957630343  0.14426558897121730
  0.15399853526529725  0.16540329995056541  0.17771544811038639  0.19079678174099796
  0.20371218692805387  0.21559457514740887  0.22762744598455420  0.23970019953441341
  0.25244791802202321  0.26608487172291612  0.27990072468072663  0.29370446852889581
  0.30730103180511242  0.32085666397493540  0.33501839989193138  0.34965290977329333
  0.36340985442405049  0.37759909472467634  0.39217606506169456  0.40716168903913624
  0.42189478322207280  0.43668335898055488  0.45149635280107941  0.46319610357408436
  0.47336456174585961  0.48383389244223773  0.49593295974336082  0.50897751033040439
  0.52199452040724448  0.53489059048591159  0.54569741180897424  0.55915879008706015
  0.56859500374821681  0.57805012948446322  0.58786177408402829  0.59844625730779399
  0.61011583197055363  0.62195331939900078  0.63340770200850627  0.64479214241549565
  0.65599741553644586  0.66666319405020302  0.67753841789649516  0.68837604936815089
  0.69947081343566997  0.71133678752724838  0.72231716868619655  0.73195242397972693
  0.74161080522191780  0.75068710462907706  0.75910435133049392  0.76810121902233253
  0.77675636103386814  0.78520744475298532  0.79407718511842218  0.80348365929868215
  0.81327734752268266  0.82273180761511633  0.83209950333460214  0.84085974930532359
  0.84884854454075198  0.85673051193069261  0.86505916528839266  0.87446863762998817
  0.88433989024758552  0.89488479647349950  0.90487485799363043  0.91272347106512142
  0.92071849565543329  0.92875107480978603  0.93759800300075735  0.94703255489275062
  0.95627368442755034  0.96397369772789376  0.97071551610801732  0.97701789088564239
  0.98269831577702249  0.98795916189525412  0.99316916621982754  1.00000000000000000
 -0.00133404201673665  0.00652099022443837  0.01563561672790959  0.02496536458856199
  0.03336939535052842  0.04175461591585068  0.05105538565027151  0.06150854157260599
  0.07218024314012858  0.08162477425084586  0.09135859229692693  0.10129349566114880
  0.11046431155410402  0.11994516018137691  0.13083403186121270  0.14172820442779230
  0.15119287294358152  0.16076093162904606  0.17038200162324393  0.18021632967401791
  0.19092123816584872  0.20281563030542191  0.21537524623683127  0.22806794594128885
  0.24059514565706644  0.25230691354627793  0.26358810442971881  0.27585950050485014
  0.28720920757124824  0.29524674934256045  0.30261047295011856  0.31005105247634879
  0.31821069393606150  0.32806946786471380  0.33971916294673415  0.35164081231372896
  0.36324367470485197  0.37426883786121456  0.38486542804225515  0.39521155344492576
  0.40515386970975281  0.41501591251668835  0.42581411855398915  0.43792473421027034
  0.45099987974874978  0.46424894005684236  0.47692664910800009  0.48868379231417886
  0.49973493804226604  0.51109095086563727  0.52244037145943101  0.53307479301971006
  0.54326792700157522  0.55400379733280170  0.56572408143123665  0.57804243669313160
  0.59064208918514560  0.60352242455477245  0.61603945641093649  0.62782889330736569
  0.63888176691448262  0.64948310577224599  0.66038356489892514  0.67197603286454455
  0.68395130075411581  0.69592916118401482  0.70709268897871258  0.71787759056166855
  0.72909961487002017  0.74055782162739614  0.75039643788258092  0.75966516935163697
  0.76914774933123464  0.77838447637122377  0.78806875473981042  0.79882854109426837
  0.81012493520775408  0.82138132424904542  0.83301415621710551  0.84506197912981618
  0.85678684139556682  0.86765443028414146  0.87699453271742689  0.88559235796735813
  0.89497299165079869  0.90444510521292476  0.91438963229774384  0.92553070089322920
  0.93707019168803840  0.94853206771649834  0.95982569606767221  0.97010906763290239
  0.97869194231055590  0.98587473040609130  0.99272259697064325  1.00000000000000000
 -0.00196356670989478  0.00766057170383550  0.01669073885773437  0.02507024193539478
  0.03336898842166804  0.04245338422941150  0.05127103871357915  0.06123924172213420
  0.07167308257684782  0.08227735858415101  0.09235560094305480  0.10205129430529471
  0.11131566339596700  0.11988584155221814  0.12947267836407980  0.13894640068899858
  0.14896535904329006  0.15911317081260176  0.16878470601742143  0.17830820103173489
  0.18832396773321430  0.19910991974240494  0.20903276400845411  0.21589160632732579
  0.22390874725591323  0.23335550054859427  0.24421813934427816  0.25508289920630939
  0.26499781374477122  0.27459896020459101  0.28467304788998288  0.29514883762297123
  0.30560982931892672  0.31645742177706976  0.32764906470458671  0.33913958258361659
  0.35079205640513017  0.36184454909931507  0.37262795342410809  0.38386234302409988
  0.39443670034189604  0.40449516096576976  0.41400255967083149  0.42399539558316818
  0.43434002463948213  0.44542183525987877  0.45659628107954991  0.46767616689003860
  0.47880946320912465  0.48957247206615440  0.50003398379173569  0.51059800147334677
  0.52066116346501379  0.52996881443351596  0.53973139629512457  0.54907985264936732
  0.55719350691614444  0.56609111709224602  0.57612805560626001  0.58654611814936819
  0.59664578793747003  0.60692040202119590  0.61793715914170588  0.62786971998800190
  0.63693742712093260  0.64572535534626097  0.65305893078358201  0.66105725683091765
  0.67171021191877234  0.68373329275829808  0.69536792922977031  0.70600111056576653
  0.71453891501674072  0.72351058678385916  0.73078882845038140  0.73965049762060486
  0.74909927089985717  0.75917054342040813  0.77054147613281687  0.78339391812643300
  0.79684288849680829  0.80971260946754153  0.82109473495666385  0.83188802451588328
  0.84390365173041137  0.85619923761100880  0.86903513693309542  0.88250311551126892
  0.89515987641502781  0.90816885439856121  0.92172535892407947  0.93582940130234582
  0.95077924817320270  0.96654216869448717  0.98295373165573796  1.00000000000000000
 -0.00140724763721102  0.00680463626549445  0.01458350985107282  0.02259077959244090
  0.03168860451266948  0.04179552177465261  0.05268916510885232  0.06325115272821163
  0.07342711810804065  0.08379390663853438  0.09405712175521402  0.10482285171456626
  0.11693728962160314  0.12917464058419098  0.13998584615701429  0.14960624161471014
  0.15809047840650298  0.16633665951626478  0.17536757615618004  0.18359906612039165
  0.19412146047839532  0.20525678335645256  0.21559095605313827  0.22596246935168057
  0.23683463154862627  0.24853506518022592  0.26144319402083199  0.27318554568668441
  0.28246600373779102  0.29108871144664772  0.30033840703493453  0.31050027695385191
  0.32128147034947868  0.33247009959146290  0.34414535595520052  0.35580251369432608
  0.36669635323001865  0.37703202899911925  0.38780588068563093  0.39903326441792253
  0.40956144441655778  0.41899543351956642  0.42912937187688061  0.43984715536491636
  0.45064514106327574  0.46221246541412508  0.47408671815030179  0.48549862884790457
  0.49618048688936645  0.50632576035841881  0.51671676311074266  0.52722282296004619
  0.53733924708429237  0.54730344809145837  0.55699215612829223  0.56628434743303080
  0.57623910579227877  0.58710924280009835  0.59829503373526716  0.60920490188251797
  0.61978237377848777  0.63003379175149743  0.64026110842380957  0.65016772587766203
  0.65980776948221775  0.66961516654755815  0.68065715304841656  0.69284849756687716
  0.70492682747659086  0.71625698359156065  0.72726347343708975  0.73836685221585552
  0.74969454305726024  0.76140580954186210  0.77325741984325880  0.78461838683339569
  0.79399348718283713  0.80326062547208210  0.81277216768855309  0.82249229447389549
  0.83247267357589916  0.84250116481580339  0.85247958558897163  0.86309797534560229
  0.87424230145320103  0.88552048546832318  0.89713040172449243  0.90882768872207720
  0.92005011525409530  0.93156517203921552  0.94260918013533812  0.95354227830173266
  0.96436566741118135  0.97616364150237978  0.98630688535480493  1.00000000000000000
 -0.00250096427079703  0.00886506157959358  0.02112151251258233  0.03336226388692901
  0.04547160993939899  0.05697728143495993  0.06706353382051859  0.07733605296282674
  0.08804184369457291  0.09945492416563562  0.11078668828190004  0.12212993140930427
  0.13200776816439658  0.14156470796514503  0.15046407286376384  0.15958129541000501
  0.16900522013462541  0.17802498916828513  0.18689686442068401  0.19743191787451791
  0.20894502426441702  0.22007476867388551  0.23028042131391446  0.24107531071513039
  0.25305055294571088  0.26572257285038542  0.27749323569634610  0.28696132132962371
  0.29558241536876467  0.30487673443994939  0.31443567973878311  0.32257417379281184
  0.33177451025421356  0.34219387871571821  0.35367773058462726  0.36665963443556848
  0.37803045701704230  0.38690544414580391  0.39517807783381909  0.40379827118124029
  0.41288181682479719  0.42371287926652001  0.43567861423687843  0.44764501162437093
  0.45928662336656784  0.47060589356202637  0.48183371959867172  0.49326877009957881
  0.50489345571811117  0.51699047979894475  0.52937394067702470  0.53936267691116968
  0.54874465803912575  0.55809547211854627  0.56770178222163592  0.57762269856192405
  0.58828333287186796  0.59912282956729457  0.60957990622852720  0.62119330940455419
  0.63317776078150112  0.64507082996355913  0.65685368293418767  0.66884198564049280
  0.68084157161887504  0.69231023647084489  0.70261530460919142  0.71259541497919066
  0.72382783320176947  0.73460053063627628  0.74538281201208312  0.75663405635655689
  0.76728545431640505  0.77783530329830297  0.78817694537342231  0.79851208662114592
  0.80867701233626565  0.81857724307590363  0.82850414921379911  0.83949751193309641
  0.85058877608785499  0.86012398249183475  0.86886491411839850  0.87799201401434424
  0.88886156641919734  0.90048490197568398  0.91159512594128811  0.92157605069611792
  0.93130961204373908  0.94192925417047513  0.95286455041394957  0.96266096882082131
  0.97078424647313277  0.97926922566342156  0.98761961592901615  1.00000000000000000
  0.07036829761713503  0.19514689709148930  0.26569014012364978  0.32649187396124724
  0.38810777692056186  0.45456402895295633  0.50726321960429122  0.54797677499613529
  0.58232436837687374  0.61934040700884452  0.64040802108063999  0.64939431735518416
  0.65460155562421596  0.65897701359899585  0.66301146581275028  0.66691092032328525
  0.67060973774052013  0.67432971860903212  0.67809287651823968  0.68181731701711179
  0.68527522019167364  0.68855520463526798  0.69212120755832707  0.69569547433455092
  0.69933487180488096  0.70272935137148973  0.70584422106670974  0.70884030653590180
  0.71180323906094534  0.71523759581777979  0.71896120787200590  0.72280199500536479
  0.72715038579623814  0.73077565779462339  0.73327716861048009  0.73591410502995969
  0.73855840968319175  0.74156573596503483  0.74470116070469305  0.74780287041560034
  0.75126545847459203  0.75528492327137431  0.75948788244870058  0.76348382580746921
  0.76703171353286936  0.77010558450384459  0.77293340759661822  0.77578082712852126
  0.77864512675682485  0.78157329298201017  0.78442351221591222  0.78767497074662141
  0.79102282920510492  0.79433880409218260  0.79774917710581272  0.80084185330764923
  0.80397725459346869  0.80748119434237497  0.81118793332542716  0.81506853204602714
  0.81898423161197864  0.82282155529912149  0.82656979109920914  0.83029141150287344
  0.83384499012159907  0.83716100154826789  0.84036370237787539  0.84348342332003090
  0.84632524181983826  0.84917889633018129  0.85263096893259260  0.85660999496671975
  0.86077982269239650  0.86489927048819204  0.86897706399160846  0.87297488606731499
  0.87695164289522487  0.88095904562031735  0.88508536754677780  0.88915625135335696
  0.89346443795581276  0.89808596875265445  0.90274289544494368  0.90763106613920930
  0.91296105484197954  0.91840421189944532  0.92361414557712096  0.92864884986680607
  0.93398495225778966  0.93953267042980915  0.94567854648997318  0.95322795200537991
  0.96196105400508769  0.97084539033354722  0.98162069991953393  1.00000000000000000
 -0.03332509532435899  0.14825440889674685  0.20980883138393935  0.23660856469928168
  0.25974668323161831  0.28024501239919675  0.29855944263192213  0.31555713624533854
  0.33079399042731766  0.34435772675177495  0.35681736386497792  0.36834619367899513
  0.37929527530050122  0.39007688447337852  0.40066178090214510  0.41064066699834034
  0.41901042621445683  0.42679321928098823  0.43506241105339066  0.44337971512673036
  0.45157961313781009  0.45953016519686873  0.46741214715269386  0.47503443683094687
  0.48171006063351890  0.48768439937707392  0.49368061205167990  0.49911974095087724
  0.50409938295551104  0.50900513166193628  0.51394301739517367  0.51934093873664244
  0.52502566162268671  0.53081961396228394  0.53665087645167953  0.54253060608656878
  0.54744950521690738  0.55242562467446521  0.55837986425978026  0.56527538448208903
  0.57152236422792457  0.57640904623345313  0.58090406553590479  0.58517035267460149
  0.58933870558762080  0.59376614746547596  0.59867773890342568  0.60399619124810422
  0.60944773941142105  0.61493523112969362  0.62065426476206675  0.62670373491663545
  0.63282917105666714  0.63869304614557154  0.64418041297516881  0.64928289744809131
  0.65401162750322706  0.65957573007035075  0.66348098543804257  0.66661007250203286
  0.67002436658517062  0.67359236110745691  0.67773550319107190  0.68218444214151486
  0.68652043464194912  0.69074503243071939  0.69472576610553882  0.69859862734276990
  0.70258904121695231  0.70656340023831432  0.71062291489952856  0.71463199397102972
  0.71830802662199922  0.72201984124940566  0.72595768912106318  0.72990020771436803
  0.73401588715030963  0.73867430914854837  0.74394506186620257  0.74882974151829740
  0.75298278513779393  0.75660845507339591  0.76106189916590850  0.76576293459115341
  0.77027286835138464  0.77337158086645386  0.77663378789298709  0.78191010371983094
  0.78793553168728370  0.79410800915573110  0.80216231727938880  0.81164887246469364
  0.82265740378104857  0.84797482031531035  0.90421212511994498  1.00000000000000000
   1.3703040751473177E-010  -1.0000000000000000     
 F F F F F F F F F F F F F F F F F F F F F F F F F F F F F F F F F F F F F F F F F F F F F F F F F F F F F F F F F F F F F F F F F F F F F F F F F F F F F F F F F F F F F F F F F F F F F F F F F F F F F F F F F F F F F F F F F F F F F F F F F F F F F F F F
  <DiscreteSampler_grid>
  grouped_processes
  1 # 1 for a reference and 2 for a running grid.
  10 # Attribute 'min_bin_probing_points' of the grid.
  1 # Attribute 'grid_mode' of the grid. 1=='default',2=='initialization'
  0.0000000000000000 # Attribute 'small_contrib_threshold' of the grid.
  0.5000000000000000 # Attribute 'damping_power' of the grid.
 # binID   n_entries weight   weight_sqr   abs_weight
    13   10   4.287212434719446E-002   9.524688047581668E-003   4.287212434719446E-002
    14   10   4.287212434719442E-002   9.524688047581654E-003   4.287212434719442E-002
    16   10   5.643861372184055E-003   8.305644592523024E-005   5.643861372184055E-003
    17   10   5.643861372184068E-003   8.305644592523070E-005   5.643861372184068E-003
  </DiscreteSampler_grid>
