  0.00000009758130857  0.00000020140785571  0.00000028873416249  0.00000060792464098
  0.00000237786309652  0.00001043513152100  0.00002118273225752  0.00002781224114135
  0.00003204003567386  0.00003557597469342  0.00003760166096436  0.00003922997791161
  0.00004051580968248  0.00004156280440212  0.00004246862510937  0.00004331537583069
  0.00004407689076478  0.00004458251161496  0.00004499104688159  0.00004532823942036
  0.00004558361947384  0.00004584201484509  0.00004611153211952  0.00004636205546867
  0.00004658362325330  0.00004678412569490  0.00004696348628866  0.00004711860780910
  0.00004725022636249  0.00004736655328766  0.00004747721936501  0.00004758356967045
  0.00004768614679555  0.00004778508117914  0.00004787498149424  0.00004795592342260
  0.00004803839030215  0.00004812641563875  0.00004821501247867  0.00004830098300591
  0.00004838321445902  0.00004845207249590  0.00004851302539475  0.00004857069303931
  0.00004862722613911  0.00004868211572479  0.00004873611756662  0.00004879036487190
  0.00004884256764874  0.00004889534856575  0.00004894775910237  0.00004899893859751
  0.00004905278331484  0.00004910963737924  0.00004916728195847  0.00004922975378952
  0.00004930880200431  0.00004939355957557  0.00004947777410566  0.00004955650191936
  0.00004963229579812  0.00004970846275069  0.00004978565425278  0.00004985900145798
  0.00004993465031736  0.00005001337146181  0.00005009620598053  0.00005018392697404
  0.00005027742066733  0.00005037724368312  0.00005048198237414  0.00005059669237024
  0.00005072405510590  0.00005086406875747  0.00005100526652623  0.00005114564473568
  0.00005129211820499  0.00005145878805258  0.00005166916919411  0.00005192134077182
  0.00005219748651993  0.00005249690699880  0.00005281774880468  0.00005323420079703
  0.00005375532846610  0.00005437064552129  0.00005512026554122  0.00005614372434876
  0.00005755709535566  0.00005976040477301  0.00006369651388679  0.00007064941542303
  0.00008910822079181  0.00017456634923351  0.00061454288363625  1.00000000000000000
  0.00007103034468768  0.00007420339449668  0.00007773826104352  0.00008090212406613
  0.00008375804998822  0.00008665609158005  0.00008993677057351  0.00009200450892670
  0.00009244387585840  0.00009250378704028  0.00009253637781565  0.00009255347156793
  0.00009256207798635  0.00009256776848536  0.00009257209141050  0.00009257552597559
  0.00009257800466929  0.00009257972148221  0.00009258133241393  0.00009258263069293
  0.00009258373696108  0.00009258463473926  0.00009258542061044  0.00009258616454844
  0.00009258683428195  0.00009258746368083  0.00009258808461441  0.00009258866942097
  0.00009258925422754  0.00009258985682276  0.00009259047359935  0.00009259109735392
  0.00009259181958116  0.00009259254180841  0.00009259340649012  0.00009259434988057
  0.00009259560607791  0.00009259701106282  0.00009259853393408  0.00009260031633077
  0.00009260328052224  0.00009260687900732  0.00009261181214920  0.00009261818280593
  0.00009262654414519  0.00009264417881397  0.00009268252986225  0.00009274613083138
  0.00009313844800333  0.00009530620171454  0.00009973477672763  0.00010479154790715
  0.00011059376623226  0.00011923155963006  0.00012992663624627  0.00014216142773865
  0.00015889772150932  0.00017990187505500  0.00020368762195014  0.00022885719547340
  0.00025379629278662  0.00028003782058009  0.00031109448943607  0.00034818386192055
  0.00038566282193560  0.00042304689150140  0.00046590753274766  0.00052099973637687
  0.00057939244313607  0.00064021273987579  0.00071648497378097  0.00081638959638339
  0.00092984722635778  0.00103431755142020  0.00113352248997556  0.00124055102887023
  0.00135572041671511  0.00148327317712013  0.00162517276370609  0.00178157871962375
  0.00195740593785062  0.00216121672860979  0.00239688205415732  0.00267693936806684
  0.00297789701936272  0.00334334221899169  0.00375428413273982  0.00426733510503254
  0.00508171868511990  0.00582891013956005  0.00652533438032157  0.00728090427494434
  0.00830794121221295  0.01557843453804131  0.12784178156274839  1.00000000000000000
 -0.00000003698558985  0.00000473284559180  0.00000692257878270  0.00000923995035760
  0.00001197651320141  0.00001528558135899  0.00001821254152599  0.00002054985630360
  0.00002306010392318  0.00002539111013655  0.00002764471149952  0.00002965857735389
  0.00003162368295136  0.00003387429795138  0.00003601882324282  0.00003815200444170
  0.00004030163121032  0.00004232953027392  0.00004431594680916  0.00004609976691081
  0.00004803332007997  0.00005018750656185  0.00005260084991005  0.00005525042919819
  0.00005806497656055  0.00006099398715704  0.00006407375779584  0.00006738852925389
  0.00007097372928552  0.00007479556790478  0.00007906465101326  0.00008370046059878
  0.00008757470795040  0.00009052881675566  0.00009338462476649  0.00009635971785656
  0.00009866691102450  0.00010096204891705  0.00010351809619122  0.00010651256734880
  0.00011007544340550  0.00011415826903913  0.00011789783059684  0.00012186109764749
  0.00012573420107761  0.00012941139306850  0.00013375110071502  0.00013900793990887
  0.00014589254897316  0.00015315433856130  0.00016036985190314  0.00016761966702533
  0.00017589454299220  0.00018539285505028  0.00019605871658194  0.00020776518602717
  0.00021984882020525  0.00023135801984557  0.00024321338589019  0.00025681374222189
  0.00027143289411732  0.00028685051671830  0.00030410227707225  0.00032223953946755
  0.00034017040108813  0.00035746111203729  0.00037384268571934  0.00038922658016042
  0.00040439877926353  0.00041974918372466  0.00043550643117357  0.00045160146795518
  0.00046816238964155  0.00048808591679121  0.00051435834490842  0.00054800096448355
  0.00058915159509343  0.00062752050946209  0.00066547024291407  0.00070830383324011
  0.00075790984986772  0.00081376509888050  0.00087479201658901  0.00093834954750712
  0.00101175274470329  0.00108776591307479  0.00116364346462954  0.00124112536550449
  0.00132029201849196  0.00141175269429702  0.00151351397462274  0.00164046932784841
  0.00190937817195126  0.07989882725997999  0.22883740014864676  1.00000000000000000
 -0.00230646614091586  0.00758888189603375  0.01818952936901699  0.02877198964316232
  0.03953108045881315  0.05031055015612628  0.06000165753677784  0.06808551071047508
  0.07567411368359439  0.08382572408550644  0.09269004847164006  0.10156264754257205
  0.11017161750116886  0.11791652761346400  0.12656659710163509  0.13705033049791768
  0.14816074713700900  0.15991230732286391  0.17213138002373271  0.18358860742679817
  0.19512941804741349  0.20891283570069191  0.22403356985063114  0.23861613904582096
  0.25327852258506345  0.26779215174890536  0.28213883729262357  0.29598670095781643
  0.31016589723139176  0.32244913340963882  0.33756131487384056  0.35196568723343691
  0.36778991717420789  0.38126131450436318  0.39383809920577934  0.40609486015866253
  0.41831865693031733  0.43107298055030008  0.44356583215944390  0.45741077906424499
  0.47055699837199011  0.48213402199692756  0.49331811706672707  0.50373770148702568
  0.51512953484700241  0.52863895037003261  0.54225905071615421  0.55535953503996149
  0.56895591001284918  0.58282372678773908  0.59637248472141680  0.60925840533180664
  0.62145703145594133  0.63275774165200305  0.64309879966188244  0.65201541335859792
  0.66010818533967830  0.67006516702653440  0.68160537136442201  0.69400927006591606
  0.70608952707966999  0.71783444037574551  0.72952198318107175  0.74173341312764063
  0.75311099962531436  0.76118576314548581  0.76771223780749032  0.77462004614979263
  0.78173612432980000  0.79139381502853401  0.80146612648975546  0.81074064631760323
  0.81880646579019245  0.82616522157939665  0.83412433113072337  0.84226288150123607
  0.85011451478686484  0.85722425743730046  0.86451148956257362  0.87091585278099248
  0.87959580546789695  0.88846790785338936  0.89770436582350566  0.90592933563047051
  0.91226691356736267  0.91837501546337996  0.92528872273393792  0.93131101032377350
  0.93765298116738038  0.94409930349471982  0.95273788173224783  0.96187751046251502
  0.97134545940388228  0.98096080830160493  0.99056203314197588  1.00000000000000000
 -0.00122750454659743  0.00614907539068342  0.01529050535410050  0.02571996343958668
  0.03729281515527172  0.04897428973471731  0.06008628509557863  0.07089212822319278
  0.08056547416189631  0.08909742239661118  0.09807866395240818  0.10690848870214387
  0.11582517810334139  0.12657256356208463  0.13793525847991772  0.14865730533234373
  0.15901968797474603  0.16998010872419445  0.18223973669329849  0.19550915687585205
  0.20815128360756341  0.21934321469999643  0.23151217068699043  0.24293070011988185
  0.25537355587601207  0.26868294980577445  0.28205658281054008  0.29533724998620625
  0.30867916244837484  0.32196920293605402  0.33455686595986750  0.34606156322435977
  0.35808659444947188  0.36885744811075410  0.37968441450179374  0.39017268885464301
  0.40232118190330113  0.41358399809567076  0.42199996281431229  0.42934053857959675
  0.43726763659356882  0.44426995388308610  0.45220163476649905  0.45992085734400440
  0.46779557431110219  0.47426495231071769  0.48058285112074822  0.48944607540136925
  0.49944784995088332  0.50987127275211341  0.52096829355399732  0.53146243580925856
  0.54169186578718131  0.55174759275213481  0.56134491340773107  0.57157161834665327
  0.58242459489119291  0.59289866387271783  0.60305085506391543  0.61318976804682701
  0.62356093457664941  0.63370890411407643  0.64309488087569822  0.65279481085796465
  0.66328722611474733  0.67434704886293828  0.68600705598518852  0.69877502039028505
  0.71241419952070961  0.72474623259548354  0.73662372067491344  0.74781908768283201
  0.75628287923394188  0.76463906801895454  0.77385846241843581  0.78232764985962699
  0.79086911081570366  0.79995523007762692  0.80976130047106598  0.81963256334910750
  0.82833816930283510  0.83664192103754853  0.84546053485508721  0.85451995894796484
  0.86442957517254471  0.87605098343605703  0.88874418246455056  0.90137792278246631
  0.91387647321398435  0.92643233933647495  0.93904600257592719  0.95170113678144097
  0.96436024295317080  0.97693379601924135  0.98909800826573857  1.00000000000000000
 -0.00181639168424423  0.00714279798776442  0.01590130358165869  0.02417753824752421
  0.03273196333501233  0.04081273277105944  0.04733788667571374  0.05417505832657959
  0.06186375396740925  0.07118930104944901  0.08046461155202710  0.08856901865569629
  0.09618239144846077  0.10405097023020417  0.11355827901999112  0.12521922538145117
  0.13775984361475827  0.14985270424609470  0.16036182509347974  0.16936281076421750
  0.17825229930289468  0.18738212498390933  0.19653966564976308  0.20638565212631663
  0.21663296565498025  0.22599439443006025  0.23468216845336012  0.24400462126044023
  0.25471335804067496  0.26571013003360633  0.27485859545010760  0.28312697326199704
  0.29079776281564224  0.29719952747640416  0.30482378841960833  0.31385724061791670
  0.32318868233902148  0.33304429979904515  0.34391839910903005  0.35604257289896329
  0.36812450407158315  0.37946083294740818  0.39071200617552038  0.40209564885883786
  0.41407026747763820  0.42631841414131888  0.43808004829179015  0.44892086525969305
  0.45905672210801413  0.46886526967725439  0.47825896875608942  0.48780674162604648
  0.49839399888699809  0.50913710249997979  0.51935455548811627  0.53055342841098874
  0.54324457941057203  0.55569128318137351  0.56614825299008975  0.57487836548902360
  0.58171340450261988  0.58733830131371900  0.59535728111048491  0.60540686526906307
  0.61591692760943384  0.62506808401898850  0.63368350029043297  0.64163425781779793
  0.64880234778092261  0.65833706769743838  0.66856738213424038  0.68223255196489241
  0.69717851281935239  0.71070835434687529  0.72463271386465034  0.73863815886158712
  0.75203923456310684  0.76457790176378926  0.77674721569956273  0.78903296283398217
  0.80079456408953531  0.81247133168935548  0.82497772133903202  0.83867954073683704
  0.85224569459794131  0.86519666428857844  0.87806138112112064  0.89117403918966653
  0.90461348354143900  0.91830534522242813  0.93203099027906899  0.94570076028541705
  0.95847936076124118  0.97144190561022414  0.98370112182915792  1.00000000000000000
 -0.00186474151437061  0.00817676845879280  0.01799449720448423  0.02702909053591421
  0.03885995943986440  0.05135193201179417  0.06378190526753094  0.07598422063873188
  0.08706650690141099  0.09761874527952859  0.10920477629161948  0.12186431298960676
  0.13459418915721025  0.14702911421738712  0.15949743741283373  0.17218864885982624
  0.18474150330801486  0.19647393388096610  0.20736372808279188  0.21856273226798653
  0.22939200696368084  0.24011904400318174  0.25183450509292560  0.26379106946148001
  0.27385451512704556  0.28283257990951638  0.29273368747822759  0.30301644805119554
  0.31389451607248359  0.32419046224987869  0.33493005791231800  0.34730203671560356
  0.36018530660593751  0.37124439052584368  0.38240725710709905  0.39325518789178593
  0.40304580153856956  0.41169583765122769  0.42013177781728112  0.42930237188377601
  0.43833119673116294  0.44697171132101526  0.45616509458297716  0.46551200128726511
  0.47537561164710879  0.48680444550073920  0.49976315544656619  0.51319349653306223
  0.52636749308866859  0.53861274197917952  0.54940911370191037  0.55966885404295474
  0.57000626521059539  0.58026306627007285  0.59065109397022864  0.60120816747181749
  0.61135187004133928  0.62208384403482320  0.63367174270918869  0.64456128583237282
  0.65477902396941601  0.66490722318672191  0.67429550856401799  0.68384274022700675
  0.69378545377246614  0.70391534501870423  0.71461952547216534  0.72619004715938862
  0.73787357409655829  0.74925642261874570  0.75969655749736420  0.76901850109677683
  0.77760632401204355  0.78574039934059836  0.79408409433410565  0.80286999282448002
  0.81195877873179001  0.82195411333937096  0.83373922580652771  0.84690969952883277
  0.86040081577573457  0.87273453125499589  0.88228688166381453  0.88983514912080697
  0.89661340817307511  0.90362640398068050  0.91162154025941067  0.92028353334557333
  0.92858274885794123  0.93734065324135796  0.94735332598038569  0.95782281861788776
  0.96798332824405187  0.97895049248625277  0.98917488391344943  1.00000000000000000
 -0.00345999019776465  0.01086881158132502  0.02404854757972965  0.03657187085097077
  0.04880546186977855  0.06109927719897044  0.07341948230858725  0.08555595803839089
  0.09750301012934409  0.10897668348222346  0.11899062320429274  0.12675509949931676
  0.13354813765178808  0.14142450469736789  0.15076152881202490  0.15993598807010131
  0.16820132153801881  0.17509863498688313  0.18201806898064429  0.18990125688192841
  0.19999732123435837  0.21082426337926316  0.22132217807746593  0.23162832204600714
  0.24248273773756093  0.25423612123412664  0.26673591496409604  0.27958338892075607
  0.29275681033746198  0.30174971774468534  0.31204665063747211  0.32147391732662600
  0.32964781711330177  0.33848327153432800  0.34935016470179953  0.36099660280859874
  0.37168447567312385  0.38157154600453402  0.39177528221416191  0.40347758897691183
  0.41612258410264352  0.42885846097388192  0.44243630685805047  0.45200992353998642
  0.45996729975273853  0.46740280018343222  0.47424473277991880  0.48117348768963680
  0.48843193663749945  0.49568961107208032  0.50518327655181527  0.51372744668877401
  0.52378493255320158  0.53399118807477408  0.54485776701339361  0.55697303595004211
  0.56988504262991924  0.58187379484956026  0.59335111261863571  0.60418498316195057
  0.61410124810045574  0.62408619770612395  0.63495474043514066  0.64354567140104713
  0.65386741487416244  0.66332145207080440  0.67173047361808347  0.68082589882009203
  0.68997388249246994  0.69934624658083655  0.71020155735594714  0.72233155439587227
  0.73455994390760204  0.74614541730174611  0.75748482268689543  0.76855853317157941
  0.77897535883327196  0.78986711334916448  0.80109927907061818  0.81241693725339337
  0.82518901031029002  0.83671656022936669  0.84867730960121757  0.86068336830707659
  0.87224023050110744  0.88323721123547716  0.89360407394641672  0.90401808749454904
  0.91476733688884271  0.92614456306097825  0.93844673959901515  0.95143238533008800
  0.96456104452144520  0.97721196416401590  0.98873145846606836  1.00000000000000000
  0.00269651565554582  0.22648258850807390  0.29198138090875014  0.34194135933702746
  0.38839325764425181  0.42892814862044099  0.46978104832755019  0.50855837483371513
  0.54264068003706656  0.58748159792942167  0.62745951745036499  0.64062736644167817
  0.64822467874666789  0.65409373398785620  0.65941028434789295  0.66480578746231089
  0.67026654436435817  0.67567997076934516  0.68079507031680941  0.68547761739779389
  0.68989449675616632  0.69414283630381046  0.69816958855630495  0.70215812490126817
  0.70595793616856473  0.70950860503830515  0.71233518691288500  0.71565877120863230
  0.71933739330384427  0.72288948711807322  0.72593757916956914  0.72900452610499300
  0.73244214940622343  0.73612810567139986  0.73897450459367542  0.74142722623580593
  0.74406442357634961  0.74665060694541230  0.74879452438394589  0.75116430062269102
  0.75417215634667756  0.75722920462244681  0.76024034239753979  0.76319994923463308
  0.76613977093876029  0.76905229855662838  0.77201834848711415  0.77516557965504984
  0.77768363163720899  0.78011251843100915  0.78260937995125979  0.78563051186400223
  0.78865878682605817  0.79166485849995105  0.79493208730629084  0.79852500378911373
  0.80234550209444799  0.80616915920188170  0.80969449849556385  0.81316782732161219
  0.81666119816158145  0.82037163861794304  0.82418010696641963  0.82796847956284259
  0.83159837196142572  0.83517630383528318  0.83881895490729541  0.84242355473175101
  0.84604066362046648  0.84976974987291365  0.85351589881492995  0.85739622235535884
  0.86155205936455204  0.86575905066258529  0.86995791954719304  0.87409545066069361
  0.87824803494641868  0.88267197443404521  0.88726712682603304  0.89181508940931631
  0.89588301899587108  0.89991113534945555  0.90452959714819814  0.90929350192353087
  0.91417741760149662  0.91948270212606942  0.92489710840247785  0.93046784365653368
  0.93662727824921954  0.94234827439197810  0.94780714352988871  0.95383512144754934
  0.96057041196159054  0.96891584060386493  0.98243826506519705  1.00000000000000000
 -0.02782064209468608  0.13655178084764708  0.19751882625986983  0.22580040154544970
  0.24869970889889945  0.26861742291053020  0.28589588133412525  0.30083406625640768
  0.31478693621584453  0.32842943587305085  0.34064560744462136  0.35142811913986566
  0.36147348772156229  0.37154492273046008  0.38180923216489787  0.39167038651070712
  0.40049579379799949  0.40894463811362491  0.41755719887828457  0.42553425244804960
  0.43335652863606350  0.44083307721085740  0.44823451633162825  0.45604857622236677
  0.46344619911009555  0.47110943385209675  0.47877066931852247  0.48565716201970482
  0.49198708128598589  0.49878267830663797  0.50612600607272507  0.51358907929064623
  0.52069291886910574  0.52759287178910685  0.53437472249860585  0.54103653902007365
  0.54757371006011357  0.55421407405744094  0.56098111819737728  0.56764610704266349
  0.57430646807476615  0.58066394949987254  0.58644973812586976  0.59191454576866553
  0.59686100829658595  0.60142234883966861  0.60620329766790670  0.61114761049098110
  0.61652672028994682  0.62199989329307948  0.62701408154119476  0.63169092551373962
  0.63618822356813642  0.64049932684976407  0.64492688770972095  0.65013221932869569
  0.65555565498911617  0.66092071815890996  0.66561104400620719  0.66930418110181011
  0.67300792416830912  0.67684855659479237  0.68070497952495967  0.68432861440634363
  0.68749975005778730  0.69032761000687626  0.69278416825680333  0.69515534292248427
  0.69809150575366685  0.70159411663910842  0.70541498120477197  0.70910679607859839
  0.71259108605510735  0.71602882363258591  0.71959641316450385  0.72298738822595321
  0.72608214682925365  0.72912730848496610  0.73378026596411361  0.73977485791066055
  0.74535998917574864  0.75008057362971325  0.75434993240621895  0.75847685997929182
  0.76224994587535666  0.76622904589511032  0.77060281897769189  0.77506449331517213
  0.77973771495323518  0.78520006637883200  0.79189061421781215  0.80059099658858979
  0.81541545557456252  0.85041459841879496  0.90888000750997511  1.00000000000000000
   2.7432618053043868E-010  -1.0000000000000000     
 F F F F F F F F F F F F F F F F F F F F F F F F F F F F F F F F F F F F F F F F F F F F F F F F F F F F F F F F F F F F F F F F F F F F F F F F F F F F F F F F F F F F F F F F F F F F F F F F F F F F F F F F F F F F F F F F F F F F F F F F F F F F F F F F
  <DiscreteSampler_grid>
  grouped_processes
  1 # 1 for a reference and 2 for a running grid.
  10 # Attribute 'min_bin_probing_points' of the grid.
  1 # Attribute 'grid_mode' of the grid. 1=='default',2=='initialization'
  0.0000000000000000 # Attribute 'small_contrib_threshold' of the grid.
  0.5000000000000000 # Attribute 'damping_power' of the grid.
 # binID   n_entries weight   weight_sqr   abs_weight
    13   10   6.947476458653470E-002   2.208411710439568E-002   6.947476458653470E-002
    14   10   6.947476458653547E-002   2.208411710439594E-002   6.947476458653547E-002
    16   10   1.130306027839353E-001   1.102622050513115E-001   1.130306027839353E-001
    17   10   1.130306027839356E-001   1.102622050513117E-001   1.130306027839356E-001
  </DiscreteSampler_grid>
