  0.03037230936710865  0.03745706361006820  0.04852639790108450  0.06105999122246170
  0.07158421087594070  0.08156985636450004  0.09103147625425027  0.10020730759968212
  0.10946753756354682  0.11888768672615110  0.12902289870604777  0.14036360028866979
  0.15118913667789119  0.16193460326475231  0.17200671914218524  0.18193951969565050
  0.19141768352228652  0.20072919414818172  0.21028052095304467  0.21969179438990663
  0.22875929161750033  0.23870003086725033  0.24844181004065805  0.26019952685666686
  0.27214445411295768  0.28302999763551584  0.29297211351863794  0.30181950172322020
  0.31092068617624008  0.32044757439445876  0.32949377721196288  0.33874808002014511
  0.34822774368772202  0.35799544184916787  0.36871704941341121  0.37931412917609125
  0.38948839771123528  0.39929213720273049  0.40843898045961585  0.41772827637606530
  0.42719385206293947  0.43662624734435174  0.44637256845050410  0.45628045465420963
  0.46677474505984345  0.47761056384548944  0.48840927208644325  0.49912127658429595
  0.50983948597978745  0.51991034211512888  0.52884301369425302  0.53750840650193366
  0.54646560591590898  0.55550990186326210  0.56447823433042454  0.57289579029890914
  0.58130481069004103  0.59027799143679649  0.59970646657567850  0.60945044562082618
  0.61971922038775507  0.63051499717339254  0.64146618853703685  0.65197157599495070
  0.66205182483714298  0.67221622568756301  0.68250334966451809  0.69276031767563317
  0.70281459186899653  0.71235670306286614  0.72152213698896117  0.73089211890705452
  0.74087669683392143  0.75081171582477424  0.76083723391520997  0.77173198581516655
  0.78427182260148920  0.79619803840603642  0.80698503808664401  0.81806155203838959
  0.82911779868011526  0.83947876714608338  0.84899618239221120  0.85878847451882334
  0.86943904818905882  0.87985695784486839  0.88984165008969163  0.89969504614483620
  0.90979365674015356  0.91975880363858220  0.92994971100709511  0.94101218402373632
  0.95347460332125922  0.96383667535103446  0.96926622729902046  1.00000000000000000
  0.00000007097861334  0.00000135517861369  0.00000408765972345  0.00000803000307274
  0.00001264662500008  0.00001748391280487  0.00002208117579051  0.00002627627963212
  0.00002978866121387  0.00003275854272806  0.00003470350444940  0.00003607158909208
  0.00003734741474776  0.00003851599964580  0.00003957830605808  0.00004055994826434
  0.00004137769179931  0.00004210227742968  0.00004276459438988  0.00004337249661882
  0.00004392085269786  0.00004440610362471  0.00004485786641218  0.00004525254901113
  0.00004561724614076  0.00004594678334543  0.00004624279028528  0.00004652601918888
  0.00004675410818930  0.00004697351020009  0.00004718621487778  0.00004737435714725
  0.00004753951042547  0.00004769267546966  0.00004783926898324  0.00004798215043647
  0.00004812217249986  0.00004823825505001  0.00004835079516959  0.00004846059931007
  0.00004856874241019  0.00004867469235472  0.00004877798106661  0.00004887964183893
  0.00004898075451338  0.00004908166810075  0.00004918221415783  0.00004928266762346
  0.00004938434388161  0.00004948625194291  0.00004958990187445  0.00004969385535973
  0.00004980601818715  0.00004992192799665  0.00005005861884240  0.00005019722228023
  0.00005033953616998  0.00005048705101799  0.00005063804582047  0.00005080433376063
  0.00005098581365288  0.00005119207648859  0.00005140808711152  0.00005163374573982
  0.00005187260274928  0.00005218369848750  0.00005250097456289  0.00005285304805149
  0.00005325702591240  0.00005369187959295  0.00005420688478042  0.00005476461237732
  0.00005539679951691  0.00005609641226461  0.00005686400951276  0.00005771233688789
  0.00005864642374158  0.00005966500068939  0.00006120422811216  0.00006297404037912
  0.00006494332692412  0.00006715998889585  0.00006966122886871  0.00007305938125431
  0.00007959555615486  0.00008847755498984  0.00010237939580681  0.00012332869214133
  0.00015583302907678  0.00021001911448217  0.00031295186687769  0.00053574905525854
  0.00127883983602174  0.00426882127368478  0.17676225537012913  1.00000000000000000
 -0.00238010747612406  0.00923003205100886  0.01894491629033114  0.03049171003764514
  0.04105072480661825  0.05222008411265209  0.06312079528950043  0.07547633674768547
  0.08695123611215477  0.09719834750863741  0.10686490230469173  0.11612871053351100
  0.12545812847010773  0.13479336701931952  0.14450758992231610  0.15499911315037226
  0.16582746221839395  0.17703350718120220  0.18881366700135374  0.20116967775027958
  0.21309585263120090  0.22482060293371697  0.23640559638509367  0.24830964065125957
  0.26043071971713916  0.27264013489281896  0.28454702479291832  0.29547526160731552
  0.30549035706858330  0.31477955125954565  0.32354521626686833  0.33252293651522324
  0.34188962645517040  0.35179783205185289  0.36199711706153886  0.37208128704891763
  0.38373767089217714  0.39530194951549102  0.40632340310319004  0.41683881524065747
  0.42752250423046984  0.43790754375642893  0.44775138837295908  0.45757216106588861
  0.46636085799910482  0.47501866464971521  0.48391624681009004  0.49330388140935943
  0.50287506825689154  0.51191008715909836  0.52097337484376516  0.53090210343173894
  0.54215056302290310  0.55440482313239026  0.56699515779809895  0.57919984861289209
  0.59069013039123319  0.60164605078186306  0.61194616298129989  0.62152840011882871
  0.63081342163316445  0.63984888488044822  0.64890763683444730  0.65797333804607538
  0.66684139802976627  0.67630650650667823  0.68609744497292313  0.69665373961790922
  0.70790520137360613  0.72013948301833786  0.73242179051122835  0.74376321085388797
  0.75432333413899633  0.76475183765146626  0.77536220862174421  0.78593991630520676
  0.79641429115944085  0.80670765423007662  0.81689139180723824  0.82711223340139639
  0.83793858560959955  0.84910705408119924  0.85973784176727397  0.86997524018653050
  0.88027974468011005  0.89098253751500489  0.90126892884256049  0.91097060404075525
  0.92075463136794922  0.93109492738851374  0.94202007145003996  0.95297627885643954
  0.96412325505018437  0.97567849127091821  0.98756235214113341  1.00000000000000000
 -0.00266313671942852  0.01020937534874618  0.02040815282836048  0.03135907595533746
  0.04244309452320246  0.05407429712612682  0.06533452037865950  0.07548539395910239
  0.08575586342231947  0.09573080502315374  0.10524122202049528  0.11518909557218192
  0.12511526274994192  0.13673055407839216  0.14837679081062599  0.15980774379321883
  0.17157626600497480  0.18333121468494518  0.19486464753998925  0.20630011145375007
  0.21780545252211869  0.22933467377042749  0.24061983031378639  0.25151061458973811
  0.26224985212966201  0.27313890298284110  0.28438931814053259  0.29580893137468978
  0.30722935163525134  0.31861997738357944  0.32950600255553453  0.34040988501157049
  0.35076075421505909  0.36140823088338381  0.37197660707138880  0.38197144273391803
  0.39133467510590170  0.40087520259918813  0.41032573734925548  0.41947170253734301
  0.42819592256245292  0.43710444403382404  0.44679787024456696  0.45677399297551019
  0.46666223948651570  0.47645948801082144  0.48652681402866926  0.49622262641201625
  0.50594692625096505  0.51625008345808332  0.52699427803048737  0.53793872670385423
  0.54829928405538098  0.55876831015149575  0.56896823738903635  0.57913401146879695
  0.58923586332847200  0.59887590872788898  0.60908116729485584  0.61976329725736545
  0.62996196935775994  0.63968871679380701  0.64951175557043161  0.65976980856859668
  0.67019120644573804  0.68087757111543490  0.69224982971215077  0.70519456770280486
  0.71591322654839495  0.72566575335407013  0.73519353806522036  0.74444673854439480
  0.75401461202288811  0.76351485269280528  0.77285936559585888  0.78237374867523213
  0.79193247471507910  0.80184480243343526  0.81168159922144689  0.82170055352741256
  0.83231326313718323  0.84341868445055579  0.85458496317626542  0.86579171070726291
  0.87756991960227237  0.88980010695817979  0.90238649331511156  0.91459281280300975
  0.92607043123395250  0.93710807286468678  0.94723958564363819  0.95748303157780890
  0.96788764403927585  0.97867912697097448  0.98949612830262468  1.00000000000000000
 -0.00313339049605283  0.01000548030650360  0.02129088067319891  0.03206780765224414
  0.04279781287992607  0.05375101966884182  0.06511789360798693  0.07643776793610520
  0.08712306094008457  0.09748479766369811  0.10730535422583816  0.11644318778711102
  0.12583666019018064  0.13537862670888906  0.14498671779129396  0.15433730425582481
  0.16380970185294610  0.17467396498920040  0.18598760414630089  0.19685723036012157
  0.20783039185283217  0.21921157061801416  0.23080177447306924  0.24178296359088808
  0.25275577494337009  0.26374864497433409  0.27498851485086750  0.28710982155001363
  0.30058856522277760  0.31518724554177419  0.33065639300827837  0.34384720902565430
  0.35703604404236722  0.37050285934933302  0.38440390076364117  0.39797520446389628
  0.41161181561399052  0.42410861826956142  0.43590231691330689  0.44768906572895067
  0.45893756674801706  0.46963178485163526  0.48036946963898430  0.49179723309626444
  0.50316528286803075  0.51404919736174004  0.52487997805330855  0.53599267016703456
  0.54700279707186394  0.55769043132724072  0.56848442822947776  0.57929224515856137
  0.59010361091838470  0.60045463086335837  0.61120856788603983  0.62309585414434532
  0.63586144922861687  0.64905270434800733  0.66132761496540460  0.67293207845916969
  0.68383905789986066  0.69472257065082266  0.70526167354251446  0.71596844508365298
  0.72638226412330420  0.73650640388646993  0.74661452144188534  0.75603352071666940
  0.76525425299946259  0.77425810227766856  0.78340899465855340  0.79270139086162295
  0.80234795182448515  0.81237700461868212  0.82209763076101794  0.83085453794261876
  0.83948375496299277  0.84833358544184778  0.85765299492683711  0.86701149076979678
  0.87599025199818126  0.88472502229559402  0.89334832652791740  0.90117251242018803
  0.90886729753874085  0.91709228056979664  0.92522542897261040  0.93314922284313984
  0.94098463568945578  0.94874125778477814  0.95661421778564115  0.96468268431209481
  0.97310199465830949  0.98141936776729322  0.99039249371246274  1.00000000000000000
 -0.00346475509168481  0.01223561100584292  0.02444042445196856  0.03603689834564672
  0.04634893963990251  0.05612302052860891  0.06583381888960345  0.07524047835029492
  0.08479122408039509  0.09438211374852297  0.10469672433668635  0.11606232270883576
  0.12738381153521908  0.13826091920720818  0.14912221494880934  0.16034554406102167
  0.17180127089987479  0.18326433218948623  0.19509622692414447  0.20635987760040750
  0.21655284327266808  0.22620921826960591  0.23672486093985620  0.24759378298708751
  0.25817628813264520  0.26865213719651504  0.28100652026048967  0.29349438596786021
  0.30536634547974201  0.31718753664569954  0.32950786045054958  0.34169141831688477
  0.35353399163731247  0.36535626996698328  0.37733320551995403  0.38948063207665456
  0.40118471672248929  0.41268091571178556  0.42418914317282830  0.43525146110338148
  0.44541648356961250  0.45547499223196319  0.46609564999951464  0.47703090368042861
  0.48746393823465506  0.49759400364818623  0.50773036206392275  0.51783284254105122
  0.52813085256754588  0.53848583797410676  0.54910515385081748  0.55965569618735456
  0.56959913832968734  0.57911629236425177  0.58917528761015470  0.59923353730192286
  0.60901535853253141  0.61837506344793836  0.62863692636713242  0.63925607546482310
  0.64922259329640220  0.65865800436998689  0.66819727628031977  0.67736486008139174
  0.68639484509624293  0.69542294802851079  0.70483844806879226  0.71502556860354405
  0.72557105156193591  0.73578625501820227  0.74585216768391027  0.75592934474922235
  0.76599655882307760  0.77611889260671729  0.78652316565718783  0.79727200547415888
  0.80779578405291430  0.81802194383411220  0.82819695106675573  0.83849101228904943
  0.84874734829547727  0.85849071311496761  0.86817601116904530  0.87860685782912218
  0.88967806626582269  0.90055265590652478  0.91108263418950608  0.92158663041146882
  0.93191607913544072  0.94176217370654247  0.95123267278453139  0.96039413750290781
  0.96927457820785079  0.97826976384432129  0.98833619110658311  1.00000000000000000
 -0.00276207422194779  0.01120297888991079  0.02311396548460046  0.03441882277857490
  0.04561335193897054  0.05582396877366963  0.06571420776494952  0.07516089856386307
  0.08505354322367253  0.09581913704344179  0.10692543141525515  0.11786805042324797
  0.12907682008132748  0.14022667188926738  0.15057664241297342  0.16052748045091444
  0.17062761832690101  0.18121901536753271  0.19104542735478494  0.20022339736290279
  0.20883363506228653  0.21728634747968484  0.22602476623901635  0.23536822561235932
  0.24497407037815999  0.25464142402098983  0.26405593993674514  0.27399835814381246
  0.28456385047987021  0.29585414499881491  0.30763537889344500  0.31871804516057228
  0.32915342055745267  0.33897730108959995  0.34842252886568781  0.35748872809598314
  0.36608133957560590  0.37443599461723576  0.38266323196886731  0.39083860522821218
  0.39918476607134101  0.40789908116288587  0.41694956252142984  0.42635440234623445
  0.43594995789753421  0.44514911988506611  0.45396653167209572  0.46274161200037239
  0.47176635244703474  0.48133388593420123  0.49180955067367027  0.50277700628026523
  0.51330896258529024  0.52351468018953784  0.53321607529276982  0.54279888349958616
  0.55311981779191222  0.56339015803431947  0.57342369723924880  0.58295036562598312
  0.59193788340936693  0.60088833344792369  0.61052324278857772  0.62056715985713640
  0.63043845421549105  0.64000928599290619  0.64999825120698906  0.66206522953931168
  0.67402843853474381  0.68565931440939987  0.69745756934163738  0.70911558660241725
  0.72086129273412458  0.73223434166043566  0.74350442628209501  0.75501935589757474
  0.76600783939409145  0.77636363451065649  0.78646177319855481  0.79676808537869670
  0.80695256925347236  0.81712136716516737  0.82776403637938212  0.83911863246782936
  0.85120579629893656  0.86363623799508993  0.87573420061999474  0.88747534457523591
  0.89927280053891911  0.91131640583151319  0.92455894301248731  0.93906152179077884
  0.95463005086772845  0.97066537331913216  0.98565986250741555  1.00000000000000000
 -0.00279733888628095  0.01027840416917653  0.02059718191184123  0.03137405818529285
  0.04179339795469641  0.05244180921368119  0.06309387835781162  0.07340154974131353
  0.08377991875223600  0.09420537562733028  0.10456760441107055  0.11492676826461252
  0.12565775948760713  0.13695630641650766  0.14779470235223971  0.15786866259969093
  0.16841941344230402  0.17985556223781754  0.19087579602923399  0.20148311452557943
  0.21225172152583599  0.22405504707137130  0.23522593164315558  0.24530604470103989
  0.25593041710936304  0.26677878662031523  0.27747823377357533  0.28780574598751574
  0.29946665356778168  0.31187746010991252  0.32382478612480742  0.33594111626682721
  0.34809390392241080  0.35958106912224236  0.37048508508436262  0.38150132320174324
  0.39267164381833236  0.40362659169938453  0.41402713747292857  0.42426353843839065
  0.43542134446572378  0.44589068507317531  0.45706784313656068  0.46850371362250498
  0.48030115200971074  0.49138562079920878  0.50184126046796573  0.51210030281016550
  0.52287526425426178  0.53387965201450793  0.54448767556777311  0.55531587685686878
  0.56617227844312756  0.57685414689116354  0.58672889003243256  0.59647143061398766
  0.60638023080824044  0.61616234267711423  0.62595278439533064  0.63562117284603636
  0.64573409054934916  0.65657398589191773  0.66714382989348608  0.67738956012979623
  0.68761192680456018  0.69748318306799784  0.70714051096183306  0.71642536804753232
  0.72536566120692403  0.73484579131251160  0.74487509878631153  0.75602351497306453
  0.76848885469621686  0.78080551754968996  0.79296026080162263  0.80454368448019342
  0.81539926752819469  0.82513167471506943  0.83482288592480858  0.84410083673401959
  0.85333256979830974  0.86276735334077448  0.87231720982449079  0.88242648706939830
  0.89292987694910175  0.90406807986907767  0.91549125743261572  0.92668182346112049
  0.93757435795382660  0.94752475544660408  0.95656662021228811  0.96505777954737859
  0.97354697746354601  0.98213953094342832  0.99084118147473044  1.00000000000000000
  0.00590466913682808  0.28787798312981816  0.41062280534696005  0.48215501932429200
  0.52542435279555699  0.54539748644189812  0.55634912927718094  0.56419629690166329
  0.57025750239433215  0.57587734972223326  0.58125847276777698  0.58614012498643109
  0.59059701108375251  0.59496303319527755  0.59932565393099380  0.60373387046664373
  0.60817291367524007  0.61259249844971320  0.61707763213102507  0.62121720182094964
  0.62527857837845990  0.62924355534030429  0.63321011825012852  0.63716317004862677
  0.64104594132609338  0.64498009972139159  0.64906514146089267  0.65326818249415530
  0.65750623997426993  0.66177352341870987  0.66621293692806460  0.67002837191847575
  0.67378837354651022  0.67751670970425071  0.68123851627483489  0.68499954880597458
  0.68864218152504741  0.69209470233424530  0.69549612101711134  0.69892009704451119
  0.70233075074859863  0.70573963260298334  0.70917208469543569  0.71261686614258601
  0.71614896152201990  0.71967978710072456  0.72305947011271199  0.72624948538396938
  0.72952055643331126  0.73286663044735967  0.73627789488689632  0.73979010756352914
  0.74316020713381237  0.74665497509721501  0.75023241571734911  0.75422586475305176
  0.75831890302887528  0.76237453180392367  0.76637786357195614  0.77035062563147427
  0.77435670871091888  0.77838028873903375  0.78230792882205547  0.78622394289730191
  0.79007887661985976  0.79419024647341485  0.79845820459114136  0.80277100253998690
  0.80714715805747117  0.81144587419536873  0.81596389140712811  0.82065149146434080
  0.82550403100074876  0.83062522522642057  0.83600220606916653  0.84132916229757992
  0.84636258724275371  0.85126208503228007  0.85643635892190151  0.86199878865004875
  0.86780180965555309  0.87376692248601329  0.87981815045122935  0.88583108758792095
  0.89179395060741407  0.89795662130343512  0.90453945587119966  0.91146201200910504
  0.91858427229447925  0.92591012623743030  0.93362032315815346  0.94212362939083416
  0.95162149862263945  0.96247736492237113  0.97776240347385879  1.00000000000000000
 -0.02248018049763886  0.14439250667679585  0.19202034520794387  0.21946501824704306
  0.24087849614669410  0.25931306421491862  0.27517371119572420  0.28957065662548725
  0.30350862915991961  0.31661886596038885  0.32876692345313357  0.34006609824889261
  0.35070069289474831  0.36101694064182416  0.37066828103342109  0.37960815614063881
  0.38825654618533273  0.39713051634907520  0.40621525828766919  0.41508216264383635
  0.42353617513862907  0.43179599739540220  0.43979617124334630  0.44794120978844459
  0.45612180597914437  0.46412710502118493  0.47182221788885997  0.47923268260391755
  0.48644716062581056  0.49351558906496257  0.50044618237495608  0.50699428845472094
  0.51351210732124042  0.52011149919474997  0.52654533281292082  0.53279371360939121
  0.53892889369319685  0.54478137860616715  0.55061321834767396  0.55649256204870801
  0.56227726294916247  0.56790434564847314  0.57331149053770825  0.57866875491368741
  0.58411116163160992  0.58978316331049740  0.59556899299658761  0.60126525418728693
  0.60692478929819249  0.61252239349245263  0.61827930896700756  0.62414427200083911
  0.62996208600716830  0.63561949545939000  0.64123654939845454  0.64684204490832942
  0.65243349182229449  0.65789360936234087  0.66300694240242297  0.66821301153460833
  0.67366809213547052  0.67918876230158720  0.68471548048823272  0.69031670045542159
  0.69593838100514027  0.70143459039045331  0.70695209846019591  0.71277931364613523
  0.71845953021910902  0.72404993276290275  0.72961041644723756  0.73522692083700747
  0.74110632885107286  0.74716646264599951  0.75351523085986560  0.76002105422816624
  0.76647708916740132  0.77259417337195413  0.77826549160369229  0.78374945256769102
  0.78926456455879690  0.79456475534280446  0.79989756456154870  0.80520289810127355
  0.81067678167145263  0.81698694871256905  0.82432653796658117  0.83237099397974401
  0.84188833479029923  0.85128666084582016  0.86101284984138504  0.87139608320360618
  0.88304349724886055  0.89844866726787165  0.92972928916508746  1.00000000000000000
   2.0578619486399925E-012  -1.0000000000000000     
 F F F F F F F F F F F F F F F F F F F F F F F F F F F F F F F F F F F F F F F F F F F F F F F F F F F F F F F F F F F F F F F F F F F F F F F F F F F F F F F F F F F F F F F F F F F F F F F F F F F F F F F F F F F F F F F F F F F F F F F F F F F F F F F F
  <DiscreteSampler_grid>
  grouped_processes
  1 # 1 for a reference and 2 for a running grid.
  10 # Attribute 'min_bin_probing_points' of the grid.
  1 # Attribute 'grid_mode' of the grid. 1=='default',2=='initialization'
  0.0000000000000000 # Attribute 'small_contrib_threshold' of the grid.
  0.5000000000000000 # Attribute 'damping_power' of the grid.
 # binID   n_entries weight   weight_sqr   abs_weight
    13   10   2.142682565753209E-001   4.145394417416318E-001   2.142682565753209E-001
    14   10   2.142682565753208E-001   4.145394417416311E-001   2.142682565753208E-001
    16   10   2.870664108182173E-001   7.474424529882966E-001   2.870664108182173E-001
    17   10   2.870664108182170E-001   7.474424529882954E-001   2.870664108182170E-001
  </DiscreteSampler_grid>
