  0.00007134808533491  0.00007278308008571  0.00007478264787847  0.00007696545681905
  0.00007933336197566  0.00008194401746214  0.00008481773662473  0.00008806132131600
  0.00009095756449835  0.00009215062592037  0.00009239707290113  0.00009249218327342
  0.00009252386172131  0.00009254114252927  0.00009255394926795  0.00009256269884042
  0.00009256870956692  0.00009257250723376  0.00009257511461308  0.00009257750944805
  0.00009257964549094  0.00009258125850642  0.00009258270165290  0.00009258382144561
  0.00009258494123833  0.00009258581503483  0.00009258666926412  0.00009258752317484
  0.00009258830270323  0.00009258908223163  0.00009258986176002  0.00009259069978498
  0.00009259155223397  0.00009259240468296  0.00009259347636846  0.00009259458882167
  0.00009259591902190  0.00009259741401557  0.00009259919928174  0.00009260161422414
  0.00009260485359531  0.00009260886053256  0.00009261425161738  0.00009262297308000
  0.00009263596361830  0.00009266279605292  0.00009271922635810  0.00009289592796081
  0.00009392254496217  0.00009702079155495  0.00010193992479462  0.00010785148739285
  0.00011545631103266  0.00012581119230358  0.00013844191268342  0.00015419017492507
  0.00017447073824870  0.00019986041725879  0.00022979516491622  0.00026488206384846
  0.00030683247810674  0.00035441419445777  0.00041002734284415  0.00047334504160782
  0.00054327153347735  0.00061861773980745  0.00069487696930927  0.00077233169782767
  0.00085555781145776  0.00094348482494526  0.00103629408604672  0.00113588543098181
  0.00123399125354554  0.00133949892569272  0.00146916953011531  0.00162209590291183
  0.00178158350110403  0.00194310655023013  0.00211342304323305  0.00231696337427280
  0.00251107919953207  0.00271695969829783  0.00294122528799737  0.00321633152369752
  0.00354931312512210  0.00392956674067500  0.00436591314393083  0.00485127633008440
  0.00540899192951249  0.00615166668853573  0.00665382760168492  0.00705127618495867
  0.00768618979002154  0.00873618189687167  0.48472022800411296  1.00000000000000000
 -0.00569203026622731  0.02469224579266095  0.04775583940031141  0.06120221982926088
  0.07368936584465342  0.08623928917105725  0.09902466948972849  0.11079621504546257
  0.12239245594512528  0.13138616795385255  0.14103404245522780  0.15091947210270121
  0.16079430909516471  0.17013226512427193  0.17954057158863757  0.18947363142596738
  0.20061066670584504  0.21274156759428028  0.22378880441280322  0.23276828197954627
  0.24240404607844984  0.25266194486405436  0.26295344478044125  0.27329452330982690
  0.28304476681804924  0.29272273937290577  0.30320230170997797  0.31475312833124219
  0.32644749572905418  0.33833203262568551  0.34968064222356371  0.36075278703899394
  0.36960191928067004  0.37964014301825344  0.38965228292589676  0.40023827163481673
  0.41215450841405599  0.42549733416866908  0.43816582068336363  0.44981351668060854
  0.46097776780597993  0.47214948737777929  0.48341927083229497  0.49461439004738489
  0.50574854109100020  0.51664920441719597  0.52663077077544584  0.53511757206900623
  0.54262048795767248  0.55005807936635143  0.55938622007409122  0.57047393020605219
  0.58080056394205271  0.59208678373291246  0.60328162547159803  0.61605731015858822
  0.62803755737151601  0.63962414011865509  0.65079930194066327  0.66147210360672948
  0.67231739136204371  0.68361757065766315  0.69511678134806976  0.70651997628480834
  0.71764322184311113  0.72715262121327984  0.73698955838246083  0.74504321960439368
  0.75330380842948719  0.76193821126697281  0.77197533663783868  0.78330261619138941
  0.79283092156281953  0.80173497696271012  0.81014362828558495  0.81727619832855203
  0.82541110341851887  0.83541347819345169  0.84756500346259511  0.85765056882684021
  0.86625149838005266  0.87549612765138407  0.88524670611007539  0.89543759876989237
  0.90494779438845041  0.91339690957706865  0.92192209107507694  0.93128082563467551
  0.94003226835900267  0.94854572747339139  0.95678500660623234  0.96556970304686196
  0.97507792646258185  0.98359398919095331  0.99220858381331234  1.00000000000000000
  0.00000122479180114  0.00000245307636611  0.00000307717826953  0.00000376270162567
  0.00000461269490600  0.00000598708654278  0.00000781555787522  0.00001008830042019
  0.00001248680618120  0.00001502399077505  0.00001747331228147  0.00001986790425618
  0.00002245612474425  0.00002535890656310  0.00002827377573261  0.00003107569898079
  0.00003384494199547  0.00003644011517409  0.00003914160695077  0.00004200997439252
  0.00004455748706248  0.00004711344334836  0.00004976600859387  0.00005259451603473
  0.00005546544952343  0.00005874958159417  0.00006218989798467  0.00006583225739117
  0.00006965449791163  0.00007346494561218  0.00007653704764079  0.00007923010447869
  0.00008228684694256  0.00008574489858377  0.00008983615102830  0.00009458828510962
  0.00009988933050342  0.00010561928051199  0.00011108942377857  0.00011575235995278
  0.00012003482716739  0.00012452200988664  0.00012926239038441  0.00013439854621227
  0.00014032963674919  0.00014732250381467  0.00015603741250822  0.00016494138413224
  0.00017354554740557  0.00018229387906663  0.00019115579220083  0.00020046212977796
  0.00021017942274703  0.00022014623279000  0.00023042131468315  0.00024097198099096
  0.00025245396582878  0.00026430135124227  0.00027742251047162  0.00029268408683469
  0.00030739451398120  0.00032115269862626  0.00033352152521992  0.00035056044869774
  0.00037109441272009  0.00039173037278330  0.00041144103839769  0.00043065807682501
  0.00045552054441917  0.00048267555950595  0.00051275933023440  0.00054470481661366
  0.00057774048182888  0.00061369323914205  0.00065387704350911  0.00069771734532555
  0.00074340179239264  0.00079373264661112  0.00084301497673522  0.00089295350322982
  0.00094279332280785  0.00099114274537754  0.00103978147202304  0.00108806508653917
  0.00113709525876615  0.00119039140985102  0.00124553886033546  0.00132560224195407
  0.00144494431856837  0.00159868549299953  0.00180927612627223  0.00211951507008053
  0.00301640957984794  0.00795950185501371  0.02023940041084865  1.00000000000000000
 -0.00194118039230641  0.00772862062686897  0.01537434940376419  0.02298195313436989
  0.03104308718910592  0.03916686725508976  0.04758485346091075  0.05629882148212927
  0.06463085764609636  0.07345812827940135  0.08279018534774719  0.09070875662490800
  0.09740650779302408  0.10534593904213214  0.11477723904981783  0.12433326484718216
  0.13324883640444296  0.14252082959165255  0.15289578659996447  0.16340397077853286
  0.17340366232383633  0.18323031346338875  0.19295442153202544  0.20168010632692560
  0.20902792993999966  0.21611271000412463  0.22271261120088215  0.23008509648511211
  0.23792100364213417  0.24739159680522108  0.25708928822276650  0.26735191810912068
  0.27604236630552259  0.28404706207003683  0.29190828737196672  0.30012578007981472
  0.30860497779367940  0.31752765029954477  0.32666170388207055  0.33589243909525895
  0.34577213533170165  0.35532045646812666  0.36310361015136788  0.36973155150349818
  0.37667580416313423  0.38466140712155084  0.39243449621998922  0.40079058645060739
  0.40929145006745737  0.41710740217827552  0.42391786527263831  0.43062222008381201
  0.44135374557932822  0.45335270536801037  0.46608965115758455  0.47899300160264729
  0.49244540328019099  0.50597144736034394  0.51906045768230691  0.53181564915362434
  0.54412774544025300  0.55575866722659062  0.56696341836987418  0.57774638541413170
  0.58844056798589017  0.59928734472955758  0.61050443791087905  0.62103725730047610
  0.63155182798553267  0.64256682341391536  0.65355745016533240  0.66473351772955647
  0.67701607033961353  0.69222395512117174  0.70737015807689185  0.72267779872630455
  0.73454732068557749  0.74426626622610526  0.75353442718319297  0.76284221754263692
  0.77289059195695742  0.78488019242708706  0.79774098528270665  0.81129507598589401
  0.82536509257462654  0.83958659030612681  0.85362809162719344  0.86716080911256133
  0.87998513632223285  0.89363614715371398  0.90786265193915938  0.92283746674794254
  0.93927211427712332  0.95763109517917155  0.97791647189438935  1.00000000000000000
 -0.00270370828538829  0.00976530943554305  0.02065924240757212  0.03230311974647949
  0.04504360589223617  0.05843431908032836  0.07136031139280641  0.08386420848693477
  0.09614165112208053  0.10806262506518007  0.11950708242792912  0.13050345122537862
  0.14147779210546454  0.15306951641517294  0.16516265059355220  0.17696969485386571
  0.18737331612079255  0.19642191266776513  0.20534021519681117  0.21485196123287459
  0.22452198715678712  0.23467588505611017  0.24494218884713620  0.25594946457105738
  0.26756731018061419  0.27893338687009805  0.28862774100828786  0.29752910670835514
  0.30730620512318613  0.31674552401525519  0.32732974569286766  0.33766837513110565
  0.34603263946003870  0.35361877429516958  0.36254211371082207  0.37310983926978042
  0.38522419543073988  0.39817014745981549  0.41097840540505265  0.42325003397102129
  0.43587417514314308  0.44874972837011035  0.46209408675311064  0.47538244059676915
  0.48792499141004403  0.49894281693148451  0.50931351794477675  0.51973432973786760
  0.53071761941876505  0.54275440846902734  0.55403887483137571  0.56392176009597117
  0.57256516342940644  0.58121459483772386  0.59036691313386869  0.60084774016695430
  0.61292852808791531  0.62575547036685064  0.63777740488547929  0.64957164885599983
  0.66074855283370271  0.67115471951125039  0.68068479513009106  0.68917400310553834
  0.69675951872015862  0.70607256634946525  0.71529453584112968  0.72451800199995320
  0.73237093675859355  0.74143432163833645  0.75132289748501402  0.76217547362174864
  0.77319245614334309  0.78450044066634061  0.79652512245721185  0.80840412129096106
  0.81911292899017785  0.82743568913207166  0.83443579569513437  0.84140886049248798
  0.85025413144560202  0.86160993660257768  0.87273447171624641  0.88272722907969869
  0.89178537959265569  0.89937268198523823  0.90846419109686161  0.91853704315348317
  0.92914078973302971  0.94001881058651948  0.95085728566195382  0.96230351767407207
  0.97284177566367225  0.98209492143807842  0.99159252499995643  1.00000000000000000
 -0.00367200762302329  0.01023643873006817  0.02108265928654962  0.02881259962969433
  0.03710671789582902  0.04692013215166849  0.05683032163957639  0.06511163833817638
  0.07544575891609719  0.08703820651732627  0.09829246405737894  0.10951591592021814
  0.12119952647913904  0.13281909435273345  0.14462925718398620  0.15677725629128020
  0.17054030307402829  0.18657498026860805  0.20315258492395771  0.21864529930090235
  0.23219726341406882  0.24447011687867887  0.25721392659037151  0.27114550806190441
  0.28618364262014451  0.30082987486171137  0.31619167742387111  0.33155938181335287
  0.34672171100520077  0.36204743894115293  0.37672814378763197  0.38853960754033912
  0.39884044894979703  0.41015402900007836  0.42206894204357159  0.43333796039637623
  0.44468826402711303  0.45644717561382608  0.46945752154037701  0.48455196288415392
  0.49905842494380076  0.51164613184215701  0.52347293255784144  0.53607369399551130
  0.54964752120960958  0.56116168684275292  0.57197969023275386  0.58297926287949164
  0.59351882090201802  0.60477670110522164  0.61624903646056728  0.62789884130613816
  0.63973945784945396  0.65131831677734542  0.66124105316833404  0.66954250912473279
  0.67803190181308148  0.68666952209878840  0.69526372919389356  0.70365755849652534
  0.71302196265924023  0.72226142357358702  0.73205009097086926  0.74294527206280703
  0.75366214074600268  0.76329469640201175  0.77295644343134529  0.78349690119158666
  0.79442896466055146  0.80464725088129585  0.81621754303154403  0.82668637619519181
  0.83579666509222839  0.84444425101889109  0.85259216302049079  0.86051245445124125
  0.86919511479009126  0.87883869146400384  0.88843464259718286  0.89684635457862449
  0.90482842842740074  0.91283236560020486  0.92107296658147941  0.92933039290901709
  0.93721902443598770  0.94458526972018086  0.95118610969937201  0.95626140619883215
  0.96039856553204550  0.96611478574112009  0.97213714240029347  0.97747296362412495
  0.98243694782903512  0.98844931254152846  0.99461043688431705  1.00000000000000000
 -0.00199315994746898  0.00807778682074136  0.01822245789207449  0.02828016585191215
  0.04033849178183789  0.05325801034358974  0.06432142327342850  0.07616236115043784
  0.08788011531122508  0.09983462110660324  0.11105207573769185  0.12150351959754463
  0.13174978529717721  0.14186504222669752  0.15183293974546958  0.16132527149924333
  0.17186475163578305  0.18440494273619348  0.19494512635338851  0.20239782576862156
  0.21170337252127075  0.22192770436856371  0.23365197026640017  0.24562252241975893
  0.25706360928730076  0.26611033969092518  0.27514442871598210  0.28431091254549590
  0.29381342087727663  0.30409466236102756  0.31467288448772468  0.32469083892371065
  0.33422414285261681  0.34379266542150994  0.35338904138767741  0.36284045492597117
  0.37121495689983058  0.37892975650899985  0.38652665329588881  0.39381197704326387
  0.40244533401292992  0.41351908862776049  0.42520473707608875  0.43775245624653558
  0.45074841100684498  0.46348557651276862  0.47540844404186605  0.48468834998797172
  0.49343217034425568  0.50255444882125155  0.51167863406215375  0.52248313509302269
  0.53493681123777115  0.54714883501284350  0.55890044984057041  0.57083462164946641
  0.58291068657956613  0.59482758455085460  0.60618972758939371  0.61686297899048725
  0.62686616649966675  0.63712920133511619  0.64848609127502488  0.65920998427993405
  0.67186010181954980  0.68302839145027594  0.69443483458699340  0.70523141894488928
  0.71676529329418837  0.72594239038793473  0.73438570621022958  0.74172792000528920
  0.75074586745833094  0.76245791322585343  0.77518299063347007  0.78697737548582203
  0.79656890081495391  0.80491423037663368  0.81370745181255066  0.82247038364907898
  0.83152822933373394  0.84073897087809946  0.85018356795524741  0.85991786592485608
  0.87022080958595860  0.88147537845743096  0.89401029190728254  0.90734663101129631
  0.92016316587578195  0.93155147215352130  0.94193103047127502  0.95173501862702026
  0.96227806218612166  0.97399848436902736  0.98686826062564648  1.00000000000000000
 -0.00268192611795745  0.00934885521489201  0.02191866524420777  0.03394866947328289
  0.04522552854993813  0.05618298472691966  0.06664372304591079  0.07665040060416427
  0.08599259704392870  0.09430655755435806  0.10308366799320581  0.11174308584706623
  0.12171727092170534  0.13281328527098882  0.14402068864097753  0.15565558002403015
  0.16853290252439143  0.18162604199367233  0.19361759180755547  0.20435382772754909
  0.21488806399077931  0.22509506899773876  0.23540513155490364  0.24557092287543655
  0.25505335708361565  0.26436222740663606  0.27516408291208788  0.28631599029320759
  0.29698965175168490  0.30692577608077054  0.31662047895775963  0.32679425000085144
  0.33726243931019423  0.34779004136059327  0.35814407477860755  0.36796309749337452
  0.37774320129838423  0.38795614352810698  0.39795019236661694  0.40737892225614686
  0.41678409706890412  0.42604438021412250  0.43555754549256248  0.44614883450381743
  0.45570685339952582  0.46514112036003291  0.47475205729915804  0.48461868760348642
  0.49472155485416441  0.50444618193968993  0.51400197693638228  0.52270832832721181
  0.53102880762681448  0.54049006664954347  0.54949313495656438  0.55856026334887887
  0.56858536258532966  0.57981378256650506  0.59142128118332904  0.60250892122584787
  0.61348247589428517  0.62453715951429212  0.63562982788971589  0.64746794661407514
  0.65989082407105693  0.67181693703704315  0.68397128202677204  0.69625334187981491
  0.70699802293287162  0.71941372033944684  0.73090232821353784  0.74239316383601428
  0.75347028956574769  0.76337644173396291  0.77329872914947917  0.78396830326424993
  0.79637632696340188  0.80948565562235486  0.82110967601665197  0.83166478660185594
  0.84223343426507080  0.85141192919862030  0.85924915448833772  0.86643745562146657
  0.87449762968410605  0.88302554588845394  0.89264253768450585  0.90275980493586827
  0.91261826286684766  0.92334314175800247  0.93537796585829114  0.94798413870710307
  0.96034361382639621  0.97269196758691756  0.98609318820202096  1.00000000000000000
  0.03631550780676917  0.23845513317895534  0.45730979752040352  0.59504609838084999
  0.62970390424189060  0.64050898093776987  0.64640675965797212  0.65122443993771706
  0.65554283332287333  0.65938477036923993  0.66300736733523946  0.66633892250206206
  0.66928998628190384  0.67188855722237539  0.67466855513005308  0.67785028972895212
  0.68111506264754385  0.68426575950505786  0.68734655468229422  0.69040674502722921
  0.69340590395924318  0.69663185434095609  0.69987225567357969  0.70284141309188097
  0.70588540022532575  0.70869695887701734  0.71110781620172614  0.71362137583019536
  0.71664308094583495  0.71994429298968954  0.72339248046945837  0.72700449408178047
  0.73050819405281520  0.73406521392753799  0.73754892379378900  0.74093719791000301
  0.74427304920646720  0.74791606640104158  0.75154596381483374  0.75510423142205785
  0.75873940869933620  0.76239022268425061  0.76592467553553623  0.76941251513698938
  0.77267338203629987  0.77607261875740219  0.77948724289901805  0.78282332316017211
  0.78605669391541755  0.78916406664428040  0.79213140710082885  0.79500069544708529
  0.79791191512188153  0.80097146493621818  0.80433466832084433  0.80751261633671823
  0.81009739265309755  0.81218469253040693  0.81474095610345842  0.81753445554579518
  0.82030998497845853  0.82295644411892532  0.82557023397588958  0.82808084375065905
  0.83062755099669694  0.83356956212012734  0.83667728210194248  0.83990395984566324
  0.84338410153082199  0.84678174628961578  0.84996051066109934  0.85300021219098221
  0.85603155395807318  0.85925223929318406  0.86261306955712846  0.86664295114684387
  0.87106713698850247  0.87543170681337268  0.87975912430810765  0.88391047634044395
  0.88810846554066147  0.89225352827640814  0.89598660393156726  0.90002580481937233
  0.90451881435711312  0.90941471435874854  0.91501713173862254  0.92146679329570857
  0.92851949926892818  0.93578988694794807  0.94308814496996340  0.95045388420288190
  0.95834523414976680  0.96770745818462545  0.98057630295981069  1.00000000000000000
 -0.03070063045056647  0.14942508642256952  0.24252546397080119  0.26926475130043825
  0.29077368777529949  0.30770226045548099  0.32362679740416012  0.33983551054706590
  0.35636742197045862  0.37081375041789788  0.38439189957392966  0.39665476087922513
  0.40619075923027659  0.41467060804881667  0.42234170845489083  0.43020232162696270
  0.43805942455608066  0.44620431325078014  0.45387779340293077  0.46122374185679160
  0.46847739346951223  0.47516849450875398  0.48168784305546408  0.48868346714427374
  0.49570220210862098  0.50287166192418242  0.51041801236454287  0.51775654402423310
  0.52557213952983028  0.53376846336196349  0.54133313027652785  0.54807396388614327
  0.55448059196193034  0.56048539722927082  0.56641645064412283  0.57285111158294055
  0.57960420187157369  0.58641831893361507  0.59316684729264046  0.60001871806282159
  0.60718542891221539  0.61422081151555574  0.62076051860688952  0.62712297732539990
  0.63333105183669192  0.63925103989240739  0.64468360958706239  0.64923185534680106
  0.65277474452806372  0.65655425331531936  0.66083898027251464  0.66506131778647160
  0.66934679727926527  0.67380176044744555  0.67767120100217526  0.68169266464345035
  0.68577235960024296  0.68970550933910924  0.69403656988060813  0.69867624918215765
  0.70344546158225374  0.70781762014969685  0.71201189433929124  0.71614700950722843
  0.71999775509214714  0.72375370242628745  0.72763713723862722  0.73124226661732228
  0.73548851797083892  0.73980059835350220  0.74371918313610452  0.74824819548432930
  0.75310340416952348  0.75801114198671260  0.76305151682371009  0.76791184459251782
  0.77234725578896990  0.77705261897850386  0.78194914860372511  0.78694638511413784
  0.79206460257017919  0.79722074837477164  0.80217816331461989  0.80734483513366162
  0.81289802478044859  0.81885325652372054  0.82546334569724256  0.83294849599165155
  0.84135291315572858  0.85027056733810691  0.85962109176588075  0.86937620088278189
  0.87991251924229086  0.89234687332832263  0.91672752607469021  1.00000000000000000
   3.3202393388217481E-010  -1.0000000000000000     
 F F F F F F F F F F F F F F F F F F F F F F F F F F F F F F F F F F F F F F F F F F F F F F F F F F F F F F F F F F F F F F F F F F F F F F F F F F F F F F F F F F F F F F F F F F F F F F F F F F F F F F F F F F F F F F F F F F F F F F F F F F F F F F F F
  <DiscreteSampler_grid>
  grouped_processes
  1 # 1 for a reference and 2 for a running grid.
  10 # Attribute 'min_bin_probing_points' of the grid.
  1 # Attribute 'grid_mode' of the grid. 1=='default',2=='initialization'
  0.0000000000000000 # Attribute 'small_contrib_threshold' of the grid.
  0.5000000000000000 # Attribute 'damping_power' of the grid.
 # binID   n_entries weight   weight_sqr   abs_weight
    13   10   3.002974545436127E-001   3.781863737258041E-001   3.002974545436127E-001
    14   10   3.002974545436128E-001   3.781863737258045E-001   3.002974545436128E-001
    16   10   4.522168957000574E-001   7.052303853802886E-001   4.522168957000574E-001
    17   10   4.522168957000579E-001   7.052303853802894E-001   4.522168957000579E-001
  </DiscreteSampler_grid>
