 -0.00199069035860067  0.00629896749184359  0.01598762768060845  0.02715201472866211
  0.03902508819434587  0.05078097518195575  0.06234557216846835  0.07397761512094431
  0.08603524962271696  0.09837024699599986  0.10996639325630131  0.11974928136006580
  0.12813057418838050  0.13720847086975710  0.14674249929362257  0.15625185872400324
  0.16606600528518209  0.17828504001232032  0.19026696143194424  0.19910139966974899
  0.20676156577375313  0.21487633055048486  0.22363301072940686  0.23195516060119989
  0.24046190975009915  0.24884329846818820  0.25547280325503013  0.26357584809305923
  0.27196866188579732  0.27884699906714910  0.28610489882627721  0.29475204383237918
  0.30778595561754429  0.31765426184169976  0.32733816406447575  0.33711882951939226
  0.34679288849694495  0.35921162184728878  0.37179576134003006  0.38464488246129425
  0.39727473880227504  0.40983232986796031  0.42241688651156589  0.43497054351653847
  0.44713824578793382  0.45816304107259603  0.46793595840768404  0.47772721769787790
  0.48778521846716605  0.49824777246797469  0.50929644204276203  0.52010857935969179
  0.53082393576737885  0.54182025757813501  0.55293238307472181  0.56384085638215631
  0.57483062703665699  0.58653505843593134  0.59902547148698293  0.61194980063817217
  0.62249979490954510  0.63207153049454001  0.64191021133079784  0.65199390630342069
  0.66235704407974405  0.67335247473441306  0.68457208083678456  0.69622119979071828
  0.70953951790194614  0.72379787332158707  0.73754307408847530  0.74982806280418801
  0.76008477735118629  0.76968239288536400  0.77988169860923184  0.78977426525030336
  0.79779927796501593  0.80579304157316856  0.81880253438390760  0.83184794812790186
  0.84540910188208185  0.85852737284115510  0.87084855263343774  0.88209584520081852
  0.89154701721467866  0.89988025545291539  0.90852545504587634  0.91710082690609440
  0.92723852469705526  0.93920144981190201  0.94975107463822883  0.95963979367300600
  0.96990887966020212  0.98040259223896298  0.99034392934957882  1.00000000000000000
  0.00007079310278731  0.00007528071446304  0.00007937410887252  0.00008277881866599
  0.00008650704880485  0.00009044648364114  0.00009222808670671  0.00009245699251892
  0.00009252720448137  0.00009254767102823  0.00009255961151791  0.00009256732361657
  0.00009257230815338  0.00009257575602073  0.00009257820984874  0.00009257991608735
  0.00009258129339572  0.00009258246170419  0.00009258346380960  0.00009258433482096
  0.00009258505666094  0.00009258567648351  0.00009258624825391  0.00009258677978157
  0.00009258727448121  0.00009258771005332  0.00009258813791579  0.00009258855892666
  0.00009258897956764  0.00009258939997311  0.00009258983974177  0.00009259028885481
  0.00009259076104930  0.00009259124294874  0.00009259181686277  0.00009259244246018
  0.00009259313805628  0.00009259394867588  0.00009259494800613  0.00009259615806956
  0.00009259756902255  0.00009259929607699  0.00009260136399207  0.00009260411578536
  0.00009260906804026  0.00009261608281353  0.00009262623564171  0.00009265224890360
  0.00009272729509263  0.00009317375288324  0.00009533878844818  0.00010123453910946
  0.00010846567679121  0.00011911636727491  0.00013429048281555  0.00015160227832883
  0.00017326155763042  0.00020052018293567  0.00022979234118537  0.00025794584184044
  0.00028873620218398  0.00032683610780876  0.00037015979170373  0.00041666703757523
  0.00046622542505970  0.00051933894289156  0.00057629729839803  0.00063419784198296
  0.00069861983726005  0.00077020541039360  0.00084054249066467  0.00091006059371530
  0.00098659897545040  0.00108122218522175  0.00118046677945981  0.00129914297174524
  0.00144551159406762  0.00159990353719205  0.00172538531195713  0.00183328483023755
  0.00196062161168135  0.00209409483827282  0.00224935017908721  0.00246381052182367
  0.00270167405528183  0.00297172101755229  0.00326361137011058  0.00356554168566926
  0.00394931614917679  0.00446219381803838  0.00514331009860410  0.00585347608464503
  0.00683671659338041  0.01530103572760050  0.10056728528534162  1.00000000000000000
  0.00000037107482075  0.00000408922712759  0.00000573234555261  0.00000826529116814
  0.00001152440940894  0.00001500771153152  0.00001880298193631  0.00002268923465149
  0.00002627946024211  0.00002952282057712  0.00003245716267714  0.00003527577768588
  0.00003802053269602  0.00004082930511303  0.00004364098158247  0.00004630883317099
  0.00004896575661184  0.00005174417462971  0.00005427569624194  0.00005714778113061
  0.00006026126505527  0.00006339771562405  0.00006668095761949  0.00007052672867821
  0.00007432666340414  0.00007769087388660  0.00008045624999130  0.00008288093381263
  0.00008476168099096  0.00008671359161314  0.00008955765133421  0.00009301101425620
  0.00009621643099725  0.00009893887689714  0.00010163949261387  0.00010508508493082
  0.00010921659687901  0.00011310281668815  0.00011727271610954  0.00012298856508407
  0.00013037522816621  0.00013882142356095  0.00014803411773706  0.00015776860735442
  0.00016748502179587  0.00017796530412037  0.00018901476791713  0.00020032349550594
  0.00021332272475990  0.00022780355363203  0.00024146598463073  0.00025472813710565
  0.00026896477760707  0.00028370240804825  0.00029864677240779  0.00031312884550240
  0.00032859126938459  0.00034594134063667  0.00036303689201185  0.00037896402412451
  0.00039472465527274  0.00041157263814740  0.00042897486610540  0.00044677614319564
  0.00046468786559784  0.00048352076981215  0.00050540327772742  0.00053068288266859
  0.00055764350530653  0.00058687627178582  0.00061844125949160  0.00065219916264337
  0.00068916457541773  0.00072901092292156  0.00077139850387382  0.00081554724517128
  0.00085811957126702  0.00090067571502026  0.00093971926233016  0.00098240667653630
  0.00102947732341503  0.00108636371265587  0.00115662216625812  0.00123460235168072
  0.00131844694674926  0.00141551300184365  0.00153448190470264  0.00165608783530725
  0.00178474991231169  0.00192969477893361  0.00209964353561003  0.00230364345253048
  0.00353404511427235  0.01334090542457542  0.12271366442118291  1.00000000000000000
 -0.00295972674696073  0.00846374571199604  0.02018124326189716  0.03150691382975856
  0.04253204842763229  0.05407932022500500  0.06665570651345475  0.07984820144794511
  0.09354298989318943  0.10757987629688030  0.12148120323953204  0.13500698141689219
  0.14807879371966021  0.16087215039264602  0.17381910966202496  0.18683622780532175
  0.19889077495776916  0.20937091595645180  0.21869561162702589  0.22862066848762741
  0.23995616436311526  0.24996001546963756  0.25927576394104240  0.26990050453337810
  0.28089984803973700  0.29381173270121969  0.30790794515551101  0.32127912128281005
  0.33418852877896471  0.34651073248956665  0.35628854243543673  0.36536040964377525
  0.37479702124010805  0.38472670564295625  0.39443648357753663  0.40538542826769408
  0.41829731851652063  0.43123884146376668  0.44482751135169174  0.45872413260541295
  0.47280749218884394  0.48603670304068131  0.49904722891221193  0.51284041959322768
  0.52637960987746302  0.53979489341598397  0.55273192043677921  0.56455997061184560
  0.57575914038641429  0.58780475444960034  0.60004796850879427  0.61180844784245436
  0.62263337953784847  0.63316008855456307  0.64391709439896816  0.65483307320701400
  0.66586073050304595  0.67709948295907818  0.68830474498502736  0.69758824476930570
  0.70633958939826325  0.71478213381592670  0.72305160215267983  0.72937641849443247
  0.73686021593290596  0.74606262645640098  0.75271642603954636  0.75809493538603645
  0.76675273474533756  0.77402705951412909  0.78180167655288202  0.79031197912156403
  0.79934504319265498  0.80881020890382305  0.81823715875181557  0.82741964864769235
  0.83625339939159615  0.84501495196550114  0.85359217944106336  0.86190631589381461
  0.87025048839616526  0.87853811276281324  0.88637217872553897  0.89425779320550658
  0.90234188425445094  0.91069105300675124  0.91943264504770894  0.92852298438419723
  0.93776491630648784  0.94777997464826336  0.95713901995177408  0.96595238963656105
  0.97458617298781502  0.98321240453370673  0.99167765260351426  1.00000000000000000
 -0.00140796073542827  0.00625280241380613  0.01600342268461817  0.02712803684726749
  0.03759193769882765  0.04853302031028078  0.06083226183193071  0.07409018597984267
  0.08445745983792845  0.09207689462879376  0.10098644091889833  0.10841146783075316
  0.11636028427515233  0.12452919043471947  0.13251659088055168  0.13978464894131565
  0.14644758479859329  0.15563407248776301  0.16743225757280150  0.17843100146925869
  0.18997703367528299  0.20246710009692595  0.21567568885246358  0.22895471068201789
  0.24166229423031910  0.25366350496668949  0.26532598399135449  0.27706598626300649
  0.28923244238280310  0.30219056622327689  0.31557225742299666  0.32729174731982913
  0.33908190261104099  0.35061173796022277  0.36164417992351400  0.37023274927175431
  0.37787989417971946  0.38515680820466630  0.39244842122000712  0.40066287377363735
  0.40827387987969194  0.41536595402541010  0.42538395112358701  0.43819132062996524
  0.45006857927473698  0.46185365647987719  0.47343365858125902  0.48430071026617616
  0.49490996828825545  0.50603914250518234  0.51705263636640619  0.52756453396216130
  0.53921460096711160  0.55122628673326890  0.56214042315694401  0.57167626055871845
  0.58056653158249094  0.58924284569329821  0.59827339873768348  0.60762153808609864
  0.61792979914004331  0.63045948974342902  0.64393197911512157  0.65568135865724997
  0.66499754940546230  0.67452939996444850  0.68423873051539796  0.69331892526456129
  0.70204975070801146  0.71050761009144359  0.72079308540463527  0.73098368462815344
  0.74065522540441875  0.75032821368674207  0.76011840581748225  0.76955741090913787
  0.77849123180842661  0.78789719764168686  0.79767644668376514  0.80983250679136731
  0.82249547441285853  0.83448917076794971  0.84523137201675413  0.85466382186103829
  0.86445376876166702  0.87508196048574016  0.88571938966841246  0.89889101831623275
  0.91241545948054137  0.92571100871450407  0.93845784081267380  0.95056151213200446
  0.96239136099477340  0.97432790971367578  0.98676904216077510  1.00000000000000000
 -0.00191134132726319  0.00746895323197579  0.01644741484419870  0.02612185696462343
  0.03536570947984252  0.04486514629173777  0.05437368006721852  0.06403585729073860
  0.07392871324446626  0.08395599086273009  0.09421537660010484  0.10515738514933748
  0.11694256974821135  0.12859677922609666  0.13806601146366163  0.14662042073131709
  0.15494338479650205  0.16307390131399496  0.17288244884874568  0.18408129348611377
  0.19554930484300109  0.20679702337248260  0.21781959801413633  0.22874273242806958
  0.23963436553894016  0.25047880812828738  0.26134268447093706  0.27216827886940959
  0.28181216917457541  0.29031022670595730  0.29897792471000895  0.30757108258133720
  0.31775368547923050  0.32995058379706049  0.34177925076048687  0.35308559800330991
  0.36316396210737401  0.37291525777552942  0.38277223017132939  0.39262298619845165
  0.40282944941487320  0.41270885081317810  0.42276020087996435  0.43345074993878857
  0.44593444707179652  0.45889679460215471  0.47178200945445831  0.48398853629411409
  0.49592418769902286  0.50823235915665022  0.52104235455986703  0.53404830322596564
  0.54621721288975411  0.55530459859580672  0.56300537310154941  0.57236951330460506
  0.58425797946788738  0.59691930058073439  0.60702487348465783  0.61610000890671113
  0.62551845275851858  0.63493845802869109  0.64422693349139604  0.65369655262198190
  0.66573164758368109  0.67939809345625979  0.69252119320582262  0.70462708752093040
  0.71629865813532789  0.72763263995782979  0.73875153848732777  0.75043191467661030
  0.76347468463091861  0.77421923358239275  0.78147215269065995  0.78972550265214758
  0.79850827800615443  0.80591673920237106  0.81558436293444347  0.82460724544878039
  0.83041236470872470  0.83795814467851615  0.85142869063546944  0.86056731176842438
  0.86794171309018797  0.87797920821007147  0.88789308828058255  0.89748195884233151
  0.90724010158567436  0.91792117568006248  0.93131944875977324  0.94637444157306905
  0.96090562035801508  0.97404032933564721  0.98702008782475648  1.00000000000000000
 -0.00233060540535974  0.00840787552941457  0.02049106751273313  0.03226893478646636
  0.04402913832185288  0.05689557441955796  0.07000817977809504  0.08266596041158014
  0.09441714979631610  0.10454579653136681  0.11305890097172611  0.12134159340829322
  0.13124235328184664  0.14069182899028582  0.15151478244664313  0.16376727653898313
  0.17627079359517830  0.18884675524939568  0.20173579377819120  0.21475049921106043
  0.22739822444376709  0.23953897482159650  0.25123982158087282  0.26252669332750106
  0.27382075081456297  0.28536039535673624  0.29758490776720370  0.30940382834776015
  0.31908319475128788  0.32863863508879237  0.33829444204456033  0.34787535932380265
  0.35853020637741739  0.37040341481100597  0.38267577613425491  0.39379181649329981
  0.40474818945268348  0.41588775380189397  0.42773063473481127  0.44028863329309320
  0.45313363521761951  0.46569822661814653  0.47769135807018237  0.48915386931885135
  0.49982945767272396  0.50972487362737984  0.51962920829309278  0.52976411629797393
  0.54028577550854739  0.55177296679939991  0.56316250554906788  0.57403130602881880
  0.58520969949021573  0.59658084663104727  0.60853427978511754  0.62051446936286747
  0.63342801923513403  0.64424252204605281  0.65293227514962415  0.66197170307910824
  0.67111214048123946  0.67901481545709708  0.68716452314517096  0.69577613271576677
  0.70411530035156422  0.71435694872623523  0.72641366084737580  0.73619810360170534
  0.74464164462730886  0.75303027207918338  0.76192050448265891  0.77071324459377799
  0.77835500445178829  0.78569471095706178  0.79368323563903809  0.80229997389031316
  0.81062280536371101  0.81933075715258530  0.82688244520934562  0.83484066991188022
  0.84372931828953723  0.85330141418484240  0.86032024863486545  0.86701295589712934
  0.87657392636776199  0.88776249597936918  0.89812219584158604  0.90898055608432504
  0.91993483680352317  0.92971870590013272  0.94003794897571469  0.95066431205579782
  0.96119952588792368  0.97284536586584758  0.98686484915281181  1.00000000000000000
 -0.00293917364897652  0.01022944964374604  0.02112563121476337  0.03228142436467185
  0.04410056469577819  0.05542112711311689  0.06711822271177167  0.07939046607216282
  0.08833980908168257  0.09677422478863422  0.10558837315002256  0.11453070631754392
  0.12325947422545258  0.13273549679234756  0.14484185902310598  0.15578188086096093
  0.16552130055650796  0.17536566534567519  0.18556061053749412  0.19524393213745103
  0.20419683832951524  0.21076604449877739  0.21600919091241780  0.22241290247355833
  0.23150375374859641  0.24155889045862949  0.24875226532877109  0.25649811511335630
  0.26447691796009087  0.27427147926277917  0.28615921735200733  0.29846507781613574
  0.31007168109025046  0.32087830062133688  0.33147477432643385  0.34239244964490867
  0.35396430008996532  0.36593001313939344  0.37724176756691136  0.38850458901945162
  0.40034692860669907  0.41236145588449707  0.42474198665631374  0.43718625042757270
  0.44967752691578577  0.46231281974358351  0.47489899333618618  0.48740682208564895
  0.50001345611395731  0.51204156729921768  0.52238150314878506  0.53226044474873424
  0.54131021356700615  0.54945895155471547  0.55900189635961439  0.56973503774081236
  0.58034622664772340  0.59090923930932038  0.60244449409349166  0.61450690301751554
  0.62563156231820416  0.63648568795136806  0.64815651594703039  0.65968562293200117
  0.67150156280504902  0.68381110195198636  0.69585050467124687  0.70786913788203021
  0.71985976729246470  0.73138105600623016  0.74283945548980668  0.75491975076848850
  0.76721711706606044  0.77941026945030600  0.79171684582590318  0.80430191645820648
  0.81700056381837105  0.82955347992428141  0.84144973064217621  0.85309338857040484
  0.86503925974934648  0.87698390052032593  0.88810649729680413  0.89888545053059754
  0.90955361574737870  0.92066405752542579  0.93235281142760829  0.94370336066441018
  0.95293172216562372  0.95938689636505825  0.96630398210813984  0.97306591690969735
  0.97927510614946300  0.98569628116405383  0.99256501850891032  1.00000000000000000
  0.16161999144296751  0.33089167342913905  0.43871845530009040  0.49561521005204129
  0.51722749371475851  0.52913891428185056  0.53922529800656882  0.54858981630623627
  0.55984919305913006  0.57648703324485862  0.60083767863955295  0.63181985898845261
  0.64707083456980874  0.65455506136128661  0.65994799425451001  0.66476555205698939
  0.66940716106347509  0.67395569994566895  0.67842066913338150  0.68267269368893146
  0.68681373896582754  0.69049464180826925  0.69392618362096492  0.69729044161433218
  0.70066087746869288  0.70388979064941226  0.70667743744549194  0.70927282286334137
  0.71187648651057156  0.71411569635525629  0.71652126184425768  0.71954997886750782
  0.72244827131497225  0.72533809886473399  0.72868039705427323  0.73185323601973973
  0.73492872441743284  0.73882873804181359  0.74318868622598067  0.74709826246202593
  0.75082246515740625  0.75408349647630657  0.75708278790445338  0.76011983128084704
  0.76328135335546210  0.76633128358520841  0.76921408477928865  0.77212351331470286
  0.77489195112410370  0.77724483259492327  0.77897101387038470  0.78063786518075917
  0.78258792806045108  0.78536279613989135  0.78819907605711315  0.79085566903597515
  0.79332777705266933  0.79594608156740543  0.79874790514153959  0.80144704574292713
  0.80423500403758630  0.80714322260350835  0.81011089028602867  0.81344235671488774
  0.81743303196335926  0.82194871860937613  0.82654746713686578  0.83126624255526693
  0.83595174372478809  0.84031365296049065  0.84429734374999388  0.84815383715487302
  0.85197177974638838  0.85584441835460756  0.86002325842352600  0.86455193166385735
  0.86929574942523169  0.87409333123810173  0.87867202957516433  0.88307033656843015
  0.88735686731563235  0.89161440674545767  0.89590174946451495  0.90007724661728239
  0.90483515853583785  0.90953136832470638  0.91571017404654531  0.92197570498564230
  0.92823884413339552  0.93475302552501915  0.94167791986802840  0.94924277181824834
  0.95790580776238066  0.96764680322846020  0.98138183537967982  1.00000000000000000
 -0.03568188330425505  0.15021179749698879  0.18701903330933728  0.21295613768603819
  0.23699803601640518  0.25999812955867629  0.28046276020286454  0.29787933800426231
  0.31332994714922358  0.32808532659024525  0.34149924403101406  0.35285455571305924
  0.36372946150090446  0.37383437818145793  0.38159162222127496  0.38999565578268025
  0.39728948730101182  0.40350834807171859  0.41040762585589641  0.41738253176304768
  0.42559233834575499  0.43426113370057523  0.44111135327929146  0.44671686337086236
  0.45256489157718000  0.45795924784390235  0.46258099703068029  0.46694718201879665
  0.47192339255628651  0.47685474634713654  0.48199671100531788  0.48760721871506996
  0.49287229252580056  0.49824142168755264  0.50504250764873937  0.51284815648876991
  0.52050077550761242  0.52757244778441736  0.53422786045571669  0.54078958484559714
  0.54736448875043309  0.55401049028264859  0.56067277162605456  0.56846812112715517
  0.57381614277104909  0.57719011153526290  0.58117387349172644  0.58544506842178567
  0.58968962533995528  0.59343319894017010  0.59692633294071307  0.60034399826764184
  0.60456591898993162  0.60869455476432821  0.61383049601204098  0.62011175591775092
  0.62535802888304748  0.63027149701172092  0.63519848079832575  0.64034095274186176
  0.64576752865292386  0.65136871380280725  0.65705332004376715  0.66279077508872253
  0.66854671606023608  0.67427824308034734  0.67975981563157750  0.68568560164105008
  0.69173670463970771  0.69758818948379142  0.70277099589259773  0.70692226341058551
  0.71047485741601635  0.71404600807292207  0.71756244294115079  0.72120564580099666
  0.72540374797767326  0.73054072695594263  0.73628571733498449  0.74186179549768960
  0.74738273520546128  0.75280802345617204  0.75810471166371318  0.76349328080462320
  0.76869104837467128  0.77393698715410875  0.77948360509044257  0.78545127485257848
  0.79220862391328073  0.80021729595278157  0.80835850493500094  0.81683145290980885
  0.82809234871602566  0.84789201872379483  0.89548633268684763  1.00000000000000000
   2.7211385310805142E-010  -1.0000000000000000     
 F F F F F F F F F F F F F F F F F F F F F F F F F F F F F F F F F F F F F F F F F F F F F F F F F F F F F F F F F F F F F F F F F F F F F F F F F F F F F F F F F F F F F F F F F F F F F F F F F F F F F F F F F F F F F F F F F F F F F F F F F F F F F F F F
  <DiscreteSampler_grid>
  grouped_processes
  1 # 1 for a reference and 2 for a running grid.
  10 # Attribute 'min_bin_probing_points' of the grid.
  1 # Attribute 'grid_mode' of the grid. 1=='default',2=='initialization'
  0.0000000000000000 # Attribute 'small_contrib_threshold' of the grid.
  0.5000000000000000 # Attribute 'damping_power' of the grid.
 # binID   n_entries weight   weight_sqr   abs_weight
    13   10   1.298669857524422E+000   4.043205786897243E+000   1.298669857524422E+000
    14   10   1.298669857524423E+000   4.043205786897241E+000   1.298669857524423E+000
    16   10   2.242870261150752E+000   1.229581257203057E+001   2.242870261150752E+000
    17   10   2.242870261150755E+000   1.229581257203057E+001   2.242870261150755E+000
  </DiscreteSampler_grid>
