  0.00007133110879080  0.00007298545163786  0.00007496885416712  0.00007709670627455
  0.00007958214684052  0.00008242209841735  0.00008565275971234  0.00008912159870118
  0.00009160003218919  0.00009238187557848  0.00009248994796013  0.00009253254835571
  0.00009255080528060  0.00009256093971070  0.00009256756470982  0.00009257211263974
  0.00009257475152767  0.00009257707751559  0.00009257900312569  0.00009258058996601
  0.00009258179091558  0.00009258278101321  0.00009258365086640  0.00009258443624653
  0.00009258506963684  0.00009258564142423  0.00009258616282200  0.00009258664882305
  0.00009258710679882  0.00009258750749086  0.00009258789640519  0.00009258827587206
  0.00009258865089281  0.00009258902404606  0.00009258940693970  0.00009258979193945
  0.00009259019775190  0.00009259060895761  0.00009259103801496  0.00009259152800473
  0.00009259206941254  0.00009259266213313  0.00009259331604755  0.00009259405596873
  0.00009259494547493  0.00009259596992642  0.00009259713439023  0.00009259870093011
  0.00009260072178916  0.00009260310831077  0.00009260611987781  0.00009261073541426
  0.00009261781714605  0.00009262838889043  0.00009264463879442  0.00009267254837646
  0.00009280675931056  0.00009344550634587  0.00009663869685581  0.00010229014741053
  0.00011005052327051  0.00011959096415013  0.00013125105992076  0.00014640098218822
  0.00016512584830018  0.00018875724187562  0.00021803465896980  0.00025392265301497
  0.00029398675155853  0.00033914306000357  0.00039189229740212  0.00045469533188394
  0.00052784068201134  0.00060538825356120  0.00069064895998091  0.00078982899836917
  0.00090407205928172  0.00103796300581246  0.00118951024332192  0.00135586431880732
  0.00152590536179902  0.00171563206523527  0.00192010286468641  0.00217105159547458
  0.00245054149787732  0.00280367355517401  0.00328232254316267  0.00387578936354925
  0.00454277312343191  0.00522783005999198  0.00582213756341454  0.00704864808009725
  0.02204891352467381  0.18636322850839945  0.41838038624256868  1.00000000000000000
 -0.00000024756928077  0.00000846533510701  0.00002628030834321  0.00003544287975258
  0.00003885519848095  0.00004098827042431  0.00004242239176709  0.00004343854753473
  0.00004420696507036  0.00004482240395926  0.00004532515122848  0.00004574375347491
  0.00004610291300217  0.00004641892019322  0.00004669738955198  0.00004693751722504
  0.00004714646646643  0.00004732729515576  0.00004748559260552  0.00004762060154033
  0.00004773719035741  0.00004784352097951  0.00004794325935948  0.00004803691543906
  0.00004812493553270  0.00004820728849422  0.00004828251667591  0.00004835145300019
  0.00004841720652750  0.00004848561508830  0.00004855347269926  0.00004861768370618
  0.00004868155636441  0.00004874374462638  0.00004880313456845  0.00004886012761836
  0.00004891599349206  0.00004897182951451  0.00004902778133196  0.00004908308524351
  0.00004913743116327  0.00004919044114054  0.00004924234541683  0.00004929331824226
  0.00004934412499999  0.00004939572623800  0.00004944440028251  0.00004949343705442
  0.00004954378286784  0.00004959472050716  0.00004964481768858  0.00004969371571036
  0.00004974364263665  0.00004979616775013  0.00004984963548926  0.00004990069152733
  0.00004996009971744  0.00005002583914878  0.00005009416990096  0.00005016674513001
  0.00005024156461746  0.00005031864806601  0.00005040107711410  0.00005048971590405
  0.00005058326719284  0.00005068234271945  0.00005079013639237  0.00005090818203560
  0.00005103748133813  0.00005117425720043  0.00005131250237026  0.00005145048995899
  0.00005158536565043  0.00005174437172781  0.00005193103070670  0.00005212702220858
  0.00005235090228103  0.00005262832212884  0.00005293386230297  0.00005332152485890
  0.00005379256043463  0.00005435816103022  0.00005506223498825  0.00005596756079792
  0.00005718588972837  0.00005877703679241  0.00006106809584005  0.00006459254514787
  0.00007047079670656  0.00008283299983604  0.00011248895846324  0.00024424132509928
  0.00146686854295825  0.03255019379424717  0.23464960500600679  1.00000000000000000
  0.00000004536889781  0.00000242772285321  0.00000436805299963  0.00000689448161119
  0.00000983888802572  0.00001315444729608  0.00001658962025656  0.00001980520032190
  0.00002276796644599  0.00002576438614495  0.00002879883198695  0.00003156843633232
  0.00003420681623891  0.00003676596412539  0.00003935218014487  0.00004195110716272
  0.00004447311876186  0.00004695529298345  0.00004934034686706  0.00005172222019426
  0.00005439099254191  0.00005724660549028  0.00006030594935764  0.00006343026857896
  0.00006646158044365  0.00006954208090339  0.00007268233216698  0.00007554474830214
  0.00007822917938024  0.00008113255771020  0.00008432642999447  0.00008794791116280
  0.00009210401170932  0.00009645768113312  0.00010102798094664  0.00010594723453107
  0.00011105249276820  0.00011570127254088  0.00011980843817464  0.00012446687191483
  0.00012968636861502  0.00013514112928522  0.00014026450478307  0.00014615642088564
  0.00015240822419718  0.00015954166148926  0.00016669681565292  0.00017378774709372
  0.00018042148068205  0.00018705607932333  0.00019428498217877  0.00020404148456912
  0.00021361983906806  0.00022373906257737  0.00023514142804948  0.00024753161677922
  0.00026077396196518  0.00027514914589025  0.00029023363800867  0.00030435956938439
  0.00031878968412448  0.00033462756378880  0.00035120452597844  0.00036951096304102
  0.00039000993624310  0.00041103088467909  0.00043250183610107  0.00045478271123104
  0.00047805555222899  0.00050294430874596  0.00053186118425348  0.00056738918386412
  0.00060616746140926  0.00064727678536905  0.00069049170719495  0.00073561555804316
  0.00078206350297141  0.00082837253455096  0.00087823734391464  0.00093128122083862
  0.00098481549669729  0.00104233200867666  0.00110332826262377  0.00116635479934359
  0.00123397701596847  0.00130801731587028  0.00138670275142552  0.00146694797320998
  0.00154788948695579  0.00164309673707527  0.00176774132986495  0.00189893579924099
  0.00199756558409415  0.02044845808412716  0.23324935113927603  1.00000000000000000
 -0.00182094573959827  0.00775596992610174  0.01520019441594341  0.02271287879499849
  0.02905944328257690  0.03477940835752807  0.04053102132202661  0.04843927587832598
  0.05790862694595651  0.06722979665520562  0.07667871013562449  0.08580706713673376
  0.09437150015035645  0.10270540500964653  0.11117051545637635  0.12027536944030605
  0.12982403145677535  0.13980450535030733  0.15005721005006603  0.16041613482655775
  0.17093959272657774  0.18080290561133458  0.19033555828689319  0.20024456646899433
  0.20958005608345048  0.21795017691594756  0.22622280002152906  0.23443288608401464
  0.24328863602804299  0.25302912216504375  0.26378185813843291  0.27384126004913328
  0.28232723473803029  0.29039092954935847  0.29890060867395496  0.30825244278491476
  0.31868503767863626  0.32982140633565910  0.34122829745582950  0.35247463460647172
  0.36339741992619340  0.37392428542513090  0.38424326452632618  0.39413642801017529
  0.40200345262879911  0.41063759915157594  0.41883161519870565  0.42640831392869905
  0.43468973441291875  0.44352085464889057  0.45279685435511391  0.46292866891928069
  0.47403748806195811  0.48555809777121700  0.49671277358569643  0.50760634142522620
  0.51890338347290965  0.53055747228166394  0.54211442644638208  0.55329485311228677
  0.56398010706991841  0.57465871631712417  0.58624590346728411  0.59834005202578067
  0.61010999607310723  0.62187427727043187  0.63380243087233545  0.64528639599947113
  0.65650262991062069  0.66802370995517046  0.67947614353768193  0.69152427960086049
  0.70400745440131618  0.71603684725209849  0.72785112671104024  0.73968256722592141
  0.75116334193945566  0.76311832000080349  0.77571716294027460  0.78895860210137025
  0.80213551614666068  0.81564057317595562  0.82919049703140579  0.84162144360664837
  0.85309228493580691  0.86496713488379506  0.87810381321589381  0.89239586465418164
  0.90730134576613342  0.92227953436122811  0.93674551902010506  0.95010787347014580
  0.96142476872932869  0.97255161796526113  0.98505970390271969  1.00000000000000000
 -0.00301865637906973  0.01120890663066876  0.02106657713455940  0.02975824540555115
  0.03798619136136490  0.04759214798625677  0.05772184976971924  0.06828429822930768
  0.07910011067827304  0.09067571563223570  0.10316296321764062  0.11577943397907570
  0.12782471247527261  0.13949749517479809  0.15100327728346663  0.16174028890522549
  0.17209409054053262  0.18215258411803628  0.19225217993722027  0.20245922747343340
  0.21256393261937895  0.22254864123277357  0.23380393351326373  0.24595732219459787
  0.25798210365644042  0.26870791232581065  0.27774839212771074  0.28671886604354074
  0.29602056037084035  0.30536165152285033  0.31535825449874633  0.32740134904233287
  0.33985920647614704  0.35163454376415981  0.36233501861111211  0.37284104856235062
  0.38222059903111716  0.38963728641604106  0.39897985225158450  0.40771894930921904
  0.41584285605852206  0.42519994911689490  0.43479996286725964  0.44503912731513057
  0.45598377560539866  0.46622541809342521  0.47610320719902482  0.48632498442457639
  0.49651747125254952  0.50611004308420859  0.51525203867037328  0.52488415231939112
  0.53564839368364581  0.54731458228201724  0.55929029821440368  0.57108623165514183
  0.58186631596657690  0.59199801064901725  0.60267556243168119  0.61389230818325791
  0.62595611626333947  0.63800869727358045  0.64868775778931720  0.65931568414770858
  0.66998109143484319  0.68069133488888578  0.69123828113522567  0.70328574060172844
  0.71356821610580778  0.72453467062950871  0.73573660237944116  0.74648958674640642
  0.75602737301218914  0.76505496521036220  0.77460067734357674  0.78650459515548843
  0.79640491886175024  0.80573617584360147  0.81536700977392651  0.82543514280690955
  0.83618530124668955  0.84770240971239696  0.85921755870272176  0.87104185549708291
  0.88302324224977335  0.89336182408034037  0.90498264029790043  0.91503398531825386
  0.92310865945763809  0.93149484744793287  0.94007554082210232  0.95041601053009617
  0.96244893976992796  0.97471106719581391  0.98647622536624424  1.00000000000000000
 -0.00137314667131505  0.00535732668800397  0.01448162501651133  0.02376273814343324
  0.03340641080282357  0.04320191747285784  0.05297168940345079  0.06427559400211168
  0.07547854440557608  0.08669100377395419  0.09766208213914061  0.10801832752430032
  0.11745671877838294  0.12603332877239312  0.13473043928251560  0.14339553529042393
  0.15417303009351252  0.16665089792568127  0.18002393925252275  0.19306054348432741
  0.20516476995289096  0.21670580697322006  0.22856153986399935  0.24088311746685900
  0.25358943278404600  0.26590236039357967  0.27872147982427048  0.29264196040021395
  0.30547731321638744  0.31514125668526299  0.32577763068920357  0.33727635692863855
  0.34896559161466589  0.36166848853715899  0.37474263121121998  0.38852077083753678
  0.40310417428722856  0.41673118046212854  0.42874476228718045  0.44038443449841985
  0.45280026951639207  0.46444334256630582  0.47514010587305594  0.48599160294727878
  0.49792031232432638  0.51169675018160110  0.52516085870441453  0.53803795950070876
  0.55050785924485901  0.56267811376743471  0.57478729864372469  0.58610131885658368
  0.59670882774299860  0.60654608240008001  0.61663485417841191  0.62770160505535311
  0.64019828842769244  0.65327357452646539  0.66557523513959027  0.67696879171695534
  0.68856140083642647  0.69995916157519866  0.71067692101317859  0.72053726265589590
  0.72977000430026617  0.73916743163812137  0.74921894143222034  0.75936596241128929
  0.76907838349495261  0.77765903215483523  0.78641516007488499  0.79565430017721983
  0.80556399615093310  0.81572291477257286  0.82543079886925574  0.83427603608067880
  0.84383983241531135  0.85174226702085265  0.85957648667791664  0.86774505835161075
  0.87639140197908616  0.88479124096817596  0.89413415987435629  0.90279905555293360
  0.91104803516114630  0.91859916055878799  0.92639113265964701  0.93434272910334548
  0.94240632093441423  0.95078252320683387  0.95937117499455227  0.96782304926278417
  0.97589799814739930  0.98375648715517172  0.99175777903524509  1.00000000000000000
 -0.00234185334072875  0.00886621980489626  0.01961207137196968  0.02896611647753053
  0.03738604949497142  0.04591144877247733  0.05516836748415532  0.06423742439869487
  0.07311237560934938  0.08292558723029102  0.09384457135476387  0.10514491362158475
  0.11616681142900717  0.12704106027024853  0.13813867965452922  0.14943068330155906
  0.16073355758989052  0.17180551548713813  0.18295677601695479  0.19409945009745241
  0.20485400568751119  0.21518845843827172  0.22570017026419123  0.23598134675969101
  0.24657244296423572  0.25782488289444244  0.26939982670702223  0.28081435299036905
  0.29178611601883636  0.30159293140547166  0.31109953965068005  0.32036703445239018
  0.33013467487111431  0.34031447056269182  0.35073713282349828  0.36147877922585187
  0.37246088173211422  0.38237831349139806  0.39152942352517089  0.40111811475427384
  0.41165334234851830  0.42210757305905788  0.43415468756892889  0.44699889861485398
  0.45910007874185360  0.46955238784764541  0.47977143388586263  0.48955613064590447
  0.49963556472129528  0.51167059537299453  0.52414483642220877  0.53623533249636568
  0.54851488523966052  0.56099349485562655  0.57332214475603693  0.58524182537646874
  0.59654911251109521  0.60717870917730676  0.61759810445256991  0.62846276908575049
  0.64035649511839632  0.65258341748362725  0.66372712819956492  0.67360140776056121
  0.68346798428664413  0.69375740937849306  0.70218287569420867  0.70954356081653658
  0.71877681561982443  0.73011430116885234  0.74192710017359420  0.75332292807947332
  0.76363989293052859  0.77311994802749218  0.78261166524543324  0.79242339126718919
  0.80331558232576517  0.81341471938643317  0.82240206578891650  0.83157682002662214
  0.84098516819887970  0.85019306341747847  0.86214333623076411  0.87374446168308262
  0.88525010196275511  0.89727875998875939  0.90990080644821436  0.92227394699482967
  0.93360659714858363  0.94392891378290089  0.95362501724969595  0.96305658656033266
  0.97183133998058469  0.98104758729680797  0.99041062853027673  1.00000000000000000
 -0.00375379203762684  0.01324851419106013  0.02154784712181471  0.03003990444303714
  0.03790505250517529  0.04602695324973929  0.05339511261833998  0.06183178340761141
  0.07228011537499786  0.08336099130757404  0.09447848323901947  0.10567243360988018
  0.11712540840270085  0.12868102105485985  0.14021335987194794  0.15142322711611103
  0.16191232696680435  0.17235759076988447  0.18337110499208251  0.19475980413074828
  0.20668856495023538  0.21783991438030384  0.22873710234813363  0.23941957684860671
  0.25028626277869598  0.26022979333242952  0.26974024591066836  0.27956764958023134
  0.28981089867805548  0.30074573667845161  0.31235278768528096  0.32413167934124310
  0.33517782619793846  0.34571422701680515  0.35602427926924318  0.36669489408942624
  0.37819879932882172  0.39062197705728857  0.40273097185980217  0.41418371651096808
  0.42503538429965276  0.43567162876774473  0.44638825863740245  0.45762421170120909
  0.46899634097226217  0.47951083866570132  0.48956527572390490  0.49965882952922824
  0.50970243206325383  0.52014502582754718  0.53123718454384405  0.54279158706373776
  0.55443996421044095  0.56602569374694400  0.57719268738821383  0.58822984439945214
  0.59929692675671797  0.61034067234544753  0.62192138190628565  0.63361576599676128
  0.64503425087819088  0.65715332689184247  0.66835922878709231  0.67847268277336237
  0.68748345617798923  0.69621462230203424  0.70502018040090675  0.71229214928926132
  0.71966090787904735  0.72748680401398758  0.73473036866445984  0.74175895866888419
  0.75020550026970290  0.76037597722313255  0.77119816462037238  0.78265071856897450
  0.79422036651272510  0.80520349359272925  0.81565946087208629  0.82622691066221166
  0.83703870019427240  0.84756808332802047  0.85785495400202205  0.86815218054745302
  0.87892387492351054  0.88977247535587412  0.89993597398576997  0.90999386233235413
  0.92055907752130028  0.93187989262022342  0.94319124418706313  0.95479723554351459
  0.96596730530168140  0.97685980947495010  0.98811194808140368  1.00000000000000000
  0.01919606830823565  0.23970065343806371  0.40892452430335990  0.56848126448657765
  0.62340081389620550  0.64075749541250260  0.64984222934610769  0.65571729297302761
  0.66046987250665667  0.66489634593322255  0.66899174974646625  0.67277149612129639
  0.67621109055503159  0.67951693401587321  0.68260131801231605  0.68518478091113555
  0.68807970667519680  0.69106493756314846  0.69370588713401360  0.69608862139400063
  0.69828321137533278  0.70054060693994480  0.70326180214612477  0.70638811490468112
  0.70962764210005114  0.71207654978145685  0.71421667098492103  0.71657998479789420
  0.71893983090617808  0.72127304796310177  0.72365589180185308  0.72595775681144614
  0.72850705307422670  0.73141907796790284  0.73449527245933455  0.73763123264220554
  0.74065907343095971  0.74355140952041054  0.74640788292612970  0.74916321122198226
  0.75179154236142376  0.75442338860962066  0.75725443277402893  0.76018485230095068
  0.76317703325210207  0.76619770565766698  0.76934684510268059  0.77266282905469663
  0.77610450053629276  0.77956602703462508  0.78287742044815889  0.78618898041852636
  0.78962834941355131  0.79306173578863737  0.79646314091633441  0.79969507626065117
  0.80277692658282562  0.80585006696024142  0.80900978303895865  0.81226111124526490
  0.81551945135095905  0.81907470229945223  0.82266421719762728  0.82632755300267979
  0.82992282740793255  0.83342355842749827  0.83688570363171033  0.84035112239597343
  0.84397495143741330  0.84787156925299145  0.85190795737005531  0.85589769158126805
  0.85980658365267271  0.86371801929784608  0.86753876457510148  0.87113849572188107
  0.87478461067931423  0.87891047936308020  0.88287795678044900  0.88696183489168046
  0.89133604509626185  0.89599930721140164  0.90091859587326217  0.90585595200310465
  0.91099991347115616  0.91617571384896235  0.92127168858171371  0.92673576269488922
  0.93272405042192219  0.93922458769868744  0.94594564678875870  0.95312945241952807
  0.96120049961944964  0.97016021770074912  0.98087071947008797  1.00000000000000000
 -0.03981121634140429  0.17395248114353770  0.25219178842500056  0.27864074619376322
  0.29581424135367551  0.31273230186214301  0.32966679762253165  0.34508095662708732
  0.35856902696060022  0.37058166649869484  0.38154983827147393  0.39256997417562733
  0.40340794655889639  0.41326147511117378  0.42256541348428445  0.43168325007349723
  0.43919006444127978  0.44665694305499010  0.45395763857656568  0.46139663373577861
  0.46825192341339078  0.47526570909055904  0.48334745505215004  0.49182488413519543
  0.50006258840931561  0.50793420060596617  0.51519968097191005  0.52215417690187504
  0.52916811688909271  0.53622964565122999  0.54346972073784816  0.55085309263881699
  0.55818943310526303  0.56526128004740406  0.57212380142252284  0.57868074551075399
  0.58448795443810597  0.59007066643028139  0.59577858264532613  0.60169701379072349
  0.60806601421556750  0.61444117246632624  0.62068761789915972  0.62661457893340367
  0.63229358541303537  0.63789813890994795  0.64340413301677557  0.64865086202411881
  0.65363302378070731  0.65815415240718922  0.66245975902188070  0.66698741208443446
  0.67193761841528499  0.67695083465439199  0.68178277683743194  0.68628696018429403
  0.69053166923250642  0.69493062152645568  0.69944393019720741  0.70315170246165426
  0.70674680693051373  0.71059792752569884  0.71423894971328750  0.71830694553637120
  0.72288244058353768  0.72741917238035270  0.73198728882868058  0.73602632559053915
  0.73931821945775278  0.74227700339003977  0.74494043531120357  0.74901899621374646
  0.75378703170274286  0.75873783556762997  0.76339515124621637  0.76789267750269274
  0.77248646680448207  0.77724534262720357  0.78227179990166584  0.78762341709768380
  0.79321680022238861  0.79891505306681765  0.80460704043480025  0.81041522998761739
  0.81677027704882399  0.82268479428483332  0.82849690894656536  0.83497345042926530
  0.84093623437612330  0.84695148587328972  0.85426115598367280  0.86203629041965113
  0.87189171407235655  0.88580421939388732  0.91102372680821242  1.00000000000000000
   1.6637427922928292E-010  -1.0000000000000000     
 F F F F F F F F F F F F F F F F F F F F F F F F F F F F F F F F F F F F F F F F F F F F F F F F F F F F F F F F F F F F F F F F F F F F F F F F F F F F F F F F F F F F F F F F F F F F F F F F F F F F F F F F F F F F F F F F F F F F F F F F F F F F F F F F
  <DiscreteSampler_grid>
  grouped_processes
  1 # 1 for a reference and 2 for a running grid.
  10 # Attribute 'min_bin_probing_points' of the grid.
  1 # Attribute 'grid_mode' of the grid. 1=='default',2=='initialization'
  0.0000000000000000 # Attribute 'small_contrib_threshold' of the grid.
  0.5000000000000000 # Attribute 'damping_power' of the grid.
 # binID   n_entries weight   weight_sqr   abs_weight
    13   10   9.843091933923891E-003   7.253327024252527E-004   9.843091933923891E-003
    14   10   9.843091933923829E-003   7.253327024252419E-004   9.843091933923829E-003
    16   10   1.871155175715118E-003   1.937467216880734E-005   1.871155175715118E-003
    17   10   1.871155175715104E-003   1.937467216880701E-005   1.871155175715104E-003
  </DiscreteSampler_grid>
