  0.00007128700889431  0.00007265951263813  0.00007412567400739  0.00007554686051074
  0.00007693270388489  0.00007843734247157  0.00008024161312951  0.00008231078987985
  0.00008456413003021  0.00008648286685709  0.00008735098154964  0.00008821904984677
  0.00008906588031397  0.00008991532454375  0.00009079804038417  0.00009150693665996
  0.00009197215112801  0.00009216838243805  0.00009227743264983  0.00009233596315855
  0.00009237093645494  0.00009238670476598  0.00009240060410748  0.00009241296404808
  0.00009242392258534  0.00009242905035977  0.00009243319264818  0.00009243733493660
  0.00009244141700009  0.00009244472155494  0.00009244802610980  0.00009245133066465
  0.00009245463521950  0.00009245793150566  0.00009246121065083  0.00009246448979601
  0.00009246776894118  0.00009247104808636  0.00009247536995348  0.00009248058072722
  0.00009248579150095  0.00009249389455487  0.00009250479361317  0.00009251904398525
  0.00009253574076905  0.00009255477953898  0.00009257581778509  0.00009259862590068
  0.00009263087850504  0.00009274393050178  0.00009294022659181  0.00009340784258121
  0.00009413504503736  0.00009515925747616  0.00009717763030811  0.00010048078202526
  0.00010422845012816  0.00010877907233399  0.00011456133480849  0.00012125872897733
  0.00012719285177209  0.00013363536990867  0.00014077425995745  0.00014834721461523
  0.00015796118283155  0.00017006099013027  0.00018422888160579  0.00019906532663220
  0.00021503012291284  0.00023316500571721  0.00025343892501912  0.00027801298452429
  0.00030935937049503  0.00034287388112076  0.00037639957338018  0.00041211945974752
  0.00045233927554036  0.00051630429465889  0.00059467284087841  0.00068040989935075
  0.00077490644863695  0.00088735471983282  0.00105069996072609  0.00122868372768983
  0.00134239666473564  0.00141744023407846  0.00149930988442038  0.00159078784680671
  0.00180697780809632  0.00208605596724333  0.00239542473776439  0.00275824852226369
  0.00313672702896261  0.00369084691245079  0.09973541339726907  1.00000000000000000
 -0.00827747668018626  0.03718980912419519  0.04233894972537072  0.04482651381801816
  0.04796914206660206  0.05126407023216540  0.05584242303612730  0.06075374493452049
  0.06615304165117143  0.07073455298466599  0.07970755069938794  0.09463210066440728
  0.10752029387875230  0.11888868540188899  0.13086277275740241  0.14179445880771563
  0.15114318859863388  0.16055876573152145  0.17080385608531715  0.18085736029359392
  0.18890969340531705  0.19609023988877988  0.20677464509883187  0.22111183287989192
  0.23581796378170886  0.24825032348405246  0.25893311494334220  0.26872405377927649
  0.27736631994476552  0.28458245744657867  0.29208011924863581  0.29738130033161703
  0.30617465449079950  0.31381892366661240  0.32184557169756595  0.33238260331942698
  0.34693158423390946  0.36629597037333245  0.38619879515630245  0.40478132709338277
  0.42157750011632783  0.43273916005481144  0.44372815080584888  0.45456743871992550
  0.46628977391708210  0.47995899719122254  0.49783449056071793  0.51766959142640068
  0.53255783341710716  0.54736090394968073  0.56162630776592948  0.57461563726077736
  0.58745662374279084  0.59519569215545109  0.60327621806943488  0.61267768449276605
  0.62430586989301406  0.63580723830411767  0.64268233464424229  0.64992004287396332
  0.65770448986488750  0.66600850820641910  0.67485538266021639  0.68473096599165384
  0.69502103428316253  0.70032814094013429  0.70441992151010679  0.70821796685557270
  0.71231530945980726  0.71674779786335763  0.72199217642592961  0.73006982512210961
  0.74320120098739106  0.76131946010785589  0.77770451657175566  0.79224486044220899
  0.81043692858099192  0.83256467054025729  0.84550930204459995  0.84991654825813223
  0.85373729032269818  0.85740394620002969  0.86097552692234591  0.86557100565288148
  0.87071529802489933  0.87556753288861833  0.88563170176347827  0.90079337716771057
  0.92027806489191188  0.93700783237283580  0.94969589621675787  0.95937875045121557
  0.96979395113249756  0.98006507449221147  0.99012741173487484  1.00000000000000000
  0.00000159398864148  0.00000408050776752  0.00000565706836926  0.00000777496370735
  0.00000993131147742  0.00001124864761113  0.00001258081238382  0.00001407898350961
  0.00001581025102768  0.00001694208309955  0.00001832730615600  0.00001977151633566
  0.00002127524798242  0.00002341436184703  0.00002558160728095  0.00002742537141071
  0.00002908417835506  0.00003069695468625  0.00003282409140812  0.00003514846843837
  0.00003711606607345  0.00003900157258279  0.00004143966878323  0.00004384408784162
  0.00004589400106638  0.00004774470793092  0.00004965478898743  0.00005139064148324
  0.00005298223560877  0.00005473329473958  0.00005652183009647  0.00005831936851886
  0.00006018307433107  0.00006215898672713  0.00006476011059208  0.00006828667071368
  0.00007188811600585  0.00007639402371283  0.00008164106446889  0.00008782521121790
  0.00009493722543640  0.00010197899908958  0.00010861951435165  0.00011636880712579
  0.00012556999778442  0.00013490315789182  0.00014344312686922  0.00015093524445494
  0.00015684851447434  0.00016203663242138  0.00016719757705713  0.00017238040887527
  0.00017759870412532  0.00018354656809205  0.00019010226597088  0.00020063207958878
  0.00021257089529764  0.00022398436603499  0.00023561098920332  0.00024880787192677
  0.00026593441899710  0.00028059188253405  0.00029320330095288  0.00030636249569227
  0.00032078447199154  0.00034172476095170  0.00036542843043851  0.00039602353479095
  0.00042797006005394  0.00044360464989754  0.00045173124816125  0.00045538617358263
  0.00045875680156862  0.00046242710843835  0.00046669904418484  0.00047769439321247
  0.00048731220230135  0.00050124251967612  0.00051736567266592  0.00053068693703642
  0.00053629855520844  0.00053962006757189  0.00054111067487150  0.00055480322026342
  0.00057982335570349  0.00060276440941936  0.00063210940185952  0.00065984562868040
  0.00072544508434676  0.00085165696302219  0.00103757225842371  0.00120470190940345
  0.00144015985779418  0.00427416641377372  0.01089890557212174  1.00000000000000000
 -0.00155295549145394  0.00394231193290020  0.01010543268879444  0.01742697206324256
  0.02580671570007559  0.03561398843144720  0.04745399486633568  0.05537210185839662
  0.06114274512195352  0.06662449290677583  0.07218629039487952  0.07999382254161089
  0.08743834318270513  0.09459653899782190  0.10657540598595380  0.11409954124701494
  0.12092169872419617  0.12740852831293811  0.13407036318161425  0.13966592668009736
  0.14494447322973308  0.15163429351833035  0.15939946155627130  0.16997706299090004
  0.18165170793033966  0.19107059541973781  0.19942783654194612  0.20853010235691097
  0.21855864735810696  0.22802209843954632  0.23790279462410016  0.24782271360493863
  0.25786964243973709  0.26978181733938211  0.28206295173554852  0.29336343710216523
  0.30594357723037080  0.31891053071246817  0.32909124384733768  0.33736311696697313
  0.34556360688883225  0.35616770281233734  0.36891778084840338  0.38299083434391984
  0.39864567193766481  0.41144603746864694  0.42041538315067772  0.42731286700024573
  0.43385652310573697  0.44193013851811397  0.45015878793889963  0.46025155484841557
  0.47385372830658451  0.48233794736912061  0.48627984205110536  0.48806523060281459
  0.48913013682292927  0.49149182091514032  0.49506783996936277  0.49766278785806678
  0.50224620025217059  0.50716958411492841  0.51824116013586419  0.53556770203751503
  0.55313146941636937  0.57078090937695203  0.58966974221570456  0.60851360986101133
  0.62300450428264120  0.63916281268598019  0.65266663630884281  0.65936332185658231
  0.66559967437929868  0.67465291376802450  0.68514899193368783  0.69643869460848018
  0.70673713251239201  0.71665973671682726  0.73044408215983891  0.74631984311501187
  0.76190644835864396  0.77635859133835150  0.78910943829774272  0.80100068644199141
  0.81202935453094471  0.82305810607901975  0.83642661321453371  0.85206162524559503
  0.87099888939761572  0.89383777168029632  0.91346523445934480  0.93252530084784824
  0.95106765712571928  0.96768881141649965  0.98392064085236275  1.00000000000000000
 -0.00379103679219549  0.01268514557608560  0.02553642650581745  0.03743708470341173
  0.04906076298829186  0.06002904653756312  0.07078103478094050  0.08129185864878434
  0.09116367769652320  0.10212176526591768  0.11389112629616183  0.12718763820486112
  0.14129729640260602  0.15582707079428326  0.17352858307295663  0.19300596348728921
  0.20832690337014542  0.21517179601125908  0.21871428758545255  0.22364305338197282
  0.22954615922460511  0.23371454648236462  0.23841986431127973  0.24348283971678816
  0.25022228435837635  0.26251417211246247  0.27722960889584386  0.29297733959996042
  0.31037251095204954  0.32480976593261879  0.33802723264310719  0.35008696659665134
  0.35719988030046496  0.36643525578241942  0.37824318114327105  0.38713074247068269
  0.39411412339723195  0.40332206830225781  0.41532573941132861  0.42794049353116648
  0.43979093866928876  0.44954778863861300  0.45711660180856489  0.46352379108305358
  0.46863778869735484  0.47364511682639893  0.47888292786785441  0.48506692975563376
  0.50069311597665422  0.52150617445849001  0.53908400510360821  0.55301656116786213
  0.56145195428217420  0.56998228571809995  0.57863161912982075  0.58795202678986558
  0.60238496301463862  0.61479096260098132  0.62551931233015545  0.63486455400130448
  0.63947787641850340  0.64277500263541243  0.64657692848723713  0.65047893868846596
  0.65444307773626165  0.65723313799891991  0.66230275668153893  0.67489551257987113
  0.68881804199624175  0.70523373608640005  0.71914291456850810  0.72959340024659936
  0.73942910618957991  0.74569234080511937  0.75161463150893615  0.75769206335697981
  0.76348521905775291  0.77029893903655167  0.77684185273095996  0.78771377797046116
  0.80021188706390345  0.81086007270718952  0.82067157909254640  0.82957853199171183
  0.83757755517269039  0.85360835328082918  0.86829649429546885  0.88453748234516971
  0.90067495863476510  0.91654677954043573  0.93251906427256115  0.94639701642430596
  0.96198987447089312  0.97618356436596843  0.98841540656123605  1.00000000000000000
 -0.00419591075679062  0.00868881662737912  0.02111089953637323  0.03488616272726610
  0.05453826682283044  0.07688617349425000  0.09226522977940498  0.10695203029965729
  0.12032215738981807  0.13289068929056705  0.14717010968848127  0.16525909922906698
  0.18254265955799673  0.19536283926288242  0.20552357408912367  0.21623022253367510
  0.22675234470613509  0.24161197315264316  0.25662211555137598  0.26520569114583253
  0.27032865674635165  0.27671991754128727  0.28358274396741440  0.29000605131914098
  0.29606568168581776  0.30299827960581804  0.31497440029473145  0.33060865013423718
  0.34736745267146518  0.36606129071780291  0.38440908924265815  0.39931156449508065
  0.41031017709827622  0.42127925424099738  0.43196343448378460  0.44240471191204045
  0.45643545519725159  0.47101351136881792  0.48505322887158481  0.49605659832679921
  0.50586151573659588  0.51513182154881376  0.52511707965736876  0.53856483058871729
  0.55249715107337427  0.56802107565899385  0.58259288348120686  0.59629146445030068
  0.60857078365824524  0.61926766621021934  0.62860562422731958  0.63620176709032861
  0.64252442979853097  0.65192927263965916  0.66232616046686998  0.67115877554847236
  0.68200383964270184  0.69176629412596602  0.69972509908855252  0.70698301578302880
  0.71497725471102769  0.72386418803037067  0.73293590647378171  0.74400289007508924
  0.75556063910469962  0.75901586349356731  0.76127646285289341  0.76504980295633818
  0.77109350651461128  0.77658101767709609  0.78181228593287611  0.78407861480994689
  0.78630361033201435  0.78901179098213103  0.79326945886753342  0.80110327078809029
  0.81147313831365830  0.82242295924562536  0.83349341697463541  0.84332140335843730
  0.85236045742499877  0.86170902126983184  0.87201942778185559  0.88280135758576495
  0.89461489930713634  0.90758675054395244  0.92100435520249679  0.92938107032653028
  0.93637794220483772  0.94318186485404598  0.94865016150055081  0.95483245115540605
  0.96166985209185463  0.97084764378322730  0.98343205889262153  1.00000000000000000
 -0.00270687675035033  0.01382020957912329  0.02738756650597374  0.04089063723240981
  0.05546921222744243  0.07024598765019720  0.07822732106593859  0.08338307372811901
  0.08899699550785736  0.09613728086138897  0.10243996971618936  0.10868852251168151
  0.11536929131270432  0.12179506858991813  0.12840709210384288  0.13605621930238904
  0.14315891467826034  0.14983304793192848  0.15697410281565505  0.16671843495707581
  0.17527153962844316  0.18520911697622428  0.19600686635097372  0.20729844135127279
  0.22100885222190261  0.23362479847994447  0.24764966748776124  0.26144825778543929
  0.27312541070764046  0.28322120276816454  0.29364185791995223  0.30578736989077304
  0.32386360051435276  0.34035367951952261  0.35236777908234324  0.36050559636328017
  0.36954598032521807  0.37996265639260157  0.39537467930989761  0.41567707122611464
  0.43227615151305654  0.44511270788810159  0.45798821164390185  0.47179292002267054
  0.48648217619509193  0.50140000984875865  0.51567846993027722  0.52733910626541047
  0.53844708873653502  0.54936685752619441  0.55958307413583541  0.56802610389361874
  0.57622718096294923  0.58865482981668804  0.60705251643952951  0.62720953370388866
  0.64673322707755987  0.66103117320420623  0.67219273799481227  0.68370104686537780
  0.69427649544146497  0.70434811082182347  0.71567652722223907  0.71962161853455897
  0.72153947155668141  0.72320339724901106  0.72652913142637487  0.73147804066174471
  0.73641315858421064  0.74014074346021363  0.74425017360127876  0.75636237787546290
  0.77110393031996805  0.78369652128675205  0.79063870990445717  0.79678544557701636
  0.80291315482067227  0.81100391744443334  0.81697255532759838  0.82252087391210171
  0.83007712036293868  0.84101230873323085  0.85838666942668862  0.87026685210390564
  0.87779579456236612  0.88312675745820179  0.89020633401242399  0.89782113830310450
  0.90711733948174866  0.92032916034069789  0.93321953794536072  0.94417837730703691
  0.95534173602896899  0.96719846463314418  0.98295453748328421  1.00000000000000000
 -0.00293673912815924  0.01200437085396732  0.02237380161445607  0.03147541539944339
  0.04042760874964167  0.05063763508556694  0.06203227346303014  0.07558205067345840
  0.09184512581294821  0.10387840213515584  0.10969519657972804  0.11535505535880203
  0.12074429170363635  0.12459111528482501  0.12996491042903549  0.13513994521995137
  0.13938997720298396  0.14373375717235479  0.15174141629990084  0.16329477818257324
  0.17275536412453860  0.18029055327096111  0.18748293124302404  0.19505047847505960
  0.20235721528583270  0.20929990203597520  0.21602892111320554  0.22616205650771845
  0.23994401327399423  0.25098536412077271  0.26064008594645871  0.27008691318257194
  0.27965097297203600  0.28836081069767866  0.29476917638768702  0.30126753619892954
  0.30713582266334244  0.31284175936549530  0.31811916858240047  0.32330536947361466
  0.32836116063476967  0.33507914109737319  0.34170219566538618  0.35002704414570351
  0.36037201402991603  0.37176213065184166  0.38199650608172625  0.39435351387116152
  0.40825769022151059  0.42397441294228017  0.44051101073165255  0.45744091632923511
  0.47467744318539878  0.49178606283041981  0.50566509638206614  0.51966478095345159
  0.53104176976393336  0.54067509622468790  0.55025262336151048  0.55996102190327368
  0.57079756034339724  0.58352133463762523  0.59682527536142704  0.60943074016943521
  0.62407360000457557  0.64074602611731246  0.65810334647593927  0.67625909586445254
  0.69196601316788475  0.70740428562186064  0.72152174666615332  0.73343452440288848
  0.74002463333975721  0.74730189562872862  0.75455403959801048  0.76093818272360580
  0.76827850316961510  0.77924973832950306  0.79518959449551951  0.81246502839950119
  0.82821178047001720  0.84322377067621512  0.85549741657753031  0.86587037857080895
  0.87594831692775665  0.88630240133015492  0.89738018935632125  0.91012160146094356
  0.92417029493292746  0.93234583892063239  0.93936839464355371  0.94622133814988585
  0.95415756653459405  0.96425803557448830  0.98369076705481318  1.00000000000000000
  0.10259023069523822  0.21195670133015354  0.31833672329027840  0.39728755765424484
  0.49721028047872012  0.56230098247195737  0.59873030241977077  0.62560846575281714
  0.64022195757203926  0.65206313250745518  0.66232139447718352  0.66884904727853278
  0.67540059617675019  0.68189181323649717  0.68761198432224302  0.69100868586048625
  0.69357358198322261  0.69589727547527958  0.69809622598321808  0.70047249315322235
  0.70274398176621289  0.70500877147629626  0.70749557327689483  0.71033172816617796
  0.71384348288419008  0.71754004488901590  0.72062768420249468  0.72403710688450984
  0.72721196811842570  0.73031104530172219  0.73327977569349700  0.73556042522477794
  0.73724354490064525  0.73877402132147429  0.74026233962203936  0.74180737146899878
  0.74394489247031614  0.74604035738353602  0.74800019208219226  0.75196342497524560
  0.75806193505327968  0.76483098832365881  0.77072902175093960  0.77525616829355526
  0.77952912116174244  0.78366395050209214  0.78773310636142690  0.79174791848597348
  0.79655448421565744  0.80104270815514400  0.80468805077674843  0.80810206254147188
  0.81129414971838043  0.81431426249216143  0.81692999579875725  0.82099761146848493
  0.82592386463401890  0.83104194348188043  0.83640042745566567  0.83990595610996610
  0.84304759014377395  0.84602145020386177  0.84874799353378494  0.85221460475083610
  0.85598056940283562  0.85972587723846994  0.86375354056937526  0.86842142138338407
  0.87363793277199386  0.87952416705654568  0.88570735585901150  0.89026876322451665
  0.89485467268556063  0.89843523481765264  0.90162983628150217  0.90501731497129589
  0.90883989453377501  0.91388151578398036  0.91809958833411953  0.91966504008885575
  0.92126448126424454  0.92296253385486504  0.92502848204728771  0.92722060514763494
  0.92927393924590107  0.93130597636620527  0.93301933475128096  0.93407240293255989
  0.93535176444378243  0.93804744857018185  0.94278062286073672  0.94881313980153981
  0.95558912402623897  0.96552805756012194  0.97934715907514691  1.00000000000000000
 -0.00375835963504838  0.20593587877107389  0.22375420244512259  0.23798769028129105
  0.26021470275749570  0.28092129483472233  0.29735744374171941  0.31504378217614698
  0.33193070677310921  0.34344374830362495  0.35265810407194237  0.36332732029822690
  0.37698071087744872  0.39151908418242259  0.40539079391440080  0.41956150549114635
  0.43551983536127931  0.45252153065409767  0.46941164077175923  0.48556132533039359
  0.49903836835775633  0.51044622278397433  0.52062963657382166  0.52913311877967173
  0.53816636997933254  0.54769568779561884  0.55583769759665036  0.56367843002325868
  0.57096785212209988  0.57753714646066423  0.58260415461217530  0.58768050515807635
  0.59275349423509149  0.59756393028578025  0.60158029887104680  0.60625215693195045
  0.61060220764903150  0.61499647475295116  0.61926251659907949  0.62298048397115136
  0.62742344591563259  0.63109835605457165  0.63380493796458826  0.63662757271545145
  0.63952290767774900  0.64293480582542784  0.64820881482693526  0.65175546765280301
  0.65390655044674251  0.65651698323808216  0.65905018633537560  0.66187959627680881
  0.66470940007899060  0.66713979926835187  0.66993947855005498  0.67287839397915661
  0.67513811124024747  0.68226343510610488  0.69069925094539997  0.69781224498872751
  0.70492408118620165  0.70977015484483730  0.71209864796376809  0.71467484817829030
  0.71728934781628861  0.71985218410389262  0.72240363326133317  0.72509191877989787
  0.72897154890584770  0.73481242516412693  0.73852584211047279  0.74180921996360827
  0.74535665885046642  0.75037515303618263  0.75514507162070454  0.75881027858307437
  0.76435203149786757  0.77051076600544099  0.77692021130990130  0.78395694841898078
  0.79101324970958198  0.79778687490549305  0.80311874951251028  0.80840406282263433
  0.81244474192094518  0.81696470238037810  0.82177198660693718  0.82760924625495669
  0.83915801348242225  0.84993881877663557  0.85907108792599285  0.86795872489566794
  0.87835663950724563  0.89229442906837886  0.91897866435850994  1.00000000000000000
   1.0538680253213364E-008  -1.0000000000000000     
 F F F F F F F F F F F F F F F F F F F F F F F F F F F F F F F F F F F F F F F F F F F F F F F F F F F F F F F F F F F F F F F F F F F F F F F F F F F F F F F F F F F F F F F F F F F F F F F F F F F F F F F F F F F F F F F F F F F F F F F F F F F F F F F F
  <DiscreteSampler_grid>
  grouped_processes
  1 # 1 for a reference and 2 for a running grid.
  10 # Attribute 'min_bin_probing_points' of the grid.
  1 # Attribute 'grid_mode' of the grid. 1=='default',2=='initialization'
  0.0000000000000000 # Attribute 'small_contrib_threshold' of the grid.
  0.5000000000000000 # Attribute 'damping_power' of the grid.
 # binID   n_entries weight   weight_sqr   abs_weight
    13   10   7.478510105956997E-002   2.169912422198302E-002   7.478510105956997E-002
    14   10   7.478510105956988E-002   2.169912422198295E-002   7.478510105956988E-002
    16   10   6.508593729489362E-002   1.355727862739100E-002   6.508593729489362E-002
    17   10   6.508593729489345E-002   1.355727862739092E-002   6.508593729489345E-002
  </DiscreteSampler_grid>
