  0.00007132145947770  0.00007292900467103  0.00007509037220443  0.00007751062020959
  0.00008020493529498  0.00008321785154513  0.00008658589384333  0.00008961149323047
  0.00009165724023303  0.00009232833838968  0.00009246970082063  0.00009251466277455
  0.00009254228566707  0.00009255550825643  0.00009256240472337  0.00009256779637891
  0.00009257205433487  0.00009257518800199  0.00009257769574344  0.00009257950554915
  0.00009258111245410  0.00009258249206544  0.00009258341115647  0.00009258425011757
  0.00009258504394923  0.00009258574484516  0.00009258640519793  0.00009258699569048
  0.00009258757222672  0.00009258809279010  0.00009258861335348  0.00009258913272667
  0.00009258965184810  0.00009259018810616  0.00009259074576914  0.00009259133458274
  0.00009259202863401  0.00009259276612081  0.00009259360765527  0.00009259452932837
  0.00009259555194894  0.00009259680202292  0.00009259860811333  0.00009260070536079
  0.00009260336483248  0.00009260681054097  0.00009261145619845  0.00009261876698983
  0.00009263059697438  0.00009265136437405  0.00009268606455275  0.00009283981292156
  0.00009365331330503  0.00009643445795678  0.00010168766688493  0.00010777826394712
  0.00011568867777552  0.00012655853816802  0.00014060515257377  0.00015909427449729
  0.00018287717221938  0.00021228951041125  0.00024570169914777  0.00028425403396596
  0.00033076707275371  0.00038596072936291  0.00044936072692622  0.00052110629007908
  0.00060603039391610  0.00070999744643107  0.00083424788922372  0.00097136302335340
  0.00111195797938921  0.00125314818024176  0.00139004857192794  0.00155022285646658
  0.00170625063468632  0.00187613983912638  0.00204503572429167  0.00223215383445820
  0.00244835812240709  0.00269887395444013  0.00297239730224667  0.00319511572631645
  0.00342279801775604  0.00369596589013198  0.00395423102511658  0.00429536182660274
  0.00472927075837870  0.00528088883592030  0.00596829602275151  0.00672338510826438
  0.00797365537524145  0.03860417951845256  0.12950155407455680  1.00000000000000000
 -0.00830340995089864  0.03076289386661083  0.05628239963576658  0.06976040548651162
  0.08206931161725217  0.09443655073818584  0.10518672184212628  0.11667500925417743
  0.12778549697620414  0.13872248351248237  0.15016578018992036  0.16202171147237360
  0.17398046496035299  0.18580589102002826  0.19741627352507629  0.20836520797714411
  0.21848780072438853  0.22863451294701043  0.23812560226376414  0.24794081428864168
  0.25888064473760708  0.26937212136431654  0.27859593399967936  0.28636243024228031
  0.29371917037122591  0.30150184704138278  0.30944818257130069  0.31980972873735986
  0.32934084155487275  0.34087066875636363  0.35294352595690393  0.36474932525898007
  0.37593807940792162  0.38678701807214927  0.39771623703214254  0.40887378309355749
  0.42037113902673495  0.43248059688482149  0.44527914471921720  0.45826045461879422
  0.47044824945765423  0.48254477185169364  0.49426349358314886  0.50636242046162583
  0.51884173254177779  0.52968687979300200  0.53810957481321975  0.54604337807024272
  0.55337942370358484  0.55986291707428237  0.56700894675861369  0.57735331101038467
  0.58749867038383807  0.59506684475664029  0.60305511208565032  0.61293039788538972
  0.62381261496205875  0.63421775477363862  0.64401713913346759  0.65364486419011159
  0.66313449543912439  0.67367118367729339  0.68631379716649188  0.70005356319465828
  0.71268379995326148  0.72423658560529025  0.73307009308871751  0.74021734788344895
  0.74783727067101036  0.75675358396859238  0.76631511364945304  0.77577829745861115
  0.78409503332717956  0.79306027224015618  0.80416312071307816  0.81469365612169065
  0.82447992396715575  0.83436776593600492  0.84509775159410883  0.85720568512954154
  0.87006479225505695  0.88171691342791014  0.89116280008238224  0.90003438490630527
  0.90955827029400294  0.92006694310897363  0.93179462846812877  0.94368804137702844
  0.95418939746249520  0.96478043291528315  0.97432848907269698  0.98243274308915252
  0.98849818199712558  0.99310969046981357  0.99700825057346809  1.00000000000000000
  0.00000084182096972  0.00000220278425931  0.00000308664031679  0.00000428239641339
  0.00000626291295188  0.00000857652651605  0.00001102095295617  0.00001369649245666
  0.00001686527075930  0.00001991124391952  0.00002250120909592  0.00002508064602707
  0.00002764225625688  0.00003048284536542  0.00003343579639043  0.00003649091275942
  0.00003950316129609  0.00004251782881114  0.00004558741062485  0.00004850544528110
  0.00005155713618770  0.00005479152097779  0.00005793390215106  0.00006085061005249
  0.00006355570104448  0.00006669442357900  0.00007035337367787  0.00007385242564644
  0.00007810253788500  0.00008258374622138  0.00008718177826643  0.00009210025955372
  0.00009740217067608  0.00010305247673256  0.00010906071349688  0.00011531749928433
  0.00012153107078160  0.00012870479321079  0.00013610398059819  0.00014262074551856
  0.00014825973700197  0.00015377181625885  0.00015980928239752  0.00016622501838936
  0.00017166602317010  0.00017711212570527  0.00018407555203556  0.00019172083611288
  0.00019992988458024  0.00020849656154768  0.00021707099099134  0.00022568365059021
  0.00023606401583768  0.00025126847650519  0.00026430232230345  0.00027741918099005
  0.00029096918113141  0.00030484713880874  0.00031858480113054  0.00033149950156664
  0.00034717907843413  0.00036571580432421  0.00038567090713906  0.00040601688974702
  0.00042681001380779  0.00044839740611224  0.00047106201315045  0.00049385915972335
  0.00051627072300930  0.00053961036018885  0.00056442881070826  0.00059147292889938
  0.00062552853929373  0.00067190082099991  0.00072999723461632  0.00079709679806694
  0.00087389900629652  0.00095094665340325  0.00101985368036099  0.00108949716697978
  0.00116251338237924  0.00123658420664479  0.00131550910618116  0.00141104164987194
  0.00150056538181357  0.00164303787088927  0.00181241923166041  0.00200815446549291
  0.00224165357075858  0.00253155762893746  0.00278494091401637  0.00319586461795269
  0.00471880100770543  0.00707615074466272  0.01639714677386114  1.00000000000000000
 -0.00159214634540377  0.00654546820657292  0.01531847288917499  0.02324279893461461
  0.03050645256849264  0.03799922848346932  0.04627473989712413  0.05540947524915334
  0.06574289475287336  0.07596837183012657  0.08525676343815669  0.09498090603366863
  0.10396386894695459  0.11146824694896444  0.11911094912976518  0.12645090810386264
  0.13321982076964570  0.13945581300102022  0.14728213621224820  0.15629226136623239
  0.16533388089704701  0.17453793050605004  0.18459171035571875  0.19520036593427251
  0.20630758743127270  0.21695634740105108  0.22684866027194314  0.23654469633629996
  0.24664359712026387  0.25746886241242889  0.26868368062993525  0.27825238039927563
  0.28532462744822051  0.29205532556321134  0.29802733469213122  0.30318187915316364
  0.31035210260373930  0.32014515641068841  0.33074992167306860  0.34126812326306782
  0.35164355394422897  0.36211941733284903  0.37357289929995013  0.38605244403676470
  0.39869171737763287  0.41062783796185243  0.42132212441113059  0.43068884490703185
  0.43970317464398939  0.44939283771000643  0.45968386272350131  0.47013224053920327
  0.48106224944268511  0.49182941200240526  0.50217083537025609  0.51320208363429320
  0.52462904401164900  0.53480193187414915  0.54507165693483306  0.55544241088388002
  0.56529251554119786  0.57612921790329774  0.58864225692739547  0.60242248681161192
  0.61766733992346412  0.63225120870098539  0.64559985758092553  0.65665433771166337
  0.66683658523130673  0.67759230721406516  0.68910409335782485  0.70253915561452085
  0.71686843786386678  0.72983558522345937  0.74113493448230927  0.75167011151006657
  0.76253210976089558  0.77416332455095993  0.78644574406511780  0.79923884891478281
  0.81248077244754779  0.82596718142386361  0.83848809591856077  0.85055213161956700
  0.86279656786218228  0.87642787370507835  0.89266277596562815  0.90643511745874950
  0.91965299896755148  0.93319202620893893  0.94580201393826768  0.95634743095108077
  0.96464085736468819  0.97447355140572411  0.98677429983636533  1.00000000000000000
 -0.00191430329845189  0.00776636249847614  0.01882080961797634  0.03027351844091991
  0.04105941377262078  0.05118489317603733  0.06052232571424851  0.06804595113815642
  0.07558906679569362  0.08352987239974995  0.09059093986380592  0.09737424069120809
  0.10450628150882216  0.11347575099387162  0.12361957805579360  0.13407331675446241
  0.14439473458724209  0.15546230916625761  0.16898421636174185  0.18133427788493692
  0.19270261135999570  0.20296821801553708  0.21186415182832899  0.22232958569594466
  0.23351633335303759  0.24510571935073708  0.25757617405722094  0.26998765945652886
  0.28197552869707715  0.29357133933960722  0.30486262807296050  0.31557392488640995
  0.32580688268271596  0.33539585393280247  0.34454204716647419  0.35446785985085594
  0.36558921424091795  0.37711492267756469  0.38883692136234621  0.40053459502722599
  0.41141455763681645  0.42141549981556309  0.43087891098618830  0.44052698830645337
  0.45016746946429409  0.45922832421748205  0.46731931495099993  0.47599921748503332
  0.48717799487630925  0.49887822017169725  0.50993397942823648  0.52055125546735015
  0.53160067717231785  0.54343374627235452  0.55597370563225312  0.56900092483286102
  0.58182644722015908  0.59445660378347975  0.60701822880828382  0.61934043230168934
  0.63086443855587848  0.64200693232998562  0.65321102213154059  0.66409445323227856
  0.67402030606876906  0.68368104791312612  0.69194842328416339  0.69927911142682708
  0.70635561789058565  0.71437608142935893  0.72483064301030731  0.73617569320164022
  0.74723178994212824  0.75831514005165668  0.76951263947232418  0.78086270145017656
  0.79187624467856732  0.80221239012977708  0.81228395832699896  0.82207017903916835
  0.83177878069614597  0.84194303017297789  0.85221832589278257  0.86293540175704375
  0.87414693813340061  0.88559629528964379  0.89793851247599088  0.91099087128548228
  0.92301726829029773  0.93503822853819762  0.94706474226260262  0.95903177354170899
  0.97117401448372709  0.98103398620059179  0.99083891344740671  1.00000000000000000
 -0.00328825076546271  0.01038671440071334  0.02086917299669527  0.03016355878979130
  0.03820208568870086  0.04611411956596737  0.05481971817609746  0.06552567390747953
  0.07619240344869067  0.08476534720365850  0.09373068565680186  0.10097518934432571
  0.10816179584558415  0.11482955430986651  0.12234776677671146  0.13222064381623092
  0.14432330230242060  0.15740275124423228  0.17022644617799307  0.18260305581872149
  0.19473981940107538  0.20714708262726958  0.22016817046515127  0.23319362572581470
  0.24561536697266406  0.25753715600824084  0.26908120467318070  0.28033825539695834
  0.29078395063452595  0.30032756931393090  0.31031497025502891  0.32102082339560628
  0.33165410968004438  0.34290492589345872  0.35571247688058016  0.37009073520073205
  0.38493699204201987  0.39971110744780425  0.41548483363971317  0.43158943766819680
  0.44689995855171138  0.46180263607937383  0.47638840389286891  0.49160340126488311
  0.50609029267657257  0.51859359234410596  0.53048864244764027  0.54249232273977621
  0.55424357806557412  0.56544304103971177  0.57739884438848210  0.58859583890276912
  0.60057140537803966  0.61345623102442681  0.62667425585809566  0.63931765968618481
  0.65098906372966625  0.66247804060631066  0.67371441739652949  0.68290750150971857
  0.68907296743873103  0.69708614631821242  0.70536954559156329  0.71348808888778570
  0.72146937878949968  0.73115466317317679  0.74285523881340654  0.75460602984856384
  0.76419606808847040  0.77274116733759790  0.78129205608853514  0.79023104893813700
  0.80022344534724688  0.81095575227027017  0.82255626312347363  0.83307785459543993
  0.84225982241615061  0.85162227291490211  0.86101142206680736  0.87143774815824571
  0.88208524814309042  0.89246786026261349  0.90220187219331782  0.91207499141944326
  0.92207622694149827  0.93110375253522215  0.93903349705349715  0.94596440644216273
  0.95169826470398289  0.95771309533242444  0.96393099656317638  0.97098368991280681
  0.97889721838522892  0.98652989298332039  0.99348143939246814  1.00000000000000000
 -0.00185226294167527  0.00764286207338248  0.01844296022660094  0.02734754337889196
  0.03876717443913742  0.05025744358487912  0.06166359037909674  0.07259698589743949
  0.08318066509507303  0.09351254798569385  0.10322781232219604  0.11232513468796353
  0.12172881339728336  0.13237517117118891  0.14510956511065198  0.15849192028619449
  0.17037261031699555  0.18142118740030541  0.19296983273609081  0.20477728943106432
  0.21598254432627506  0.22676682742540213  0.23790603420725101  0.24993315201894822
  0.26292634970332485  0.27653091969278998  0.29015250167259266  0.30303456772814708
  0.31446119685038260  0.32484091837630769  0.33455526569452115  0.34399190001646723
  0.35412627361283916  0.36467750466177951  0.37633361321529568  0.38943546233192394
  0.40211424720681810  0.41460034099279469  0.42533464471266968  0.43434877077961764
  0.44352040441435520  0.45310796530631636  0.46448053760148306  0.47383450464291882
  0.47932275162219051  0.48741472625264454  0.49639846327571019  0.50312515092520294
  0.50959280357626902  0.51835141336926960  0.53220642687330189  0.54483605060810192
  0.55594960158236528  0.56673048250094460  0.57663456361472076  0.58690979776447672
  0.59831153659846148  0.60940786793614943  0.61960035140001435  0.62851135940700720
  0.63750512103099877  0.64616754693843070  0.65416817022682994  0.66409212034070664
  0.67506378376034026  0.68557542115047609  0.69570890699032750  0.70426523914873451
  0.71028807647694914  0.71786996557531069  0.72639278205832136  0.73557234169759167
  0.74406244315098946  0.75399039126753420  0.76640920771946153  0.77983944249802706
  0.79298362757345608  0.80529465152639668  0.81680127138436043  0.82790111378449216
  0.83917272125758524  0.85093325320871571  0.86250281747979052  0.87709700629257403
  0.88821786769616484  0.89717415328625272  0.90619722728083751  0.91484402198826442
  0.92413226369047385  0.93484620919204253  0.94559910924777846  0.95628625499380593
  0.96649407933665776  0.97693892357623580  0.98796441018126013  1.00000000000000000
 -0.00138189377292206  0.00666211184647284  0.01522228155264324  0.02353926633314465
  0.03240990230047578  0.04141422464708810  0.05065428646512627  0.06039304641384166
  0.06990502659195007  0.07854077040333535  0.08733934022936073  0.09746566895871411
  0.10963470035020503  0.12192329262000580  0.13265176164774767  0.14127148817474830
  0.14973821911771243  0.16104858314289419  0.17285591355329855  0.18491049045068497
  0.19617609533439750  0.20622092459727753  0.21570946679589770  0.22385803132121401
  0.23116584088899836  0.23887570094936986  0.24697817813270731  0.25562102412029081
  0.26510514631668974  0.27483076628457859  0.28582615493890773  0.29789299815479364
  0.31046942918451437  0.32321296342902373  0.33607905901342622  0.34837406161543910
  0.35994550897475075  0.37190514025314164  0.38381163861613027  0.39631022462470000
  0.40876502154852190  0.41975756855079327  0.42942564859173349  0.43928007760696952
  0.44917344826146194  0.45725938716317976  0.46537320531182574  0.47334734872308104
  0.48111473506807623  0.49168170034466852  0.50414699956859954  0.51616512799466385
  0.52756804460731055  0.53937052904574978  0.55212642565069425  0.56261254293252849
  0.57072327163184955  0.57847200482046701  0.58683432104521938  0.59578733484131663
  0.60629384567490674  0.61854475161857236  0.63182013693305250  0.64480951353448634
  0.65831930544360406  0.67196054955022688  0.68514376895253903  0.69782860200893504
  0.71041295697935258  0.72267581917828716  0.73372422257589220  0.74339920771071477
  0.75256179799915068  0.76159290736604268  0.77153498205160997  0.78288166803358761
  0.79417254351981137  0.80523517737630823  0.81653238888918356  0.82801690578338416
  0.83943352827759776  0.84990938474714739  0.85946273700182829  0.86905622072394939
  0.87868046384918219  0.88899121552800697  0.90054209189541079  0.91172453647579754
  0.92249299344993696  0.93229605439319541  0.94188412642496933  0.95136706088197209
  0.96114015908690664  0.97231638615516902  0.98553383914800907  1.00000000000000000
  0.02006599104138523  0.27373592184880441  0.47709386696338180  0.60246988028786264
  0.63545438997480685  0.64639588675005277  0.65159913906006628  0.65549431678154912
  0.65934637002231533  0.66337232580489769  0.66665248686886602  0.66978603570482964
  0.67316984112462197  0.67668270635085226  0.68002355920122282  0.68300560501991237
  0.68560073397642218  0.68789285694371161  0.69008801100265105  0.69221798163219594
  0.69479580335085356  0.69792186240986986  0.70124945960487617  0.70439032946016578
  0.70731777815570307  0.71044102519976904  0.71369981537578064  0.71681742455187980
  0.71995155837602154  0.72308167081750541  0.72618219011836882  0.72924945158463017
  0.73231054290555786  0.73496187480040398  0.73769351156078666  0.74060266661111873
  0.74335570245650506  0.74623157410797714  0.74930905768327638  0.75260450102834342
  0.75589712952123500  0.75904784067093156  0.76204557691561581  0.76500964731512777
  0.76822636315389703  0.77175720001558124  0.77531783048725345  0.77876065837105879
  0.78208916106567428  0.78543791713711519  0.78887028812602744  0.79220197709808515
  0.79562394556878224  0.79910827040404042  0.80257269875017956  0.80602294090083082
  0.80951943270947779  0.81310668221964388  0.81679416564207608  0.82054333241961197
  0.82419335917799930  0.82750268763180646  0.83070635613544419  0.83383701200648130
  0.83703355859109729  0.84059696536781381  0.84447357797420453  0.84816975229680724
  0.85151324228808978  0.85481865791292577  0.85837567085322930  0.86208994744163081
  0.86582809265215532  0.86960326751396666  0.87353358696112116  0.87767069730993785
  0.88186603469434832  0.88606726602931707  0.89057586077718465  0.89533914905327494
  0.89949099508154751  0.90287918674673417  0.90632289763880736  0.90990573567145350
  0.91366508502945698  0.91779167846359910  0.92081257370639236  0.92570046485651081
  0.93099238466762857  0.93689937914333055  0.94330943621757746  0.95062425125238148
  0.95819730249635249  0.96764097365437718  0.97999319900287540  1.00000000000000000
 -0.03615731944275144  0.15281350341753669  0.24398348788778165  0.27533173542963341
  0.29343125819300381  0.30970892488791590  0.32302018940031435  0.33627012526727573
  0.34866612347340936  0.36144739623850619  0.37671023126149994  0.39034615949145673
  0.40163968255641341  0.41202645210391242  0.42251393447307634  0.43191356812509379
  0.44088298386887742  0.44971875915234327  0.45912156193272402  0.46868487963256211
  0.47727331617163915  0.48514999497180361  0.49279604211385941  0.50006466930327553
  0.50610291596065438  0.51190179119368240  0.51777806003488724  0.52361537520459522
  0.52923630952317657  0.53479853148200418  0.54016802550742338  0.54530449392882718
  0.55071473366471602  0.55669075987766237  0.56179627187422143  0.56743670059466378
  0.57274446179943816  0.57759180918530839  0.58242281709071031  0.58767610443676044
  0.59270914476823189  0.59857212584148545  0.60420121477888811  0.60961455688050403
  0.61526121023137037  0.62104503986606097  0.62717702933089625  0.63374234958559106
  0.64014298078269138  0.64592014172535228  0.65141110819605208  0.65655984365789111
  0.66163108704156393  0.66693474596107494  0.67175579740243241  0.67671642234278373
  0.68191954137898658  0.68682801703431151  0.69155313234555460  0.69622773897732648
  0.70110428060968810  0.70604376204192398  0.71095098387085565  0.71616430118755747
  0.72162707560436512  0.72650926170521180  0.73128435713210771  0.73597191794441874
  0.74093198579765729  0.74613228495697903  0.75126721758578385  0.75598017619432434
  0.76003200599354193  0.76360725917983074  0.76734343254513049  0.77162488084793102
  0.77633871953203226  0.78138271633754530  0.78662515481555750  0.79188745182524667
  0.79730949104878812  0.80319968337118064  0.80840190574332138  0.81319311337825473
  0.81790149844471371  0.82306824715569782  0.82865019405054496  0.83447604508229367
  0.84130607996749307  0.84878681269947442  0.85685599229460474  0.86552336507035321
  0.87651674455920026  0.89000588577925521  0.91149703567543183  1.00000000000000000
   3.3582582313219141E-010  -1.0000000000000000     
 F F F F F F F F F F F F F F F F F F F F F F F F F F F F F F F F F F F F F F F F F F F F F F F F F F F F F F F F F F F F F F F F F F F F F F F F F F F F F F F F F F F F F F F F F F F F F F F F F F F F F F F F F F F F F F F F F F F F F F F F F F F F F F F F
  <DiscreteSampler_grid>
  grouped_processes
  1 # 1 for a reference and 2 for a running grid.
  10 # Attribute 'min_bin_probing_points' of the grid.
  1 # Attribute 'grid_mode' of the grid. 1=='default',2=='initialization'
  0.0000000000000000 # Attribute 'small_contrib_threshold' of the grid.
  0.5000000000000000 # Attribute 'damping_power' of the grid.
 # binID   n_entries weight   weight_sqr   abs_weight
    13   10   2.055240642657057E+000   2.025837482174604E+001   2.055240642657057E+000
    14   10   2.055240642657061E+000   2.025837482174612E+001   2.055240642657061E+000
    16   10   3.892028296163413E+000   7.746887164056187E+001   3.892028296163413E+000
    17   10   3.892028296163420E+000   7.746887164056216E+001   3.892028296163420E+000
  </DiscreteSampler_grid>
