 -0.00153882411578279  0.00536247148366833  0.01300559335892411  0.02190807274808316
  0.03180851400877636  0.04182126877174866  0.05225059154815915  0.06390192977680313
  0.07657017047778371  0.08951405379137486  0.10204178749944015  0.11363105133413570
  0.12425794188287070  0.13481439433667483  0.14616631120541634  0.15768760875460047
  0.16845841664406808  0.17876302756217591  0.18855080576987721  0.19835445203779739
  0.20891025244705042  0.21917628705968811  0.22915060425823458  0.23897443778281244
  0.24816434284184782  0.25717489987988507  0.26644530486153728  0.27783775222404788
  0.29189827682452091  0.30454193112433248  0.31531634834985361  0.32540701535001987
  0.33531240352997338  0.34465793934715472  0.35609947233791200  0.36650057774399109
  0.37580094105126416  0.38465283704620523  0.39310036806286364  0.40095714290274637
  0.40905161984525634  0.42021979654503000  0.43321572840569106  0.44598678549387327
  0.45883474061544888  0.47130827878842302  0.48215395671650552  0.49182643039711632
  0.50125964867019768  0.51026688275768917  0.51915238821381471  0.52845391754461590
  0.53799720814841390  0.54940274371464748  0.56151423011955848  0.57315600896872321
  0.58429842035858892  0.59510720118343785  0.60579971278360512  0.61734231563386854
  0.62874541046611243  0.63972217488916183  0.64987790758104935  0.65960162389006027
  0.67033490596876844  0.68118867517012482  0.68899564723991957  0.70060758122154887
  0.71165854787865512  0.72189165061629834  0.73184762433043127  0.74167205462915864
  0.75099106084214906  0.76319850751314955  0.77692029773786786  0.78767861615762946
  0.79777907036416007  0.80771222334112891  0.81719147293555083  0.82695197898411721
  0.84057617733622303  0.85237083423092841  0.86178648866292062  0.86993931570888738
  0.87874472767819922  0.88812614349975161  0.89758087995687952  0.90684520658437884
  0.91639427685132424  0.92654082414269212  0.93833897480202322  0.95153730614006637
  0.96361830488972400  0.97549077397798112  0.98713224945828337  1.00000000000000000
  0.00007095072637433  0.00007428712028593  0.00007800549324731  0.00008140541075326
  0.00008474067100809  0.00008853161562717  0.00009166963344844  0.00009235384319449
  0.00009248932734254  0.00009253146626014  0.00009255121731408  0.00009255909411706
  0.00009256568993796  0.00009257083082715  0.00009257475760707  0.00009257732734566
  0.00009257968169670  0.00009258121917111  0.00009258245591958  0.00009258357924872
  0.00009258453527185  0.00009258546554301  0.00009258619977605  0.00009258693186575
  0.00009258759325651  0.00009258822465910  0.00009258885586999  0.00009258948568589
  0.00009259011550180  0.00009259078606893  0.00009259149234729  0.00009259224806499
  0.00009259318525942  0.00009259418073092  0.00009259531006372  0.00009259656307707
  0.00009259820610434  0.00009260054175783  0.00009260321061135  0.00009260726807595
  0.00009261239852693  0.00009261854430394  0.00009263235346558  0.00009265883175231
  0.00009271328876965  0.00009290143142058  0.00009394109191340  0.00009758837654905
  0.00010308871592731  0.00010915361865872  0.00011778449998722  0.00012960807451159
  0.00014285729183837  0.00015877980310365  0.00017871263645869  0.00020438236135094
  0.00023498250436997  0.00027113752306030  0.00031148235458823  0.00035193164965270
  0.00039399497790958  0.00044055769975463  0.00048961706225162  0.00054023182684606
  0.00059399664291306  0.00065638466232687  0.00072675922756820  0.00079627264604169
  0.00086247816876201  0.00093110158098546  0.00100305509043707  0.00108511039482253
  0.00117820425925578  0.00128042255602754  0.00139841148466509  0.00152595854462495
  0.00166478317033092  0.00181469998380734  0.00198287667270772  0.00217842609069302
  0.00240620684950139  0.00264159293632389  0.00285586995020834  0.00307712898049624
  0.00329568822929518  0.00355962178757801  0.00385417651460658  0.00420781971012664
  0.00462834007271300  0.00503146515359491  0.00548421928943033  0.00593856146787597
  0.00652997143854397  0.00729740806190382  0.20346179732759156  1.00000000000000000
  0.00000077074717143  0.00000341191052242  0.00000515295762488  0.00000698023558049
  0.00000884895271962  0.00001068760410506  0.00001346861380118  0.00001628296673820
  0.00001909627413248  0.00002198931240302  0.00002491848065839  0.00002774648509110
  0.00003040783575317  0.00003300155260156  0.00003542238778528  0.00003752992312314
  0.00003967523850970  0.00004189798114062  0.00004384553997536  0.00004561956683712
  0.00004756696331191  0.00004984307617628  0.00005247210237030  0.00005540222936058
  0.00005819974420472  0.00006095958678046  0.00006366844095975  0.00006617771838342
  0.00006860571936218  0.00007113580324975  0.00007393352193636  0.00007764311703994
  0.00008153334754835  0.00008559505459648  0.00008951508563767  0.00009307414678433
  0.00009675739351833  0.00010069569935813  0.00010454845555671  0.00010815316827786
  0.00011264630497114  0.00011835444450930  0.00012492591069857  0.00013214900073442
  0.00013976178716351  0.00014761635796034  0.00015575708158687  0.00016317280788088
  0.00016960454022273  0.00017614274065895  0.00018425551781682  0.00019375102658396
  0.00020305247125721  0.00021208852826661  0.00022123091646138  0.00023056110124902
  0.00023968661393140  0.00025003137883055  0.00026413661279895  0.00027982109948171
  0.00029488200088833  0.00031003913151277  0.00032359058652996  0.00033653437636977
  0.00035128379581748  0.00036961296352864  0.00039013114937456  0.00040719530479190
  0.00042172631241402  0.00043787700594302  0.00045539137054786  0.00048006888930854
  0.00051098750175542  0.00054173878341035  0.00057417705902356  0.00061195166617112
  0.00065339787982364  0.00069765248663505  0.00074370936566586  0.00079114405692005
  0.00084309533489891  0.00089325181010834  0.00094646936689945  0.00099778118723504
  0.00106986625923810  0.00116572101942127  0.00128817906308094  0.00143034378636581
  0.00157231090060283  0.00171866580843111  0.00190695812680957  0.00216116881973245
  0.00270103316355393  0.00360000231138797  0.04436469490991066  1.00000000000000000
 -0.00165365038264941  0.00578983708755723  0.01607677782562319  0.02519726533793023
  0.03376110842047624  0.04302419107236347  0.05389018416893520  0.06565068808719156
  0.07745840739920021  0.08914705075354103  0.10088107652815029  0.11276892871654176
  0.12442223091560890  0.13529247461310115  0.14557120151275721  0.15537246955958281
  0.16575793726378213  0.17801309504247942  0.19196914378221303  0.20507752515288222
  0.21551052268827492  0.22496307488172074  0.23453675865726151  0.24571126783756964
  0.25539192045873038  0.26399529473695943  0.27318677031041128  0.28423501240255405
  0.29375089442270180  0.30253000667509955  0.31245408141348591  0.32131362831662064
  0.33332666700737268  0.34739673432635326  0.36075971546785474  0.37478250732795132
  0.38918749713670087  0.40326233919288901  0.41739779602722382  0.43052187757915011
  0.44375199966834172  0.45708208481042656  0.47014032359552238  0.48359019465759195
  0.49655597314832439  0.50876712382238376  0.52091721715008699  0.53199621227672533
  0.54247187978126399  0.55278579977132614  0.56315882221081837  0.57567404502656427
  0.58796513148843876  0.59903703912926209  0.61103378435098488  0.62347885863021146
  0.63501905033634909  0.64453034589624281  0.65436103017837677  0.66429762682396187
  0.67386818677342908  0.68407685611158131  0.69542485220170303  0.70693280809086434
  0.71820574445289831  0.72893116363712329  0.73976416395831490  0.75098309728667245
  0.76222129731683907  0.77375220727350091  0.78566492371530616  0.79671698939595181
  0.80793413906550482  0.81954280486686160  0.83034464710605260  0.83937938932705602
  0.84742792926221400  0.85529106472286609  0.86299779644151609  0.87116354536890039
  0.87983633381530613  0.88817457304449432  0.89602912525421097  0.90302669884944897
  0.90918670907329102  0.91565010696469529  0.92186045108709458  0.92945073790833610
  0.93785061029759753  0.94720865356961625  0.95677246040524777  0.96586373436786754
  0.97452665010308370  0.98308654383698935  0.99161679533050073  1.00000000000000000
 -0.00207902450288511  0.00769618485326355  0.01868390541780331  0.03002086622305940
  0.04208070731191906  0.05418601425248828  0.06579599662601401  0.07666621040618429
  0.08692176812130049  0.09711288111660335  0.10799530374167922  0.11964133900302430
  0.13068884032205491  0.13983077699386828  0.14846251102755750  0.15764808154170565
  0.16641848390163244  0.17523218451047451  0.18596273631751414  0.19741767523962614
  0.20872269849546574  0.21942227903346917  0.22985514678731417  0.23874400356967682
  0.24687839651928195  0.25618716179621198  0.26492762636092182  0.27411332470477551
  0.28494459462550070  0.29760865681616938  0.31101393619733853  0.32276914364123910
  0.33302788202706235  0.34331183061681314  0.35211041020573802  0.36123421243851994
  0.36998459080577900  0.37863838995188603  0.38824956336095834  0.39838011733551282
  0.40902598550709740  0.42018169357583474  0.43133400604822197  0.44275067704788612
  0.45543552623792966  0.46844545100880342  0.48134445243935042  0.49356337602854378
  0.50544229495782056  0.51566587935175257  0.52462026368804660  0.53386028864264112
  0.54253582563989600  0.55073460866040402  0.55958901764557534  0.56962181065596185
  0.58065271819450059  0.58980903980729937  0.59836608135111002  0.60803919635386383
  0.61819023692210384  0.62876051798295118  0.63964687181824020  0.65189233133726809
  0.66508996044263258  0.67686514054833780  0.68783656385546343  0.69852960876407977
  0.70939850541362404  0.72194038608779243  0.73489619633366909  0.74643587215071916
  0.75721802517768877  0.76741166227792390  0.77797630674915474  0.78866351555624115
  0.79980417178849073  0.81212269156579375  0.82328295282759556  0.83375752310029849
  0.84431694808106683  0.85443934437899094  0.86343080048240173  0.87173722852256785
  0.88055400270944340  0.89012145760050210  0.89953323870091417  0.90766396079776290
  0.91598906199942409  0.92592094451975504  0.93764736276143235  0.95014938431770690
  0.96292100122006419  0.97588753076311141  0.98859654531587704  1.00000000000000000
 -0.00284385780581234  0.00994596951384514  0.02066312456677519  0.03054824659497393
  0.03975615148768192  0.04847566578815878  0.05676920402101418  0.06393471930108377
  0.07047793933223842  0.07845392866139446  0.08640184401284783  0.09414458841403067
  0.10248875775180326  0.11232442995922029  0.12344934594234985  0.13519759953166122
  0.14711884821075569  0.15701529018410090  0.16602077720446884  0.17471841161538212
  0.18455601684888268  0.19484665763123898  0.20437816112256266  0.21400621603258549
  0.22414063509860793  0.23393384512019108  0.24367727829815819  0.25337660165772274
  0.26318030281285471  0.27337580389405147  0.28375276092823071  0.29334634494508027
  0.30311659666805463  0.31324703470242782  0.32372650239329193  0.33458886321680553
  0.34513557573786929  0.35481176617036686  0.36427529819542614  0.37388752255292412
  0.38516064841212627  0.39647016869588353  0.40816857228708686  0.41861344055318944
  0.42686519335627382  0.43506590521166127  0.44192570922228031  0.44876507566891777
  0.45864555819154817  0.46819402148723510  0.47445421588237868  0.48248658663300342
  0.49094872358192831  0.50103619553176482  0.51311814851870863  0.52459445634746382
  0.53550877565237409  0.54632359720806967  0.55723216795017949  0.56924245918369354
  0.58097805695772520  0.59206701413201190  0.60292086442651294  0.61399107572035283
  0.62456545976392197  0.63440052415639425  0.64484328341942676  0.65609201176696486
  0.66644325391627091  0.67812433730385124  0.68954806530977231  0.69776210514562564
  0.70440859645085718  0.71293333502604594  0.72347447774879725  0.73525591803055801
  0.74766897048576142  0.75826396694923670  0.76740358840785516  0.77662486673744169
  0.78742846873637717  0.80129370672465783  0.81637139892704613  0.83128860874684407
  0.84545104468434262  0.85877644926025365  0.87177550808533011  0.88598014502126765
  0.89964588283203895  0.91339836709980782  0.92742793366852572  0.94161529922220077
  0.95604063257547400  0.97061940121798107  0.98527986719464100  1.00000000000000000
 -0.00378467154584699  0.01160327790748336  0.02557372195347591  0.03799556943528854
  0.04893588176791407  0.05890403601250310  0.06882825031112180  0.07882461878423444
  0.08949992697679444  0.10145498538273223  0.11308108927217005  0.12459758388466793
  0.13633851848766690  0.14874259035972121  0.16153485537699824  0.17336809028373984
  0.18407698426698926  0.19395620302927297  0.20325341111817763  0.21332303760935242
  0.22476366382579582  0.23721377491768761  0.25001174220797534  0.26255738408391005
  0.27451599179316272  0.28657143049895190  0.29971831808743632  0.31271614629757927
  0.32478852979486966  0.33582195233968842  0.34619161511317437  0.35621916206477761
  0.36597103387459934  0.37536996530762962  0.38478646650878812  0.39438912940900772
  0.40322566290900325  0.41230394664791642  0.42103381512936211  0.42935149122161209
  0.44036666537333935  0.45102794346473130  0.46001571407697817  0.46993132647488639
  0.48067898266461595  0.49157190748088209  0.50108175094603491  0.50888911411080640
  0.51766432328013223  0.52827604162659936  0.54049844842081052  0.55247315962224397
  0.56355473019401292  0.57362691061811177  0.58171003426419032  0.58862165658207055
  0.59510997545920707  0.60195951992175523  0.61073216674667519  0.62197496298808963
  0.63335592489402914  0.64475376739880907  0.65646311510977640  0.66741822887715108
  0.67820318307050509  0.68940142233840485  0.70084731982756909  0.71231830480449110
  0.72389828080324470  0.73588803649470980  0.74861000122817267  0.76199404398150283
  0.77495022922251378  0.78771422093212273  0.80082386809098627  0.81229443561669112
  0.82083534521982382  0.82989201279119185  0.83884519623660747  0.84949152858737942
  0.85969042151929898  0.86927489071462771  0.87804089856147816  0.88724106986138596
  0.89685399473532978  0.90672526530937536  0.91733395357832748  0.92831154646982816
  0.93827083660672927  0.94637231349745654  0.95420898094282902  0.96331315838619325
  0.97335044941911864  0.98332873712292546  0.99213073441228927  1.00000000000000000
 -0.00269541480214628  0.00966160716908376  0.02225017003026901  0.03233811410060211
  0.04288203881874614  0.05376726175515644  0.06307153832631729  0.07171834660714949
  0.08048817010758312  0.09076515833974913  0.10176278189204492  0.11231899033053575
  0.12251026069704310  0.13312710382897022  0.14478849572030747  0.15562963444288599
  0.16725054559201744  0.17787568799699555  0.18871320968911678  0.20053202293051448
  0.21315309772021410  0.22608067495985959  0.23902166000284866  0.25166467841705670
  0.26362991637726707  0.27454741004593891  0.28511875680725757  0.29549262292748829
  0.30598391973049022  0.31706347667208323  0.32823023716772431  0.33912439529053018
  0.35021128752094621  0.36228107946050886  0.37514651594081350  0.38756304146519388
  0.39881887526435006  0.40951220088789431  0.42009146588419077  0.43087050455909653
  0.44215150619791277  0.45404356441570648  0.46490965029625692  0.47435383413497345
  0.48356560249366032  0.49300236716028650  0.50138812279906042  0.50901621226643601
  0.51849622021938191  0.52968331853026562  0.54071237988104848  0.55277207079150492
  0.56378419453077167  0.57321453240706421  0.58192216461766921  0.59096101178103666
  0.59991263310056409  0.60929453082622687  0.61918455924195226  0.62937530916747719
  0.64030439506281833  0.65197369098181812  0.66329253860904502  0.67473623010376860
  0.68718921636721653  0.69925091190820232  0.70862048764599406  0.71788976284257733
  0.72743438539365612  0.73482413037736982  0.74108984286551249  0.74886005166476355
  0.76015239988263616  0.77195694861787201  0.78349201563031534  0.79395126295715790
  0.80346177187254741  0.81404983846483114  0.82465667651402763  0.83401547272944654
  0.84255594723256222  0.85312186171746496  0.86398966246310216  0.87459521909457227
  0.88512787825597183  0.89562442194260605  0.90722344949025480  0.91666757922128750
  0.92582510131995810  0.93533358564230229  0.94458602568719496  0.95481170307500229
  0.96908649733233110  0.97982872090936601  0.99043305375628887  1.00000000000000000
  0.21916879640819653  0.25744477709931585  0.29572075779043516  0.33399673848155448
  0.35961423926017017  0.37597267291379793  0.39233110656742570  0.43487234382722750
  0.47973625123196606  0.51814159804949067  0.54688318225020049  0.56508001531352570
  0.60048625234654318  0.63249166628028219  0.64607193554579767  0.65351957028207930
  0.65922738794896873  0.66373793619508414  0.66725585702835655  0.67092792487315756
  0.67453945434705442  0.67798519639612043  0.68178729194270526  0.68594411100617136
  0.68992351403562169  0.69365461701668452  0.69728585806134713  0.70109484753905127
  0.70542350950120047  0.70991808237693077  0.71424784148227038  0.71843070430083156
  0.72233277574983623  0.72598194872583566  0.72953314129826574  0.73294069923206617
  0.73616095855102281  0.73957494258749457  0.74328407120282158  0.74695546141960489
  0.75052563694603247  0.75418484628827898  0.75797894770436380  0.76160493139305907
  0.76504487230729690  0.76860649791325508  0.77227711754250483  0.77583439135768939
  0.77908554302958533  0.78222636702149573  0.78517447887573022  0.78790160380075380
  0.79065121614473621  0.79403168593569262  0.79799403361238286  0.80192980464482877
  0.80605271571632320  0.81022569051377835  0.81408821584039714  0.81714263535385911
  0.81962811006105463  0.82244976968040506  0.82562901274017797  0.82890499809497287
  0.83266409188641888  0.83628273637651729  0.83927058758364448  0.84204549158075037
  0.84499824853215866  0.84857980157597535  0.85276034243747934  0.85660904462576848
  0.86032268530070799  0.86434846103060481  0.86752655814688528  0.87008043094201570
  0.87305226765725830  0.87689990615473468  0.88127706328548794  0.88567840811777288
  0.89022492348671722  0.89494827945285260  0.89964001073483035  0.90389330361641373
  0.90813401153347184  0.91292001241268506  0.91799012001017666  0.92409472255769298
  0.93107189964135872  0.93854387464270317  0.94594885322683964  0.95300741653016163
  0.96013412600633441  0.96789432145012211  0.98060843958131394  1.00000000000000000
 -0.04172344781554229  0.17247061317501303  0.21170090485278392  0.23836211674716357
  0.25958267401133955  0.27825460641104899  0.29440783911015728  0.30904427090496139
  0.32260180923207576  0.33495845152685522  0.34667409438572577  0.35792335857062280
  0.36849897266909287  0.37676735070845835  0.38355830185078993  0.39132653267561973
  0.39789213738775764  0.40504487916422793  0.41300610434644180  0.42093385413860235
  0.42843826040586919  0.43493319415596116  0.44156653589371092  0.44990741940066881
  0.45946687777942252  0.46919857021495082  0.47820040135791975  0.48588394498051324
  0.49225243921507794  0.49806901323752406  0.50369811543824572  0.50941279776928949
  0.51610383311910968  0.52301141918797200  0.52937499685041300  0.53551805388631113
  0.54167509777583034  0.54750297141394688  0.55272799627651348  0.55747420018460248
  0.56240723540280158  0.56803002719981288  0.57378611013630587  0.57961936863322228
  0.58572950156781489  0.59201938174854207  0.59806597176785226  0.60359377604308517
  0.60873085001163407  0.61371913887783036  0.61859053150207732  0.62332432724740994
  0.62816488652988911  0.63324474550215626  0.63818296486154014  0.64267397859110742
  0.64654173734070852  0.64981455640776387  0.65286481064675606  0.65671632857207551
  0.66143627675320060  0.66562958195847122  0.66957312479384212  0.67368478564206358
  0.67805053220829592  0.68252042645383759  0.68729710086376283  0.69233655831230245
  0.69715687365331180  0.70120505779896425  0.70478422987100708  0.70860891349606081
  0.71245967756343509  0.71640914255709176  0.72058756931863777  0.72517231845902130
  0.73011183302797500  0.73479423376309860  0.73883023516141422  0.74310838886141406
  0.74765763977571020  0.75173115205003083  0.75681935549582968  0.76195519464702066
  0.76731746820151270  0.77370540217831352  0.78042923956989918  0.78714428215304633
  0.79382205281486895  0.80010286240286510  0.80676032554460153  0.81543629666286188
  0.82534455186893829  0.84086159682227535  0.87602877738953122  1.00000000000000000
   2.7352070855393507E-010  -1.0000000000000000     
 F F F F F F F F F F F F F F F F F F F F F F F F F F F F F F F F F F F F F F F F F F F F F F F F F F F F F F F F F F F F F F F F F F F F F F F F F F F F F F F F F F F F F F F F F F F F F F F F F F F F F F F F F F F F F F F F F F F F F F F F F F F F F F F F
  <DiscreteSampler_grid>
  grouped_processes
  1 # 1 for a reference and 2 for a running grid.
  10 # Attribute 'min_bin_probing_points' of the grid.
  1 # Attribute 'grid_mode' of the grid. 1=='default',2=='initialization'
  0.0000000000000000 # Attribute 'small_contrib_threshold' of the grid.
  0.5000000000000000 # Attribute 'damping_power' of the grid.
 # binID   n_entries weight   weight_sqr   abs_weight
    13   10   2.416950458245415E-001   1.549926564625867E-001   2.416950458245415E-001
    14   10   2.416950458245413E-001   1.549926564625864E-001   2.416950458245413E-001
    16   10   4.317834216817961E-001   5.616514032666744E-001   4.317834216817961E-001
    17   10   4.317834216817955E-001   5.616514032666726E-001   4.317834216817955E-001
  </DiscreteSampler_grid>
