  0.00000009630239592  0.00000018426804143  0.00000027331615782  0.00000129769667748
  0.00000602667480103  0.00001593478467104  0.00002652016148556  0.00003331337857684
  0.00003708564339395  0.00003918082418024  0.00004076328861692  0.00004193060066358
  0.00004291476380837  0.00004376815089160  0.00004446111732386  0.00004504907944680
  0.00004556286495172  0.00004597666676802  0.00004628690948870  0.00004654341217019
  0.00004677769289491  0.00004700293431340  0.00004722650886615  0.00004740553382778
  0.00004755839901571  0.00004769463804061  0.00004781422172963  0.00004792548326651
  0.00004802492416412  0.00004811834734444  0.00004820920669031  0.00004830036070031
  0.00004839400429798  0.00004848582379364  0.00004856704233586  0.00004864162441073
  0.00004871409288907  0.00004878626044242  0.00004885771268480  0.00004892913680761
  0.00004900013251801  0.00004906751748118  0.00004912965801013  0.00004919198259061
  0.00004925482266166  0.00004930512130013  0.00004934824635176  0.00004939187164515
  0.00004943823475784  0.00004948453671712  0.00004953543802459  0.00004959472525126
  0.00004965516781897  0.00004971607167237  0.00004978038914130  0.00004984246310401
  0.00004989699818516  0.00004994616738801  0.00004999683932892  0.00005005016103979
  0.00005010614537536  0.00005015606054610  0.00005020989840600  0.00005028567992583
  0.00005036679352943  0.00005044859638454  0.00005053672605677  0.00005063379586196
  0.00005073542078997  0.00005084183540902  0.00005096210063128  0.00005110950833663
  0.00005127854721233  0.00005144558871365  0.00005164258612468  0.00005185406308547
  0.00005206354590915  0.00005227260232135  0.00005250481608073  0.00005281199343771
  0.00005322977307693  0.00005375563669428  0.00005434322680994  0.00005505116414997
  0.00005606348324016  0.00005742995518617  0.00005908919078415  0.00006161155697322
  0.00006603857839221  0.00007596890297470  0.00010756024479976  0.00023187166076353
  0.00083474931808203  0.06707869703784414  0.31520466576792644  1.00000000000000000
  0.00007086677807670  0.00007467497205334  0.00007860385209471  0.00008315016489089
  0.00008780711309878  0.00009111809969861  0.00009213417295595  0.00009230263923714
  0.00009236996087407  0.00009239782746048  0.00009241471909435  0.00009242548896032
  0.00009243306831861  0.00009243792174527  0.00009244128837045  0.00009244434442377
  0.00009244666765826  0.00009244888560201  0.00009245050477484  0.00009245212394767
  0.00009245361315714  0.00009245503787300  0.00009245646258887  0.00009245793823820
  0.00009245942163165  0.00009246098955040  0.00009246294653958  0.00009246492651061
  0.00009246758807317  0.00009247051525023  0.00009247418787880  0.00009248022032915
  0.00009248772566080  0.00009249972939536  0.00009252232131952  0.00009256765661805
  0.00009267030344608  0.00009320112830267  0.00009596845472084  0.00010180132521325
  0.00011034011692112  0.00012095751133471  0.00013370208614329  0.00014963139418238
  0.00016953770386342  0.00019205774867671  0.00021782353843963  0.00024638277049067
  0.00027824051805103  0.00031310310784365  0.00034956184623996  0.00038712832622173
  0.00042716952182110  0.00047060411593306  0.00051724589351312  0.00056490343174133
  0.00061039033702377  0.00065988278880037  0.00072450474474241  0.00079161742737961
  0.00086161299437043  0.00093793866789169  0.00102588765637606  0.00112220988760372
  0.00120450800659948  0.00127754269490008  0.00134586335398184  0.00142712704431596
  0.00152380495989495  0.00161904986741223  0.00171744673928827  0.00182884275245187
  0.00194152641116686  0.00207120776455953  0.00220337337596152  0.00233334401706232
  0.00247954392354293  0.00263452105605439  0.00275592705224936  0.00286927254267335
  0.00303523734102790  0.00326779557533910  0.00355024720710780  0.00384818320964444
  0.00416354383602915  0.00451131939336823  0.00500254723645358  0.00559787933932818
  0.00639164745990542  0.00732744389993033  0.00857051965448780  0.00957611191690436
  0.01305566579659288  0.02867339952054581  0.04833705275689150  1.00000000000000000
  0.00000006962191626  0.00000257436711397  0.00000380696767129  0.00000585260504529
  0.00000867052017804  0.00001181088380642  0.00001480120527261  0.00001768009036884
  0.00001993043962804  0.00002193606119997  0.00002385144079783  0.00002624370983861
  0.00002877999020728  0.00003134590396868  0.00003401942631933  0.00003654238522086
  0.00003869084446807  0.00004086886079700  0.00004288494002464  0.00004470399189557
  0.00004655197100144  0.00004890082090508  0.00005118210271268  0.00005342517734651
  0.00005585032357174  0.00005864226835793  0.00006172505326243  0.00006504550098032
  0.00006818934440920  0.00007167889382302  0.00007528192978624  0.00007916136378251
  0.00008350892353216  0.00008826504482942  0.00009311324278573  0.00009779502412161
  0.00010219171388592  0.00010646960947141  0.00011147277340669  0.00011766759268618
  0.00012412446960431  0.00013085696769351  0.00013786923690762  0.00014490560306522
  0.00015213441496371  0.00015972194160759  0.00016754760565512  0.00017661010482399
  0.00018652423447683  0.00019660979867465  0.00020705998494284  0.00021818380634507
  0.00023053215133067  0.00024532837968576  0.00026150463670235  0.00027612063997150
  0.00028688792153663  0.00029691028440918  0.00030861917780242  0.00032024356519477
  0.00033157105427057  0.00034229824389968  0.00035426139237947  0.00037059252171375
  0.00039291327711486  0.00041130085806463  0.00042907644712032  0.00044803074240319
  0.00046779736943525  0.00048883479203238  0.00051022166375372  0.00053104334331551
  0.00055433519649496  0.00058196545804865  0.00061531149884834  0.00065588463300067
  0.00070273455459858  0.00075552720664503  0.00081562205274210  0.00087780386111134
  0.00093538501156037  0.00099704488496060  0.00106644334088732  0.00113806964679938
  0.00120707529400107  0.00126624023619400  0.00132948479157793  0.00139878499449889
  0.00150249864351330  0.00163387322429435  0.00178751111781873  0.00200419115953076
  0.00735740006431262  0.05993783526839271  0.10981363915587466  1.00000000000000000
 -0.00224354256049021  0.00784536746349706  0.01771759758403824  0.02686201700193293
  0.03680222947898468  0.04787071722023584  0.05890548979925439  0.06902852575758812
  0.07933466989120866  0.08917325455276956  0.09880509905568263  0.10970753850469005
  0.12163740072291437  0.13439052260984519  0.14766344485239238  0.16134632121991138
  0.17538158361321754  0.18958169169103625  0.20390165059008167  0.21867049111974574
  0.23276146170006537  0.24460627741696364  0.25541419018738809  0.26647907805384241
  0.27828511477636020  0.29081581720311134  0.30210753975409743  0.31100983260607978
  0.31935184065093086  0.32795226546197570  0.33647414100340001  0.34547480250016133
  0.35822823245564339  0.37114869696164410  0.38487038104282140  0.39937521518635055
  0.41408007063120722  0.42828491281887138  0.44221596679554298  0.45626946460060225
  0.47077464887152470  0.48559228495282025  0.50032280691758313  0.51323793533956352
  0.52519374308257438  0.53802577514285477  0.55196336892206666  0.56629208762739880
  0.58235434365957761  0.59642051078649916  0.60761353917935756  0.61836129405852491
  0.63092844239909429  0.64471637615402777  0.65888233453479106  0.67265950745707193
  0.68495164616079274  0.69535834728101531  0.70524539527320929  0.71577751120268163
  0.72738668366876236  0.73947842644533301  0.75049335544142382  0.75957234732744783
  0.76777795145620087  0.77595991388020458  0.78421350414395175  0.79337858774368508
  0.80262176712816180  0.81230485942872166  0.82196561455034167  0.83068517201878544
  0.83869783870773473  0.84646763465648800  0.85448205190900961  0.86289104083875445
  0.87101445432146107  0.87811262185160333  0.88480825962579035  0.89225206404568136
  0.89954481262578390  0.90547940153122441  0.91161905122707887  0.91888028836947433
  0.92644400611532118  0.93391420720047902  0.94154861204123697  0.94889447542194716
  0.95569525301260461  0.96236775453027912  0.96910260041196827  0.97617596972448317
  0.98178894671866312  0.98725263792449280  0.99172313226264563  1.00000000000000000
 -0.00181261774683620  0.00781145900301085  0.01752699851736111  0.02683801964829104
  0.03560599899654797  0.04532871504786920  0.05573734266881401  0.06568458275412545
  0.07782314787138699  0.09026585639812103  0.09947937542551610  0.10760271709945840
  0.11565531316120110  0.12351327963453719  0.13109977736837977  0.13939609271449271
  0.15120667414505265  0.16188977315981884  0.17051908028948007  0.17911462261511313
  0.18950978246114236  0.20083797703440609  0.21226642132987139  0.22182657355449908
  0.22961540073820710  0.23759335578549584  0.24611680001251657  0.25542182884798387
  0.26501603189298301  0.27535831768636498  0.28589542921162947  0.29483402489299776
  0.30460653550051409  0.31620838480892710  0.32711055046103216  0.33864499772696949
  0.35006471717506266  0.36121826319500677  0.37268904267606384  0.38428919920439714
  0.39427870365858808  0.40205722525537524  0.40978399531368803  0.41947703189159924
  0.43201344101730693  0.44427526143363244  0.45580337204350907  0.46695967297082197
  0.47798763941648537  0.48911354770820281  0.50032328550695582  0.51152399106794577
  0.52332295860751887  0.53555112065945831  0.54739839435139692  0.55849122246711713
  0.56856238406708814  0.57841962849956829  0.58871249351729082  0.59916902432357988
  0.60942181799871353  0.61964771742579561  0.63012730580214593  0.64200348565981036
  0.65582700335457589  0.66958656161341190  0.68060032240185853  0.68955859062539360
  0.69878116738630514  0.70858984941600123  0.71953328577588604  0.73062378722226373
  0.74203260703618767  0.75399165770875320  0.76676104473089535  0.78007338439440854
  0.79453099942326855  0.80816062864699356  0.81902123208296473  0.82695286814394486
  0.83387517103883868  0.84155967468005044  0.85106740447075480  0.85950353881488772
  0.86948713177862769  0.88084103748164067  0.89137480702553828  0.90089733285994422
  0.91071743742167455  0.92212559978112196  0.93560209210197998  0.94977630481113995
  0.96215000403759554  0.97407240488560831  0.98616750249884355  1.00000000000000000
 -0.00222795238954250  0.00897942732351928  0.01591792016919466  0.02333758961633428
  0.03125749668616244  0.03948219440805169  0.04856962801714858  0.05736181093453960
  0.06592195054481871  0.07437318741144849  0.08277157267510880  0.09134047337625904
  0.10087763584600755  0.10993081949232565  0.12014918485827795  0.13090839904718227
  0.14117000314459591  0.15009552716440522  0.15904706473151753  0.16772082990925963
  0.17603786473273797  0.18740896660703363  0.19880642061884840  0.20914213512084176
  0.21733143687613299  0.22455915287640607  0.23222188885147541  0.23989393950269802
  0.24890102255883767  0.25915458671191660  0.26978401367995225  0.27955256579769194
  0.28899319480666263  0.29832974239526111  0.30676705725149644  0.31458433849205758
  0.32328477764037078  0.33271510123560272  0.34285882459717493  0.35353523603083625
  0.36491821513185785  0.37651554639840284  0.38742284443933145  0.39670599269168655
  0.40325854163078084  0.40914928606197920  0.41526849792470105  0.42171981016177673
  0.43253821104989909  0.44605211551642276  0.45958470553693920  0.47183181444176048
  0.48394051310640707  0.49583489761008193  0.50685824422544457  0.51719875448756958
  0.52803035639540652  0.53896035940552933  0.54976211811653186  0.56157180213506075
  0.57456829995713121  0.58725436229771821  0.59958757129116580  0.61047035974193709
  0.62130321677846190  0.63356402915460763  0.64537697805442451  0.65596474382007330
  0.66730856568411412  0.67988459638554788  0.69316728729379262  0.70678166450483015
  0.72018213838831391  0.73388316049407298  0.74550230152799546  0.75647257449189187
  0.76742537548583523  0.77623245044587053  0.78458185301376115  0.79351468117310686
  0.80079427105590995  0.80817063004971990  0.81641339132842450  0.82722533811407795
  0.84092584952536997  0.85618496084989493  0.87230185835191332  0.88753722064279161
  0.90116306228553411  0.91434667863689167  0.92798592175946992  0.94236098821594727
  0.95748121456098834  0.97256854861187969  0.98350102376486881  1.00000000000000000
 -0.00360647555235254  0.01286430977644862  0.02214785264549774  0.03061486593699787
  0.03893271239580193  0.04855678093190415  0.06179714384964911  0.07527416951087119
  0.08929449960652340  0.10360031287959463  0.11787199675247895  0.13148518887888891
  0.14307011184088364  0.15241800440689487  0.16197305200219481  0.17094460238000106
  0.18003929307396968  0.18976341407854413  0.19957962683861483  0.20793978595141832
  0.21684390970836698  0.22895003135812728  0.24278257476488760  0.25470826913945988
  0.26617514884216370  0.27729123347745888  0.28853675123314920  0.30084295831394259
  0.31219680514774445  0.32192442839736629  0.33141010069522053  0.34187281597529684
  0.35382437907468445  0.36640997404759817  0.37899090508881156  0.39151523030469970
  0.40447407940850166  0.41708375350812082  0.42719381847428134  0.43490525972047761
  0.44241916151113952  0.45170264676412647  0.45990183445352523  0.46783603306007182
  0.47548181285184798  0.48286767158725374  0.49134825291251166  0.50289301893067040
  0.51568227626621921  0.52791976750801151  0.53986261544087943  0.55091652925232815
  0.56402153597042426  0.57640434710690280  0.58562758797279579  0.59176992879814783
  0.59786352795765241  0.60448270012786265  0.61477373687381931  0.62603470754496537
  0.63537770032169461  0.64468238249847842  0.65453996772330658  0.66315940942933316
  0.67191443709266252  0.68235571044740617  0.69312530741260914  0.70516900027424589
  0.71614237951829107  0.72630347653117022  0.73544538365934198  0.74391523021588035
  0.75300178094094317  0.76165759161359115  0.77078365938065307  0.77999366005863247
  0.78907890052758911  0.79948001521198098  0.80880719642700794  0.81710831559938091
  0.82719250232878960  0.83937567567113236  0.85217690560412118  0.86406319891343852
  0.87585805851001552  0.88936706247669028  0.90189404444826970  0.91378460369766656
  0.92533067614820275  0.93642683890108469  0.94837092969443826  0.95840307954606796
  0.96797578436478660  0.97811822955776007  0.98807178870658741  1.00000000000000000
 -0.00315778734596873  0.01116246977619206  0.02336727057740868  0.03485111518553771
  0.04604358518666797  0.05734936925149188  0.06843388264137230  0.07924653675803371
  0.08913237766426270  0.09952608386003294  0.11064938663229043  0.12234089029709408
  0.13469557363315707  0.14709873653493219  0.15942622684723939  0.17198634619166417
  0.18399537676590855  0.19486090996008582  0.20564399826429711  0.21694449669784668
  0.22874637194891165  0.23972348793236403  0.24986894526393402  0.25941179175173495
  0.26839460294869677  0.27744722180980697  0.28608568489190067  0.29559344177166724
  0.30675820276660271  0.31875128239948081  0.33126476658031745  0.34419940961997397
  0.35726833490783860  0.37028793417902012  0.38107240940138448  0.38670442039441455
  0.39323001798999879  0.40096663660892190  0.41007794988987406  0.41849982275452691
  0.42635885106557497  0.43578851614123570  0.44657810562529465  0.45521609979951139
  0.46388449430566475  0.47375491730877950  0.48438636775263483  0.49433120826413651
  0.50368004142478429  0.51263742277758861  0.52201296654468021  0.53162848727051448
  0.54102082928248585  0.55059894277824284  0.56099595297133387  0.57230303559792295
  0.58364594653276591  0.59414652099805476  0.60439494930087256  0.61565203300646576
  0.62716852246325883  0.63809022772566126  0.64954548005634893  0.66160476377129018
  0.67396377758998860  0.68686417996921112  0.70012370559678450  0.71187691146494037
  0.72238837863048022  0.73268330746755295  0.74315279650682375  0.75435335412521953
  0.76624119558666892  0.77849558969295807  0.78911496454420982  0.79824006395081459
  0.80761830941141588  0.81435602340805580  0.82028383233654101  0.82706435470651607
  0.83589692470162624  0.84682896059175172  0.85793631403340065  0.86786120678108536
  0.87809775164488257  0.88932272839548154  0.90063932013161385  0.91134868051433604
  0.92191932126986964  0.93270263757819161  0.94331047213403285  0.95343873651983302
  0.96379706291606715  0.97440447375771810  0.98529001026286700  1.00000000000000000
  0.06691911916972584  0.22129714937390738  0.27703981337883532  0.32420252801706917
  0.36764822053707591  0.41177799430158912  0.45412451642352170  0.48748788959285155
  0.51499816052187941  0.55245294420798274  0.59840146865411126  0.63021757989431015
  0.64361498192515154  0.65082731058726273  0.65565623879098522  0.65966923612420048
  0.66390657503607131  0.66779074218231771  0.67099377668561688  0.67506723221417808
  0.67955675661654358  0.68384410480896585  0.68809431347858463  0.69213319316859367
  0.69604200109142600  0.70026316367047747  0.70455464275870627  0.70832858726884496
  0.71176181619504486  0.71500576839408958  0.71797009730539352  0.72079306783957287
  0.72366110939819916  0.72692609805548869  0.73067004234662414  0.73481249722605624
  0.73909681288861573  0.74323199782934180  0.74651143964229505  0.74906994511776936
  0.75124047074800415  0.75316442684273499  0.75526130286142668  0.75753889178517397
  0.75998378842117598  0.76280470290892144  0.76586173287121728  0.76895743067178335
  0.77232467311273001  0.77599565463926734  0.77960377413857473  0.78300800798254522
  0.78639093865237841  0.78972973237674382  0.79311187696585073  0.79666577238351888
  0.80027979936727311  0.80397222969732041  0.80764534110187869  0.81137560577319257
  0.81520710175404898  0.81939022901325365  0.82394524150619652  0.82807348563953975
  0.83166037548483462  0.83525812364518304  0.83847059032961124  0.84139744643743797
  0.84455632938458980  0.84743501815599298  0.84935787353044045  0.85191871900306904
  0.85490929105648583  0.85813173804546994  0.86142397629335121  0.86475628786529835
  0.86917552479665827  0.87356866483369644  0.87781860265525824  0.88173196689677646
  0.88575141639026156  0.89051077751846930  0.89567839866978594  0.90100025447239007
  0.90639447904528869  0.91171825590548961  0.91716575465070516  0.92248839862324095
  0.92828891914469203  0.93481247282666202  0.94178456822956547  0.94949215057826730
  0.95815000143937590  0.96811157291932315  0.98155086139320857  1.00000000000000000
 -0.03908631603832347  0.16466931139049476  0.19777483571686238  0.22090394456369000
  0.24797068020648830  0.27140049907557934  0.28872793939867786  0.30214939617215447
  0.31463056507464066  0.32672728870253387  0.33835693456668148  0.34753309790404935
  0.35574521159739508  0.36478313497078513  0.37271788377873583  0.38032570499531704
  0.38986925430023417  0.40071153956194389  0.41035791033617874  0.41761087807152447
  0.42408733385083824  0.43102118879204432  0.43795610896334269  0.44413648139643708
  0.44975550773912404  0.45623327069777403  0.46370535401992918  0.47097071344605335
  0.47748497462401779  0.48440827075546439  0.49125141446411302  0.49810435690345239
  0.50468228049303132  0.51073171212220103  0.51642837771198491  0.52236883829878766
  0.52796349317428304  0.53322507259655838  0.53897565280310888  0.54547060009038362
  0.55195052344587414  0.55796893610323628  0.56398828789795985  0.56949330487463345
  0.57430700785868638  0.57895428245169744  0.58329696693758515  0.58741892248910044
  0.59149206835349721  0.59516285212685494  0.59936118102194647  0.60434583448572299
  0.60943550433893734  0.61466207613157753  0.62027612847144342  0.62576495989434933
  0.63073508312003879  0.63554866200908777  0.64011616707390717  0.64440428247029191
  0.64855444334279477  0.65252844863861503  0.65620632203768092  0.65988348668836339
  0.66360702661372928  0.66755131119311673  0.67140143212989822  0.67517355631123233
  0.67889202836429663  0.68279328134733652  0.68704458715391414  0.69142908049521135
  0.69590623358120507  0.70030624441854916  0.70436045368552413  0.70826912380796725
  0.71234304944781135  0.71645363051993571  0.72088069890828055  0.72592569999120937
  0.73086420677963460  0.73560138925331808  0.74021117126275149  0.74515115437153823
  0.75041111276881411  0.75572927766635234  0.76100603651730925  0.76636312463955025
  0.77203204743220954  0.77805146940728276  0.78477522950247824  0.79277590715850177
  0.80382924656171184  0.82153545033235142  0.86955282497490438  1.00000000000000000
   2.4296505404317355E-010  -1.0000000000000000     
 F F F F F F F F F F F F F F F F F F F F F F F F F F F F F F F F F F F F F F F F F F F F F F F F F F F F F F F F F F F F F F F F F F F F F F F F F F F F F F F F F F F F F F F F F F F F F F F F F F F F F F F F F F F F F F F F F F F F F F F F F F F F F F F F
  <DiscreteSampler_grid>
  grouped_processes
  1 # 1 for a reference and 2 for a running grid.
  10 # Attribute 'min_bin_probing_points' of the grid.
  1 # Attribute 'grid_mode' of the grid. 1=='default',2=='initialization'
  0.0000000000000000 # Attribute 'small_contrib_threshold' of the grid.
  0.5000000000000000 # Attribute 'damping_power' of the grid.
 # binID   n_entries weight   weight_sqr   abs_weight
    13   10   1.075691773751758E-002   4.075210184619266E-004   1.075691773751758E-002
    14   10   1.075691773751759E-002   4.075210184619273E-004   1.075691773751759E-002
    16   10   3.689562735934862E-003   3.944200158295301E-005   3.689562735934862E-003
    17   10   3.689562735934864E-003   3.944200158295314E-005   3.689562735934864E-003
  </DiscreteSampler_grid>
