  0.00007139980116076  0.00007261990867953  0.00007460799877853  0.00007656111450386
  0.00007872904970288  0.00008116807210682  0.00008377584684209  0.00008670902321288
  0.00008986917152550  0.00009164106601523  0.00009218558713646  0.00009232867256178
  0.00009237954219833  0.00009240136394645  0.00009241641395179  0.00009242551138955
  0.00009243180863897  0.00009243660874621  0.00009244049595525  0.00009244286989860
  0.00009244502052038  0.00009244695544750  0.00009244866537139  0.00009245000881622
  0.00009245125853566  0.00009245235492488  0.00009245341479597  0.00009245443821477
  0.00009245541930912  0.00009245640040346  0.00009245743573351  0.00009245847517544
  0.00009245960054929  0.00009246081212663  0.00009246212511223  0.00009246358476509
  0.00009246543524860  0.00009246761874689  0.00009247039959869  0.00009247350896194
  0.00009247822860699  0.00009248460090364  0.00009249309036387  0.00009250458452358
  0.00009251829160607  0.00009255469013701  0.00009262619767373  0.00009279488459191
  0.00009378674275176  0.00009667679030574  0.00010135180550625  0.00010704221867244
  0.00011385203402292  0.00012267841191072  0.00013353847228049  0.00014638273597586
  0.00016221180310079  0.00018163092465479  0.00020443904729779  0.00023110012759918
  0.00026219465720532  0.00029722429914027  0.00033581135330318  0.00037697412391885
  0.00042320839995942  0.00047952011499960  0.00054070032394561  0.00060716844170393
  0.00068365433162666  0.00076981370117059  0.00086155624812078  0.00095461334633725
  0.00104718736908962  0.00114564418051971  0.00124201172405733  0.00135503701461218
  0.00147177331906944  0.00158587991166414  0.00169329051373434  0.00180752864212542
  0.00194493207184829  0.00210243095796300  0.00228565506207810  0.00248632644666185
  0.00271738784258774  0.00297496673441916  0.00328373487162661  0.00361346386972428
  0.00394300888977130  0.00433967870773588  0.00483899671619044  0.00543567123176477
  0.01301505484711442  0.06423027647227617  0.17621413932055549  1.00000000000000000
  0.00000006538537120  0.00000175003353401  0.00001233296438137  0.00002638400001337
  0.00003376558683761  0.00003817760617267  0.00004060590197077  0.00004204971061686
  0.00004303584375204  0.00004381524205199  0.00004442850778343  0.00004493127058758
  0.00004536437685582  0.00004571493793136  0.00004600185562581  0.00004626408108770
  0.00004650500383333  0.00004670799593658  0.00004687850543700  0.00004702971856319
  0.00004716527015133  0.00004729840804285  0.00004743021633465  0.00004755724318590
  0.00004767919903511  0.00004779496252690  0.00004790028739142  0.00004799142645796
  0.00004807497517155  0.00004815405165274  0.00004823092904350  0.00004830675803515
  0.00004838598706742  0.00004845668176656  0.00004851495365997  0.00004856958335398
  0.00004862292375474  0.00004867566142735  0.00004872884412127  0.00004878211347176
  0.00004883421568078  0.00004888417556392  0.00004893332078889  0.00004898692199231
  0.00004904321700542  0.00004909739054020  0.00004915284143547  0.00004920946873740
  0.00004926521496851  0.00004931624271207  0.00004936767119775  0.00004942039948949
  0.00004947275921557  0.00004952581130638  0.00004958080041417  0.00004963791005967
  0.00004969799940094  0.00004976207064632  0.00004983142772014  0.00004989736494762
  0.00004996747660948  0.00005003996941566  0.00005011467879519  0.00005019189530591
  0.00005027247901029  0.00005035800000947  0.00005044959049779  0.00005054524776103
  0.00005064103120843  0.00005075497695735  0.00005089391876715  0.00005104451769939
  0.00005122217284296  0.00005142486334942  0.00005164811180684  0.00005189261306750
  0.00005216376416913  0.00005246580384712  0.00005282483579224  0.00005329861096741
  0.00005388283369434  0.00005458966048583  0.00005536555078739  0.00005631060734360
  0.00005755090139117  0.00005925048725794  0.00006168117990538  0.00006530951173521
  0.00006979839545703  0.00007555861883414  0.00008746740760988  0.00013133581334541
  0.00029389750618499  0.00095552189759579  0.45650481805690191  1.00000000000000000
  0.00000002859637380  0.00000197349418799  0.00000297093276340  0.00000438042523209
  0.00000620840772272  0.00000816178730648  0.00001032618772512  0.00001289857392054
  0.00001588470816241  0.00001890551700930  0.00002168981615350  0.00002419387700098
  0.00002658927379838  0.00002889104466254  0.00003106334883038  0.00003319395147484
  0.00003553365883211  0.00003793652643604  0.00004037211255618  0.00004286461381203
  0.00004531193516161  0.00004777797478417  0.00005040634560792  0.00005328406265201
  0.00005614246271892  0.00005867192410432  0.00006116575482312  0.00006376039645948
  0.00006642662475830  0.00006898579402690  0.00007152727354745  0.00007461961371320
  0.00007791579086938  0.00008098840521533  0.00008393715650539  0.00008735170744446
  0.00009087565191366  0.00009366824486066  0.00009652922184987  0.00009966484611737
  0.00010290603314230  0.00010629168981714  0.00011031526864161  0.00011428899743936
  0.00011803123455650  0.00012232560808962  0.00012717888657772  0.00013214086940538
  0.00013754778811003  0.00014373834841197  0.00014984542745506  0.00015591330649839
  0.00016168887380924  0.00016730659322771  0.00017368412799454  0.00018011889129542
  0.00019074625000233  0.00020246340782245  0.00021434166992633  0.00022593331122117
  0.00023699239679133  0.00024749153044843  0.00025751123082272  0.00026818381750448
  0.00027898057115404  0.00029113246260088  0.00030613893505158  0.00032194652204297
  0.00033795809295528  0.00035650247998339  0.00037669336518006  0.00039577417182405
  0.00041557597191159  0.00043553714161787  0.00045716007477764  0.00048163172753353
  0.00050764002094193  0.00053509787973636  0.00056742326755060  0.00060852415625296
  0.00065442146345711  0.00070304196019163  0.00075458126873687  0.00080935713125188
  0.00086481522180326  0.00092368700470131  0.00099733228154637  0.00107918402464331
  0.00116414232435668  0.00125639180070273  0.00137813980543814  0.00152742250942850
  0.00175998180988983  0.07753492753557278  0.19078622620721400  1.00000000000000000
 -0.00175726066982008  0.00711249198326908  0.01537538025668572  0.02290526342763011
  0.02997279924309686  0.03768614955544501  0.04627557481858468  0.05501671807614465
  0.06349559763668294  0.07223055148785781  0.08059698860128225  0.08860841919338484
  0.09691254527913928  0.10567701755282646  0.11520804719514852  0.12536942466159534
  0.13524302370400507  0.14434752952776456  0.15305120673133968  0.16176106820923966
  0.17056706100766461  0.17986063621597256  0.18954835220003174  0.19954407299306276
  0.21001275409997913  0.22058316921325033  0.23067169880319630  0.24020396659221951
  0.24917924627066523  0.25758738139746162  0.26691047243826194  0.27727947576245843
  0.28766419273465910  0.29754846668399643  0.30596625442014402  0.31363732894490454
  0.32161801098460063  0.32932344765032273  0.33850744097347751  0.34843861773046925
  0.35828429765876718  0.36762189529026701  0.37710776843088467  0.38738877743668770
  0.39728640389129283  0.40694877254894296  0.41664957573139405  0.42499664285056726
  0.43165570437594225  0.43959285280047916  0.44879972583866468  0.45890012771252403
  0.46936670629452359  0.47972858041508304  0.49052242335248530  0.50193097078175963
  0.51380351595642815  0.52582753460570775  0.53776263535059998  0.54958700405225847
  0.56153559674853692  0.57356613417154367  0.58528412538885055  0.59714336478236540
  0.60857499963069606  0.61990113814709802  0.63165811077981893  0.64400232013915060
  0.65460631491000609  0.66317956079277474  0.67188225662691758  0.68167382716360270
  0.69206130405727162  0.70402639781445731  0.71590543938994267  0.72618744634793753
  0.73597431371747024  0.74649480576656868  0.75735293234211110  0.76870798793699435
  0.78101668509846423  0.79313298073262006  0.80479572820329759  0.81707583794621930
  0.83045162261716154  0.84466866779837468  0.85924369212907525  0.87372498039541435
  0.88671825499046042  0.89969607080795344  0.91471887561335485  0.93055612452375736
  0.94669716913981850  0.96332386409365389  0.98089992438834228  1.00000000000000000
 -0.00302011732002371  0.01037069735990959  0.02199260150149658  0.03418157239557064
  0.04639440946675551  0.05817780805922954  0.06968942270712727  0.08113318227307614
  0.09251159534527167  0.10399142389363439  0.11522836290292569  0.12570294307129354
  0.13591614597315527  0.14630265744785437  0.15623472704368452  0.16665769911562495
  0.17815424874831423  0.18899487189905467  0.19830062853133867  0.20674176341691569
  0.21546629819575167  0.22478315698349516  0.23335683508220753  0.24276012003205782
  0.25477169066454619  0.26708595145948810  0.27829976781536153  0.28882171226276926
  0.29906792507236557  0.30880126715506934  0.31814970740774851  0.32707193484593849
  0.33583702709008156  0.34523658203743579  0.35326103740755188  0.36256044590306513
  0.37083672137540696  0.38005258621412374  0.38762166974133977  0.39495920979954330
  0.40497137403921435  0.41518826033466172  0.42453072630788463  0.43606335711387095
  0.44803540790603069  0.45839249182692954  0.46751691298539333  0.47652415052127173
  0.48630090260276887  0.49756801654190680  0.50921040359726943  0.52099140845736769
  0.53343680820159012  0.54640211493222091  0.55926634271057030  0.57128775592028114
  0.58186339070598536  0.59132146016971776  0.60093237046071168  0.61072269626964160
  0.61891427002041610  0.62641299882714119  0.63531490248770162  0.64621146586146794
  0.65755649750671730  0.66864451889631804  0.68003227894070084  0.69203673561381562
  0.70432085391733845  0.71668025359542031  0.72888722862439492  0.73996393267835570
  0.74998267637252758  0.76065995792357499  0.77190252873844623  0.78401843410468042
  0.79642005756344236  0.80822650822308340  0.81930259105914671  0.82992088817090248
  0.83996188370063074  0.85043389623177590  0.86115957964060941  0.87333370310772396
  0.88555015303171680  0.89740054118261303  0.90741238395575918  0.91759638540700050
  0.92870471132308952  0.93944606605130143  0.95021664788256288  0.96150812718818501
  0.97160310787109050  0.98110249158080121  0.99066612433023771  1.00000000000000000
 -0.00213768741876969  0.00847463750392438  0.01689438612633704  0.02416828159026335
  0.03083938276799500  0.03937340321059420  0.05017081325010472  0.06123671635325032
  0.07294920813614851  0.08525068783341086  0.09702403265195696  0.10765718840034148
  0.11807214995169393  0.12918100314762052  0.14151049611368099  0.15463966091462919
  0.16790512547738395  0.18053566017921999  0.19412534836518022  0.20818906899193365
  0.22204920781993126  0.23532013956794662  0.24713006944690014  0.25800993043479525
  0.26829092395233878  0.27860662223482990  0.28960211250147133  0.30250965995542828
  0.31486394767793480  0.32705152484712607  0.33880949858795945  0.35046023138351723
  0.36155057608636276  0.37272564747200571  0.38414013614698500  0.39553154530940610
  0.40682977026790429  0.41788286380508605  0.42934839456260887  0.44145953360699880
  0.45338545068483871  0.46472044790841499  0.47594559819818100  0.48840231362165026
  0.50180417605398842  0.51459428005880048  0.52640901106296256  0.53660927800319425
  0.54582769200700265  0.55608105660623963  0.56591056538852924  0.57563740546578335
  0.58718977645922787  0.60028528079878385  0.61285110000743481  0.62515957030705993
  0.63786178334316845  0.64952963355655213  0.66120054608545831  0.67179395925315599
  0.68396569599192236  0.69684999215418564  0.70906391691336534  0.71899374526315274
  0.72779336588988008  0.73605855592795366  0.74512068828646094  0.75483511249924062
  0.76627388116182804  0.77701708662102253  0.78480964162415179  0.79211833187841163
  0.79933377143966178  0.80923386139731746  0.81937620831890190  0.82819016660469746
  0.83711867643600524  0.84517413071593739  0.85304866712626315  0.86103732478650619
  0.86872162841335299  0.87686273903970990  0.88594944858844171  0.89560868938704663
  0.90459995908140534  0.91279830898298331  0.92065125356777466  0.92819959130437169
  0.93562254597998773  0.94357305124580471  0.95235820439346863  0.96172062915132617
  0.97137267741944455  0.98114177085651721  0.99083338023924850  1.00000000000000000
 -0.00253143488134040  0.00937607125331513  0.02132702100806089  0.03183238871774199
  0.04259071530806970  0.05391731763639244  0.06556182473041638  0.07583095441640687
  0.08574295333921561  0.09547940342545372  0.10557716421948439  0.11594469306630488
  0.12461369593380800  0.13657333580605197  0.14872902021907899  0.16053778454136738
  0.17194926530236079  0.18317582435072538  0.19399945525748147  0.20447384242084135
  0.21487366966380697  0.22531674235030275  0.23592980761101684  0.24658508063784268
  0.25499988863183731  0.26128790058868245  0.26706069154574369  0.27443172970459306
  0.28510923329977489  0.29653082278401649  0.30858371493790510  0.32004210022543111
  0.33085507249060847  0.34068333629804876  0.35103290788407848  0.36184836988208813
  0.37497178013045324  0.38797718254650493  0.40075411968289759  0.41278689058409640
  0.42418138573068925  0.43512481034638495  0.44580614222966136  0.45634555778341990
  0.46682747941737701  0.47732096590800471  0.48777504936696353  0.49831912902069730
  0.50893564152751791  0.51987389950724261  0.53188625529338918  0.54481153310448827
  0.55766008181704352  0.56971932197767217  0.58080725653097276  0.59055797589349335
  0.59932005533600563  0.60881862924771990  0.61941586840693585  0.63025652468074922
  0.64141914544670786  0.65250768002980952  0.66267985281020492  0.67240997738738195
  0.68209832972048778  0.69174513289015171  0.70182222930937155  0.71270221588729865
  0.72375243036697356  0.73385927072783985  0.74283257083846466  0.75170861674660838
  0.76061817139127286  0.76863403509015726  0.77654168461988948  0.78535908343669159
  0.79483425517693751  0.80387966886851714  0.81478097076050793  0.82545067295424679
  0.83631065475189759  0.84845756325579424  0.86137021718416629  0.87467747449881073
  0.88711071006770825  0.89826032327572281  0.90881317414995444  0.91810987993027449
  0.92644820478667034  0.93708617190842802  0.94829136894721877  0.96037925806664115
  0.96945450779982922  0.97804192387901712  0.98824050746748682  1.00000000000000000
 -0.00120836679814788  0.00608089088345847  0.01606789777318276  0.02623829833948200
  0.03661492744288369  0.04901177705172312  0.06174107225840965  0.07275465071914471
  0.08297243883311442  0.09463461205020600  0.10712193329398013  0.11830664288337638
  0.12970407964598121  0.14067688270296924  0.15166911303371441  0.16412386931116549
  0.17580695518840603  0.18702946985302013  0.19835428063205060  0.20937535568019305
  0.21984690737650220  0.22965846914846177  0.23849534117767368  0.24731709520277786
  0.25829564769619706  0.26988218401897435  0.28150324676533739  0.29188720625824055
  0.30083492545411272  0.30951166429014348  0.31844362107464774  0.32736541430076194
  0.33720478406036952  0.34722480982143500  0.35707731681282789  0.36726050154740725
  0.37735300468642458  0.38661642519471107  0.39673022856486245  0.40807316545606043
  0.41989573102367267  0.43200906196820427  0.44389126439419796  0.45538024751716005
  0.46717139340358632  0.47880972883861816  0.48997298627448882  0.50099804901055356
  0.51097073528004422  0.52034167565433964  0.52991101155785791  0.53998265108254229
  0.55060794516742206  0.56033855263040788  0.56952455899700849  0.57932690872226467
  0.59106880088765590  0.60336843648130323  0.61579541545055905  0.62604328895995009
  0.63372557974869215  0.64158978098038588  0.65009708980149616  0.65890791490952794
  0.66946631703881687  0.68095559054687160  0.69237158582202640  0.70419441365920643
  0.71634732211889895  0.72832169510819023  0.74041303175534690  0.75128387013775222
  0.76194097109742742  0.77203762229549289  0.78091809329152384  0.78891489453039987
  0.79830228296388983  0.80795006451495088  0.81773121675070026  0.82684558145874920
  0.84171217515858698  0.85397034559256779  0.86489715358815511  0.87637050805132588
  0.88591155163278890  0.89574134714641940  0.90551867654731721  0.91611276463445968
  0.92750602696858475  0.93943257234172128  0.95126797732335555  0.96223066440379457
  0.97244168325549596  0.98163419191739765  0.99083537674257105  1.00000000000000000
  0.01709684620677111  0.18043745563283153  0.31001799630770677  0.45823990433381567
  0.57245669659221532  0.61874082735679181  0.63767308416392610  0.64630487040420259
  0.65225525833911357  0.65771463201368696  0.66233799102481383  0.66564009328651974
  0.66814431167908184  0.67091364300856493  0.67407654204010004  0.67703649644534758
  0.68018936380046369  0.68315911009431418  0.68643027015278224  0.68985316200997204
  0.69334498859616922  0.69661108869638488  0.69945933096588542  0.70243007783587985
  0.70530446117601531  0.70825204956801513  0.71128086278170322  0.71433263246001255
  0.71723805331395130  0.72059434039216264  0.72408109444731650  0.72763316399232336
  0.73110338449522294  0.73446882585799200  0.73776753852578092  0.74097299897586399
  0.74410922173953198  0.74723589689029457  0.75014005781088489  0.75285464354865039
  0.75565466110581359  0.75834484899934340  0.76094480812507148  0.76354326954322882
  0.76622973947390949  0.76894795429746787  0.77208333132652229  0.77547702846876421
  0.77846750520607888  0.78107838756581183  0.78365297431813652  0.78641462875382806
  0.78929741622247307  0.79221013980970290  0.79522667457063823  0.79843805693223713
  0.80176833127768554  0.80505424726278052  0.80821115987446535  0.81125950795039437
  0.81422472205360230  0.81716757594636813  0.82018621306467010  0.82365721781190826
  0.82776113627562142  0.83197740444097645  0.83593577283816500  0.83984605197990847
  0.84373673242516534  0.84767680820355751  0.85153413742083217  0.85536955017140037
  0.85929933109855039  0.86329415298280732  0.86728509914184182  0.87126329927202550
  0.87522417486226101  0.87917663373900456  0.88302941877414365  0.88688885669344086
  0.89083844321873884  0.89472360551287600  0.89828757628524247  0.90163563208413344
  0.90553888798211524  0.91026486527728745  0.91526648063990557  0.92047956727468749
  0.92631675276017744  0.93274080971263140  0.93948298289220766  0.94652672581240194
  0.95438671422053079  0.96403438105182782  0.97868420990773686  1.00000000000000000
 -0.04546947350767969  0.17165769168460998  0.24288689510029940  0.27169021411952371
  0.29170696187304901  0.30913882660606723  0.32565966268063007  0.34127391910385518
  0.35569362413356342  0.36796311317984942  0.37889838675403920  0.38904250395425827
  0.39663292255399735  0.40483595583347909  0.41439172879929825  0.42412622369971875
  0.43331374887403085  0.44149446812705939  0.45065748027818636  0.45963207295596376
  0.46697826312960372  0.47366906674523857  0.47915633328144791  0.48434625769248901
  0.49044056329344132  0.49691737283594928  0.50303200271451587  0.51035072353557120
  0.51828037231721746  0.52563646306969447  0.53268545776065512  0.53977011073536807
  0.54588413426599069  0.55168834803753808  0.55771905128128030  0.56419864272510944
  0.57001416121221593  0.57475928918250030  0.57921682214070835  0.58296344639478370
  0.58689268432212349  0.59137777384794166  0.59611294170828477  0.60097847720290321
  0.60637275078595332  0.61212134158199560  0.61803511805027211  0.62370224477339853
  0.62942144729306149  0.63533034036213765  0.64157704613911692  0.64779826082970815
  0.65380716909310110  0.65958547615533192  0.66500835385326995  0.67021078264898593
  0.67543534740593503  0.68081601661190505  0.68603495401723580  0.69078342527201997
  0.69571897664786053  0.70069452785660213  0.70530961894573396  0.70974368642337282
  0.71418071215497669  0.71865307764144926  0.72308156550921854  0.72735327840194242
  0.73161453120147069  0.73585078668699055  0.74017551299104245  0.74473531528379688
  0.74938495844561448  0.75400806828584777  0.75867952141549400  0.76323497215037650
  0.76762187800094495  0.77167551584304572  0.77605735172658596  0.78084149988551821
  0.78567283659166509  0.79092957244348638  0.79657742285892930  0.80225100694747509
  0.80799158499011459  0.81410564681873887  0.82024673030005668  0.82644899492637380
  0.83322413952069518  0.84061387707501656  0.84852612784988135  0.85793713502364888
  0.86940284294344494  0.88531711874807462  0.91444446064238283  1.00000000000000000
   2.9363290477138301E-010  -1.0000000000000000     
 F F F F F F F F F F F F F F F F F F F F F F F F F F F F F F F F F F F F F F F F F F F F F F F F F F F F F F F F F F F F F F F F F F F F F F F F F F F F F F F F F F F F F F F F F F F F F F F F F F F F F F F F F F F F F F F F F F F F F F F F F F F F F F F F
  <DiscreteSampler_grid>
  grouped_processes
  1 # 1 for a reference and 2 for a running grid.
  10 # Attribute 'min_bin_probing_points' of the grid.
  1 # Attribute 'grid_mode' of the grid. 1=='default',2=='initialization'
  0.0000000000000000 # Attribute 'small_contrib_threshold' of the grid.
  0.5000000000000000 # Attribute 'damping_power' of the grid.
 # binID   n_entries weight   weight_sqr   abs_weight
    13   10   1.843106888612844E-002   1.542768523862735E-003   1.843106888612844E-002
    14   10   1.843106888612836E-002   1.542768523862719E-003   1.843106888612836E-002
    16   10   1.345989343513828E-002   8.199221559662296E-004   1.345989343513828E-002
    17   10   1.345989343513824E-002   8.199221559662253E-004   1.345989343513824E-002
  </DiscreteSampler_grid>
