 -0.00182856860338779  0.00936658535376122  0.01960306472595238  0.03011085455739230
  0.04078937588076497  0.05135555719304407  0.06178960139490568  0.07204389157339312
  0.08226881456462927  0.09246444151782254  0.10250748440974931  0.11255569671663403
  0.12274906262577541  0.13330922880636248  0.14383127102462503  0.15435846224255650
  0.16486109249839834  0.17552177902297239  0.18617972753475348  0.19701579005546860
  0.20760885138693785  0.21813518269253068  0.22864553380667466  0.23928542788778026
  0.24998137909767743  0.26058302487690654  0.27116921645084840  0.28157902143466751
  0.29211501384893668  0.30267133694988119  0.31327825860787006  0.32365796232418448
  0.33414088093019606  0.34448963854268605  0.35482618471348326  0.36505707659706982
  0.37529907686063485  0.38550792556893587  0.39565255558883689  0.40579040249279974
  0.41598754043830910  0.42628878166903744  0.43664947194166331  0.44726989487799212
  0.45799300687155292  0.46893608777916557  0.47982410378699836  0.49061231781202375
  0.50125482154025169  0.51181417040486787  0.52233887117095201  0.53286361406793770
  0.54345018934975264  0.55406774939380532  0.56460910981039580  0.57516694564571347
  0.58580464631700002  0.59656122692713687  0.60725132958860606  0.61787341712046617
  0.62842121669584206  0.63903216364134230  0.64947139669541132  0.65982081245186763
  0.67024685152973795  0.68064101255296894  0.69099072821445884  0.70124336481143157
  0.71161872579365948  0.72229498789015645  0.73303368874199593  0.74403238204661337
  0.75471691671522068  0.76540139341487679  0.77598864884372099  0.78655621082588656
  0.79703560898828008  0.80744237294067933  0.81803488795414503  0.82848615730005437
  0.83888137547589803  0.84913907064551863  0.85961914541176776  0.87016173151317544
  0.88080331914718002  0.89151698756056386  0.90227324724015434  0.91314734910750239
  0.92402432229681231  0.93490975331988746  0.94567513768283984  0.95635917268721427
  0.96741156572589482  0.97841647814858368  0.98929075554765322  1.00000000000000000
 -0.00355079814633512  0.01506964475058825  0.02808942589507260  0.03883475712827435
  0.04944234209221200  0.05987845969720425  0.07024479349945903  0.08039877675889166
  0.09061810047599564  0.10095640212199951  0.11137383287792928  0.12179249521612978
  0.13220579708916258  0.14260539493241059  0.15291729696651704  0.16317488186363299
  0.17347349935085202  0.18380148851063191  0.19428388454595880  0.20485683849169278
  0.21556286745263564  0.22624355552865094  0.23679169599898217  0.24730667420938968
  0.25787987055806655  0.26867672020017752  0.27965784251843429  0.29057125465536371
  0.30100726059935085  0.31136902441232978  0.32164676471744613  0.33204118360647250
  0.34236265544126859  0.35273451870429301  0.36312479803880698  0.37356236690499306
  0.38411451918103034  0.39477885663834372  0.40540234584741958  0.41584957422746910
  0.42642791704044819  0.43692130808085883  0.44767828090063244  0.45825828475608982
  0.46877296334846608  0.47916695308741480  0.48965732924789274  0.50014368847207169
  0.51031348674430543  0.52047392445151275  0.53062634780822471  0.54096335646070748
  0.55118732247298663  0.56150046174255219  0.57193618549490710  0.58250110581673920
  0.59294524086550160  0.60325959189155343  0.61362206037772171  0.62395817177378921
  0.63441689415340186  0.64479511587600991  0.65508376567143123  0.66537260140797128
  0.67570755166288421  0.68611341741883980  0.69657783018885455  0.70700791270508423
  0.71760503852503554  0.72807195914890721  0.73863470719250335  0.74920541906197013
  0.75960762959263906  0.76989997485686690  0.78012220075509531  0.79040846332073766
  0.80088049640353964  0.81124688516811849  0.82176841263528955  0.83222625016741469
  0.84279090223305220  0.85335116867497418  0.86384566562218557  0.87435187721208074
  0.88507758698547712  0.89563985039825689  0.90625564194502761  0.91665002866274004
  0.92728477176435731  0.93786402713453965  0.94836068187489464  0.95868148116016194
  0.96896617172756283  0.97928015121589884  0.98961424498188899  1.00000000000000000
 -0.00191805851577095  0.00822534385472169  0.01678146554305586  0.02602704728883766
  0.03552518301671050  0.04522078476015509  0.05503739077396227  0.06489095295732922
  0.07495057124448684  0.08511355193244652  0.09532507061579742  0.10579470645781823
  0.11637151532089514  0.12704522582451083  0.13769636160643439  0.14834024049287045
  0.15921579266104302  0.17028158182022768  0.18141102021868605  0.19259786421805059
  0.20370593249576754  0.21482709978376566  0.22614108854777015  0.23781754596722685
  0.24954837477049005  0.26158711731827483  0.27360412031363174  0.28572470235299813
  0.29778008875914264  0.31004072860041382  0.32243083607626144  0.33513258170359522
  0.34794742664368145  0.36049432727198566  0.37285047284277806  0.38522352939757476
  0.39756591143768566  0.40974204370356909  0.42200465775118068  0.43436816761276004
  0.44671206392700047  0.45911140331184536  0.47170398215078246  0.48433166496658864
  0.49676767725209542  0.50914311286583835  0.52152418477151885  0.53364627191477854
  0.54567390898339840  0.55750678603603998  0.56952935825748685  0.58150231002382335
  0.59326892209545734  0.60486318828794705  0.61645211233659647  0.62801384769983748
  0.63962327277856235  0.65101930828716259  0.66230407134125313  0.67337974829933911
  0.68444959748310219  0.69545716703211458  0.70625486718234365  0.71690676811015719
  0.72730499421866435  0.73756438980470540  0.74781613124087687  0.75798172860091106
  0.76793306242643689  0.77757707547846755  0.78703345577200923  0.79645150969503187
  0.80580469049614589  0.81502629990222719  0.82401325624620236  0.83313331174107363
  0.84236008571649490  0.85159581560311992  0.86051230969929748  0.86904692937986416
  0.87772900145032251  0.88641540867501134  0.89514679239506334  0.90372138051171991
  0.91205650306263120  0.92052803741571942  0.92902378930410734  0.93743391698792822
  0.94580870564518504  0.95410096177186221  0.96220054348819850  0.97007228562875558
  0.97770664942104957  0.98513944278705801  0.99250691549864056  1.00000000000000000
 -0.00260069273348659  0.00998177981030257  0.02037416477201723  0.03103202847002257
  0.04160257809232328  0.05265954601273472  0.06363657889816952  0.07446296259195204
  0.08533212666831484  0.09629554423506310  0.10718442652310957  0.11796120117059299
  0.12867388247409289  0.13946947542142957  0.15010168625185322  0.16058617531201494
  0.17087063478480533  0.18111983292467829  0.19140834882776911  0.20158378293712698
  0.21181254850468281  0.22196735086405522  0.23233313758464089  0.24271234484982451
  0.25311395379910478  0.26339195520685410  0.27381322491700238  0.28443021168893728
  0.29530659250091601  0.30592802800357155  0.31637718993142333  0.32688867012775291
  0.33754175253399044  0.34834602271543896  0.35902767380247169  0.36961954888594661
  0.38013038379315572  0.39040116232505007  0.40072769604870501  0.41118555159029047
  0.42172742111760519  0.43215113086905954  0.44249561832514667  0.45301347672133285
  0.46358669025900795  0.47425688527895482  0.48498724589182463  0.49590672813244163
  0.50659960347119837  0.51705872519415952  0.52729460145460672  0.53749137625981680
  0.54783802298095863  0.55833375257591400  0.56878817152682404  0.57923527806501762
  0.58966063868688079  0.60017634269643860  0.61064030224162946  0.62118589097371280
  0.63176831918237841  0.64227477432264246  0.65258476582046021  0.66281621380548073
  0.67308912112386954  0.68349135461660515  0.69398717561887524  0.70478985761340529
  0.71553045788167913  0.72618394800438113  0.73668668380371882  0.74724275896462078
  0.75765673909132814  0.76830262425787632  0.77872946369408313  0.78941120176939905
  0.79974262772049620  0.81017604700695212  0.82062742139723133  0.83103271430004799
  0.84153985679036281  0.85185515709399873  0.86212819454971767  0.87243464435784557
  0.88310495382988419  0.89391645778712125  0.90471944767302803  0.91534737325845661
  0.92620992632707255  0.93707625530852556  0.94775950384087659  0.95836450623114655
  0.96889045053295564  0.97930808336723307  0.98966362203007330  1.00000000000000000
 -0.00249156962930322  0.01014128360579731  0.02033194438722336  0.03105813291779784
  0.04160193290623491  0.05231889111779137  0.06278902499680711  0.07331741146169649
  0.08394929289153572  0.09484310590236783  0.10562839826731565  0.11655922186791437
  0.12741476928206716  0.13818397155349793  0.14888660213084062  0.15948611299196916
  0.17005284670978948  0.18043553443971957  0.19086884760273362  0.20138932614411817
  0.21184669518536198  0.22240141219569379  0.23273080216772102  0.24326647522213710
  0.25367127752984664  0.26439497875399820  0.27482751611951900  0.28520283816626130
  0.29532634482092746  0.30550598732725837  0.31550359841956949  0.32549895371773391
  0.33573869452758587  0.34628604863328794  0.35663538787007892  0.36677103009701378
  0.37687369790876707  0.38720821596855082  0.39767931602466594  0.40825656123809306
  0.41866116695873296  0.42894030161811741  0.43911979929162714  0.44942963990555723
  0.45979526923135794  0.47018609800313993  0.48073706060379895  0.49145106545635514
  0.50224554842229818  0.51298804655428809  0.52364264167447927  0.53413560939532945
  0.54475037438966067  0.55555840590896122  0.56651359296966952  0.57744433698800490
  0.58818553153583875  0.59891328399149224  0.60965361920048655  0.62052772422998792
  0.63140430616678378  0.64220214080209759  0.65296667526320351  0.66367182480142550
  0.67403305800713686  0.68444447056297320  0.69486703418825946  0.70551717991068164
  0.71613659256673046  0.72672850272667933  0.73722831373699638  0.74770419671308452
  0.75817867671305295  0.76863706852906055  0.77894714227675088  0.78917873526236437
  0.79937924858449827  0.80967261668922519  0.82004615569230432  0.83057179656091618
  0.84106163559962266  0.85163861147657960  0.86243513926685522  0.87316804919144986
  0.88380710463106360  0.89428702352434464  0.90488502451575248  0.91546257379939944
  0.92592875852248024  0.93616384731471880  0.94646019542603088  0.95701812666705166
  0.96791053774316382  0.97869089243788454  0.98931325173277240  1.00000000000000000
 -0.00234063613797937  0.00984195120923068  0.01991687544145631  0.03026811051978024
  0.04058206760160095  0.05101202696286017  0.06135380738568746  0.07145843830078734
  0.08164799714933359  0.09194105438588199  0.10233445006777522  0.11280899939670389
  0.12315847678238091  0.13381464679667310  0.14421928652943569  0.15477027576764291
  0.16529599163885642  0.17601994890528366  0.18686533528460494  0.19756117552310443
  0.20800206332852222  0.21840306765868156  0.22900051894593193  0.23976065440971364
  0.25053421466772335  0.26131949204495319  0.27212722399122041  0.28303295477810081
  0.29378013540629688  0.30445963801401926  0.31499368576198233  0.32548634375246888
  0.33596715473934241  0.34667366482202050  0.35727409024671936  0.36794152558710447
  0.37841975067994815  0.38901119020763042  0.39942793494904777  0.40979212524996939
  0.42030091648417445  0.43081002261114276  0.44126308162814076  0.45150679996274928
  0.46184537823878513  0.47204770606846036  0.48222111145942459  0.49234594002181520
  0.50273635930566773  0.51320664152681716  0.52383267657040444  0.53435050293152353
  0.54491168363967368  0.55545429558182935  0.56605945125800250  0.57675718204500748
  0.58735513428096597  0.59791675250788479  0.60835873913237770  0.61867453783015169
  0.62909048527890832  0.63951419070455595  0.64993279021440820  0.66034376519582538
  0.67080790523575939  0.68131659124874910  0.69167998215946069  0.70201840509385427
  0.71245996121860378  0.72295867632744348  0.73357874049385541  0.74417571078641509
  0.75494375128609803  0.76560454468085637  0.77641590890445045  0.78716969396926717
  0.79795301228010973  0.80855948664268862  0.81911152541220600  0.82960976120297325
  0.84000941486034908  0.85044099271420548  0.86098174149019591  0.87174503510088830
  0.88246278909941545  0.89313742573807287  0.90375123783948741  0.91432334261474957
  0.92511781902855683  0.93593468719955464  0.94675753047868039  0.95741982476389087
  0.96796448910726529  0.97863180196371480  0.98924008866033042  1.00000000000000000
 -0.00250251910222666  0.01118745676798660  0.02239971711251492  0.03421982894744532
  0.04594699103877214  0.05776714359307600  0.06934970204837559  0.08079363929281180
  0.09223007593702164  0.10349675636171939  0.11475975757090696  0.12582485911569355
  0.13669358435447990  0.14729278861013345  0.15772230181922445  0.16809856555122751
  0.17839541484821153  0.18862383019578757  0.19880619729322088  0.20894326324739609
  0.21914696673385867  0.22930542460302206  0.23938659142393101  0.24940488319879767
  0.25936007469898203  0.26926584230832729  0.27912150173040889  0.28886001461719546
  0.29844133008490392  0.30789318052519321  0.31725478013133485  0.32668576631417839
  0.33621723524107322  0.34596103133030370  0.35571756191163106  0.36531479919522969
  0.37470028803027700  0.38398479121381690  0.39325447545684550  0.40253296387178955
  0.41178738669630366  0.42110185406212669  0.43043311872527157  0.43975776499245584
  0.44911673162984755  0.45852755224163250  0.46793285378454186  0.47736457835845009
  0.48677795984795330  0.49607830246519430  0.50526282366165121  0.51442836587042873
  0.52374364988647126  0.53335739049199082  0.54301783647059187  0.55240382544147459
  0.56182914725858257  0.57133992597026850  0.58101055460288054  0.59056071978934455
  0.60013561487626765  0.60965089281547757  0.61921625257571078  0.62870901353432407
  0.63829579656793489  0.64801895891467798  0.65789597369218578  0.66788495035924322
  0.67814959057499635  0.68836931405413437  0.69867085703543552  0.70889034498524972
  0.71916343631955948  0.72952348639345055  0.73989964731924707  0.75048629559943614
  0.76107083712593326  0.77186902942193580  0.78277990634745220  0.79390903902763943
  0.80515085387463303  0.81647060968956198  0.82790565519038817  0.83978926787333286
  0.85204723712515718  0.86462502859490598  0.87728532589947017  0.88997392367137684
  0.90254886696526260  0.91530274134635436  0.92829475761522640  0.94173902508969909
  0.95561363084245066  0.97016916432729550  0.98500913444453775  1.00000000000000000
 -0.00250609133383179  0.00936379745917042  0.01963318243868163  0.03001212280993301
  0.04042570336578379  0.05064009241596737  0.06089896148676220  0.07126557810627658
  0.08160042294679218  0.09211963832980886  0.10263251329369945  0.11327981385161581
  0.12391775934109876  0.13466313112175596  0.14549475493166636  0.15606031969008705
  0.16658292807949707  0.17693721714691923  0.18711486785366113  0.19749959016079316
  0.20800618617976324  0.21892549281284499  0.22967781397887138  0.24016512302967188
  0.25072896186525129  0.26121371491173262  0.27194836958608420  0.28247626592485120
  0.29297189219194386  0.30348283877368726  0.31396675628074872  0.32416807047968521
  0.33449033362771291  0.34493115694541432  0.35547135754608700  0.36597571034899651
  0.37639664758816554  0.38706070917870022  0.39778677634293641  0.40855013746424290
  0.41950051481120515  0.43055752787464396  0.44162467020923268  0.45251748698883970
  0.46327656741391393  0.47383841399965060  0.48435438486868460  0.49499810983509218
  0.50564039138205485  0.51619363401227447  0.52671767467085162  0.53730694849863314
  0.54790033294735441  0.55839187084994313  0.56891855565502625  0.57940873596770637
  0.58975806111098517  0.60000702639334536  0.61020514569543272  0.62040205951941219
  0.63079776250933595  0.64124448031505032  0.65184932161285625  0.66224884587481847
  0.67279706040544651  0.68331039460524934  0.69388756490862558  0.70448286561980622
  0.71513580715129610  0.72569578964456605  0.73608985068556776  0.74641502179630337
  0.75698611049831799  0.76769905262774107  0.77848491382416085  0.78927600934481379
  0.79996107520204884  0.81065505545256666  0.82118413867815787  0.83185066356035464
  0.84250184111393900  0.85329133622981190  0.86389064799939697  0.87457558166346572
  0.88514474346217664  0.89579371495949145  0.90638043377593902  0.91696611824919227
  0.92752155588906027  0.93802456228144870  0.94838214183251701  0.95872059364185047
  0.96926398147773374  0.97964530319208420  0.98999892446683480  1.00000000000000000
  0.40895827680417168  0.45519253529508708  0.46586192192498743  0.47422197657143339
  0.49513866350318880  0.51843968390731265  0.54002885713700355  0.55922645624930811
  0.57505069684689503  0.58910508854124577  0.60795903081038216  0.62686307280425380
  0.63833347681276587  0.64614952607016696  0.65203040896864495  0.65715734184014296
  0.66199757968919570  0.66650999308106140  0.67066802010519655  0.67462702696805033
  0.67849319600249791  0.68229966512077356  0.68605554003408165  0.68971118748968219
  0.69322128661610394  0.69670338906085472  0.70008840884899115  0.70350024704718350
  0.70691033423945249  0.71025881047074291  0.71357001298465139  0.71684953695221743
  0.72011531687404928  0.72336340676958155  0.72659204142684553  0.72980306785849824
  0.73299525447598135  0.73618665489603374  0.73938175508157411  0.74260195015746067
  0.74582532239772426  0.74903722184499066  0.75221585670404945  0.75538696102831238
  0.75856685785329925  0.76178695116415851  0.76505509774819769  0.76834620779786322
  0.77165392349235806  0.77497020813938844  0.77824298939209779  0.78150850658533033
  0.78479284367584257  0.78809684871102259  0.79142960787524042  0.79478751785135571
  0.79816877018509880  0.80158765087213479  0.80505781992232606  0.80854556499966079
  0.81204947808194072  0.81559452752590145  0.81916585673062081  0.82275519196283231
  0.82635821580159263  0.82997523482241053  0.83362583749562025  0.83737932309799590
  0.84120384851745689  0.84504909220589275  0.84897011440283854  0.85289859490123165
  0.85687336713868534  0.86091672307390221  0.86501524606101443  0.86915653377775681
  0.87334822726361683  0.87760878116449947  0.88195476191815569  0.88641739931934327
  0.89094661376576079  0.89554334312807793  0.90029138185121549  0.90515061591173873
  0.91012077409029590  0.91526649344365751  0.92072981562096556  0.92652492596121505
  0.93241026014165651  0.93858277130703349  0.94524819518237857  0.95241277649477363
  0.96050986101226210  0.97014482880564124  0.98236717198502255  1.00000000000000000
 -0.01255674604554911  0.13295202035605080  0.17898878133047638  0.20673581477974703
  0.22889344049780266  0.24737010303477097  0.26397778502931085  0.27931544667057867
  0.29356253820739386  0.30678143312668954  0.31917595657546705  0.33096868439497734
  0.34237981686459829  0.35344874947153632  0.36409200561387411  0.37433724720552641
  0.38421403460456083  0.39386101884480457  0.40325912473458070  0.41242981170241777
  0.42130093869130880  0.42991753721264359  0.43836024629940268  0.44663787656300313
  0.45478662141800291  0.46282879482166700  0.47064350360534102  0.47827221360404965
  0.48570660506354807  0.49307567326283130  0.50035675665653423  0.50750587458749363
  0.51457323463941695  0.52153672790598937  0.52837043599782563  0.53511688683715786
  0.54179510559951827  0.54837767629887224  0.55487206790658183  0.56133070276547081
  0.56765509035643724  0.57390097092001535  0.58005839805708226  0.58611843950964104
  0.59212187742280520  0.59805396052647997  0.60395088603654246  0.60976757408517190
  0.61552904504474582  0.62125466184746747  0.62693922013505443  0.63257582815338520
  0.63818597854936965  0.64379232027308164  0.64936039096695075  0.65489040240263408
  0.66039221995943576  0.66588580337015113  0.67129148338722333  0.67666199521388659
  0.68198365052859278  0.68727654475468936  0.69255625784537878  0.69782220332584044
  0.70306404306503578  0.70825284518646503  0.71335259788849126  0.71840914337584771
  0.72346781432857821  0.72857188976098675  0.73375388781282946  0.73896235911573682
  0.74422131573343986  0.74951233171982701  0.75485929421586517  0.76026334625417402
  0.76572112110311874  0.77124664254520470  0.77683239596106757  0.78249462371762668
  0.78815667794299915  0.79397042237974480  0.79997573450828297  0.80604849080575147
  0.81233389621025176  0.81890145817163951  0.82558201707726775  0.83264570051271369
  0.84024843521694648  0.84826414829108587  0.85708120589431191  0.86709147216132532
  0.87887276326557673  0.89298691092740645  0.91288203889896002  1.00000000000000000
   6.2392592650022595E-012  -1.0000000000000000     
 F F F F F F F F F F F F F F F F F F F F F F F F F F F F F F F F F F F F F F F F F F F F F F F F F F F F F F F F F F F F F F F F F F F F F F F F F F F F F F F F F F F F F F F F F F F F F F F F F F F F F F F F F F F F F F F F F F F F F F F F F F F F F F F F
  <DiscreteSampler_grid>
  grouped_processes
  1 # 1 for a reference and 2 for a running grid.
  10 # Attribute 'min_bin_probing_points' of the grid.
  1 # Attribute 'grid_mode' of the grid. 1=='default',2=='initialization'
  0.0000000000000000 # Attribute 'small_contrib_threshold' of the grid.
  0.5000000000000000 # Attribute 'damping_power' of the grid.
 # binID   n_entries weight   weight_sqr   abs_weight
    13   10   4.858308809752518E+000   3.622619690288947E+001   4.858308809752518E+000
    14   10   4.858308809752516E+000   3.622619690288946E+001   4.858308809752516E+000
    16   10   6.230771883660520E+000   5.949478356237302E+001   6.230771883660520E+000
    17   10   6.230771883660519E+000   5.949478356237302E+001   6.230771883660519E+000
  </DiscreteSampler_grid>
