  0.00007134660538778  0.00007281228063689  0.00007511881666037  0.00007736448718691
  0.00007991081029551  0.00008269656371693  0.00008575501121701  0.00008882605539346
  0.00009143339836924  0.00009222261946339  0.00009244772737712  0.00009250560233674
  0.00009253614861802  0.00009254989302541  0.00009255820974222  0.00009256489247346
  0.00009256967272005  0.00009257325454574  0.00009257622846756  0.00009257831401755
  0.00009258004281116  0.00009258159092273  0.00009258270557390  0.00009258362104173
  0.00009258446039532  0.00009258520689844  0.00009258590252017  0.00009258653454875
  0.00009258713867914  0.00009258767522835  0.00009258821177755  0.00009258873286117
  0.00009258925150960  0.00009258978168155  0.00009259033251995  0.00009259088335834
  0.00009259150858383  0.00009259213392459  0.00009259294482743  0.00009259379085963
  0.00009259475474055  0.00009259579554616  0.00009259701866095  0.00009259863525435
  0.00009260082962615  0.00009260357074355  0.00009260705268961  0.00009261139341955
  0.00009261818508100  0.00009262819197138  0.00009264223413722  0.00009267825444574
  0.00009273635622004  0.00009302182848162  0.00009436849594976  0.00009857434563248
  0.00010436073551321  0.00011105769560784  0.00011996102221447  0.00013193614866399
  0.00014716193827455  0.00016621633230924  0.00019014566648152  0.00021957432895036
  0.00025675002367638  0.00029932054394332  0.00034666224160954  0.00039895700979704
  0.00046212503014444  0.00052913139750433  0.00059829372315787  0.00067216762032751
  0.00075364544977983  0.00084406492533046  0.00094812279262683  0.00105859427131022
  0.00117642124827715  0.00129389318281445  0.00142431828444148  0.00157569657588203
  0.00175335655018836  0.00196373923838042  0.00222053261971919  0.00251100045677959
  0.00282250362866325  0.00318328309673295  0.00361027823341978  0.00411044257260067
  0.00471104325929473  0.00539486565938487  0.00618215493860456  0.00702256798731762
  0.00887302239043971  0.02277441574890750  0.07190906853159953  1.00000000000000000
 -0.01063078793026911  0.04222772025409555  0.06234972668595570  0.07448617932999102
  0.08500033023806419  0.09516649584432681  0.10687262535522411  0.11770494557211764
  0.13075391088349850  0.14322298848490381  0.15447268428766847  0.16491295400030387
  0.17506719124359071  0.18506932351717187  0.19475893174649037  0.20360437959728425
  0.21279524556077192  0.22244782686084835  0.23199367330338230  0.24320545695514698
  0.25532184528392576  0.26804528840416270  0.28183963925463540  0.29470052151088522
  0.30547752740165446  0.31487275714176449  0.32341072286347483  0.33188509678976380
  0.34003808332479823  0.34932802675852687  0.35987069738991145  0.37071848321282114
  0.38225520514613565  0.39412091163943269  0.40510032028418541  0.41571410457297814
  0.42772853754816165  0.44046018037608842  0.45217418984645519  0.46225377507720511
  0.47127930372297727  0.47945876174050434  0.48768557972730037  0.49708525867822412
  0.50653610977592856  0.51625764320184964  0.52583303866732578  0.53537409996516816
  0.54495059253569023  0.55487210626462502  0.56388041292592006  0.57220789028616481
  0.58213108394249991  0.59239130148767849  0.60231493710195205  0.61251558869783873
  0.62323423364902231  0.63316190548519347  0.64372815644364212  0.65503205185102531
  0.66639991525440245  0.67830067412684603  0.69031153785212218  0.70125471801572703
  0.71116115169279559  0.71987515489293863  0.72725963968350649  0.73360780770329415
  0.73925206236955232  0.74538941346508747  0.75516043239246500  0.76743556021777160
  0.77537582488153456  0.78148881793575597  0.78893698077560637  0.79755092550722240
  0.80731779472370135  0.81850989275406849  0.83012128072506430  0.84087185376244511
  0.85079708796639841  0.86130334942994946  0.87289339583607672  0.88556956172611989
  0.89630206397554990  0.90641508445196406  0.91506747864245774  0.92400104349561885
  0.93454215489875059  0.94488624676460853  0.95528688775132486  0.96503677972170721
  0.97433433159230109  0.98339484010374556  0.99134910887879313  1.00000000000000000
  0.00000050012146352  0.00000177269003227  0.00000277023600019  0.00000376918725502
  0.00000545550231899  0.00000741287351929  0.00000971633427554  0.00001262093928472
  0.00001593768591956  0.00001911616531411  0.00002185838986727  0.00002415949279707
  0.00002670631726783  0.00002925884785955  0.00003147033991071  0.00003340044468430
  0.00003565985114928  0.00003833820649445  0.00004133305228558  0.00004440313846718
  0.00004756710489818  0.00005081378810510  0.00005379732131437  0.00005659772116314
  0.00005975547576998  0.00006333171232550  0.00006716088004915  0.00007114097315857
  0.00007518688008217  0.00007921265693445  0.00008346781513889  0.00008814588725829
  0.00009274091795738  0.00009731733335148  0.00010173472791251  0.00010608548381935
  0.00011077890036217  0.00011651514442073  0.00012219931210397  0.00012735604504031
  0.00013235157982273  0.00013763226342790  0.00014297507430880  0.00014865596207673
  0.00015515941804047  0.00016213666761048  0.00016893442117203  0.00017605780727788
  0.00018393127738757  0.00019199232613746  0.00020098649138260  0.00021154920078538
  0.00022292398745891  0.00023477348501583  0.00024736036569023  0.00026097242375913
  0.00027598212092130  0.00029288681474579  0.00031185625918167  0.00033320917242252
  0.00035689527656201  0.00038188566870762  0.00040777813902623  0.00043327957755260
  0.00046067127543187  0.00048991064146888  0.00052126338889300  0.00055362175401598
  0.00058694820209448  0.00063118285110113  0.00067747983495319  0.00072074759383935
  0.00075486848632537  0.00078811942446989  0.00082580863584571  0.00087374446055537
  0.00092895468957248  0.00098627326607133  0.00104514421996012  0.00110904929966580
  0.00117788493205822  0.00125095709020753  0.00131793837428309  0.00138832327097178
  0.00146797890377539  0.00155488914237591  0.00164037640390448  0.00174235664253028
  0.00187919935643375  0.00205310383249253  0.00217717041274680  0.00277829667682032
  0.00429253268895489  0.01370713715424661  0.02433520316784280  1.00000000000000000
 -0.00231226865903403  0.00782350028958745  0.01699056959173752  0.02594807244715694
  0.03391973975464002  0.04179262501830000  0.05053059551821423  0.06072702664131002
  0.07219523924016398  0.08229628790906120  0.09144848962793917  0.09945361261125518
  0.10780769521411472  0.11541397763823150  0.12219093463086397  0.13042111256097602
  0.13845914961320088  0.14690420116552017  0.15587693827847057  0.16523523888751177
  0.17544575010098948  0.18643715048909107  0.19752369508837053  0.20759153787340670
  0.21728541718683381  0.22712782491371408  0.23722484600233965  0.24919790137964340
  0.25974046955968594  0.26899724928224567  0.27789390144835141  0.28721510645290538
  0.29803728690829751  0.30953337451889540  0.32115932818499854  0.33288824861745098
  0.34489648344409873  0.35689480702565368  0.36864297287169667  0.38012710842503505
  0.39060538361029001  0.39912630097092883  0.40683437317208476  0.41486631507986438
  0.42301291099189797  0.43104372269677715  0.43822809830638765  0.44411364685964444
  0.45107665802445718  0.45950439575398855  0.47035561693421329  0.48174956367771443
  0.49236890023441243  0.50288773124494646  0.51418495060019442  0.52637483999933110
  0.53929504740318501  0.55253324367338086  0.56552860607341049  0.57794057447709357
  0.59004434084886626  0.60268334225137477  0.61627165354333746  0.62831007396210337
  0.63752341464559192  0.64627829613579746  0.65471378676631420  0.66348413674707130
  0.67382334862300963  0.68526215828236658  0.69740296572664684  0.71018896721848046
  0.72349583619037994  0.73671861835986052  0.74875598163987589  0.76011788051856621
  0.77240505579967378  0.78460533045623249  0.79429038254705231  0.80576080289843288
  0.81642035580154881  0.82880166243228126  0.83936180978442676  0.84767929973143408
  0.85767240605333983  0.86855520441686929  0.87991823694458970  0.89114194704518956
  0.90258165905736198  0.91446679965770394  0.92641236127296700  0.93904798831247760
  0.95335739303244094  0.96868487788157664  0.98368418230142329  1.00000000000000000
 -0.00291532013538573  0.00995598395582148  0.02280426325810597  0.03565858416337694
  0.04814285707021237  0.06005290584642146  0.07129572567621044  0.08172281592947288
  0.09183230727775951  0.10222091587537846  0.11255212828589384  0.12243890991854237
  0.13202085716411727  0.14102652139771349  0.15137874128596257  0.16208924278107584
  0.17199257982080118  0.17895187369143040  0.18558312177678063  0.19347476696650501
  0.20396396083627050  0.21553386443311287  0.22641765177100298  0.23634238113938627
  0.24605439045955169  0.25617404121363779  0.26664820948229184  0.27759097837479335
  0.28930507026427527  0.30063768265407609  0.30961560900058221  0.31780970416405430
  0.32696970866683933  0.33586713377088850  0.34578204879627683  0.35662930305269291
  0.36715471283344514  0.37746679714215325  0.38722710256386622  0.39681094397688260
  0.40583641103746126  0.41472256416162123  0.42445830294925241  0.43478723168154998
  0.44531669848007216  0.45601592621023473  0.46717572011560826  0.47932620188266190
  0.49284076389686887  0.50498150147241361  0.51479005963609537  0.52431256369666734
  0.53474794869340669  0.54580210894815973  0.55675844324795520  0.56708294655055091
  0.57673838923317300  0.58602401036027152  0.59594463577480805  0.60713044305315034
  0.61909041795603637  0.63141534969364999  0.64343120845414581  0.65511767407350430
  0.66697566109675466  0.67885146610316360  0.69085626397480437  0.70353750409916138
  0.71576475439825593  0.72749439996358600  0.73868016816950466  0.74914048790956356
  0.75952269036001185  0.77026984657052966  0.78223093058678317  0.79271405506389714
  0.80356628900197846  0.81379994672806577  0.82319092254100668  0.83324815149493836
  0.84421210812863845  0.85453328657821848  0.86467778635807468  0.87420494454089714
  0.88422443691393382  0.89591487010918647  0.90830309524235764  0.91748949950336200
  0.92542593626595693  0.93406581920262510  0.94252595247622217  0.95155572250639431
  0.96260770806451312  0.97624991072634659  0.98785970555803615  1.00000000000000000
 -0.00121233716913809  0.00525542176564678  0.01268261376965130  0.01959073369090681
  0.02730644476934083  0.03508522490528986  0.04381013214511400  0.05288429828412401
  0.06377194589348383  0.07488998819330496  0.08571764641815263  0.09592765458682180
  0.10572955364515212  0.11660327176901286  0.12885235085663671  0.13977324910473177
  0.15030423641420496  0.16073786585631991  0.17176635126543130  0.18426541947922667
  0.19779232644227165  0.21124244238297038  0.22397208225666626  0.23546407625448795
  0.24531748520192492  0.25509598816543405  0.26675761518234770  0.28120987572959005
  0.29677744782040266  0.31188668608462622  0.32717073934624102  0.34221922225675594
  0.35483081774453396  0.36515303758129508  0.37410184817745479  0.38373812597163337
  0.39614861178046662  0.41058424918270703  0.42539280079268965  0.43956817226149791
  0.45394368528394968  0.46989450479777378  0.48602831964497040  0.50061400679059520
  0.51348511543779496  0.52557374322080419  0.53819825883925543  0.55108870968429158
  0.56287918875843501  0.57355597592881824  0.58563911955788561  0.59921910999115802
  0.61346444382163645  0.62749207807031382  0.63911759434882909  0.64924205237116506
  0.65953129550173040  0.67152204179409902  0.68420412925601082  0.69550210252842792
  0.70622235310185322  0.71703499568094220  0.72798391601967394  0.73908364242129931
  0.75115421211551237  0.76188099436064927  0.76957599314850400  0.77702319654275742
  0.78516122950458778  0.79489713895045300  0.80516026829335663  0.81445630402025970
  0.82270838558278281  0.83102724033368058  0.83996936386176269  0.84958219828533399
  0.85957840404967512  0.86931127789316875  0.87815368155663687  0.88802841355336604
  0.89579095584429669  0.90375105016974289  0.91132739142235641  0.91749812446870593
  0.92226877695528120  0.92786772358852332  0.93460563116258766  0.94171268354918058
  0.94871910952251326  0.95615724236269850  0.96382067355740453  0.97094219453537534
  0.97730712405909770  0.98390428594774770  0.99135926168138300  1.00000000000000000
 -0.00181051455485302  0.00754368142295633  0.01786098529796306  0.02765597523103409
  0.03812660434444018  0.04888406100528690  0.05899177733902844  0.06886594056332235
  0.07761127130322347  0.08649626143439626  0.09578351705311991  0.10582445196349853
  0.11655741970401834  0.12765630732982750  0.13862481336164770  0.15047780756794737
  0.16315929544808114  0.17603954689121457  0.18843300695183116  0.19961838889295583
  0.20915377498132970  0.21869176663022805  0.22900265682036597  0.23984084866015956
  0.25026326512173008  0.25998688423541066  0.26884566583302799  0.27600955430895568
  0.28588238270757649  0.29742539380645627  0.30969869977663639  0.32227596338132880
  0.33401530165293120  0.34531721825987932  0.35684279400957097  0.36845808119321061
  0.38008070295942797  0.39180972784497636  0.40344679165456604  0.41523116890291767
  0.42757127883027346  0.44063800196717778  0.45450195720714193  0.46810492690593858
  0.47927175681115952  0.48837012056039952  0.49732829266363554  0.50715435630858796
  0.51772102634322470  0.52907989034920400  0.54026608574345936  0.55023960873654498
  0.55883168354293378  0.56541508776453087  0.57221272907905918  0.58119812457418640
  0.59120749637917891  0.60242584576940328  0.61562600594522843  0.62962105616750152
  0.64145412664949097  0.65104158956442348  0.65998472608431424  0.66759385642521929
  0.67555955851920579  0.68491265491803055  0.69684896093598492  0.70908984005587050
  0.72013055580658358  0.73084472042601378  0.74146661995214336  0.75234995452500375
  0.76418463430815575  0.77657573261644619  0.78857997167441074  0.80021434023210181
  0.81208215179628918  0.82409437373155281  0.83653112966128096  0.84918721992821411
  0.86003486247282013  0.86823356708250732  0.87628672153044795  0.88533382033496133
  0.89302719735420610  0.90024311118107758  0.90984853137190858  0.92040460031933180
  0.93011775221051540  0.94021559721407733  0.94975641597864702  0.95782172646648112
  0.96700033456550594  0.97728218072568229  0.98970211729218971  1.00000000000000000
 -0.00169055292301114  0.00743604643755109  0.01739706580417530  0.02709710990870993
  0.03636380282511217  0.04532049522728493  0.05404013381766033  0.06246277426934408
  0.07168768466127022  0.08371590716229237  0.09678666848379797  0.10896568773178937
  0.12115323094846288  0.13288236148216923  0.14469240921491794  0.15528969483503685
  0.16515797464306572  0.17563119044153014  0.18500350466946003  0.19776247624091867
  0.21120530109557478  0.22453104554448716  0.23832534658984661  0.25237522228642117
  0.26582252103232695  0.27711027205320998  0.28675716631032921  0.29603510696158136
  0.30493883222808793  0.31473102784909218  0.32553223198194770  0.33685856539902931
  0.34856086664357144  0.36014720642491821  0.37124681766910717  0.38158767483417178
  0.39126134441162519  0.40097509310906149  0.40967072505866459  0.41784897973943524
  0.42711688256803493  0.43686388208662091  0.44857919702828702  0.46076569394558742
  0.47306075175064571  0.48589255606332488  0.49875884614415483  0.51068091494799728
  0.52233539834314224  0.53409448428821171  0.54540005649544221  0.55644954678847813
  0.56727986941409514  0.57783561041939002  0.58975510538698550  0.59806187013544010
  0.60687732405318151  0.61658446419173318  0.62571938325539633  0.63407391973828120
  0.64239923302685464  0.65065873814260733  0.65895070938984113  0.66724818373657546
  0.67594079541749208  0.68389098609961585  0.69008706652010787  0.69482473812147239
  0.70143844429764701  0.71062917432195793  0.72025464045125187  0.73136837687397416
  0.74391257501330943  0.75554764490603810  0.76621015336108755  0.77645239880808714
  0.78512849683296315  0.79315937732465558  0.80187087138480084  0.81259655929866248
  0.82476443120759102  0.83724610028431135  0.84703431745999702  0.85610010216589649
  0.86609135148794791  0.87901240428265692  0.89242671251047800  0.90467797371086212
  0.91606101229497749  0.92690703022916499  0.93740895120443513  0.94843866759819095
  0.96068461073462463  0.97384593749607462  0.98715967940314420  1.00000000000000000
  0.03403197456219654  0.26242708555992400  0.48556432715821551  0.60560799374892393
  0.63358610412324745  0.64534124198541376  0.65233999037711965  0.65726273299362992
  0.66119558036024062  0.66504706783002843  0.66882658239634418  0.67228195646668309
  0.67541973114461940  0.67850717385493531  0.68153156696523487  0.68471404000156155
  0.68775316398638775  0.69070149300575545  0.69376280532253110  0.69628288915520331
  0.69865973030753215  0.70107338548394138  0.70375268246375000  0.70687137901445518
  0.71036174123423557  0.71384032936744091  0.71704222250222327  0.72014303534840085
  0.72297719304030128  0.72539571477637887  0.72785942174261986  0.73034855875061344
  0.73301601993193766  0.73605450153166940  0.73947810133281733  0.74286904131185583
  0.74595259412224812  0.74872587314783901  0.75110649489311210  0.75374940333319818
  0.75630877480198333  0.75897893644568160  0.76162552008459750  0.76433283026019838
  0.76719887357020200  0.77032829989522511  0.77335022132148645  0.77654699843441644
  0.78043772943656542  0.78385610240801928  0.78701682617768942  0.79004959051663948
  0.79310369804517167  0.79626419176631724  0.79957964570776574  0.80316999960485769
  0.80678951241943841  0.81026813849466084  0.81371478634621119  0.81677561662109199
  0.81951882898028594  0.82219535647291753  0.82488643529308792  0.82810136366783649
  0.83149640076591469  0.83437950696970931  0.83742913926938134  0.84045273697967282
  0.84348788677149555  0.84655694468445564  0.84988843131022085  0.85354192425702591
  0.85737397609625521  0.86135100184786928  0.86543278742932594  0.86937150203746771
  0.87293191029200590  0.87626482977302012  0.87948355094770081  0.88295935132798176
  0.88721328649152442  0.89224423146646070  0.89793672182064321  0.90431839586253404
  0.91022445465732238  0.91650893096363317  0.92290811770849446  0.92919292262785880
  0.93526324428731233  0.94158824399999042  0.94851465706535620  0.95590220639060186
  0.96312741676244895  0.97128312473169365  0.98315447538717271  1.00000000000000000
 -0.02457275574190800  0.16328175144238774  0.23773777682592945  0.26654130150508992
  0.28700084942812809  0.30559605974400400  0.32449342553651656  0.34302061174444975
  0.35885671477205883  0.37125269627584112  0.38189763418444117  0.39220222649906372
  0.40279520005200758  0.41448386774622059  0.42546841948251640  0.43368494990020545
  0.44085468043326959  0.44753800352783130  0.45430534088445162  0.46129591118335794
  0.46797010591515897  0.47561625621038206  0.48119664527759087  0.48736783875894013
  0.49479142719896896  0.50296399937958614  0.51105457229068640  0.51853648672159458
  0.52509867669725463  0.53122892128222032  0.53720595664411652  0.54378898527016983
  0.55075099644663827  0.55726549072714593  0.56348241846433589  0.56979657957019270
  0.57658825934084745  0.58395754621383167  0.59125750770513685  0.59764916473195717
  0.60294945954066015  0.60753505855873813  0.61216290967059961  0.61705398181103743
  0.62233948510766846  0.62721479604963259  0.63147593131237090  0.63546908600202556
  0.63989376896747663  0.64554408864614288  0.65127515578788442  0.65601503314010501
  0.66025047961570016  0.66434296920665481  0.66850421906366153  0.67286386451770808
  0.67743271973784425  0.68213380868832874  0.68662141969931811  0.69122090557923188
  0.69645769286247572  0.70220606607743807  0.70812207838001007  0.71394802272010627
  0.71963993487358868  0.72562356539060602  0.73139928651820785  0.73700159179041536
  0.74251718027022418  0.74799360048372665  0.75336281064635047  0.75874219596108272
  0.76416395219429456  0.76880640617287910  0.77298422906877984  0.77711094578891082
  0.78146224247172591  0.78611793485606962  0.79093042901526911  0.79549107090726234
  0.79943700223859782  0.80344419534442701  0.80769861369653173  0.81174844136046886
  0.81650071538822178  0.82207255119034495  0.82822751401604700  0.83562935569209984
  0.84472840275554761  0.85364599073384695  0.86089250337007317  0.86743863336192462
  0.87593230229547980  0.89131710843433198  0.91993912630870189  1.00000000000000000
   3.3551718797068627E-010  -1.0000000000000000     
 F F F F F F F F F F F F F F F F F F F F F F F F F F F F F F F F F F F F F F F F F F F F F F F F F F F F F F F F F F F F F F F F F F F F F F F F F F F F F F F F F F F F F F F F F F F F F F F F F F F F F F F F F F F F F F F F F F F F F F F F F F F F F F F F
  <DiscreteSampler_grid>
  grouped_processes
  1 # 1 for a reference and 2 for a running grid.
  10 # Attribute 'min_bin_probing_points' of the grid.
  1 # Attribute 'grid_mode' of the grid. 1=='default',2=='initialization'
  0.0000000000000000 # Attribute 'small_contrib_threshold' of the grid.
  0.5000000000000000 # Attribute 'damping_power' of the grid.
 # binID   n_entries weight   weight_sqr   abs_weight
    13   10   4.904861556121467E-003   3.921067690689456E-005   4.904861556121467E-003
    14   10   4.904861556121465E-003   3.921067690689452E-005   4.904861556121465E-003
    16   10   3.973395623746363E-003   3.379119864057430E-005   3.973395623746363E-003
    17   10   3.973395623746359E-003   3.379119864057427E-005   3.973395623746359E-003
  </DiscreteSampler_grid>
