 -0.00040755816750573  0.00202997682582081  0.00751632473755482  0.01649206252633498
  0.02689092596771921  0.03888270331885672  0.05147234947695639  0.06220715408933189
  0.07185575017266721  0.08204436833301511  0.09250071589366884  0.10205339887360848
  0.11205532058806836  0.12260970535023874  0.13270966248718188  0.14328671090984274
  0.15383989283364838  0.16324170225184184  0.17133870616334915  0.18126274350279570
  0.19135069559250520  0.19962016005653191  0.20776275551879431  0.21692759012229390
  0.22665011815838143  0.23754176642135322  0.24960873813732237  0.26159354497245524
  0.27265695949131713  0.28272292115483311  0.29217969882536093  0.30162210775227288
  0.31117130690865036  0.32114577488146867  0.33187382595146792  0.34327138565249909
  0.35519783549800332  0.36736740946516083  0.37934163482928945  0.39073127444087519
  0.40162535148274914  0.41257482249103800  0.42366862650116338  0.43475562013623770
  0.44632155444610422  0.45814666438845808  0.46868832927577198  0.47763108371339885
  0.48615875693997501  0.49529679698756757  0.50480935562131546  0.51433165414515736
  0.52433258447245334  0.53488090723385784  0.54589868590992785  0.55718290246856095
  0.56854151100011618  0.57992762152345001  0.59150266781617100  0.60334462371894371
  0.61523102557523468  0.62713394158319080  0.63927494395175055  0.65135563104701777
  0.66295683888117662  0.67438264359902900  0.68527565588519601  0.69682815589036518
  0.70790451021425105  0.71748473986495620  0.72784422285271544  0.73870494664421282
  0.74941819207832283  0.76098726930167382  0.77305830742926440  0.78514139397309424
  0.79704891662620625  0.80885922779991315  0.82063680948805218  0.83268584729744122
  0.84542934547021265  0.85821803969002330  0.87076542624200881  0.88293142078927689
  0.89420252425069469  0.90518260705939857  0.91641089997957936  0.92763893743428782
  0.93823107499162217  0.94828996132641963  0.95902391785348773  0.97020491168241951
  0.97916471762340840  0.98637478988498140  0.99363610479778464  1.00000000000000000
  0.00007098524480650  0.00007438115631775  0.00007837559788068  0.00008222884396429
  0.00008645265533325  0.00009041025483973  0.00009208792734635  0.00009233083529459
  0.00009238654962025  0.00009241118712107  0.00009242226374470  0.00009243020925461
  0.00009243560221764  0.00009243939632464  0.00009244239228639  0.00009244467497539
  0.00009244640066150  0.00009244781481071  0.00009244907663627  0.00009245017476602
  0.00009245112911709  0.00009245198141582  0.00009245276915040  0.00009245352613070
  0.00009245419628206  0.00009245485562161  0.00009245550068457  0.00009245615538803
  0.00009245681749071  0.00009245749939495  0.00009245818930750  0.00009245897084882
  0.00009245978634198  0.00009246068536672  0.00009246176357353  0.00009246297916356
  0.00009246436994573  0.00009246614827121  0.00009246817196153  0.00009247070960656
  0.00009247422476317  0.00009247911629216  0.00009248621070813  0.00009249660454832
  0.00009251307369601  0.00009255470658631  0.00009270769931123  0.00009346598784506
  0.00009775349940801  0.00010512994156732  0.00011290635351899  0.00012249855367655
  0.00013557417714462  0.00015295672823982  0.00017391206745225  0.00019968019388505
  0.00022923479661277  0.00026008589665493  0.00029412397198019  0.00033294126146683
  0.00037319032916121  0.00041713050835535  0.00046687113276382  0.00052181534719098
  0.00057980773013984  0.00063791566317881  0.00070101783853060  0.00077176563259378
  0.00084600347836739  0.00093343497226910  0.00103366244661039  0.00113627885685354
  0.00124115105610837  0.00134695603542039  0.00145355162411860  0.00156781942563947
  0.00170064956972825  0.00185928348711770  0.00203416950894865  0.00222397390520518
  0.00244307140569117  0.00270884786046517  0.00301960775122977  0.00336524345430510
  0.00373620458686230  0.00411796972380642  0.00453015899361758  0.00500105425707148
  0.00566386734247070  0.00611219446785025  0.00641225536781554  0.00661638903072673
  0.02236156823877317  0.05637829718712561  0.15658261111906011  1.00000000000000000
  0.00000025265099646  0.00000326750769501  0.00000490890366373  0.00000690030033315
  0.00000936276098455  0.00001187608222038  0.00001471544170864  0.00001781072053803
  0.00002096924415706  0.00002404995509429  0.00002702240352679  0.00002989744566503
  0.00003276841936281  0.00003573521908293  0.00003879201039556  0.00004187035090420
  0.00004486925777676  0.00004755923205703  0.00004987776022402  0.00005209602378146
  0.00005440267938199  0.00005698850655015  0.00005983200773511  0.00006285620897147
  0.00006601315339690  0.00006920579149737  0.00007244356166667  0.00007575863946581
  0.00007922367455195  0.00008264774561522  0.00008595801222926  0.00008967039230516
  0.00009352075846069  0.00009753687908447  0.00010143394836801  0.00010562816953102
  0.00011062087618051  0.00011659093128678  0.00012233094519809  0.00012836549415806
  0.00013478608721656  0.00014196389866105  0.00014839753677320  0.00015466873689108
  0.00016206907185360  0.00017095135918202  0.00018012956084907  0.00018952004240418
  0.00019897145800819  0.00020881862139324  0.00021927951423651  0.00023048752489605
  0.00024343004579073  0.00025836691234266  0.00027335482762251  0.00028871424135299
  0.00030453876984175  0.00032111162886649  0.00033873035013406  0.00035728672324881
  0.00037920028045844  0.00040217601238763  0.00042311063206587  0.00044405614159167
  0.00046783798162000  0.00049356941370335  0.00052056812348913  0.00054800433351354
  0.00057895156308438  0.00061538939156277  0.00065425181255338  0.00069508041726753
  0.00073908458218684  0.00078498930226056  0.00083275375423252  0.00088405959231769
  0.00093888340754823  0.00099586040401342  0.00105624335819685  0.00112167608124309
  0.00119147417119458  0.00127268225481038  0.00135131595144397  0.00142020366504396
  0.00149713765141463  0.00158872629588644  0.00168313653610739  0.00178054056044880
  0.00188803206014013  0.00200333994174688  0.00212016096112481  0.00226351299883523
  0.00242041109076058  0.01879143841206329  0.12219749292445206  1.00000000000000000
 -0.00198093376495261  0.00740377177570381  0.01734747825028908  0.02672972747771622
  0.03569406522824937  0.04484594480394941  0.05446372140613976  0.06301060084442019
  0.07383671544806251  0.08580976066220483  0.09841307423216163  0.11133392741525792
  0.12482858478878150  0.13895629516751187  0.15318049083351584  0.16591181951814687
  0.17550000669012808  0.18408197152849379  0.19433240439276533  0.20528057419260340
  0.21804776318195501  0.23255574253842487  0.24537997531706471  0.25680636729741640
  0.26796994813661323  0.27992948781649046  0.29297543031648265  0.30651563856059844
  0.32035926984539204  0.33401762316354433  0.34706763127745738  0.35971390559063393
  0.37270310913966398  0.38601578432992650  0.39930273756186047  0.41217295830074585
  0.42495694536857676  0.43818623020772146  0.45130312573905484  0.46310432893535908
  0.47399486427750998  0.48499171820615689  0.49647194236367886  0.50816303875162283
  0.51942081305891796  0.53046453823737005  0.54178936396864630  0.55389370392892068
  0.56560332100373056  0.57720411725869014  0.58907067740988661  0.60021327264194957
  0.60978309933513597  0.61989293095937092  0.63070558267528976  0.64176847164153161
  0.65252256022250421  0.66256829145668328  0.67210305178181573  0.68255162851538298
  0.69396158304829858  0.70485759770459200  0.71498064279362350  0.72346394589619079
  0.73288757634346824  0.74417291148812048  0.75603914405121442  0.76769100293645698
  0.77870636237248825  0.78887521133868976  0.79844847476157010  0.80793301903359527
  0.81732150913800106  0.82600952794749083  0.83377001320574262  0.84125195996966251
  0.84843027468639998  0.85536214971970670  0.86254931762986786  0.87063753070460803
  0.87956420224216680  0.88874348725283114  0.89769184881203679  0.90630161035562440
  0.91445369424514567  0.92219758292185094  0.92967707039103231  0.93685228139250654
  0.94439924290086341  0.95254409980989430  0.96083232704009114  0.96894984180919830
  0.97684809344408097  0.98456915599489325  0.99215646711389016  1.00000000000000000
 -0.00198296901334144  0.00846601685984694  0.01703079336590268  0.02538276355884911
  0.03417978621554071  0.04308768826996202  0.05178952811071547  0.06086732017881300
  0.07042302342345040  0.08047166995857108  0.08990089635206529  0.09893547563794777
  0.10798180762518582  0.11835952897949381  0.12881102879094039  0.13862097460661701
  0.14941558093786719  0.16058160849364086  0.17112965498855404  0.18109739717420992
  0.19084641689547016  0.20044103579206621  0.21041763162959096  0.22091735169954316
  0.23176087317188132  0.24275619830844791  0.25422550815443240  0.26641311704859827
  0.27899934756567918  0.29161070592383492  0.30398073588702512  0.31581326042485663
  0.32702089871386197  0.33796649566764270  0.34885031487055418  0.35911321337131330
  0.36801304794550327  0.37660481836437670  0.38611134259760699  0.39645262016648286
  0.40678608808512862  0.41646536319436472  0.42649862442696546  0.43620830222015272
  0.44462909660673505  0.45386562392027263  0.46305644090560544  0.47316860694372320
  0.48396653001799783  0.49452301681925026  0.50425021868661790  0.51363526811107230
  0.52299157427532716  0.53185116423308665  0.54177013321133616  0.55312871462663926
  0.56471253852596959  0.57641782174029210  0.58814925652483507  0.59976130860832733
  0.61089286542803645  0.62158195175088582  0.63260489219088933  0.64338258407150328
  0.65468715013360146  0.66667829755657959  0.67829046842039387  0.68999756034227078
  0.70183334717058943  0.71356366412147842  0.72550386163214031  0.73773043912657976
  0.74998884306848468  0.76195051297376515  0.77351791422792016  0.78471773988628979
  0.79525732890142942  0.80523187439831878  0.81532882865272716  0.82536033584237689
  0.83487960283439144  0.84426910658586674  0.85357621265980133  0.86371563663295170
  0.87532292522964550  0.88778625865798366  0.90030932217110105  0.91213947237491666
  0.92262793534720600  0.93241592281642593  0.94230456230537685  0.95233623015637903
  0.96309512168078371  0.97502439592020895  0.98774353022764116  1.00000000000000000
 -0.00141318722176619  0.00610339477361122  0.01528840943928177  0.02399736835074615
  0.03245107255955142  0.04144178389890132  0.05129753591701455  0.06033415669007862
  0.06932406161005394  0.07810057266434263  0.08691461033769449  0.09654937322757627
  0.10664174136154519  0.11685675625492459  0.12635177395885716  0.13636176203409783
  0.14566997169845186  0.15475091339945499  0.16435432909236899  0.17287559893420987
  0.18147365361829712  0.19092037434682596  0.20050486810872117  0.20971952834067822
  0.21803038096050131  0.22607524595506318  0.23439999455807145  0.24230297072781909
  0.25057794188124460  0.25895426524780513  0.26615322888185811  0.27402229345530354
  0.28334963172563976  0.29237976995500292  0.30193669477763763  0.31167706966836284
  0.32090814198894174  0.33199077720992837  0.34256885052847080  0.35274510949497678
  0.36312174753994436  0.37313466987230770  0.38376865161782098  0.39526526811177459
  0.40552132149643400  0.41557318714731678  0.42571657398874885  0.43624478727599109
  0.44793513347624991  0.45948886174010378  0.46982333707921847  0.47901952873099923
  0.48764042381185169  0.49705807460433626  0.50754839100904459  0.51800178607773129
  0.52896471110864685  0.54019856328807869  0.55028658586882329  0.56074200981604805
  0.57134122949094301  0.58197864446500891  0.59314645207798755  0.60486047299835355
  0.61620449174791314  0.62665693191642635  0.63710715626187886  0.64701234312191558
  0.65633106026113841  0.66777863474883448  0.67942026308298764  0.69070855350499871
  0.70209491261863721  0.71411643967916183  0.72642246922948006  0.73837117040032341
  0.74966109476655374  0.76000476549134788  0.76983403148586360  0.77999303842373313
  0.79021526201915726  0.80095274193170607  0.81161801720741455  0.82364196160761161
  0.83673969353638056  0.85013126376812376  0.86374804352516144  0.87764037511401471
  0.89165970838113073  0.90631495516328631  0.92083219198802579  0.93553319349268960
  0.95092218130889916  0.96685855659620312  0.98324482308594829  1.00000000000000000
 -0.00268842079498607  0.00955872193397832  0.02128363624058043  0.03261091451916957
  0.04364438860546818  0.05432973751438348  0.06469519151355339  0.07484579342420321
  0.08483330332317283  0.09433560485230211  0.10387541186077837  0.11486290675357620
  0.12640107819527355  0.13795978299741304  0.14917248875625144  0.15996749165656013
  0.17029409925120040  0.18047221383812695  0.19100450921749398  0.20180979900958787
  0.21227730738858763  0.22255344890203546  0.23260626366421350  0.24212050057922888
  0.25209858107397426  0.26212345551444677  0.27094549561093828  0.27954201700460068
  0.28886651064322988  0.29867492752959485  0.30924646000694284  0.31947630026234147
  0.32930180088495320  0.33962069793999849  0.35071009897927319  0.36245569201140593
  0.37442839643480064  0.38608906072158500  0.39713008958379992  0.40798139457236965
  0.41878744257956768  0.42974471038405232  0.44035805149815205  0.44977195863430969
  0.45842892050630413  0.46724075616646776  0.47600435064434654  0.48505433992761110
  0.49385685288128928  0.50261009962980119  0.51298055230780415  0.52430974300945243
  0.53556407284222551  0.54650531651164791  0.55702514426291616  0.56729826412629891
  0.57739351168005204  0.58729256308653888  0.59719319790831216  0.60745362507012823
  0.61802848160162405  0.62887272591516263  0.64047230878576511  0.65303473109556431
  0.66611164757636276  0.67919545792363167  0.69191236720693894  0.70081336765747348
  0.71130201208901223  0.72159813782520443  0.73242064895071535  0.74363550015705593
  0.75463761083180236  0.76571452708044130  0.77800145256085163  0.79063129910779928
  0.80320726352024585  0.81527721669230613  0.82637411681173933  0.83640957261177806
  0.84577392896127090  0.85488032092777855  0.86280018710094752  0.87125836798263512
  0.87971741201729903  0.88983133039402784  0.90147250731420636  0.91333232557086008
  0.92495525091519726  0.93648450043924714  0.94783394749377214  0.95917256669885564
  0.96917377212580336  0.97924702505434180  0.98960418949803675  1.00000000000000000
 -0.00223010919050111  0.00848819185455132  0.01966353806790715  0.03094053127389786
  0.04183222551199048  0.05230702602181673  0.06113488569258509  0.06980880158694737
  0.07827557561687389  0.08787084023140737  0.09893647532587740  0.11031913703713661
  0.12101266023218762  0.13078497129934433  0.14052492468923861  0.15091549497648457
  0.16199309546031976  0.17330268272902774  0.18466342270022515  0.19635080476849709
  0.20755740976612991  0.21850174177354637  0.23005975340210399  0.24073112022006032
  0.25087797990283039  0.26097278881220104  0.27112220501687029  0.28130417188503437
  0.29149317762394639  0.30243393770613930  0.31477725964348796  0.32570695165171137
  0.33517764660023541  0.34423428205504047  0.35367922950935898  0.36348193947735025
  0.37489748471053824  0.38503758608483163  0.39618995268800666  0.40738233757375031
  0.41790666277664656  0.42826975212400059  0.43813074343350616  0.44927194704334816
  0.45981896084920137  0.46883579013847837  0.47754300056938681  0.48689013277994980
  0.49646447760221857  0.50735913068532934  0.51952796854031891  0.53211206756704765
  0.54467817101358496  0.55718837501105634  0.56950824722638482  0.58103492412590574
  0.59127195661406828  0.60061831093311335  0.60821946323376463  0.61685932503488217
  0.62623527055981576  0.63558127705041534  0.64555630747791237  0.65503505497069470
  0.66489710489164056  0.67567239083316799  0.68640940181250398  0.69733918583331578
  0.70836345547013035  0.71817177921656339  0.72678973238141231  0.73603031832670007
  0.74599127205218885  0.75712877697161163  0.76931593323699543  0.78146453368937630
  0.79296030779564364  0.80403578409936349  0.81439065493483032  0.82429076920172917
  0.83479954090663788  0.84570411434331905  0.85634788428764808  0.86700765978894612
  0.87776783990647411  0.88809778910174819  0.89809468845135587  0.90796223520308517
  0.91778243894444844  0.92843753249951921  0.94021522206002628  0.95233860665224579
  0.96424432175659502  0.97633268231254255  0.98838039334128847  1.00000000000000000
  0.09713218464974109  0.26554357516018534  0.33338147002906143  0.38372739251784788
  0.41706934571447074  0.42714699278868778  0.43746278747653095  0.45173601378559813
  0.46428209981583957  0.47614331551461075  0.48801701057555213  0.49911103105981969
  0.51169601588866276  0.53074189252615611  0.55400827984046574  0.58992217195465702
  0.62789038783160578  0.64567279047724924  0.65441628276928065  0.66087125798813051
  0.66641535610513447  0.67132493811100780  0.67556455369135548  0.67920752858103084
  0.68242413391339996  0.68596979252045531  0.68998671248583832  0.69396975656718540
  0.69792994861977953  0.70201224710633936  0.70613394583810807  0.71020001745611450
  0.71423540280796616  0.71805164239969610  0.72149130990391852  0.72481634410518081
  0.72806300524798928  0.73145171572224221  0.73520232407839314  0.73898544864581361
  0.74240161431977225  0.74546993721916122  0.74844444864698478  0.75156151150334827
  0.75492623984951768  0.75838416864028824  0.76195830145830923  0.76560980920515276
  0.76931050565683534  0.77280949441911784  0.77623565346053403  0.77985231959771961
  0.78319733436838923  0.78634196180835070  0.78963525011505764  0.79312297490649808
  0.79614311976631680  0.79858775606015830  0.80151882051043766  0.80484165342770642
  0.80847490299843694  0.81219842757642458  0.81594446889200334  0.81982057669918196
  0.82371096527491472  0.82737643604189148  0.83103851132393503  0.83468540610811126
  0.83868324177556841  0.84287871599275788  0.84698798785091423  0.85116497455472095
  0.85539101523116834  0.85981989086807709  0.86428987961022208  0.86858389662637514
  0.87275076445944522  0.87688953561338867  0.88091766679229855  0.88480567823725353
  0.88867397101533319  0.89275908694877171  0.89741491893120795  0.90287907985916471
  0.90879692944158963  0.91478947573072089  0.92059331203958106  0.92600092884565122
  0.93155784099271566  0.93772244684981465  0.94458037633538472  0.95240142799281113
  0.96056238993133269  0.97003633717517157  0.98287418203746968  1.00000000000000000
 -0.04199920075412829  0.17221471590165205  0.20756943241630643  0.22943746176937441
  0.24910546030793554  0.26662193321838845  0.28385041138017575  0.30114751437612125
  0.31725626512950106  0.33172650791543967  0.34491186088110481  0.35679803012123784
  0.36735284936480578  0.37739369370031794  0.38703645137603299  0.39624302953872975
  0.40560135130819031  0.41535285977894693  0.42425157882331099  0.43209243057266711
  0.44001977502649620  0.44735310429651609  0.45476342503901201  0.46285137218227168
  0.47078316298973555  0.47812650726561112  0.48484203606574694  0.49126837921042127
  0.49763738386253220  0.50326548973585084  0.50869615862636908  0.51488283132476409
  0.52134472761629058  0.52681803343515277  0.53175048781060474  0.53673174869836882
  0.54234364665413182  0.54862539521487874  0.55516209096616331  0.56161889875108972
  0.56790330519381482  0.57391863390902187  0.57954051407036922  0.58464984785897722
  0.58931387493206022  0.59384584252875272  0.59853092918926054  0.60353427170323204
  0.60867355461890971  0.61312296522528664  0.61731603003678970  0.62176934091245195
  0.62604807850067457  0.63033830484349462  0.63466803751495982  0.63915503621924141
  0.64366245328957972  0.64825402050864056  0.65274172975403855  0.65710362404784695
  0.66129658080632703  0.66574197467432550  0.67019090267073456  0.67486463095774640
  0.67946338793121375  0.68353743880329565  0.68733824057795689  0.69106864315647554
  0.69468861277561733  0.69859005123306173  0.70316155866335450  0.70718077562869885
  0.71100977979521029  0.71488723530707443  0.71922500841600423  0.72427713704497776
  0.72976050996052133  0.73522814250193336  0.74030210267633445  0.74540451358466553
  0.75064277869342044  0.75584685393254292  0.76094365945777798  0.76580658657397216
  0.77016822255704775  0.77477974386928927  0.77996177394825406  0.78492481218814603
  0.79041274463189826  0.79753724106681601  0.80652036405672767  0.81755961906006769
  0.83242926335202072  0.85080229000847052  0.91661204674169294  1.00000000000000000
   1.1979764232329371E-010  -1.0000000000000000     
 F F F F F F F F F F F F F F F F F F F F F F F F F F F F F F F F F F F F F F F F F F F F F F F F F F F F F F F F F F F F F F F F F F F F F F F F F F F F F F F F F F F F F F F F F F F F F F F F F F F F F F F F F F F F F F F F F F F F F F F F F F F F F F F F
  <DiscreteSampler_grid>
  grouped_processes
  1 # 1 for a reference and 2 for a running grid.
  10 # Attribute 'min_bin_probing_points' of the grid.
  1 # Attribute 'grid_mode' of the grid. 1=='default',2=='initialization'
  0.0000000000000000 # Attribute 'small_contrib_threshold' of the grid.
  0.5000000000000000 # Attribute 'damping_power' of the grid.
 # binID   n_entries weight   weight_sqr   abs_weight
    13   10   9.457310188999614E-002   4.035532927999898E-002   9.457310188999614E-002
    14   10   9.457310188999608E-002   4.035532927999897E-002   9.457310188999608E-002
    16   10   2.283969098194986E-001   1.994763983158345E-001   2.283969098194986E-001
    17   10   2.283969098194985E-001   1.994763983158344E-001   2.283969098194985E-001
  </DiscreteSampler_grid>
