  0.03105694330930034  0.03555969262211785  0.04285027028362687  0.05144748988686591
  0.06063469017431034  0.06965515248900023  0.07857153358415843  0.08793725641474534
  0.09786319702174352  0.10820522919244771  0.11897607810987269  0.12944705020161493
  0.13947490327827120  0.14960138441790749  0.16010452026779415  0.17034212319678668
  0.17985143318365643  0.18948060702238817  0.19948729392642495  0.20967564995098290
  0.21970215715424821  0.22993170357301024  0.24089918301151286  0.25161040071408436
  0.26149538508445674  0.27100770124694623  0.28051936987525361  0.29028826177378891
  0.29989987199939616  0.30916189278673645  0.31875497308774264  0.32874717935407777
  0.33878208420176303  0.34884527436776475  0.35905831396779109  0.36928085382115267
  0.37918724232026568  0.38889786016771755  0.39878912185622772  0.40920959633463611
  0.42025017804741616  0.43161149147988087  0.44259794950041881  0.45298048977336386
  0.46368962634680200  0.47483874343307403  0.48668899249076725  0.49844705231113196
  0.50963593242400196  0.52024123936392208  0.52953430084118824  0.53911029297675450
  0.54881161748570284  0.55908581747560282  0.57080819696855145  0.58170103068276202
  0.59222620838934203  0.60242412027124226  0.61344063696094753  0.62481758617616301
  0.63564949592942033  0.64626370628914065  0.65636306566516989  0.66650311354238556
  0.67628725068134643  0.68613972474521689  0.69651492322066622  0.70764910522528712
  0.71788216364595414  0.72789981533800563  0.73779437907019119  0.74777270271088969
  0.75764379616256272  0.76746371189802853  0.77716012979717874  0.78660416094251540
  0.79595047779512540  0.80549894252660703  0.81551061667297897  0.82528534357341865
  0.83423488617270680  0.84460036318570419  0.85441414724205378  0.86437199475836080
  0.87416569092691709  0.88490342424629398  0.89552883110204529  0.90566851767512202
  0.91570854524215362  0.92538870289689046  0.93512457173815500  0.94566708082314388
  0.95621208093875221  0.96474983907569445  0.96906681611368517  1.00000000000000000
  0.00000008053912470  0.00000138036248979  0.00000412889197139  0.00000810210656537
  0.00001277259252925  0.00001764176119530  0.00002219241473559  0.00002630017891391
  0.00002978827823954  0.00003275245756267  0.00003470780444728  0.00003601359619928
  0.00003723024481685  0.00003835101718225  0.00003938637702190  0.00004033528264888
  0.00004119260534252  0.00004193123563502  0.00004259699662759  0.00004320633251496
  0.00004376344377248  0.00004427849843710  0.00004473201381099  0.00004515099109862
  0.00004552472973086  0.00004586522566379  0.00004617572004368  0.00004645625974794
  0.00004671724120608  0.00004693988268660  0.00004714420135665  0.00004734266813950
  0.00004751795954627  0.00004767989498973  0.00004782189426390  0.00004795924747270
  0.00004809453047221  0.00004822567958934  0.00004834967693577  0.00004846108050477
  0.00004856902955367  0.00004867473548506  0.00004877785038595  0.00004888033856718
  0.00004897981744767  0.00004907928607834  0.00004918370414126  0.00004928830699313
  0.00004939512531031  0.00004950208011386  0.00004961053200173  0.00004971931810087
  0.00004983055181294  0.00004994464246965  0.00005006975604892  0.00005020330746412
  0.00005035186791830  0.00005050531557325  0.00005066241193334  0.00005082789496538
  0.00005100686620126  0.00005121633512821  0.00005144628398721  0.00005168571696321
  0.00005193266722506  0.00005224361499437  0.00005257460718423  0.00005293294359021
  0.00005333790013469  0.00005378556302780  0.00005430005597287  0.00005486299977949
  0.00005548757941527  0.00005618604381626  0.00005696342425417  0.00005782793740499
  0.00005877705386832  0.00005973258166153  0.00006143774969351  0.00006332374042868
  0.00006543845092377  0.00006781514615254  0.00007041174252490  0.00007454966479971
  0.00008185600473070  0.00009215305427136  0.00010667017986248  0.00013244883886432
  0.00017127423512046  0.00024763394308077  0.00040690822417727  0.00082586411313068
  0.00236644173492862  0.01137709208461358  0.26737442932843480  1.00000000000000000
 -0.00258365888431891  0.00999483985154639  0.02077534487561297  0.03201598389771115
  0.04268253895842803  0.05358476738780640  0.06409105987833319  0.07475766836852214
  0.08520573228800973  0.09593804361757334  0.10618461006094826  0.11580941145598959
  0.12583358057959235  0.13583162822291872  0.14563724028033251  0.15528092886747369
  0.16480927155809633  0.17486359499417906  0.18501507423772326  0.19483738970921680
  0.20465827524713023  0.21486337231479508  0.22503913314043611  0.23508195692622527
  0.24494893378553470  0.25441952542579011  0.26374305320806973  0.27330980017962520
  0.28360374256591087  0.29423042794082394  0.30462900298517243  0.31483900291526890
  0.32532159564466945  0.33596621769911378  0.34659167696094523  0.35748531164192915
  0.36875497367678989  0.38024409395111153  0.39186097305384354  0.40330798698327025
  0.41418117407328103  0.42473666991677533  0.43520647521307959  0.44587709522970276
  0.45696726481566402  0.46882331677156547  0.48092832323808793  0.49236832399241831
  0.50344231353041946  0.51391548102487417  0.52502921684807757  0.53673308069613834
  0.54810887591188528  0.55929846302775144  0.56962868991028759  0.58021512326275426
  0.59059968178083955  0.60060965428861146  0.61043451957817629  0.62000657893506028
  0.62998039988482002  0.64053653440574376  0.65076360202420547  0.66083995711734200
  0.67070571844752069  0.68019391309782129  0.68960022240950791  0.69876639352630032
  0.70800826902324721  0.71766083780470180  0.72755845298947008  0.73779029733985924
  0.74815797248146221  0.75834959193687945  0.76813413841392331  0.77815082419552817
  0.78788984816276597  0.79844229369136055  0.80939331641934731  0.82235742200694661
  0.83482707237417997  0.84495801817572946  0.85480628806211345  0.86433785934692464
  0.87404056563019739  0.88407596163661450  0.89477849184041447  0.90673674265404680
  0.91808793924491916  0.92911457072147463  0.94003113974226693  0.95124872824164564
  0.96321262543747765  0.97547471881567194  0.98768914380125883  1.00000000000000000
 -0.00256224920032066  0.00980174494642372  0.02025907168387410  0.03142433485594227
  0.04187934942110164  0.05302971247140735  0.06415974200743152  0.07494528192095408
  0.08541789263987100  0.09604264846806007  0.10681533360233800  0.11652391302095971
  0.12649186567103721  0.13617770338921348  0.14542874967740013  0.15526410921078951
  0.16491050546857636  0.17449973679134315  0.18400238427307070  0.19372390018243740
  0.20313353568928955  0.21225135228598718  0.22123099657320502  0.23116689515014768
  0.24235381017597335  0.25414097938497682  0.26586918303335499  0.27684283756108091
  0.28721763362850300  0.29785288069669169  0.30835104707380195  0.31841954155982127
  0.32825391069704085  0.33851825400708835  0.34917909827330301  0.35971155971994523
  0.37012727234934756  0.38071551328905240  0.39107853920657454  0.40100878750254698
  0.41094789034389934  0.42108256497197522  0.43145880093311018  0.44189743920716518
  0.45232180252465365  0.46272991997867774  0.47312014991347834  0.48422543307801269
  0.49580644698306359  0.50807728616646097  0.52007604973199661  0.53126331597662546
  0.54186413359090502  0.55222236864999885  0.56248121442362120  0.57250822414004288
  0.58278070813998295  0.59322667417522867  0.60365945120082909  0.61440533179293932
  0.62526741963339583  0.63623439344676125  0.64711066996403299  0.65800712529417549
  0.66848195825451651  0.67855645601173309  0.68887858929684764  0.69970622525212212
  0.71027763732661531  0.72056963953415254  0.73176909109414867  0.74400271231606929
  0.75606766311159435  0.76756713545950661  0.77883052348137294  0.78963544745369241
  0.79934655124861698  0.80851271602433628  0.81765482363275499  0.82707079424625718
  0.83693226981035529  0.84681367432114862  0.85685858465925757  0.86711734326280954
  0.87738713531316714  0.88841319244529493  0.89980526993578669  0.91141786429476912
  0.92348725457883607  0.93595321459807135  0.94854330889591121  0.96072617510233738
  0.97088148429407972  0.98071616680630391  0.99022958034643338  1.00000000000000000
 -0.00246082494118656  0.00837453159729348  0.01855931218247566  0.02867842003328383
  0.03908143299801216  0.04930951083802443  0.05893035606235782  0.06774365730557207
  0.07587645249626784  0.08431353983683432  0.09345846468903407  0.10296182235096388
  0.11261883067490187  0.12219555096463652  0.13325168396495130  0.14539957973987813
  0.15748887036666384  0.16998487307471558  0.18199836312756787  0.19409141068240579
  0.20614672550555521  0.21786924344096142  0.22994629344915027  0.24244834624028039
  0.25604603868913234  0.26973231444692619  0.28540900367118938  0.29909371360867582
  0.31181180964289945  0.32446423378374945  0.33721125428213589  0.34984569829036000
  0.36180057919159586  0.37337982796479890  0.38437820276769441  0.39511640432319983
  0.40629592657278413  0.41769557119688133  0.42951759034345266  0.44122257041242441
  0.45282808144344100  0.46377534797328029  0.47421013419646368  0.48466397696440544
  0.49523208242249050  0.50628100448690416  0.51816684753908504  0.52969741132606096
  0.54081077220578677  0.55128537720673232  0.56179680274584154  0.57191259717267429
  0.58171150847286568  0.59181411945292750  0.60203672463904878  0.61308484469416524
  0.62449519836880352  0.63686061180576392  0.64891529522474822  0.66034985120671863
  0.67077618070688005  0.68050581561176315  0.69017228392182139  0.69953854986494179
  0.70887806267795339  0.71874088559524107  0.72889492742064110  0.73859752568666759
  0.74855708290218648  0.75899767559170139  0.76914939670216098  0.77843128059186895
  0.78682448629723911  0.79646989706741356  0.80722365205341884  0.81823404652958931
  0.82917970713225952  0.83999016750705746  0.85067243116887092  0.86098973612976226
  0.87076097300752364  0.88045738408094143  0.88954156990767841  0.89905605418882417
  0.90802591109453279  0.91657468304665257  0.92449716393345160  0.93228704741270629
  0.94019898250060108  0.94815226653409290  0.95622766633944423  0.96438162774533398
  0.97250707388480140  0.98094309589298601  0.99005646714285467  1.00000000000000000
 -0.00240253677848946  0.00915071367960507  0.01914358736928796  0.02993344989582204
  0.04051577840676009  0.05074568719783518  0.06074112607746335  0.07121204174085269
  0.08136025175183781  0.09190565275389018  0.10262658462940399  0.11327294607928465
  0.12439107560615582  0.13577619191159948  0.14780564396035689  0.15860556662399145
  0.16895585791302112  0.17843745848296200  0.18827318378016616  0.19821650720463208
  0.20824638902934306  0.21853897045174045  0.22892803549192284  0.23925277024930483
  0.24983366459788281  0.26018172068811091  0.26990216368145037  0.27916404431015629
  0.28856423044006912  0.29917950835932128  0.31075025176760712  0.32271125113705496
  0.33448335523154227  0.34574588555966407  0.35698192381557381  0.36868688912602660
  0.37967400061248746  0.38917024652030335  0.39836056967449329  0.40731125929237511
  0.41623242085294121  0.42506887590339892  0.43390967672846825  0.44302078384433013
  0.45252275673317366  0.46255344864216696  0.47313561816313560  0.48414726893908105
  0.49542950258224139  0.50682795064673936  0.51825658700042221  0.52917489770525694
  0.53948618623782862  0.54933030761865731  0.55874326674992769  0.56830772304358035
  0.57844518967641734  0.58926376108044598  0.60060752266607043  0.61230318435376552
  0.62405310498206756  0.63541792535481489  0.64632611062581702  0.65697963860079966
  0.66715494355609040  0.67683982962543965  0.68630852423291433  0.69590202422634062
  0.70590173419711122  0.71644191169468185  0.72742761958183200  0.73834478094190181
  0.74960547714319237  0.76179052679158288  0.77448709264317439  0.78720500807884131
  0.79989162618875009  0.81232353457836792  0.82458744525532279  0.83646728603939025
  0.84832010104751321  0.85981618192943243  0.87106941186498166  0.88184333778609147
  0.89188434665650473  0.90161563882136042  0.91115668030920272  0.92060557398775200
  0.92965852862199483  0.93895334153499732  0.94854168952623696  0.95817638281225415
  0.96765850759658445  0.97710317090895293  0.98814460169698892  1.00000000000000000
 -0.00266534139665463  0.01157257117680352  0.02298563726124261  0.03457762563730897
  0.04602689785420497  0.05778753209403031  0.06876189488073410  0.07937079443705930
  0.08985081969810865  0.10019502976155223  0.11016771369661484  0.11948652091076586
  0.12861527270147186  0.13789102367426984  0.14749308745795728  0.15729656901551875
  0.16672423153596921  0.17700783581180943  0.18775903466109939  0.19834704063105196
  0.20864646703076001  0.21779627559983078  0.22712124871199743  0.23552724460214911
  0.24400547787434371  0.25267278869410015  0.26170756929600553  0.27090805971130411
  0.28078755472926914  0.29021893912581409  0.29992686975050076  0.30972382531460818
  0.31986775872241663  0.33010896881284463  0.33946638552164227  0.34825022237296438
  0.35708603226239877  0.36591803066524975  0.37493127765045414  0.38413355843859154
  0.39338858288752976  0.40283244217070219  0.41253277676321798  0.42233344574237591
  0.43343465575468365  0.44332711865290964  0.45294880241224356  0.46282474382727362
  0.47235874716388121  0.48170953836366964  0.49039615109629775  0.49947460054331094
  0.50952026043464360  0.51994021113353328  0.52964556873207114  0.53888746554246814
  0.54834585455964435  0.55768200883321706  0.56674966606504296  0.57584327501658206
  0.58554591004152245  0.59618785438185162  0.60688565825824847  0.61710667737669023
  0.62697281196194254  0.63650032727877837  0.64586411997294513  0.65535073545417388
  0.66499872899980150  0.67531616904723024  0.68618696769660004  0.69821944035064454
  0.71154176708327843  0.72394459438491909  0.73711316370668423  0.74971332490381226
  0.76209374704375998  0.77410359028435105  0.78614164336254022  0.79831030411852999
  0.81054016021442254  0.82322084151540609  0.83564766736371121  0.84790830824947050
  0.86019061384231577  0.87266672783947885  0.88504742387309510  0.89739939956742232
  0.90969616096107098  0.92216898966020966  0.93508089583212139  0.94949249215716436
  0.96328755355356455  0.97611934316526050  0.98809924190582954  1.00000000000000000
 -0.00318968833828563  0.01139499348897649  0.02348268094160739  0.03559386842208567
  0.04674501781130207  0.05693957141902375  0.06609956153715182  0.07501102740770306
  0.08445279063294224  0.09411596511706946  0.10313343145785409  0.11288857945356565
  0.12301844404536925  0.13354705019703775  0.14386808393296452  0.15402355851982177
  0.16442025090633247  0.17472584847327466  0.18493255352048560  0.19594349417986329
  0.20827525598294691  0.22146956268307505  0.23480978587160037  0.24652589133092467
  0.25751154012735311  0.26792899934206760  0.27749204459445886  0.28694445752406850
  0.29620841639886625  0.30591172112944148  0.31529382485890400  0.32497211887421878
  0.33472378137241432  0.34472365166570013  0.35451576561242304  0.36432514899198165
  0.37411084473636208  0.38403173902300713  0.39414978256192684  0.40521392677268353
  0.41686402374281323  0.42788774909497129  0.43844255750687211  0.44869961294561395
  0.45859121988470447  0.46817938811647769  0.47793822037151829  0.48791014981426084
  0.49776969854402953  0.50763857870210349  0.51707962602295121  0.52670694046914268
  0.53674244681321681  0.54668034111375685  0.55657849529422276  0.56696320227561370
  0.57751689924010119  0.58791640534273748  0.59799600124456365  0.60861651392281746
  0.61938022326910203  0.62938156046497273  0.63863268180752186  0.64767300309186993
  0.65680976263700597  0.66645997383884148  0.67679170810126954  0.68676512973666937
  0.69720977908779624  0.70754059946792680  0.71909096240858905  0.73138092917484243
  0.74391914748617616  0.75641007613123945  0.76848403263985510  0.78021667395580852
  0.79169608840297290  0.80254568756495603  0.81337313478148121  0.82460097979273517
  0.83540456896701576  0.84542784601285959  0.85540771895411138  0.86595786706490652
  0.87620817895081493  0.88560165179125339  0.89486346544003947  0.90467375702187791
  0.91507169149848466  0.92580273978566585  0.93710732196470214  0.95001061786524343
  0.96281830736745277  0.97506385648681038  0.98729856456441167  1.00000000000000000
  0.01639939904426986  0.28702957869558465  0.40858630110438471  0.47988255007329955
  0.52338774902701091  0.54591782986225190  0.55656579170282672  0.56441044936429052
  0.57028476532163530  0.57578951970647441  0.58112682082641753  0.58592955508065125
  0.59027961099600834  0.59443607746185234  0.59846820359904851  0.60252186199927849
  0.60659244627918985  0.61057210273222784  0.61469504934098340  0.61870221447046636
  0.62264243440972722  0.62653142206239487  0.63039869987752317  0.63437570510137686
  0.63837903875500157  0.64230241691226375  0.64612599155705419  0.64990199894631784
  0.65368399968595992  0.65748366741190634  0.66130833479290740  0.66517144117163440
  0.66906631972662600  0.67279688815651584  0.67659508849915417  0.68030090054961179
  0.68402677782819110  0.68770328734136177  0.69131189282563976  0.69485983794350714
  0.69845225279599910  0.70206390964886067  0.70565212769283669  0.70933082373507983
  0.71299464276795232  0.71667849992205257  0.72041203700971335  0.72414193570446928
  0.72789828262487277  0.73179033157896423  0.73566159302524292  0.73959647183174027
  0.74362303710461486  0.74765261542786243  0.75167007340169456  0.75572750236218589
  0.75978057854991476  0.76385679549593022  0.76810394686510797  0.77249904530392166
  0.77691454335564902  0.78137782587397753  0.78587755988726615  0.79034803257244535
  0.79476321411613771  0.79920961364100496  0.80374324323137603  0.80835468228207130
  0.81300102249698813  0.81761198300207205  0.82215979529157124  0.82650531264287919
  0.83088796893210537  0.83542105538696021  0.84020176263953139  0.84512345582799320
  0.85012961804998066  0.85522388641275304  0.86045154107285349  0.86573801251523863
  0.87098939038025247  0.87636759516146279  0.88181666380609780  0.88739492383087393
  0.89301835049134537  0.89898220608562296  0.90526202830247815  0.91163237485201865
  0.91858212818792384  0.92615419430808843  0.93399564428755266  0.94251203925451710
  0.95217773819437679  0.96367841224355977  0.97896722831666383  1.00000000000000000
 -0.02027053579205933  0.13528544208924001  0.17501962492205458  0.20161350844012962
  0.22182573348387227  0.24002615135590710  0.25770229907161635  0.27455798157694866
  0.28927798433978874  0.30270540667810519  0.31533909537008314  0.32786244683359134
  0.34001620623356821  0.35164231924448697  0.36269497253277372  0.37339876428781593
  0.38369518983033013  0.39367705226045102  0.40312998693548369  0.41214074909086640
  0.42086248428351214  0.42904688104133770  0.43705131723289226  0.44513469211367135
  0.45311036039687741  0.46108163843660838  0.46902372854833407  0.47687930509629350
  0.48472671683729568  0.49244659076503561  0.50002761341680657  0.50706070475688092
  0.51373548334341734  0.52020973670766835  0.52670394283910937  0.53332049801543602
  0.53998971215927705  0.54664378478313602  0.55308756680043480  0.55955759146945216
  0.56619171878658237  0.57284351995604643  0.57929829546630029  0.58539767693973321
  0.59100649003944783  0.59684412289801592  0.60272771079755116  0.60859277578961235
  0.61425207818241645  0.61980366683081656  0.62531430892279516  0.63079832851363704
  0.63630429265558441  0.64174880037746007  0.64693452369524551  0.65180062663296712
  0.65674234786985186  0.66172017264186467  0.66680317551093982  0.67181773881689166
  0.67678460470220592  0.68167551284760874  0.68669807427708163  0.69186548425868077
  0.69704671460097667  0.70215264321468718  0.70719570168033319  0.71225812992787618
  0.71742275127328548  0.72269189413029444  0.72801901588788420  0.73344662933879989
  0.73907415665674714  0.74447514492963884  0.75012269106176321  0.75589941729661958
  0.76199073776141846  0.76823471298112933  0.77430681468906581  0.78013741103543666
  0.78582322719420572  0.79138984775039489  0.79723995890906540  0.80316940495595168
  0.80963701856742298  0.81618986997960241  0.82232350618535544  0.82893327793263971
  0.83602472740454581  0.84441879443788859  0.85286395951854099  0.86272195343103375
  0.87521981549802230  0.89414344025855330  0.92463594594901821  1.00000000000000000
   2.0483624625036603E-012  -1.0000000000000000     
 F F F F F F F F F F F F F F F F F F F F F F F F F F F F F F F F F F F F F F F F F F F F F F F F F F F F F F F F F F F F F F F F F F F F F F F F F F F F F F F F F F F F F F F F F F F F F F F F F F F F F F F F F F F F F F F F F F F F F F F F F F F F F F F F
  <DiscreteSampler_grid>
  grouped_processes
  1 # 1 for a reference and 2 for a running grid.
  10 # Attribute 'min_bin_probing_points' of the grid.
  1 # Attribute 'grid_mode' of the grid. 1=='default',2=='initialization'
  0.0000000000000000 # Attribute 'small_contrib_threshold' of the grid.
  0.5000000000000000 # Attribute 'damping_power' of the grid.
 # binID   n_entries weight   weight_sqr   abs_weight
    13   10   1.296791503162116E-001   1.400664614674389E-001   1.296791503162116E-001
    14   10   1.296791503162116E-001   1.400664614674389E-001   1.296791503162116E-001
    16   10   1.724086271586737E-001   2.482820602491451E-001   1.724086271586737E-001
    17   10   1.724086271586738E-001   2.482820602491451E-001   1.724086271586738E-001
  </DiscreteSampler_grid>
