  0.03050710290809097  0.03692470883205353  0.04662953386422292  0.05680406975728796
  0.06689201129616941  0.07707080589433617  0.08772076250267835  0.09760203599352726
  0.10774914830948662  0.11879443081307747  0.12946444573234722  0.13970977502752932
  0.14998775409297435  0.16034324108388401  0.17008863309397196  0.17875177257902608
  0.18715109387578086  0.19532245962371350  0.20346859979164525  0.21150891242750292
  0.21996661579280635  0.22884292550407562  0.23860252459378661  0.24851926879971387
  0.25958768272660759  0.27105001753549390  0.28343687227209646  0.29529410366410580
  0.30642985414031282  0.31733669460150615  0.32804241226728093  0.33845558542457244
  0.34925268018675920  0.36063280520737434  0.37205824241340907  0.38293648923086926
  0.39290585065199363  0.40245780868875641  0.41199983363714965  0.42212477650009655
  0.43299546227677327  0.44441078946752000  0.45599988589276130  0.46643321700607304
  0.47634378936441762  0.48631762447222637  0.49610795332290120  0.50573992024316128
  0.51528929930199963  0.52539117725783790  0.53609363191880344  0.54704451959496581
  0.55830410944715836  0.56790385114844089  0.57682114532803364  0.58624308824762772
  0.59618801467790938  0.60619433721040195  0.61578147025041963  0.62567035932914428
  0.63613721119099553  0.64668898414031206  0.65711683159110201  0.66717660407927981
  0.67700112447356264  0.68649519758273503  0.69593421591137239  0.70556182372990084
  0.71505283493846095  0.72414251661030971  0.73339122810774515  0.74308968212401327
  0.75329624718659560  0.76353096296937861  0.77453106473523037  0.78583844457260466
  0.79698795222864394  0.80797182637875942  0.81941799809888771  0.83124700831007126
  0.84283469954628332  0.85401159129237658  0.86490603795859566  0.87535155207053372
  0.88521692091430237  0.89466656214787066  0.90402592315091279  0.91361048882328366
  0.92303245473632722  0.93229208180132017  0.94122506462663147  0.94976291663971424
  0.95793684625486153  0.96538107109387405  0.96877090581061276  1.00000000000000000
  0.00000004664786436  0.00000145661662878  0.00000423363736433  0.00000822008482473
  0.00001286781063138  0.00001772602355048  0.00002229401777511  0.00002635195729395
  0.00002980449168938  0.00003271784958487  0.00003472310441606  0.00003609570654332
  0.00003738893402605  0.00003855820563856  0.00003962983496086  0.00004060967390547
  0.00004144300101139  0.00004215164681504  0.00004280592377302  0.00004340724808880
  0.00004395806251262  0.00004445296990742  0.00004490339725580  0.00004531035721268
  0.00004566641468295  0.00004600119348490  0.00004628253266003  0.00004655342808843
  0.00004680643779774  0.00004701730974047  0.00004721653437075  0.00004741084234427
  0.00004760082161061  0.00004774687205204  0.00004788723749487  0.00004802412586956
  0.00004815609991810  0.00004828600109364  0.00004840624084741  0.00004852290344458
  0.00004862584276623  0.00004872788484440  0.00004882842174649  0.00004892800728575
  0.00004902666452906  0.00004912310757844  0.00004921809419512  0.00004932082201357
  0.00004942815962053  0.00004953763613730  0.00004964842109844  0.00004976206234805
  0.00004987736934877  0.00004999603988629  0.00005011601314654  0.00005025020087129
  0.00005038837453150  0.00005054451360629  0.00005070474875892  0.00005087118918036
  0.00005104326842706  0.00005123031107682  0.00005145618314843  0.00005170674496881
  0.00005196841549428  0.00005223932376631  0.00005258793586604  0.00005294958437767
  0.00005335581771311  0.00005381684542687  0.00005432283296160  0.00005490813970325
  0.00005554456977333  0.00005625187476216  0.00005704297792124  0.00005791040431510
  0.00005886394682553  0.00006000583502086  0.00006150973673477  0.00006330038025701
  0.00006525656899208  0.00006743291163114  0.00006986413919954  0.00007281084462068
  0.00007967757903957  0.00008835208099727  0.00010224394322894  0.00012316024938476
  0.00015731703514330  0.00021609340794384  0.00033839101940457  0.00064197753497909
  0.00162951361628649  0.00591581233263512  0.15133115605356112  1.00000000000000000
 -0.00236068415914234  0.00901491116270120  0.01865309895214099  0.02841458549374662
  0.03852131614407375  0.04793901413113091  0.05742438108384029  0.06700608667056429
  0.07662491127849891  0.08625060037925852  0.09592313134730032  0.10611213754145765
  0.11653945765471146  0.12701166675446399  0.13776154789212589  0.14830469029344201
  0.15834517437322890  0.16810315629209166  0.17776325857744485  0.18723146963308299
  0.19654746710181242  0.20606213721793512  0.21642821577032090  0.22730051333991189
  0.23805997135996723  0.24887882506353687  0.26006323899516492  0.27103715227159197
  0.28138983088566238  0.29173769751241124  0.30281262919791790  0.31396711526924842
  0.32470566696989084  0.33533622947843156  0.34617760465102826  0.35673720648848106
  0.36662256543460470  0.37662571659626926  0.38718865860447316  0.39816273136163666
  0.40916580262981977  0.42028536403503103  0.43203358678040260  0.44339423786480608
  0.45433982914378096  0.46548442201693935  0.47672214325875006  0.48756095314234710
  0.49812820435928457  0.50890066732584838  0.51955988441315792  0.52950675974015393
  0.53913826575171064  0.54920083521462471  0.55941884966054412  0.56972235987207676
  0.58017559194473012  0.59094805828990560  0.60160932600241990  0.61187732486874302
  0.62264930395757323  0.63378869105899505  0.64520886552095713  0.65702455217786704
  0.66813588883695318  0.67805119418842263  0.68784864215791208  0.69824864804825881
  0.70897388141146089  0.71958961247201336  0.73014809432239669  0.74122816552402571
  0.75246998428391842  0.76342000805067645  0.77398365585422924  0.78473928829068251
  0.79569906894221498  0.80660208489781138  0.81728435715439918  0.82779148098791178
  0.83808200964432678  0.84799794808690165  0.85826153792349291  0.86881586822695123
  0.87875848529639777  0.88797811163523388  0.89725209034013920  0.90757851235336962
  0.91839046953509640  0.92998760711759421  0.94209920601458508  0.95383512434972717
  0.96542603397031812  0.97682728863034907  0.98819637642463343  1.00000000000000000
 -0.00268775121581429  0.00957917280419227  0.02053614791210230  0.03141362909531078
  0.04195552937699872  0.05177038519245025  0.06153604305354132  0.07182623045953668
  0.08319266766378493  0.09452357196524225  0.10695279956477470  0.11977943524293613
  0.13334241015252804  0.14679061205023766  0.15916678103491763  0.17053630827422228
  0.18107715464335003  0.19123231140537547  0.20117999941916753  0.21102149076894583
  0.22071371024652042  0.23064616815766459  0.24086651880910026  0.25133119635620532
  0.26210755718594919  0.27333089912421299  0.28498248828981565  0.29660975013406204
  0.30828378507408272  0.32010492056758461  0.33229034849189260  0.34500623246963186
  0.35781003361276825  0.36968989652209766  0.38134467989941295  0.39352988176706155
  0.40553340823861361  0.41807141008862597  0.43036389485116056  0.44201847329517635
  0.45284962092347353  0.46316339691065378  0.47318652045389670  0.48287109076399359
  0.49232661199238897  0.50170794899793092  0.51074910390715877  0.51945778911306362
  0.52850033602189250  0.53816609789017156  0.54950198988770638  0.56112119019201179
  0.57184068392571552  0.58199565038797307  0.59183510449687060  0.60147804227546309
  0.61111296159873396  0.62071381337547049  0.63086791544768084  0.64111376270178300
  0.65097896283043832  0.66075573541028032  0.67035875062672967  0.67984409464839457
  0.68952723798047932  0.69972896199964563  0.70961892720758446  0.71950479126614053
  0.72968692537495805  0.74114768156441735  0.75264534663801075  0.76294242695088510
  0.77313651716972176  0.78267596069560785  0.79190533795596740  0.80065593975983940
  0.80932040455291432  0.81838442465427286  0.82755267339978156  0.83649860714535873
  0.84522764504999492  0.85437173735417604  0.86436027985086950  0.87484523203032738
  0.88576605585146562  0.89660603595432298  0.90731840768419014  0.91785894251289724
  0.92822270137050100  0.93856845720040138  0.94879105618034298  0.95889107743179980
  0.96915602699925552  0.97925757368348820  0.98959566923648112  1.00000000000000000
 -0.00215491615164235  0.00864190019677826  0.01735554938983876  0.02676382063765318
  0.03657813252242749  0.04576101890871931  0.05471857672101190  0.06335617452531742
  0.07410224825616205  0.08444668590696652  0.09501229145373029  0.10532441691517928
  0.11727121382836951  0.13024635964947928  0.14319917181904265  0.15517706344460552
  0.16670212810189750  0.17878812852423911  0.19101681301764670  0.20304121564683278
  0.21494630914280952  0.22666277688001105  0.23798945611482272  0.24939566711889274
  0.26046766696911994  0.27163583274470232  0.28267858680675678  0.29408470350533900
  0.30589595345211729  0.31985167953212801  0.33454365950141463  0.34736478129170051
  0.35986889877866529  0.37204074185929698  0.38394699123317577  0.39568975738395734
  0.40731102653266466  0.41875160614863000  0.43060669307402805  0.44292276466025393
  0.45525350450037522  0.46793521413199807  0.48115097699676584  0.49451524340947517
  0.50729747694729033  0.51935023783812606  0.53102562986276769  0.54227794351963210
  0.55308340178226334  0.56403367473212374  0.57561178510082456  0.58712489046208050
  0.59842073627124259  0.61012045835048734  0.62217313897384563  0.63385340134602886
  0.64554033301287039  0.65753529132029365  0.66882341242531240  0.67943162693699433
  0.68987785065477936  0.70000970612794111  0.70960880264559401  0.71876826129900651
  0.72802575638015354  0.73758754677112093  0.74702909756127356  0.75685653410756693
  0.76647917017638512  0.77637831480286101  0.78642123985438694  0.79600333412064861
  0.80561546171982323  0.81520532940278490  0.82462085781384120  0.83360444749043061
  0.84188580979270622  0.85024830177755584  0.85900070375257964  0.86786180837947058
  0.87611802111173476  0.88384248441680113  0.89141314980188180  0.89949047915356983
  0.90809960276362034  0.91643061925209335  0.92461714843372556  0.93253906037078249
  0.94021266937427272  0.94796087454617284  0.95601120330332301  0.96460084254949563
  0.97354952070381096  0.98253450674393250  0.99113811266412255  1.00000000000000000
 -0.00308142049331850  0.01100620291383522  0.02242168803232331  0.03419273514896359
  0.04577897925134158  0.05752113485366387  0.06846618866799543  0.07927079512315061
  0.08994889056228314  0.10038078899161726  0.10967937925145051  0.11870283542018482
  0.12847334003739347  0.13913584506980339  0.14946994346528356  0.15922631508008506
  0.16999432716004470  0.18190112102704556  0.19307098998376154  0.20368626314692048
  0.21425553663931310  0.22472568766463238  0.23523515623652433  0.24562342283683303
  0.25632091916364108  0.26707131135809781  0.27791947790356664  0.28857470460330192
  0.29861700426785326  0.30847071202870791  0.31850098291409307  0.32883453561546733
  0.33928627415049917  0.34961791367816475  0.35997106971329262  0.37028420984777682
  0.38063862571000145  0.39126855187943627  0.40201207461327104  0.41257634854337993
  0.42240309647166069  0.43185577073608883  0.44159057321328299  0.45224466143057396
  0.46290236308784000  0.47396122751420250  0.48502496221969654  0.49618907599609768
  0.50672750956183155  0.51700438411701144  0.52756593437500132  0.53863793364743828
  0.54941762816125206  0.55951172603880484  0.56897911067755735  0.57862879231177211
  0.58815446301272511  0.59737395114593217  0.60635452855358318  0.61578620346552904
  0.62530393200525602  0.63542056154012438  0.64543619051176304  0.65489020289424071
  0.66430141191870196  0.67427984090176851  0.68421995615268538  0.69376443430858314
  0.70336776384257704  0.71415648626594286  0.72667920683567944  0.74033482478336365
  0.75354954921158601  0.76561635873209022  0.77660485549720670  0.78735179311979209
  0.79789713912730675  0.80839159262988924  0.81907837941579908  0.82898079191373331
  0.83910606465153259  0.84940612344788358  0.86030091179024792  0.87149222636624812
  0.88275033052326979  0.89393734809453351  0.90579451880872131  0.91752484202755380
  0.92866367565132146  0.93924442085405568  0.94968289483709223  0.96013610529804616
  0.96990994588339874  0.97988254719785950  0.98973670414853632  1.00000000000000000
 -0.00261046045253592  0.01080155516537529  0.02116198636098628  0.03211477801488928
  0.04313237890902438  0.05492689825184258  0.06652275561912740  0.07799478901717746
  0.08942523758015117  0.10081127330082915  0.11196996992875710  0.12297089501761653
  0.13346765355580908  0.14356026816141704  0.15364925871566795  0.16407032326111975
  0.17509392221503531  0.18599715691583410  0.19620365368714440  0.20602262095782131
  0.21583118715774760  0.22567477390844515  0.23550883404428580  0.24549223659558611
  0.25594931248244940  0.26652988659442722  0.27683930995779565  0.28722875385971419
  0.29776286242886402  0.30852794151721702  0.31901286271459406  0.32955308736909239
  0.33946208330262012  0.34894447568801673  0.35836016314717845  0.36737716207195170
  0.37652827311272030  0.38536974972346411  0.39406005386679410  0.40295426609968926
  0.41208570251109422  0.42121022622891807  0.43060869290263487  0.43947992890656590
  0.44795517339514190  0.45641451810608302  0.46523281065308891  0.47435256241542773
  0.48343700991036065  0.49208857260995759  0.50040838986642178  0.50926150230332667
  0.51859856048195485  0.52808890000082465  0.53791063421011387  0.54836212264258366
  0.55890131736307369  0.56958757952352923  0.58035767857753118  0.59135763924208973
  0.60203799222820520  0.61176419725904407  0.62095561551585265  0.63051639013818650
  0.64059917188429871  0.65043567689184290  0.65962457462272317  0.66927805002485974
  0.68033576863244150  0.69208198670748255  0.70352838828269393  0.71405551543332801
  0.72393960259551171  0.73377643098854195  0.74369682994577202  0.75368428533036136
  0.76366986405591764  0.77411082686079724  0.78493127407679375  0.79584050651743576
  0.80668097888752754  0.81785511122987653  0.82945662982020063  0.84217113249332876
  0.85511574288678971  0.86800599530257816  0.88057526961364463  0.89300742187751614
  0.90532831004423620  0.91762512934638096  0.92950320990731916  0.94267689021382617
  0.95752793682495052  0.97222552623805614  0.98626969865871317  1.00000000000000000
 -0.00221776183398460  0.00839734494370607  0.01770386059685827  0.02732100088231957
  0.03767946067138748  0.04729645534547879  0.05712920598476952  0.06712766536969945
  0.07756472405141894  0.08753503178063872  0.09774884858958467  0.10830546444683332
  0.11943704695704531  0.13047273784595628  0.14166116106470505  0.15233516436368866
  0.16315480771509655  0.17413621797571141  0.18534531863006359  0.19601436546188783
  0.20640708230955429  0.21667471184840054  0.22696121824501583  0.23763244485143981
  0.24893160465481301  0.25979018546832960  0.27071479091589490  0.28140390325407649
  0.29190901099623823  0.30236793859688149  0.31252175177545910  0.32232310803060971
  0.33184976222820162  0.34173356878817618  0.35219288144030220  0.36310512040955684
  0.37375242905744688  0.38420921682324993  0.39448656884803746  0.40443405464735177
  0.41445664096795465  0.42469289068493182  0.43514494579240137  0.44574839982136966
  0.45604535993106210  0.46656803492658055  0.47732169804995911  0.48879897488633212
  0.50026487405231412  0.51088375972503408  0.52130978740912648  0.53203369375145770
  0.54255059372524850  0.55246034819816281  0.56244773003274917  0.57288551356816220
  0.58286087932675446  0.59197554646416672  0.60122820859731929  0.61141203060739990
  0.62197529928490924  0.63211908527925120  0.64128455536073015  0.65161473929209435
  0.66252674022326363  0.67369048687914179  0.68483558113045673  0.69576176952465618
  0.70630611639702612  0.71669355280554670  0.72693473889156601  0.73695666116383640
  0.74679675453968286  0.75637658025485710  0.76582140715128344  0.77566827236814906
  0.78596658780661954  0.79684262083937740  0.80799481763102088  0.81967813149070479
  0.83134969405542580  0.84281718577118914  0.85385547624665437  0.86412900896051403
  0.87408117838922483  0.88414680839096638  0.89460751153067941  0.90534593022413623
  0.91658159960587993  0.92851989232152965  0.94075317826370053  0.95294499373955044
  0.96523197728293098  0.97769138411658130  0.98913415571834862  1.00000000000000000
  0.00126793607626522  0.28341970532507837  0.40654961631521486  0.47735921665858017
  0.52053182833548628  0.54223139769746209  0.55403134457978620  0.56226491856091720
  0.56872542116488245  0.57447648424895281  0.57999118657637205  0.58516811111816347
  0.59002465373565216  0.59473689240525052  0.59936415958689859  0.60388236017333030
  0.60829358038905368  0.61257873393846984  0.61687402171513428  0.62088971410573879
  0.62487001065328973  0.62878343231573242  0.63270409399599048  0.63669083460363807
  0.64066720993986315  0.64453437409694381  0.64835083876474664  0.65217112458183724
  0.65596159239201557  0.65974382694587985  0.66359918406733198  0.66745163259634255
  0.67154223107409305  0.67565318649573014  0.67963730173326486  0.68361982097176865
  0.68758029597434211  0.69154366320319649  0.69549742931737280  0.69936557102692709
  0.70322457385571291  0.70710451222560511  0.71087203702508406  0.71467513345149425
  0.71854820829482247  0.72245052720355429  0.72629472432080622  0.73012123856149913
  0.73385312832839300  0.73754272615106631  0.74137383141858848  0.74534204409030691
  0.74937252618064865  0.75341340975588300  0.75728342637973456  0.76111886285818564
  0.76501514428122930  0.76883410646810846  0.77303888838465007  0.77743194809902816
  0.78184198886858203  0.78621902327209081  0.79062382994510028  0.79500240138100320
  0.79923027558408444  0.80350243451064218  0.80779882714420559  0.81210969607000294
  0.81644791793808980  0.82102307835105848  0.82544732411584532  0.83012353529151017
  0.83490888114798067  0.83961826666093009  0.84420078196677717  0.84883192885252456
  0.85331466890601304  0.85828918874300175  0.86346305026055026  0.86878495530107291
  0.87443984059975899  0.88032459343517477  0.88632169488557144  0.89222118665322236
  0.89804667769246671  0.90397331396846814  0.90989451135099275  0.91619459223376620
  0.92292771731871204  0.93017755578470829  0.93803563286868308  0.94652556500265284
  0.95555532729543358  0.96557454954016297  0.97893114735792974  1.00000000000000000
 -0.02067414876468326  0.13703484161918034  0.17833447450561554  0.20428580134605653
  0.22463280771919555  0.24332501001573617  0.26061609813193132  0.27642940124895216
  0.29186662403863101  0.30667138179701958  0.32097197738093430  0.33416554690722866
  0.34599947716400692  0.35735844652503690  0.36817554556025600  0.37802094719017149
  0.38694822201501455  0.39551416686828644  0.40341560777289720  0.41121789524296504
  0.41883366352504325  0.42647268218051981  0.43450892259406215  0.44241006763098867
  0.44996487656539275  0.45729433558558147  0.46544182256836231  0.47384379454923387
  0.48162091984324223  0.48894273562040308  0.49599490166646071  0.50286691195054578
  0.50968103529438313  0.51642070735049139  0.52291816736552243  0.52887199883925884
  0.53492257039470403  0.54116844039232737  0.54779164560809646  0.55416030837406738
  0.56027311272261016  0.56646709204388535  0.57273466787760707  0.57912800841671452
  0.58557932636479759  0.59224811120774090  0.59888701725565330  0.60526630410761739
  0.61153781491505388  0.61790186089848365  0.62420124737861171  0.63010070056672185
  0.63556044154026647  0.64097322811273860  0.64637788160670884  0.65154459534773479
  0.65675603100023450  0.66190198536291200  0.66707328968742452  0.67231022050858336
  0.67754401756587823  0.68285265046297716  0.68819780887741711  0.69356582822136470
  0.69899387485042308  0.70428580027576115  0.70923329606155416  0.71457164567104903
  0.71985182271948622  0.72520680219625666  0.73049067805543388  0.73556473283426704
  0.74055605984148909  0.74548650528638638  0.75042618012372275  0.75578426577600777
  0.76121006851635686  0.76665095864747856  0.77205027561016693  0.77726025501673712
  0.78264719902351354  0.78837230685946846  0.79511483065147492  0.80283647124807911
  0.81088490681772551  0.81857508139214663  0.82586413470003117  0.83368533214732854
  0.84260920223674063  0.85190165805689011  0.86195993370285040  0.87288775054258938
  0.88694636974303753  0.90408259438544247  0.92964103003187282  1.00000000000000000
   2.0550764063112024E-012  -1.0000000000000000     
 F F F F F F F F F F F F F F F F F F F F F F F F F F F F F F F F F F F F F F F F F F F F F F F F F F F F F F F F F F F F F F F F F F F F F F F F F F F F F F F F F F F F F F F F F F F F F F F F F F F F F F F F F F F F F F F F F F F F F F F F F F F F F F F F
  <DiscreteSampler_grid>
  grouped_processes
  1 # 1 for a reference and 2 for a running grid.
  10 # Attribute 'min_bin_probing_points' of the grid.
  1 # Attribute 'grid_mode' of the grid. 1=='default',2=='initialization'
  0.0000000000000000 # Attribute 'small_contrib_threshold' of the grid.
  0.5000000000000000 # Attribute 'damping_power' of the grid.
 # binID   n_entries weight   weight_sqr   abs_weight
    13   10   2.903313014749552E+000   7.207846436857560E+001   2.903313014749552E+000
    14   10   2.903313014749553E+000   7.207846436857565E+001   2.903313014749553E+000
    16   10   3.905709315384553E+000   1.304800946714122E+002   3.905709315384553E+000
    17   10   3.905709315384553E+000   1.304800946714123E+002   3.905709315384553E+000
  </DiscreteSampler_grid>
