  0.00000010745256866  0.00000016746060576  0.00000022756909512  0.00000041304221009
  0.00000154355382506  0.00000692519296355  0.00001716252708487  0.00002741730109837
  0.00003426559296780  0.00003814500486198  0.00004056348718132  0.00004224421419855
  0.00004331076105812  0.00004397054531074  0.00004445344247601  0.00004489492170481
  0.00004529354506360  0.00004564456351447  0.00004598520763120  0.00004630149242289
  0.00004659026793798  0.00004683770359894  0.00004705956862498  0.00004724960187984
  0.00004739877166145  0.00004754155387219  0.00004767613586071  0.00004780349837805
  0.00004792098682844  0.00004802493910358  0.00004812249565679  0.00004821644640701
  0.00004830913042651  0.00004839458092996  0.00004847327960455  0.00004854635317905
  0.00004861505745841  0.00004868103429869  0.00004874082276791  0.00004879948979360
  0.00004885919699157  0.00004891687449051  0.00004897276456074  0.00004902869004294
  0.00004908630152278  0.00004914531121313  0.00004920025878949  0.00004925019893252
  0.00004929519543411  0.00004934360587554  0.00004939936183680  0.00004945854976291
  0.00004951802466171  0.00004958051421246  0.00004964890435449  0.00004972032370844
  0.00004979045758705  0.00004986036603597  0.00004993248020016  0.00004999995218276
  0.00005006829668645  0.00005014097637721  0.00005021921194379  0.00005029618667511
  0.00005037183662270  0.00005046244017930  0.00005054864089074  0.00005064435052437
  0.00005075500049114  0.00005086763958135  0.00005098355749076  0.00005110545229824
  0.00005123645971515  0.00005139703862019  0.00005158807655863  0.00005182023488325
  0.00005202340753830  0.00005220552919049  0.00005244810468444  0.00005276279212931
  0.00005313074769193  0.00005357097693286  0.00005405985101818  0.00005466605105614
  0.00005547918466367  0.00005646768485703  0.00005772501309642  0.00005974527196709
  0.00006318353698838  0.00006770486547744  0.00007833674111957  0.00010438913129633
  0.00022485009269071  0.00119724502540637  0.90898922504300295  1.00000000000000000
  0.00007099433128023  0.00007428453029363  0.00007792260629458  0.00008186216808051
  0.00008635019593078  0.00009020061383965  0.00009200346966977  0.00009234460659082
  0.00009248192909338  0.00009252206102713  0.00009254308153220  0.00009255669692665
  0.00009256388845203  0.00009256857028162  0.00009257274985552  0.00009257630599780
  0.00009257892511653  0.00009258093140084  0.00009258263289215  0.00009258419630602
  0.00009258543145183  0.00009258666659763  0.00009258790044479  0.00009258909054758
  0.00009259028065036  0.00009259147075315  0.00009259280631420  0.00009259422443684
  0.00009259564255948  0.00009259769343566  0.00009259993225581  0.00009260299055887
  0.00009260642010680  0.00009261190261370  0.00009261952734059  0.00009263120547352
  0.00009265033807673  0.00009267790487918  0.00009273240926891  0.00009292784850678
  0.00009371912785872  0.00009677311998733  0.00010194990326983  0.00010975731693213
  0.00011945362659694  0.00013019375522094  0.00014299821478215  0.00015857951010743
  0.00017662927022623  0.00019697719310185  0.00022100060659007  0.00024908251158412
  0.00028080347274936  0.00031639647850251  0.00035487983865680  0.00039693550252238
  0.00044445292506792  0.00049598885461940  0.00055099608818868  0.00060623618474433
  0.00065997537301983  0.00072003216933147  0.00078109060808754  0.00084258306704029
  0.00090097735027784  0.00096355675546979  0.00103615667626981  0.00112200313420768
  0.00120863066573628  0.00129306211429380  0.00137872118478896  0.00147470277037263
  0.00158736430840466  0.00171558406407189  0.00184669828637302  0.00196764523506953
  0.00207867811435810  0.00218336680924930  0.00230557621846215  0.00243593834971820
  0.00255788397405987  0.00267138175181655  0.00281626683154513  0.00299273324161041
  0.00323354835346111  0.00352827174365221  0.00388039047912555  0.00420367524179686
  0.00449728874603296  0.00476898307907841  0.00507635569851627  0.00538201315110150
  0.00597696604942122  0.03347839175456041  0.13774511316478508  1.00000000000000000
 -0.00000032584924870  0.00000333278936608  0.00000526426361729  0.00000779984988825
  0.00000997070667353  0.00001176655988937  0.00001396148576803  0.00001653834695002
  0.00001903561629620  0.00002160935278036  0.00002445897322078  0.00002750266680717
  0.00003032779818868  0.00003285421433813  0.00003518984848690  0.00003740660252321
  0.00003949528025152  0.00004153348887300  0.00004356333649830  0.00004559027033629
  0.00004783348722561  0.00004992599378840  0.00005176332951888  0.00005398628850938
  0.00005640296492302  0.00005886708103733  0.00006119719516326  0.00006344560819216
  0.00006578099046341  0.00006863728609993  0.00007206666030686  0.00007557249876991
  0.00007844404658329  0.00008091852466117  0.00008294776334895  0.00008548754986231
  0.00008862032428048  0.00009204745459184  0.00009497371309918  0.00009795429843254
  0.00010105881293629  0.00010433525728903  0.00010881749140814  0.00011246616362508
  0.00011598615320565  0.00012024909495199  0.00012499512671297  0.00013058913976744
  0.00013701730269817  0.00014413328434847  0.00015205184961935  0.00016071916455950
  0.00017002139103991  0.00018036809612423  0.00019170427371258  0.00020226027160292
  0.00021086250002656  0.00021922814359347  0.00022824642432832  0.00023804511819264
  0.00024828359998321  0.00026042393704264  0.00027421297252662  0.00029209410305010
  0.00031087726156176  0.00032846954194582  0.00034766607756693  0.00036994392339596
  0.00039548181569650  0.00042372910920585  0.00045247238840262  0.00047955248031763
  0.00051039863096110  0.00054410744139272  0.00057566628859749  0.00060672915138235
  0.00064851202582332  0.00070933820720304  0.00077344443944036  0.00084311297457585
  0.00092245645913408  0.00101618489473509  0.00113785413114850  0.00126062871817229
  0.00138045866803041  0.00149402325859980  0.00159288552794928  0.00169747262644354
  0.00179331011125568  0.00188371351943734  0.00224361467257828  0.00289177120169669
  0.02985019239179816  0.09044288459212180  0.14763551193742491  1.00000000000000000
 -0.00195357048481129  0.00553294214493120  0.01408556057037417  0.02291191670529534
  0.03250553944330709  0.04367366998141025  0.05526011487787342  0.06525272158921622
  0.07452550166823010  0.08439843092871298  0.09412966091511031  0.10430009684023266
  0.11604557588777023  0.12960060046316177  0.14371981002365689  0.15659230590484671
  0.16718357051514071  0.17615291895935620  0.18519249438672564  0.19691068226667635
  0.21044901738645108  0.22442340095155830  0.23635903759200724  0.25177226623547799
  0.26677802299199588  0.28325035747869498  0.29809373124124561  0.31273076742548495
  0.32714052006383243  0.34094366190382480  0.35427573516017119  0.36676482853200681
  0.37728642790093869  0.38517332131728055  0.39477883257243662  0.40509113189712515
  0.41997128697216557  0.43437433454133451  0.44716385254235441  0.45998815828283007
  0.47243227290184814  0.48478504326346850  0.49670677007456077  0.50905613785163684
  0.52235681911978726  0.53585577655045180  0.54922409415351559  0.56248774002214141
  0.57496974463944395  0.58682176390494734  0.59852129804572696  0.61038079768929143
  0.62299926367809322  0.63654454628024426  0.65132088893409068  0.66557257562886574
  0.67733937149474188  0.68719082048860536  0.69754414076590365  0.70762778513441515
  0.71672845189191714  0.72491147254528532  0.73282230327998177  0.74027079270796636
  0.74960485105920294  0.75930864538106435  0.76866721140169980  0.77885849107929517
  0.78954768388942964  0.79683495606636456  0.80260005488420771  0.80884376309292050
  0.81465744524147954  0.82212031630699778  0.82995742323055133  0.83754483581126338
  0.84554841977025341  0.85408666160394975  0.86327134977391806  0.87212986383403834
  0.88030354009023526  0.88731304422901636  0.89226817796370150  0.89711959186067725
  0.90271375824848799  0.90783333192070692  0.91525104304600702  0.92370775231156810
  0.93280253964608861  0.94184028385988205  0.95122469160364898  0.96116280631729822
  0.97103939850341658  0.98079677824676148  0.99044374022673765  1.00000000000000000
 -0.00210660042955672  0.00928561192311592  0.01547888673376229  0.02266326371300352
  0.03154013646682649  0.04080088495414342  0.05114280233609825  0.06187274841316697
  0.07072247658854862  0.07776347008181915  0.08507311048230887  0.09276737725872766
  0.10025773078801312  0.10867426851176155  0.11770685806043703  0.12580153413999962
  0.13368600740138489  0.14198456758013420  0.15311432475442446  0.16481988960561281
  0.17498718975800112  0.18428111796011365  0.19279645099483581  0.20127096645828457
  0.20969109446057677  0.21917431097680357  0.23008042710995216  0.24040512570387504
  0.24967498519426570  0.25944111770571793  0.26936295371063079  0.27939621573420254
  0.28852358015605450  0.29837360637637839  0.30838968089152419  0.31876624467950293
  0.32951648002289952  0.34027637500668872  0.35078101213131724  0.36126496625180410
  0.37241611738675884  0.38471484702152209  0.39806262458977243  0.41177591351388731
  0.42486916425097498  0.43631935457273258  0.44683889181189224  0.45890561738992536
  0.47161304687377259  0.48463705288077297  0.49710246627020993  0.50804095197581478
  0.51792490633741495  0.52814373621098021  0.54033247066123946  0.55487403769382482
  0.56954359534771581  0.57912535569359436  0.58856693003240335  0.59773279504694377
  0.60619135152639259  0.61608400986487621  0.62729192586124405  0.63806367075867076
  0.64872076668384115  0.65956554203485140  0.67335644023406993  0.68688549377971042
  0.69857211556746313  0.70822099376850522  0.71706177324800446  0.72711631983457781
  0.73995722251667784  0.75260716088386304  0.76140317276025982  0.76974831968033852
  0.77859033507926334  0.78919758795424089  0.80134589412129797  0.81380641008457288
  0.82651810992422003  0.83908151789626084  0.85182551340082646  0.86248815485684582
  0.87113878856369165  0.87931952832160676  0.88800139476698137  0.89636386122278588
  0.90764769095303177  0.92128467098695244  0.93618596174546564  0.95043642222093538
  0.96355786023296131  0.97579219535244366  0.98765945641907749  1.00000000000000000
 -0.00106783511226187  0.00535427063956717  0.01150286195612066  0.01872332906927257
  0.02700622201298931  0.03519679496057951  0.04359694427165520  0.05186950419993955
  0.06104173549940189  0.07074165387489317  0.08183142039754215  0.09309588072821358
  0.10223629158209979  0.10987555825215116  0.11698297248191300  0.12457053429291538
  0.13305740698681479  0.14239817441739858  0.15284560076907347  0.16389896064435602
  0.17500135088016483  0.18583691334560071  0.19543568140599571  0.20309038332720283
  0.21022886436149285  0.21839080245626952  0.22727988284829015  0.23589981468926768
  0.24534076080523548  0.25567849701402756  0.26693255979856706  0.27819390441298963
  0.28994570798989450  0.30174962175947684  0.31353872708864367  0.32524581805706287
  0.33665293707218208  0.34804405164621743  0.35911846754710824  0.36931788515674063
  0.37926324794454447  0.39016322073548593  0.39969562083214771  0.40703188949899405
  0.41314100924397223  0.41853044700957748  0.42420349717872780  0.43219634208599372
  0.44504518188160480  0.45857656471881675  0.47060317553569442  0.48133056407841690
  0.49089975779904005  0.50247300447223764  0.51431149638285378  0.52561431227727806
  0.53693882035208462  0.54784980375688763  0.55845990185872330  0.56921021306337372
  0.58035221576030138  0.59232857507929992  0.60517409839637237  0.61849012792728464
  0.63134854153450215  0.64323147866893593  0.65371488950465184  0.66281223542741208
  0.67277016746672647  0.68288131928309759  0.69309664358595280  0.70479224944224117
  0.71783899532712991  0.73084979778826076  0.74318860546142107  0.75461830984432143
  0.76483314958177795  0.77454296244190868  0.78585909610964899  0.79764340904872844
  0.80832699746890846  0.81913610322591557  0.83128366513393470  0.84502094100810998
  0.85976752067570850  0.87249261577241777  0.88156128373192133  0.89100765608131050
  0.90182639045493462  0.91310098788903182  0.92438831643169317  0.93644947931143019
  0.94991057355923603  0.96463650062375528  0.98086161270827721  1.00000000000000000
 -0.00296132030245977  0.01054542094218141  0.02042679262316483  0.02871488617581301
  0.03311827163998193  0.03835547445744009  0.04629426755827981  0.05573221497816294
  0.06649526068110569  0.07879511500322697  0.09171729851353323  0.10420467956645958
  0.11592877022933375  0.12717330775244920  0.13793408486297576  0.14891818421700381
  0.16243213497565043  0.17423391992233331  0.18677785644239156  0.19839797755488470
  0.20914780118032100  0.21942003489212045  0.22985269354223886  0.24068592351593349
  0.25124983146964186  0.26346604681578545  0.27506465412220210  0.28554169369777815
  0.29524653355831126  0.30446090304571033  0.31409508919843881  0.32449425296124107
  0.33518841281168532  0.34660604468668260  0.35888788057892423  0.37170658839166898
  0.38478508217090979  0.39727083100126559  0.41008450027089111  0.42086351566805452
  0.43205087533002529  0.44413325492365746  0.45578993628464926  0.46798517508355764
  0.48064279824002426  0.49347177786816587  0.50640873479951709  0.51909345069549617
  0.53110158937285967  0.54302396186937352  0.55544407053024181  0.56747527417808619
  0.57825097981587481  0.58826406795016550  0.59846327823849477  0.60762377401668910
  0.61607147679439755  0.62597462879203380  0.63633062871569024  0.64654610109995636
  0.65681395699525358  0.66607097164689932  0.67378323661342887  0.68172340582556878
  0.69059132045480687  0.69876988593517364  0.70747005523172080  0.71878829463093097
  0.73189444733077458  0.74429216505864759  0.75556908650050403  0.76596735586118070
  0.77572991166950556  0.78572454725763052  0.79398411332095975  0.80139439178774685
  0.80742336084575683  0.81371661302810283  0.82076002312204654  0.83026291818876607
  0.84145127403109909  0.85437293239415379  0.86381359058818430  0.87183104059641647
  0.87956539591120553  0.88859775643321770  0.89965492583268092  0.91175402830729735
  0.92384459687821596  0.93603025339248003  0.94826009416360135  0.95931918419122497
  0.96924302750362568  0.97928317677308574  0.98944446281517651  1.00000000000000000
 -0.00282129069573386  0.01016348236640395  0.02240787793394894  0.03255695087686064
  0.04185656029174856  0.05412822339684602  0.06768016939883237  0.08185852117286842
  0.09598434644989864  0.10954992163726200  0.12225692211139680  0.13407215749123408
  0.14564640113492064  0.15741244945755470  0.16870223432059589  0.17942451874452442
  0.18956889215733333  0.19890544517067393  0.20738277247097475  0.21646319455234722
  0.22640756045772362  0.23675928741808108  0.24573300228756423  0.25330165497946755
  0.25982370544790068  0.26673330645633553  0.27510782912081583  0.28655884127439507
  0.30043256960718528  0.31477369125148219  0.32914557706832104  0.34333638265081856
  0.35708982450614091  0.36929142920063601  0.37876285253162478  0.38922863333764662
  0.39922708640289645  0.40739804080035602  0.41581977862608449  0.42574028443111828
  0.43692179042770474  0.44901312393954085  0.46044321778299374  0.46999605269715500
  0.47863450392319545  0.48682822671469139  0.49585700923518589  0.50559421303265684
  0.51423160149384917  0.52316937946610043  0.53204974620459244  0.54172901571295129
  0.55192500822200896  0.56188601063375843  0.57278928319390954  0.58102898611939346
  0.58772805945788664  0.59506158481729288  0.60318667885245281  0.61193207950479556
  0.62163144834287343  0.63193434962033224  0.64181336326123606  0.65120479287533362
  0.66232571236784010  0.67502839786223279  0.68837067309057665  0.70215253833805924
  0.71564717940403155  0.72890283334386163  0.74272060631069170  0.75491045394316947
  0.76471519891520956  0.77407014940243835  0.78317798498691282  0.79339271151628066
  0.80372644255455583  0.81484930737983741  0.82598654559083706  0.83780055600768566
  0.84939978560056228  0.86201969473854712  0.87512841166143618  0.88696681060554583
  0.89640078554491476  0.90447397070396984  0.91155229237290181  0.91851119990076746
  0.92652122934973102  0.93628872371762084  0.94738173785540292  0.95860604043114583
  0.97057017143340063  0.98142918487228425  0.99083980920561299  1.00000000000000000
  0.02797180093846818  0.17475281216506858  0.28155141829295877  0.34286627513744750
  0.39324200218202071  0.43846489875998090  0.48027180977075684  0.52478632204084807
  0.57318010117904661  0.61856129524448922  0.63765322666692892  0.64761968765145017
  0.65444778387718661  0.66022516201721815  0.66546862436048482  0.66985140683623312
  0.67343467817006497  0.67656579379182968  0.67924020075444569  0.68180740263234407
  0.68471198552210455  0.68792607898725178  0.69143875960432799  0.69529333459004861
  0.69949186821410791  0.70348224472851628  0.70708296104246304  0.71043454613536638
  0.71360780984926375  0.71647136640015652  0.71925188318613587  0.72190819034147757
  0.72456357728950704  0.72782216288520118  0.73183476270992553  0.73641722216092276
  0.74098278745162727  0.74541747851662066  0.74980610273147175  0.75402312833871954
  0.75778763262141191  0.76153473738170008  0.76533880680973843  0.76892758339455758
  0.77234930780101629  0.77544805483404822  0.77861210530455915  0.78185201581170050
  0.78527119794102584  0.78875486736876865  0.79180598568910610  0.79494259075931850
  0.79839786464908691  0.80177673180927589  0.80470297027512883  0.80773052253852429
  0.81116052175601072  0.81465517323112124  0.81777130415807331  0.82085256982946020
  0.82438829337542474  0.82816797167803891  0.83170681699063531  0.83497009475524930
  0.83799836368294822  0.84088354757561201  0.84433283692958894  0.84800031981802526
  0.85162945670671575  0.85586175780322171  0.86003693283455873  0.86360744717019866
  0.86689533162330790  0.87033731415860294  0.87404112593303540  0.87765785620549963
  0.88170823400295195  0.88582290001624875  0.88906877597492406  0.89252921403642338
  0.89590970426361638  0.89935735463266964  0.90318937106233477  0.90751605820581949
  0.91222184114589322  0.91695457006437320  0.92180541040577502  0.92747012798657191
  0.93334897491982904  0.93897329953435804  0.94479098366463377  0.95122144888095883
  0.95885897104449058  0.96868275918234104  0.98176706023580385  1.00000000000000000
 -0.04516825584215282  0.16499872990650907  0.22142953919754746  0.24698942570853660
  0.26619281650682824  0.28274626521469631  0.29945761942358662  0.31517884397831009
  0.32874887310646878  0.34121599851353795  0.35384739980251489  0.36666584471795505
  0.37856831810260033  0.38722619852389123  0.39326863707228538  0.40037968348616848
  0.40849401345026110  0.41695365002487433  0.42434898044934588  0.43062934722379831
  0.43724882852675245  0.44420184026281084  0.45166778298626242  0.45935186443050824
  0.46652806610985709  0.47467528085818156  0.48256770774179708  0.49022644249707320
  0.49793431327843496  0.50553720208836195  0.51317561021449609  0.52065742517155278
  0.52796261505448561  0.53517081601811156  0.54188796570798570  0.54802979612624825
  0.55366625023694183  0.55867551393771309  0.56472666190956688  0.57061429641461581
  0.57570079799275808  0.58097327710649971  0.58639044076379132  0.59113083422164947
  0.59534109829007487  0.59970151247901027  0.60529935119489842  0.61135868811340355
  0.61685748099516724  0.62173843856332911  0.62635523795665293  0.63081124806382094
  0.63496578909714296  0.63916050676035641  0.64336262596877536  0.64706222754071629
  0.65106994857950373  0.65521247230626867  0.66001222979828089  0.66485470619419107
  0.66981579518503709  0.67589013562830869  0.68139050324553030  0.68626732327333817
  0.69047831145001159  0.69422473460025325  0.69760890043338597  0.70106279499323854
  0.70452870877901841  0.70766226911810892  0.71120445878102179  0.71417354999279781
  0.71716108393858247  0.72067032010733156  0.72412622879015642  0.72731536776995520
  0.73048316778924893  0.73415805167051695  0.73865387249174075  0.74280034230239667
  0.74640382129850646  0.75071866048854008  0.75536533366232572  0.76050061884360776
  0.76596719718937678  0.77191506027973922  0.77865073295067733  0.78581425909977054
  0.79267975827012149  0.79921472430047835  0.80598403645992922  0.81303307208581621
  0.82028761917991455  0.82787109679719384  0.85889975278383401  1.00000000000000000
   2.7662680066844798E-010  -1.0000000000000000     
 F F F F F F F F F F F F F F F F F F F F F F F F F F F F F F F F F F F F F F F F F F F F F F F F F F F F F F F F F F F F F F F F F F F F F F F F F F F F F F F F F F F F F F F F F F F F F F F F F F F F F F F F F F F F F F F F F F F F F F F F F F F F F F F F
  <DiscreteSampler_grid>
  grouped_processes
  1 # 1 for a reference and 2 for a running grid.
  10 # Attribute 'min_bin_probing_points' of the grid.
  1 # Attribute 'grid_mode' of the grid. 1=='default',2=='initialization'
  0.0000000000000000 # Attribute 'small_contrib_threshold' of the grid.
  0.5000000000000000 # Attribute 'damping_power' of the grid.
 # binID   n_entries weight   weight_sqr   abs_weight
    13   10   1.675269105055920E-002   1.875182327957107E-003   1.675269105055920E-002
    14   10   1.675269105055923E-002   1.875182327957114E-003   1.675269105055923E-002
    16   10   2.839607611122503E-002   5.258016162561432E-003   2.839607611122503E-002
    17   10   2.839607611122510E-002   5.258016162561449E-003   2.839607611122510E-002
  </DiscreteSampler_grid>
