  0.02396673456149835  0.03232126940973862  0.04263500645222434  0.05276127585959323
  0.06284019019332861  0.07314332225506440  0.08347885854348826  0.09372096510668253
  0.10384292369562231  0.11407562614874787  0.12411289728960906  0.13420286017735975
  0.14423547157034372  0.15443981953522123  0.16454575786563946  0.17451438619557194
  0.18450109994866229  0.19456455222260102  0.20477637830256334  0.21493437229424328
  0.22503447089882631  0.23506052540734701  0.24508095669996283  0.25522135334910101
  0.26532653794505756  0.27544642237943734  0.28550841630793683  0.29552110500307671
  0.30540773958478223  0.31537014319904144  0.32546644691630683  0.33554195994046088
  0.34565964721802367  0.35573335244503718  0.36604712900949921  0.37656616115521241
  0.38700215944225314  0.39739033289523207  0.40759237791443176  0.41783206782995364
  0.42811743532585805  0.43842903119107746  0.44879214520367178  0.45904823594441363
  0.46925202007388150  0.47945129338015752  0.48967422963713203  0.49979550449349019
  0.50984628986110947  0.51996870037577059  0.53002910869420061  0.54004629142902150
  0.55019480991534431  0.56043429482009699  0.57091458585465527  0.58123486402354563
  0.59155847020623931  0.60168094858376875  0.61164404627889224  0.62170216956365576
  0.63176417955593578  0.64184237747568751  0.65183145203024762  0.66177843155263982
  0.67181294126149693  0.68185305033522936  0.69199026669531438  0.70211386055582636
  0.71229657062981755  0.72243373638300934  0.73256645698196521  0.74277969825466128
  0.75316570537262639  0.76356215755546231  0.77378635960364983  0.78396260952156971
  0.79422802805490589  0.80465465307246054  0.81506387052844353  0.82547433770594569
  0.83572306066885338  0.84578840514696896  0.85570498713260357  0.86548957985444530
  0.87525449768382946  0.88510110775820205  0.89494856257639510  0.90491457908618167
  0.91484406347722158  0.92494694296479685  0.93508915919526969  0.94521791675846534
  0.95543780224111585  0.96531625064017879  0.97097150771903251  1.00000000000000000
  0.03041255658900889  0.03786251726700562  0.04707062302272286  0.05758912407056840
  0.06767530306484221  0.07787490748878556  0.08816037422711361  0.09831140107314357
  0.10849127771356905  0.11851429147155117  0.12859640883111911  0.13872373133914470
  0.14868179038124921  0.15872673945203433  0.16879330763717948  0.17920527098367658
  0.18935729601973725  0.19955080874937872  0.20982026203039439  0.21988155004346793
  0.22986372172375016  0.23964650846007504  0.24953950081904583  0.25939470915433910
  0.26929994224087872  0.27939590936019809  0.28954344906034701  0.29959213022254028
  0.30969160869001472  0.31977784481882304  0.32982753029246076  0.33965571589285443
  0.34962508998942987  0.35954260331383625  0.36962428636702221  0.37970945036567449
  0.38987678783630419  0.39990463530697673  0.40976576959965899  0.41965475402682945
  0.42942526085598914  0.43916539727616000  0.44896348979091993  0.45895091432297769
  0.46894790971463579  0.47902905116108829  0.48911614471999643  0.49941365358692835
  0.50959512426436904  0.51961540468229961  0.52962647160897580  0.53972497884369264
  0.54975218728862707  0.55983952573036577  0.56963799911565005  0.57952582000590747
  0.58927129331371830  0.59924790946824336  0.60921990736937448  0.61937346103015845
  0.62960557358080038  0.64002065659680896  0.65028877636597526  0.66030602130894112
  0.67044112388485411  0.68076202745918213  0.69097436931840761  0.70101735457124859
  0.71110925613028819  0.72130405150294363  0.73144834161178318  0.74135340842990227
  0.75137574085090930  0.76164899714458745  0.77197314973623721  0.78238380251612627
  0.79251996943706604  0.80259776022647134  0.81263357166149797  0.82275862533954913
  0.83290619096627039  0.84294127983903988  0.85297584833264550  0.86306844858337983
  0.87310709137733022  0.88306087827189295  0.89297517668610948  0.90316030588351659
  0.91346743546227904  0.92375614642208581  0.93407113218719851  0.94429060549724808
  0.95459039003832979  0.96406577131104665  0.96909094757205239  1.00000000000000000
 -0.00194963232742638  0.00825770865915669  0.01734041173964777  0.02675769824320026
  0.03629371382730830  0.04614127124357675  0.05606959440816294  0.06588940622277709
  0.07576516036420361  0.08587646976492587  0.09635712159296049  0.10702038867480430
  0.11771018500179865  0.12841917101737443  0.13905250910312705  0.14987079230128689
  0.16084454995097322  0.17194465255812258  0.18308440763198330  0.19447648742764159
  0.20604368571630094  0.21782779470468225  0.22949633208187772  0.24147885447170969
  0.25355414870821297  0.26594500411355138  0.27865267151267181  0.29142155376665813
  0.30415175718139653  0.31674197697345902  0.32943807266089392  0.34219594470518383
  0.35486989836139704  0.36745716341632012  0.38008208294218243  0.39287063370729353
  0.40579585367858539  0.41862034264401071  0.43130641119040170  0.44404451613441387
  0.45688306967531267  0.46963594804524827  0.48228921397173002  0.49503575165273089
  0.50783848409036247  0.52049027610795573  0.53294208431061629  0.54526344152737016
  0.55757007268462966  0.56979652277959214  0.58190481049817500  0.59382318121925970
  0.60565108582905736  0.61739332746859676  0.62908754929203470  0.64068450233501084
  0.65222548412073889  0.66362468073093317  0.67479114008711460  0.68571529272086096
  0.69640805998780886  0.70698427007868758  0.71751007525706745  0.72790547716096388
  0.73815504127784826  0.74824682118375807  0.75835352286355573  0.76825400152871781
  0.77794508479187852  0.78747951854832920  0.79691916353069703  0.80626643171746526
  0.81539849802687814  0.82432458059051839  0.83314825464509146  0.84192881777539896
  0.85062522947630947  0.85925869492595142  0.86779397351470178  0.87629046579348113
  0.88477477625133805  0.89312724556903511  0.90129216628719266  0.90929928734504228
  0.91719042965077979  0.92501768919430083  0.93276748626987482  0.94042312615705781
  0.94799067509915336  0.95552496242650953  0.96300904622065087  0.97044518287652004
  0.97785974060716496  0.98524920501093161  0.99262012929710264  1.00000000000000000
 -0.00220374503108312  0.00916620355598458  0.01893017248583590  0.02945274859667054
  0.03994923980040331  0.05076480596635852  0.06151988058271793  0.07208080635610135
  0.08266382192726288  0.09336041875732358  0.10395130194052297  0.11460928398167942
  0.12507584913297171  0.13558274403064005  0.14611916643908013  0.15688942041317763
  0.16763451179705674  0.17812896976307885  0.18851794635438643  0.19895390032047428
  0.20936533917165026  0.21988633418546974  0.23043174727814722  0.24100225536501999
  0.25156673365240245  0.26206886818806918  0.27259874596823891  0.28285686051657194
  0.29328142240217281  0.30379984693275008  0.31434927021821929  0.32461723403810666
  0.33501983432999782  0.34563644290472617  0.35646183830641032  0.36715937016552297
  0.37779042969712606  0.38828064750530761  0.39884654579151019  0.40952710417318955
  0.42017439625653358  0.43067158722297672  0.44123885239757443  0.45192016232839693
  0.46258032275481531  0.47300372599022045  0.48329470749278752  0.49365779087272088
  0.50399102043384958  0.51468757430161349  0.52528967127034321  0.53605534627597706
  0.54668485413850032  0.55733175097125254  0.56795649227167622  0.57861141941141647
  0.58926614077392891  0.59975198139297270  0.61012639098284471  0.62059433490456528
  0.63112116733820245  0.64182460774292382  0.65243401675250856  0.66318632178055859
  0.67369728559569630  0.68421553454075268  0.69458097728783286  0.70499516927412231
  0.71531482052206674  0.72562900030089017  0.73599118287801268  0.74645180576914971
  0.75691609522085679  0.76720299800196556  0.77744127122906703  0.78766231609769755
  0.79820802955739378  0.80896322004153842  0.81990427319171033  0.83070564189262353
  0.84151296629554273  0.85212617252622957  0.86255869201739221  0.87302303504837442
  0.88333745452767742  0.89386493651742716  0.90438459854619913  0.91517122348234725
  0.92578931009083110  0.93646888638598524  0.94686959068722587  0.95745480552773821
  0.96805049090611750  0.97869405161030065  0.98936960577099053  1.00000000000000000
 -0.00235450288638218  0.00951817512168841  0.01953991459506321  0.03050608710563967
  0.04143113260673292  0.05241098674810892  0.06311437077469767  0.07397502204904770
  0.08466328460390506  0.09524677144071875  0.10574172424219169  0.11617720161476780
  0.12688268413066123  0.13755059268081335  0.14826325638866325  0.15878291277844520
  0.16947445007646134  0.18023905499812562  0.19079279810705624  0.20137963868377018
  0.21209848736125417  0.22287937095372976  0.23336645021820240  0.24370148612736581
  0.25422335162149584  0.26495017594981302  0.27557867549835852  0.28609770824927139
  0.29653211411524705  0.30714936770346885  0.31771255108347529  0.32809216049871265
  0.33846734130248735  0.34883151475018098  0.35950784827835902  0.36992863638713769
  0.38052804983702171  0.39097281084191127  0.40150860247249293  0.41203160538831496
  0.42245922786793427  0.43287052791541930  0.44318555909375612  0.45349379818025803
  0.46381180189339549  0.47407663112847065  0.48429443558555868  0.49450605978444834
  0.50499994677128235  0.51570333362563325  0.52640307267333974  0.53703535086565046
  0.54751954135779080  0.55802704795957891  0.56834903851005014  0.57876966367970417
  0.58905123788117475  0.59937790754726106  0.60969296522229832  0.62002271318638880
  0.63037040461609428  0.64073251680693788  0.65128521090919089  0.66191185648804440
  0.67233179126849696  0.68252722660482312  0.69281518219066285  0.70332174095611222
  0.71386071685596775  0.72444012415458203  0.73474309926270620  0.74521943247943079
  0.75563376034669971  0.76618461414246908  0.77654761128474992  0.78671259260109005
  0.79705126080863453  0.80758725861748670  0.81809762600281144  0.82866206798605180
  0.83908004812413528  0.84964609496279908  0.86014058684041605  0.87086586081348971
  0.88179394726617655  0.89275439385336597  0.90366216404131294  0.91451932694402105
  0.92530901358015527  0.93606143026509359  0.94669696604682796  0.95724604862142104
  0.96783673784663593  0.97834036384954814  0.98912699112635261  1.00000000000000000
 -0.00223257088425342  0.00907005510587731  0.01880129393104468  0.02911192049528360
  0.03945846300498668  0.05016556821097243  0.06092666650987039  0.07162571586680336
  0.08218746535898225  0.09287206948601343  0.10352308193058404  0.11402036198223155
  0.12454180750106958  0.13508836385618980  0.14567625165352499  0.15607224217906240
  0.16651249884379102  0.17707349414832732  0.18760656928492664  0.19834701922210510
  0.20880464665130311  0.21942706570584755  0.22992806553722453  0.24023176012152403
  0.25042075371383210  0.26052714685314082  0.27065951050583986  0.28108185983067846
  0.29153569772332921  0.30223426011984189  0.31299886401606902  0.32364045047357531
  0.33446645354419519  0.34494959079934218  0.35552446668776261  0.36602261692543830
  0.37659829885141427  0.38718381607164892  0.39780296126102110  0.40869545910552690
  0.41940258341797393  0.42997206390409237  0.44039240349084691  0.45096634862616020
  0.46154780571285398  0.47206449766078268  0.48256189143200667  0.49317713568120974
  0.50381891736177731  0.51438099186739505  0.52486539118204811  0.53520292009116577
  0.54562854100565783  0.55584782597233295  0.56626575886156116  0.57660978630876158
  0.58721286257625915  0.59757009980373166  0.60803635938322087  0.61822253300684260
  0.62874848154222163  0.63936978418212009  0.65011822579937184  0.66063692787350270
  0.67116358172699919  0.68181677939344210  0.69235812748820191  0.70282426652772156
  0.71337751587902343  0.72414039043395495  0.73488552472448043  0.74570477379322109
  0.75648498344703152  0.76728499317768784  0.77795362519625044  0.78873442339381528
  0.79913338761046238  0.80941859289480400  0.81989370319463140  0.83046520642005561
  0.84101659163508136  0.85157764813385506  0.86203073305794586  0.87274069159486012
  0.88320643851485781  0.89391178406246818  0.90456860451970900  0.91518314393812916
  0.92576905076859639  0.93650610142129598  0.94725965781291799  0.95801276182551887
  0.96826585810746546  0.97880150492178308  0.98928394894105254  1.00000000000000000
 -0.00279348455516200  0.01166615090516037  0.02377504936351400  0.03639736183290287
  0.04881453820548786  0.06095324735198166  0.07277399480696474  0.08435926829298196
  0.09581359116872326  0.10712182414291840  0.11829498101793071  0.12934967489558369
  0.14023894484540170  0.15086755843831340  0.16125261446136840  0.17151180845397357
  0.18179881567129608  0.19214432906714940  0.20253269399048021  0.21280138473296439
  0.22289023602322966  0.23284406138539568  0.24268813600440481  0.25242181397364799
  0.26202518112350320  0.27163365231102893  0.28131015187381708  0.29101323733970974
  0.30061756181873772  0.31017713299164185  0.31977159173890729  0.32938353716624463
  0.33893169334668127  0.34836656179248060  0.35778659079836334  0.36724096122607253
  0.37670555677228795  0.38605599402071911  0.39532182467655286  0.40457678461663532
  0.41381028625351557  0.42308451837945238  0.43239093790787964  0.44182108441682311
  0.45123925351215527  0.46066165890135535  0.46993350214676427  0.47919902648624835
  0.48839352338196762  0.49761483446163335  0.50693708085042544  0.51626270025854148
  0.52557565047526855  0.53475912029598682  0.54397813212803980  0.55327582554658583
  0.56257924183810615  0.57190661913568286  0.58116592996228655  0.59041426083478565
  0.59972713532857247  0.60914437225269946  0.61873494567145726  0.62836036345393476
  0.63803189109339231  0.64778381840005406  0.65765863605483221  0.66748534253262881
  0.67734360857988429  0.68742893440452280  0.69771201620870360  0.70808523899954723
  0.71841699396263747  0.72883586926195576  0.73925692819282618  0.74985929702147458
  0.76053352488218828  0.77132182682849870  0.78221306866079920  0.79320317407641094
  0.80432839421217184  0.81554370377694763  0.82697573379283640  0.83858381896528134
  0.85041531738169762  0.86250605291618809  0.87492390973435319  0.88771042751296636
  0.90084755644424175  0.91411020658968445  0.92767795329908131  0.94161660219681009
  0.95577890770330620  0.97004127781261806  0.98482195854735721  1.00000000000000000
 -0.00228191889654982  0.00939933444806831  0.01944384793785973  0.03010289533762420
  0.04058409005193699  0.05132661067979097  0.06220682520433579  0.07284969161297668
  0.08348480236040506  0.09410473890066272  0.10476536226472366  0.11527546229899918
  0.12555146479374873  0.13577310928454264  0.14611939940933444  0.15650156745935331
  0.16689319792029927  0.17722922091103413  0.18750456114724467  0.19803398988256218
  0.20870651521296193  0.21940913829630865  0.22999253984894322  0.24071419763169905
  0.25148151286142184  0.26216604069661492  0.27281694782292198  0.28361096013118059
  0.29435918782820686  0.30506226495666350  0.31561898902392183  0.32619410705285745
  0.33648980538970596  0.34671421419523313  0.35706711590873458  0.36753646093394721
  0.37813336121261654  0.38876565403344376  0.39951540389146767  0.41029367041920539
  0.42102606530343906  0.43173046366794687  0.44247752234995602  0.45318971509006817
  0.46394476351463454  0.47455742386369659  0.48515396494065183  0.49565088920415762
  0.50621684722716487  0.51681439201065715  0.52729810751154360  0.53769490960974253
  0.54821029892909556  0.55888182794659347  0.56966537627762026  0.58031530381145324
  0.59088164455463577  0.60140177045622212  0.61183805612444819  0.62224140900409497
  0.63263297271191443  0.64313600492960166  0.65363994891681032  0.66415207910073315
  0.67463650254750351  0.68522050086705377  0.69586111435557896  0.70663879034547894
  0.71720715823977454  0.72782374278994355  0.73839454508188163  0.74927143780996375
  0.75971474222808089  0.77015928453401938  0.78052233670537374  0.79092888938350570
  0.80095212085779321  0.81100328638840236  0.82144395540947379  0.83192460784378452
  0.84233796557198093  0.85256629570822184  0.86322485592288456  0.87389189240132648
  0.88468025242024717  0.89528131021876511  0.90582545881911014  0.91647187273785202
  0.92680148381865479  0.93728086939629374  0.94766229830487958  0.95804255480008671
  0.96851459119050598  0.97886004437374241  0.98949657303689886  1.00000000000000000
  0.07219952551307521  0.08954070231153388  0.10556590037239391  0.12149227540713455
  0.13555976300583614  0.14765681328230529  0.15855182349695549  0.16876474719133275
  0.17838445350158549  0.18760479591592094  0.19642916125905199  0.20503215659952381
  0.21345201007355005  0.22168731437821915  0.22973078735722469  0.23760104580296248
  0.24534091729738947  0.25298300077889102  0.26053958661391202  0.26801010181388707
  0.27542294452399052  0.28271086372467369  0.28997783181863346  0.29716226393427475
  0.30439082169608994  0.31159945455975346  0.31873517827554398  0.32578520044036835
  0.33287440254222550  0.33996138792359193  0.34703231967926251  0.35408338876060164
  0.36113916713799521  0.36819378247257162  0.37519782123101147  0.38214841311700104
  0.38911486442147891  0.39613857599996405  0.40312310271572543  0.41006467193846491
  0.41699656880526154  0.42398071324097197  0.43098074668376501  0.43800186803468621
  0.44508727456221464  0.45220233804012600  0.45936868561976130  0.46659182874604399
  0.47384217756287811  0.48109090331552773  0.48830710844205738  0.49551856263210403
  0.50276632681207256  0.51005758782186339  0.51738798917749262  0.52477125093949706
  0.53221225648023374  0.53974317199789679  0.54735766579913192  0.55511750943614191
  0.56300582508645913  0.57101664479006231  0.57903995601276381  0.58703212060675380
  0.59503974147008143  0.60310421275335324  0.61126269126367161  0.61953116059913116
  0.62796966620572980  0.63653082597475485  0.64518772085836951  0.65394049663968756
  0.66278749094399647  0.67173708641075369  0.68087950814334053  0.69025766653705878
  0.69982287682049671  0.70950578634815076  0.71920808115095847  0.72907515739023021
  0.73923947460899964  0.74975066397048229  0.76058739673267617  0.77165709813792804
  0.78313286339981625  0.79510965523246613  0.80758463238771894  0.82067186045276097
  0.83430763169876421  0.84868768640288761  0.86385716712664784  0.88050794774187491
  0.89939366993652803  0.92151301011942754  0.95108354260067562  1.00000000000000000
 -0.01857971950731431  0.14862433441288975  0.19601332730100463  0.22481968331065580
  0.24751084866726875  0.26622859343804806  0.28285908686103312  0.29807988424847248
  0.31203629914127406  0.32509375402934393  0.33749930699329933  0.34929889434518585
  0.36057202749627987  0.37138321592002294  0.38176552756524967  0.39176221073768741
  0.40140595996497680  0.41082481735584281  0.41993851895108969  0.42877789567474350
  0.43731071252744363  0.44557059741380001  0.45364570081980121  0.46158942984773721
  0.46944238582385739  0.47718131826272020  0.48470449576178104  0.49204533107780002
  0.49924565424992084  0.50626882580548394  0.51318998761121404  0.52002833510710678
  0.52673702724812466  0.53335808757666681  0.53987213694205916  0.54628569958834250
  0.55259322599748362  0.55881867629335558  0.56493638393980894  0.57096617314408804
  0.57694008701247346  0.58284404720482708  0.58866136569760075  0.59437403925598753
  0.60001253689461165  0.60560698126294632  0.61118079863014374  0.61674448356501044
  0.62224140639474179  0.62764390086020638  0.63297494895716311  0.63827327222788077
  0.64357247210951074  0.64887614945400451  0.65414178558446390  0.65935998170326338
  0.66456249421549085  0.66976613421031084  0.67490833235348380  0.68005882549288854
  0.68517549912677145  0.69028547190550571  0.69542180092921702  0.70053854495354073
  0.70564060871643763  0.71066865676143254  0.71561946517664976  0.72053567359579451
  0.72543044569636150  0.73029906403003064  0.73515739476048036  0.74003357469592157
  0.74493775705905718  0.74986792600940244  0.75483913429131166  0.75984844627214043
  0.76488129738280808  0.76995814962662756  0.77519770157178769  0.78060114605495534
  0.78611434925417134  0.79177410794959480  0.79764249871591852  0.80355298884650472
  0.80966103485080121  0.81621645570685353  0.82331151475724895  0.83087233005128558
  0.83889116162862443  0.84742096061685812  0.85683316896392536  0.86768209932191831
  0.88049495953888846  0.89665085775687881  0.92317255725176506  1.00000000000000000
   3.1796372279810151E-012  -1.0000000000000000     
 F F F F F F F F F F F F F F F F F F F F F F F F F F F F F F F F F F F F F F F F F F F F F F F F F F F F F F F F F F F F F F F F F F F F F F F F F F F F F F F F F F F F F F F F F F F F F F F F F F F F F F F F F F F F F F F F F F F F F F F F F F F F F F F F
  <DiscreteSampler_grid>
  grouped_processes
  1 # 1 for a reference and 2 for a running grid.
  10 # Attribute 'min_bin_probing_points' of the grid.
  1 # Attribute 'grid_mode' of the grid. 1=='default',2=='initialization'
  0.0000000000000000 # Attribute 'small_contrib_threshold' of the grid.
  0.5000000000000000 # Attribute 'damping_power' of the grid.
 # binID   n_entries weight   weight_sqr   abs_weight
    13   10   3.137903877240848E+000   2.254114974494277E+001   3.137903877240848E+000
    14   10   3.137903877240847E+000   2.254114974494275E+001   3.137903877240847E+000
    16   10   4.083854967090573E+000   3.863619083946780E+001   4.083854967090573E+000
    17   10   4.083854967090572E+000   3.863619083946779E+001   4.083854967090572E+000
  </DiscreteSampler_grid>
