 -0.00227039344401203  0.00909524537968700  0.01900171425479645  0.02979530132495888
  0.04044076991788902  0.05041888876259808  0.06069622973674627  0.07144114811342565
  0.08230199898418246  0.09291972812539176  0.10336096007973784  0.11367393414790239
  0.12361478238375878  0.13307405152399124  0.14222000833968987  0.15163157453995924
  0.16144073284629140  0.17166473772180391  0.18224199566743324  0.19330924730962851
  0.20494547536192839  0.21630421705444117  0.22745397613509322  0.23820111861788071
  0.24882860662988809  0.25978810688298537  0.27080022404427884  0.28144677561957826
  0.29225739887696278  0.30334486552773887  0.31475525777063573  0.32594579134534668
  0.33735045265465519  0.34827559011202025  0.35922713911570597  0.37054763967337284
  0.38138927392364452  0.39155046511805308  0.40224157817391221  0.41354090932958154
  0.42449175229683289  0.43523688891721279  0.44613334099840574  0.45738994529301080
  0.46817331413716862  0.47905539835718913  0.49024896524659856  0.50112044888606988
  0.51156702849129299  0.52173616884338470  0.53195957060897003  0.54193791060621865
  0.55139692309634669  0.56072846098897278  0.57064590685943539  0.58096267372032750
  0.59114447550806848  0.60110244325423545  0.61127212015313848  0.62200757036478826
  0.63288712616714837  0.64379653440099294  0.65541570977843699  0.66714975084688721
  0.67855583936303976  0.69036971974759009  0.70280179757290495  0.71414183926615182
  0.72474771151763251  0.73489926108109072  0.74455478781407780  0.75384752852909054
  0.76256147978626421  0.77164931388663527  0.78119816039916690  0.79105088353909125
  0.80138672753702234  0.81135893079603916  0.82143429858363648  0.83154598590539031
  0.84223466536178015  0.85263089096186373  0.86266965114343130  0.87268297720016674
  0.88358210227769840  0.89533381450880067  0.90766013600366091  0.92020331788476539
  0.93278588755512259  0.94353326717325858  0.95386895363394575  0.96346967994147614
  0.97272534502822638  0.98165219734777875  0.99060096515494422  1.00000000000000000
  0.00000007160287231  0.00000138298519970  0.00000409905577274  0.00000805549790470
  0.00001271116596940  0.00001755841988855  0.00002218658621696  0.00002630348298785
  0.00002977881175903  0.00003271393802775  0.00003467545470020  0.00003596908042572
  0.00003718347776173  0.00003829939059245  0.00003932764498795  0.00004027502698975
  0.00004113251368299  0.00004187164865577  0.00004254938308501  0.00004316173939396
  0.00004371979026306  0.00004423149544118  0.00004469126482267  0.00004510346518175
  0.00004548039619954  0.00004581635345984  0.00004612337586403  0.00004640989399132
  0.00004666144801030  0.00004688769076826  0.00004710523995099  0.00004731905637615
  0.00004748136582592  0.00004763973951209  0.00004779459510708  0.00004794301934718
  0.00004808375675778  0.00004821011246447  0.00004832745272933  0.00004844031664364
  0.00004854874739640  0.00004865635652883  0.00004876005285654  0.00004886314434568
  0.00004896396911076  0.00004906432395767  0.00004916338768688  0.00004926245490965
  0.00004936153057558  0.00004946123143771  0.00004956226855157  0.00004966681104612
  0.00004977699744983  0.00004989738572961  0.00005002854083387  0.00005016280385458
  0.00005029885059207  0.00005044083597049  0.00005058658574714  0.00005074738108333
  0.00005092576245810  0.00005112000778114  0.00005132335367653  0.00005153632310644
  0.00005176342599250  0.00005205654667533  0.00005235761963832  0.00005269017844874
  0.00005307103337107  0.00005348462610361  0.00005396908950061  0.00005449294022578
  0.00005508850795594  0.00005574726725613  0.00005646790346346  0.00005725700131328
  0.00005814675323449  0.00005909772833491  0.00006038135934781  0.00006209965690528
  0.00006407828688251  0.00006629062862051  0.00006879970548822  0.00007161520383568
  0.00007734256513860  0.00008570764163128  0.00009768536329780  0.00011623354871994
  0.00014611210644990  0.00019702542903653  0.00029201515509583  0.00050544766400027
  0.00115988273411650  0.00394244354608742  0.10846074227545219  1.00000000000000000
 -0.00289746523715786  0.01107444726675780  0.02281323146880971  0.03474085117028688
  0.04621550354210032  0.05695470265476534  0.06739079479720067  0.07758248980721243
  0.08835431972491800  0.09958443899519516  0.11108222948552174  0.12237871611070709
  0.13381531656099666  0.14510038654005719  0.15597682806245836  0.16666577772497207
  0.17761553743556954  0.18883823425322757  0.20017772098238243  0.21158990840306960
  0.22269860551286547  0.23303572805104469  0.24272179926356363  0.25224374388141052
  0.26174385221354207  0.27154102867569119  0.28160740745066271  0.29187947255846630
  0.30236715446673101  0.31280862842322105  0.32229701904857749  0.33153651246046090
  0.34053188764894660  0.34939097783673834  0.35827170377241896  0.36786548286477577
  0.37816596916174644  0.38897175444666637  0.39918910096038573  0.40901161061161984
  0.41906458553198511  0.42914986269591643  0.43907405795080157  0.44901458966467495
  0.45872354342707478  0.46798016943790549  0.47737829820841104  0.48732303540906041
  0.49753633570420414  0.50736141230972531  0.51661136014959264  0.52771320620014750
  0.54014343100089035  0.55246358875287738  0.56455320225784111  0.57610834692015045
  0.58737952091353129  0.59841264036575037  0.60939062620664985  0.62024994811123069
  0.63100264495686709  0.64170101597134011  0.65250785366051300  0.66340920726292929
  0.67399921998108203  0.68420084405079751  0.69452387626890921  0.70508210670055926
  0.71549472396005143  0.72578392197370867  0.73617805990184881  0.74640467817589595
  0.75613382441345911  0.76530390875904331  0.77453808380477551  0.78363790134731515
  0.79278470041643112  0.80221194668218809  0.81221690745343500  0.82289124927988111
  0.83405333690589623  0.84547536698850267  0.85646623153332269  0.86694031286269280
  0.87766714590573403  0.88865072896309039  0.89922382143605206  0.90910929572785304
  0.91910724148364753  0.92982171811378322  0.94095945222138833  0.95241512410307161
  0.96406996080193386  0.97599855417133841  0.98796108661437532  1.00000000000000000
 -0.00244853183750709  0.00914313588353349  0.01895907019753234  0.02837563231031192
  0.03822352109813315  0.04766778752102182  0.05726474623586679  0.06735901768281621
  0.07811237021610538  0.08833449960333836  0.09814813493119076  0.10820869651619373
  0.11876868931540657  0.12884279929666825  0.13885730582523947  0.14855290228433485
  0.15945382681439998  0.16998639630108583  0.18044873631319247  0.19130105975897324
  0.20211312102446249  0.21335665151627953  0.22509353394845960  0.23694691273269319
  0.24889301718616524  0.25991916458240089  0.27068234673778585  0.28077324868372883
  0.29046704862571898  0.29985423796137234  0.30890718991255417  0.31822683845211969
  0.32771502790262991  0.33726391983765813  0.34766036660204497  0.35820290220100970
  0.36951014222518674  0.38133415386678587  0.39286712246489819  0.40416704685952770
  0.41579299823019494  0.42705241667335170  0.43836299456064365  0.44974759862945313
  0.46064725351525282  0.47124796095606064  0.48150259078564905  0.49246813986134652
  0.50288788864295042  0.51412089841915631  0.52614252998578748  0.53846770634643748
  0.54883820793255600  0.55878501460288321  0.56840861483255789  0.57816518802599948
  0.58759782622614887  0.59662482964675023  0.60570862233275413  0.61618604856926051
  0.62685119408017653  0.63853480612169700  0.65040357929813197  0.66264611924372618
  0.67525279351142531  0.68775591395485425  0.69956304836769800  0.71069614669172221
  0.72126879065098792  0.73130942367336171  0.74109007432647367  0.75095280480925752
  0.76096916038347628  0.77089999124076458  0.78084774244045740  0.79116159761375049
  0.80223703891250897  0.81324982367507770  0.82353774014644732  0.83347680903713939
  0.84365579742388219  0.85413817806841563  0.86446181357028573  0.87508967445722063
  0.88615380864223825  0.89687576623722942  0.90694891370324948  0.91712784237417377
  0.92839245420480920  0.93948545704306841  0.94957505519646768  0.95959144536843299
  0.97005177835180101  0.98029732058911689  0.98988925957959817  1.00000000000000000
 -0.00246233770262104  0.00858602654341902  0.01870614988312013  0.02938258875212497
  0.04094302027159649  0.05376131445474289  0.06615531379483952  0.07675910327745160
  0.08692112783212677  0.09672877349634663  0.10647776781978999  0.11575426162908373
  0.12509435899857416  0.13495832571202696  0.14505397025848585  0.15552456041076695
  0.16599750319181447  0.17699210535262566  0.18814207375644085  0.19973724795270914
  0.21145821648634394  0.22262876253834601  0.23316930910966063  0.24334129624894787
  0.25388942669698034  0.26487050670523710  0.27730600595742499  0.29119785069123849
  0.30318251443819866  0.31546468254806925  0.32849471931050739  0.34121512573667845
  0.35303304464695101  0.36523242526020328  0.37750434299163993  0.38962493011689459
  0.40164251145142954  0.41394754535219985  0.42669690424049628  0.43941954346242490
  0.45198892596254070  0.46440768752956052  0.47689464662472064  0.48897576804643761
  0.50065621448869346  0.51263481928563859  0.52501577761843876  0.53842154171982648
  0.55185841119539614  0.56514048973565012  0.57799336662166723  0.59028637191639444
  0.60233887962997579  0.61359435583110444  0.62477625662626679  0.63573851153509264
  0.64647074317779341  0.65704736499842442  0.66757551853098462  0.67784867544717431
  0.68832715953233270  0.69840765154554951  0.70902790667812265  0.71908099467886843
  0.72872268626233117  0.73852393444478404  0.74832216213600067  0.75748100247077588
  0.76603429500052334  0.77475336791133553  0.78454458637775104  0.79457883061080115
  0.80376396507655790  0.81259315955237621  0.82190225465897271  0.83100874803167402
  0.83945456615288694  0.84775969878374824  0.85632521308810128  0.86530845351908492
  0.87424300131524968  0.88370950329388653  0.89264668586877105  0.90171788514767337
  0.91081669931162113  0.91929640920586386  0.92755743893809550  0.93595095690211583
  0.94421907814326800  0.95223592594539797  0.96006879354154717  0.96789444443252681
  0.97567935613066603  0.98361385222033049  0.99180473144563008  1.00000000000000000
 -0.00232533123674621  0.00910687330119989  0.01874914422383571  0.02869556632809987
  0.03863153492022875  0.04865194743352248  0.05923644282763273  0.07073143080257435
  0.08276169463733937  0.09494092541447979  0.10681231212436405  0.11834181857758053
  0.12892869518050620  0.13927280338428480  0.14952813867312956  0.15995317884010063
  0.17049848001948523  0.18117210968534178  0.19223609910131248  0.20357270528151131
  0.21438410802020896  0.22421002908587451  0.23433930819221352  0.24424492562776814
  0.25423849369096180  0.26389386225323419  0.27429136895602163  0.28532324815050114
  0.29655517636920381  0.30715766705857700  0.31768948674317771  0.32871184308518103
  0.34003857814718186  0.35140302718743888  0.36233564383825961  0.37300102324625761
  0.38389900959973200  0.39495682203639321  0.40603647545541743  0.41665844590922591
  0.42692381668826668  0.43720304917637259  0.44728231711960836  0.45735894664326548
  0.46654322497972650  0.47597472213927311  0.48596399851849847  0.49600824090135892
  0.50667687826577201  0.51751258171032388  0.52920999465668794  0.54130654884657681
  0.55363727784757966  0.56550702421310406  0.57678918225586240  0.58743565911467421
  0.59725886704520659  0.60697765930482184  0.61618197169312161  0.62549681104767707
  0.63519141513894173  0.64527590244466371  0.65541914418577063  0.66550868486006354
  0.67557528721399218  0.68578470408947656  0.69553456216445519  0.70531747015449020
  0.71555734757322076  0.72604023822762942  0.73588230020972434  0.74552420547655962
  0.75582614523377145  0.76734303907543633  0.77858504789314131  0.78957697287041462
  0.80103938864358804  0.81231158186342578  0.82313992133247471  0.83385413910555206
  0.84509900891751244  0.85673094852271015  0.86852087676262846  0.87960348810500022
  0.89044031613459185  0.90082564010958166  0.91106159234708062  0.92112876496265239
  0.93118680646890684  0.94085580188672857  0.95026525173833454  0.95972216722149950
  0.96982939127188206  0.97994489264170948  0.99002796107826552  1.00000000000000000
 -0.00293937295616900  0.01257790735209434  0.02552645759089506  0.03887096537101435
  0.05257743097061100  0.06605324456816593  0.07924782740744848  0.09166236226318257
  0.10366869655604852  0.11479898243508503  0.12543618642843865  0.13557194633491973
  0.14565521813651158  0.15554486892998048  0.16530022505223427  0.17509199882442858
  0.18484369511368012  0.19481698639593722  0.20476561334754065  0.21432562101306468
  0.22376278987190704  0.23350770125126064  0.24385968560320281  0.25429096757760700
  0.26436311835016713  0.27411553387315563  0.28326558904947030  0.29278750770562401
  0.30199681689274022  0.31094473916401411  0.31985649198332788  0.32887559249457859
  0.33836146044761600  0.34808767456397682  0.35748089302677988  0.36654962701367827
  0.37563739166732940  0.38496413245716299  0.39435214137579000  0.40318178720098258
  0.41184662709512815  0.42074540419496936  0.42952035132394967  0.43836830323139342
  0.44721141230527145  0.45604697793565913  0.46527070826813433  0.47487321127129584
  0.48438345854566967  0.49367185179120238  0.50267843590055794  0.51159032448242259
  0.52064847257774471  0.52967371311100420  0.53873382332405018  0.54801019824273312
  0.55736785040552339  0.56676421770524876  0.57628742060631666  0.58588381689885338
  0.59623303354013335  0.60615822049103263  0.61600013016961352  0.62599083727737803
  0.63647183431673005  0.64698235017040517  0.65748174573010287  0.66804182835465598
  0.67865961465785773  0.68922280290445370  0.69981382064137254  0.71015312704536360
  0.71998259809310461  0.72979802320066944  0.73994944207973834  0.75033324804052248
  0.76049514943757646  0.77091962606657771  0.78209843157137671  0.79350791577440227
  0.80487587406984495  0.81643226929393076  0.82814322524433537  0.84018569658967335
  0.85298299838094249  0.86651879904276552  0.88038303141690732  0.89429456360197157
  0.90801492534030426  0.92128018517180266  0.93436501452849730  0.94820713097207632
  0.96204608176157913  0.97477250867062304  0.98734462711305138  1.00000000000000000
 -0.00254042963670699  0.00927454198309177  0.02005073179060653  0.03022082152271578
  0.04073554347775653  0.05195247426594033  0.06383464152811612  0.07540733242570234
  0.08708820021204519  0.09912870265786466  0.11058923781434396  0.12205621829378333
  0.13371577992500366  0.14528717237703423  0.15615016773178284  0.16677864455446922
  0.17806652365235676  0.18881974018551956  0.19858233974517067  0.20819799184123172
  0.21793559094504650  0.22765022635814078  0.23740147780490140  0.24701519904223798
  0.25840241929869850  0.27050555828720740  0.28215985412255873  0.29341340828824575
  0.30421980740159377  0.31477836672133486  0.32507001069089314  0.33546793293581367
  0.34609285486969332  0.35649633398716601  0.36643883589825715  0.37636181527292228
  0.38564800458971954  0.39514463947512829  0.40491822982578385  0.41441265182551884
  0.42470428221204876  0.43450825042785701  0.44497729864825281  0.45571503442278039
  0.46667412190994290  0.47801909705053391  0.48849187847036951  0.49958794464345352
  0.51161233074962975  0.52334166022323392  0.53410855286954728  0.54445656624323591
  0.55491683593201291  0.56503976596792138  0.57473219637449591  0.58525032132455990
  0.59692032154583152  0.60885624951772499  0.62036095884543774  0.63132228576830718
  0.64182155233541627  0.65175951617351646  0.66125844416195367  0.67041582173156511
  0.67934528409612183  0.68870149686148152  0.69839789597915791  0.70794738069871455
  0.71755513118465986  0.72751825246376067  0.73812754355381482  0.74866728715622433
  0.75919533506309012  0.76979890617152191  0.78009201316904297  0.79040889731010000
  0.80089689293116795  0.81147982343511138  0.82252606855155164  0.83370536595887679
  0.84501622908170104  0.85579001332244631  0.86636204021608931  0.87673014950001005
  0.88695578110040407  0.89773518405723562  0.90925151734606025  0.92016031536998133
  0.93026472354295120  0.94036306008463444  0.95087878526818992  0.96136289387761453
  0.97114769946030044  0.98056511340006125  0.99031988388674275  1.00000000000000000
  0.20753565307627311  0.42690353482433741  0.52844742222272711  0.58692423324530896
  0.62002632890460618  0.63527617470974651  0.64393401425638619  0.65038734251785790
  0.65576310432652019  0.66057078681965853  0.66492511859653791  0.66890920314289404
  0.67237107960803999  0.67598703465734067  0.67954765655120430  0.68312133205316650
  0.68670053332577830  0.69011583099663543  0.69344463123658839  0.69662158060624579
  0.69973182143499135  0.70286744641624288  0.70602709559630439  0.70915652687812303
  0.71218891967147058  0.71513012267951059  0.71808449628673443  0.72098429818199428
  0.72384303636420966  0.72669546836965970  0.72962471811633589  0.73264919345883539
  0.73574277242875241  0.73880003001207906  0.74179097448576625  0.74473456120938908
  0.74770523366427921  0.75075015385410748  0.75390826140475120  0.75717439345314186
  0.76039667965528601  0.76353988636784065  0.76662862846803315  0.76963056548579922
  0.77259026443791745  0.77562421123769920  0.77879284100911683  0.78206167367665402
  0.78533643350840365  0.78855527594615393  0.79174150181633918  0.79475354495206729
  0.79787710799522049  0.80098065319262801  0.80402606768179441  0.80702117397533035
  0.80994185536144692  0.81295587576373118  0.81605470223030607  0.81927615564954226
  0.82254525051594629  0.82584485887685433  0.82915490394978253  0.83238752850117470
  0.83559274800838879  0.83878277766443288  0.84196999897032621  0.84522920422436221
  0.84854660021657990  0.85194262578772462  0.85551649058430435  0.85933027186722544
  0.86314709100354625  0.86709593636339877  0.87103364660100524  0.87487931997891155
  0.87861739671584338  0.88229336289999793  0.88608051014568112  0.89001164331623150
  0.89402436400329344  0.89845982691846826  0.90304410941632440  0.90766993849262712
  0.91240396369192811  0.91750554131446704  0.92319493540429254  0.92924473080232584
  0.93529400543661922  0.94136138120779689  0.94777935159868532  0.95475369962013146
  0.96272044175379279  0.97211082240910873  0.98365869035188913  1.00000000000000000
 -0.02476880609467611  0.13486779203617438  0.17933690811034014  0.21230016129013707
  0.23918143640916928  0.25971376478624680  0.27564289384349028  0.28951770878785649
  0.30138920309702549  0.31304586347771235  0.32512529231611409  0.33681971269361333
  0.34794947492120615  0.35852698004200628  0.36877523117199701  0.37873229712658268
  0.38822994882820916  0.39743232241384152  0.40659799537976027  0.41599679611361989
  0.42518360432095076  0.43392880973178999  0.44208203259014062  0.45004171383382519
  0.45799549535450579  0.46546360626204503  0.47270740849498927  0.47982870790597204
  0.48708873027790378  0.49438769388724824  0.50171653803076222  0.50885430454730796
  0.51582422340420386  0.52269561628330541  0.52961578765060535  0.53639406240226173
  0.54284629844015830  0.54902576736037467  0.55496010792854422  0.56089953771989276
  0.56709604154270143  0.57349242916268861  0.58005263004669649  0.58646391501006401
  0.59218190326050724  0.59786484076008717  0.60336087077602385  0.60909223323242812
  0.61481993105806487  0.62047992261910856  0.62602610709161699  0.63137802544495336
  0.63662487014103808  0.64188272645437827  0.64737427964525862  0.65327946507566714
  0.65930466918651698  0.66518491355184250  0.67091039963647048  0.67651168830549724
  0.68204711159119447  0.68755743492881827  0.69313610101440759  0.69879505813242870
  0.70458495602883731  0.71025873479950308  0.71571828108768298  0.72106623459204666
  0.72638610431441575  0.73162991898793128  0.73641306141597629  0.74120531798697598
  0.74600407476164932  0.75084887527520006  0.75585949423614862  0.76107787264438853
  0.76661587853851443  0.77227218410229315  0.77784954977050313  0.78333754387642895
  0.78885278010737603  0.79449503610249450  0.80000495777917813  0.80526134034876340
  0.81055352050791185  0.81647090592602078  0.82311115741654228  0.83046621281236765
  0.83850392992832556  0.84760899165070291  0.85845893954395824  0.87206320008127136
  0.88635059829018714  0.90411449269224842  0.92832081940093669  1.00000000000000000
   2.2523374273639802E-012  -1.0000000000000000     
 F F F F F F F F F F F F F F F F F F F F F F F F F F F F F F F F F F F F F F F F F F F F F F F F F F F F F F F F F F F F F F F F F F F F F F F F F F F F F F F F F F F F F F F F F F F F F F F F F F F F F F F F F F F F F F F F F F F F F F F F F F F F F F F F
  <DiscreteSampler_grid>
  grouped_processes
  1 # 1 for a reference and 2 for a running grid.
  10 # Attribute 'min_bin_probing_points' of the grid.
  1 # Attribute 'grid_mode' of the grid. 1=='default',2=='initialization'
  0.0000000000000000 # Attribute 'small_contrib_threshold' of the grid.
  0.5000000000000000 # Attribute 'damping_power' of the grid.
 # binID   n_entries weight   weight_sqr   abs_weight
    13   10   4.896192055530479E-003   8.536411837770523E-005   4.896192055530479E-003
    14   10   4.896192055530483E-003   8.536411837770533E-005   4.896192055530483E-003
    16   10   6.210438895338994E-003   1.358340699044860E-004   6.210438895338994E-003
    17   10   6.210438895338999E-003   1.358340699044862E-004   6.210438895338999E-003
  </DiscreteSampler_grid>
