  0.02411452495949050  0.03203650238656566  0.04210597904490878  0.05206218107407439
  0.06200489217177588  0.07172573348528428  0.08149948311957343  0.09149756333525592
  0.10160782506704182  0.11195448378847202  0.12207295991212472  0.13238671368795110
  0.14280099679124847  0.15310033701589285  0.16344413607772681  0.17367073753040285
  0.18400859931285260  0.19427277502955584  0.20440441583392441  0.21446227351596461
  0.22458655701021277  0.23477481709536038  0.24499263450950323  0.25507064966405546
  0.26510337244057347  0.27508157971249791  0.28514716851327199  0.29534212500103951
  0.30577159717000746  0.31618539024479680  0.32661492614777465  0.33715004790436409
  0.34758699853901226  0.35803568086411847  0.36836604902539299  0.37888685438858027
  0.38937579295824398  0.39974380973540274  0.40998572549768547  0.42003605876704292
  0.43002954206191740  0.43996734976529672  0.44995393674283951  0.46002723594568939
  0.47016513927379561  0.48033192634573268  0.49055959728922421  0.50077357405805012
  0.51094826862895237  0.52102365954770580  0.53106119667784568  0.54119866930701555
  0.55134447896050631  0.56145629786158235  0.57149913069729208  0.58146748965346629
  0.59163146113988463  0.60184336287160567  0.61226188761298761  0.62256479660895980
  0.63277613910092256  0.64292121014210379  0.65311172187851829  0.66334389676220507
  0.67353159069341262  0.68364954028172553  0.69373676662989758  0.70378394331225913
  0.71381539417054884  0.72385004404871556  0.73393218198070764  0.74404896213679195
  0.75416293532122503  0.76423363721823334  0.77424525393726840  0.78425006615729542
  0.79439027265358264  0.80468369620290747  0.81510231102961750  0.82544207195552732
  0.83586382980116369  0.84630211323958793  0.85653832985838374  0.86661273543945272
  0.87661911329631126  0.88666189129792305  0.89679169858879937  0.90693471822471139
  0.91708993506842373  0.92713772897715041  0.93709475642960149  0.94697284327512943
  0.95693337028337044  0.96588636872168365  0.97092507601370492  1.00000000000000000
  0.03069504979850891  0.03708106389736202  0.04595309550393784  0.05663864226017863
  0.06688665835819010  0.07711813185923433  0.08723753594134985  0.09740697626920297
  0.10753011429385916  0.11750575898118674  0.12764634738218827  0.13777752682164673
  0.14781205568897135  0.15766712949628545  0.16750239031304875  0.17744826684797171
  0.18745532290324163  0.19757197435274271  0.20776670616959861  0.21808723318030102
  0.22824925991678088  0.23835148202357909  0.24816946368008883  0.25834934227755035
  0.26853215990915724  0.27866096219509184  0.28881747646251971  0.29881011056652224
  0.30893323853682253  0.31887569869103077  0.32902815160463861  0.33923596858969679
  0.34943822490285870  0.35956693583729565  0.36971701101601495  0.37985390881547593
  0.38995865316377809  0.40020401145373735  0.41028776588319849  0.42038542575143450
  0.43043853462578263  0.44068809841038481  0.45086964139215613  0.46109044118447684
  0.47119936474468471  0.48148087029379677  0.49159221518631147  0.50150413382380543
  0.51132471218140052  0.52113136046217512  0.53109586586352331  0.54097254306583931
  0.55106341368085021  0.56123069941334169  0.57151086899188686  0.58175300506014271
  0.59172629759371775  0.60168447904924194  0.61148826364358966  0.62121014526672025
  0.63106044844788645  0.64084285814321651  0.65091004627653526  0.66091889175394003
  0.67106442570383751  0.68125947221923755  0.69143746182818122  0.70156681911175667
  0.71179523646636522  0.72205558362501343  0.73220522088294937  0.74225345867833847
  0.75227963177346235  0.76236809141397677  0.77247624247156055  0.78262927053015419
  0.79261481810803280  0.80250883934427386  0.81243885441569630  0.82269642055205561
  0.83296460834304509  0.84317304754741551  0.85327717346226017  0.86339037708114197
  0.87344339764924861  0.88350780907089033  0.89360245581909736  0.90379805446240913
  0.91398393049055560  0.92421517867203506  0.93438649805337815  0.94449196549585468
  0.95486240577717540  0.96310566180446011  0.96921696690316428  1.00000000000000000
 -0.00210448642586877  0.00855004030667015  0.01806768235572058  0.02785050205608562
  0.03769314558563341  0.04750602606145958  0.05752717716181839  0.06772947055392163
  0.07792502214460299  0.08815225156274624  0.09827604746253424  0.10832511057909766
  0.11846042730142120  0.12892444308806686  0.13975119526206534  0.15078246299176054
  0.16193224690303082  0.17332801379863605  0.18468783083943358  0.19622213460217242
  0.20783785599716939  0.21951930652312940  0.23139615738212074  0.24357500180914390
  0.25584099489499829  0.26772105968307247  0.27975843432537162  0.29178222783404328
  0.30391788487243271  0.31604886846536062  0.32823982988074152  0.34034681511774045
  0.35233144847593045  0.36439128412895028  0.37648650300699960  0.38856579252698797
  0.40071668464214327  0.41312593774461343  0.42566963494187027  0.43821814017491767
  0.45067835419469421  0.46305289858015863  0.47558629521262091  0.48794557823860552
  0.50019724473709404  0.51218274949958342  0.52419444937358906  0.53611133946928247
  0.54817122584538336  0.56023533501088374  0.57253352192194595  0.58460034090916047
  0.59631228506596523  0.60800581943311127  0.61975713473643823  0.63132118087325695
  0.64269511629417098  0.65403449627703514  0.66526884040100798  0.67622172484660314
  0.68699527931302118  0.69758903410469919  0.70805055809746109  0.71841440852612282
  0.72881341237675423  0.73918242150969460  0.74937606666117895  0.75923548597722668
  0.76897258300429450  0.77878921771616305  0.78870638887488576  0.79861999442699272
  0.80841298248948779  0.81800819251014500  0.82732701805559217  0.83648617038671003
  0.84542924205090730  0.85434794356931765  0.86314524672282289  0.87185862834481143
  0.88040675511446276  0.88894941777351999  0.89744696018854198  0.90591069454962225
  0.91429214847776863  0.92255490570904242  0.93073347402588635  0.93878798441405975
  0.94667537489787712  0.95441638454989230  0.96209283098554366  0.96979897603282161
  0.97748693478955040  0.98515250139790200  0.99262155794317353  1.00000000000000000
 -0.00228903522762774  0.00928400131871314  0.01902180843981208  0.02933278089285643
  0.03979945861409681  0.05055162706488193  0.06141968070264549  0.07217071922624629
  0.08276338747849832  0.09344385694880886  0.10407626250152867  0.11485390144064760
  0.12569762511195240  0.13672273918472660  0.14745467632093101  0.15782359829066736
  0.16837000185343448  0.17891009234608946  0.18948447241822858  0.20009407933893220
  0.21094941964027780  0.22175764157036687  0.23236849103396756  0.24298352629505926
  0.25344161593337167  0.26385571286673792  0.27426715049613831  0.28507817366507437
  0.29579268101523365  0.30633494565252400  0.31714571647044582  0.32806304570661993
  0.33903398000928198  0.34981481895247218  0.36096917760658853  0.37203120774134946
  0.38259682183234767  0.39294037952937044  0.40351133211707557  0.41402325643966281
  0.42449000695885225  0.43487825420876208  0.44549006385243456  0.45615855640589076
  0.46681882048114109  0.47753713376255136  0.48796440728677870  0.49838730972292705
  0.50877720907165258  0.51959598587914102  0.53022688883997182  0.54079825311172036
  0.55141951922129195  0.56193050276505496  0.57279094024264399  0.58354472551205117
  0.59416110735332106  0.60460794825610586  0.61525445209832819  0.62601837715690312
  0.63670686141415533  0.64729340523814471  0.65798671559898980  0.66854697392165530
  0.67878469667496444  0.68900716188374012  0.69928327273490698  0.70946043546380755
  0.71956933988655325  0.72973426442933209  0.74016687018758764  0.75046371760027120
  0.76068787036121510  0.77092303600978684  0.78136329835694829  0.79164835191900607
  0.80221190883388926  0.81268328475080553  0.82322827960088829  0.83376259691219845
  0.84419250526217438  0.85460430766375695  0.86472166313220034  0.87493372985980544
  0.88532357601839762  0.89583284145939912  0.90619520558681466  0.91658455743872458
  0.92693951618070469  0.93755466379297414  0.94795661821555977  0.95842573016987043
  0.96884344755014151  0.97930580145870005  0.98967574665921498  1.00000000000000000
 -0.00246875973779975  0.00975682514835693  0.02002939163839281  0.03061025507861721
  0.04125698809780316  0.05169868949645488  0.06217189320859645  0.07249467804462155
  0.08311305987215656  0.09367029762491429  0.10435892518073676  0.11496683859639285
  0.12551511588898065  0.13624246997892009  0.14682132242089690  0.15728152663844142
  0.16774433014121856  0.17840679275979293  0.18907344268836701  0.19951453453108756
  0.20993534990788490  0.22051464238400692  0.23105004900757270  0.24152971891130737
  0.25200510460172665  0.26242885525493886  0.27315665799156463  0.28396195057414764
  0.29458367917778988  0.30483639297909521  0.31503206330053768  0.32533450751829879
  0.33576936181671618  0.34617675000358761  0.35657532645118556  0.36697045941909434
  0.37748825757838611  0.38820112473355423  0.39899015377886815  0.40959746445061518
  0.42001992138512700  0.43041308692580493  0.44071512519343431  0.45109492107521409
  0.46135654223537614  0.47176710825463930  0.48208877136901385  0.49247494732125430
  0.50302400737352848  0.51381068911592620  0.52454323934574287  0.53509173479556127
  0.54553950555276864  0.55582616894532788  0.56611878543586325  0.57631875226047335
  0.58645650817382833  0.59637953680454570  0.60632988498270524  0.61636715811648390
  0.62650988075081371  0.63681422278886990  0.64707761143965203  0.65750270073737871
  0.66789920745487830  0.67841351114814519  0.68901136820606035  0.69964327380791469
  0.71029309357986559  0.72080225164400502  0.73135205252928603  0.74197540258047501
  0.75265585330828422  0.76311115686863507  0.77377202996690586  0.78461647002605261
  0.79542346582135981  0.80593726965067469  0.81648041264266935  0.82708017956872282
  0.83757934186565131  0.84779605326969676  0.85821358815931159  0.86895960714992515
  0.87967800953807196  0.89054247165081779  0.90149821213529946  0.91264760397341960
  0.92394725785876530  0.93520712110781556  0.94642811390414849  0.95750435038243775
  0.96820053257867877  0.97900360156088984  0.98939727036220193  1.00000000000000000
 -0.00216699831254747  0.00961871022951085  0.02004993604916706  0.03068457369772056
  0.04138345894078554  0.05165171618198360  0.06184035508904535  0.07200965923390165
  0.08217522992184528  0.09262253954235537  0.10305628350939677  0.11370296101534613
  0.12417720463671807  0.13488176774764812  0.14561759093223811  0.15613463865400953
  0.16672556862540755  0.17727677311590015  0.18790337527023873  0.19839039866267136
  0.20898395536541559  0.21975281322954837  0.23051905309930396  0.24130145441837739
  0.25195220850696465  0.26262475111271982  0.27305709462740874  0.28353070623671878
  0.29407679601164405  0.30457918671730155  0.31513014542782680  0.32550547923433815
  0.33590989844042196  0.34612693154170138  0.35652950623885793  0.36700168850443249
  0.37748248470247409  0.38796887517390877  0.39852240618323143  0.40904545988229601
  0.41972217283344893  0.43051445158742074  0.44140557337725012  0.45210398097561022
  0.46269171354730859  0.47317133072909595  0.48364728219408126  0.49425794620254221
  0.50492182457253543  0.51541879187251449  0.52586056789539393  0.53639757846779257
  0.54687791764252969  0.55722034584751046  0.56770861984257648  0.57828184102082980
  0.58888651710563356  0.59948707878672458  0.61030117124996253  0.62093748498174184
  0.63150768212098607  0.64188218423109500  0.65240138667798941  0.66262352768128996
  0.67297964025093981  0.68350048771442773  0.69406155032788464  0.70461090134304050
  0.71519718436233859  0.72597441136797913  0.73664849704027036  0.74725969341348031
  0.75785740494350429  0.76854074446377163  0.77913943561821786  0.78986003973138685
  0.80021290696575198  0.81071690881898029  0.82116028480865844  0.83138864811925173
  0.84166663481663739  0.85193456732782757  0.86228114692855784  0.87267904247470007
  0.88310275142492256  0.89360857154379347  0.90401386869080358  0.91447533418900828
  0.92518209849467203  0.93587407201179262  0.94648691364804372  0.95717810219784794
  0.96783118796355216  0.97859928130455909  0.98925510391950733  1.00000000000000000
 -0.00288911914403304  0.01157799060977954  0.02330996227924243  0.03546472363170653
  0.04749930552962787  0.05918621702135025  0.07058583713743724  0.08169214172977418
  0.09283166105319687  0.10388200723989262  0.11500520610708054  0.12608484216774923
  0.13701612465002266  0.14776020519700211  0.15828736733464718  0.16877643050058880
  0.17922416899839788  0.18956309730641729  0.19969770547825946  0.20967622757933177
  0.21959159978061510  0.22941773024481499  0.23908762812973866  0.24867452392125244
  0.25837602490486200  0.26808895638015900  0.27772838505290592  0.28721676835511628
  0.29662817002163028  0.30613340708489101  0.31563466619264574  0.32516082925054401
  0.33458490481189240  0.34389668014257657  0.35324380825100843  0.36274673697305865
  0.37242984407608920  0.38200938426789216  0.39150350280831170  0.40083767988304719
  0.41008432921877602  0.41938963982588107  0.42876891261735967  0.43798747115558334
  0.44720929351850341  0.45630871521174665  0.46567347071656745  0.47506911275358232
  0.48441314900993426  0.49378667952430394  0.50326565369445164  0.51285149497952010
  0.52251277763054627  0.53225690965068173  0.54192445453481430  0.55151173416238541
  0.56097964076896023  0.57054433373730240  0.58021258140603138  0.58993741359173590
  0.59961752952353908  0.60924881776883544  0.61895765855377349  0.62870830286017543
  0.63851027438848251  0.64842792920110448  0.65829588756603308  0.66817481645422916
  0.67816071643453912  0.68845894916818406  0.69905673119733436  0.70978947751307575
  0.72046683338819284  0.73112512043357436  0.74181638283399831  0.75256752421047224
  0.76323148970424071  0.77369179794480269  0.78401299184442563  0.79450477254606178
  0.80539501403349023  0.81671771632127654  0.82838124880350639  0.84020478618885908
  0.85220684363551147  0.86445231654492738  0.87669861733642807  0.88896174993245169
  0.90174565059302292  0.91520566628831623  0.92892661019260914  0.94298150878185794
  0.95716359068017343  0.97149543817303008  0.98572207711759485  1.00000000000000000
 -0.00229812769497675  0.00976390555340896  0.01978148432171691  0.03032456023654010
  0.04078607489528865  0.05115810113518502  0.06144524564776522  0.07176116291608202
  0.08221904620376697  0.09259124952717573  0.10293773539105390  0.11336842089540057
  0.12385508643493996  0.13438742702373468  0.14494349851902052  0.15583108395855408
  0.16684892370930490  0.17759136365738634  0.18796256995766225  0.19833605706612456
  0.20858737228066682  0.21904471490579722  0.22953018504533987  0.24035287844362796
  0.25118729130292089  0.26163368520799979  0.27210143374788093  0.28240191287947841
  0.29274413864166154  0.30317800410629681  0.31351788746470810  0.32415890749397469
  0.33474251270598793  0.34541626578507006  0.35591300017986877  0.36633802627755035
  0.37691167171028622  0.38754511375613210  0.39821189966107562  0.40875183178575158
  0.41919708090631908  0.42962883728695783  0.44008098065187456  0.45062137227255467
  0.46127669125261622  0.47188913769299790  0.48251953139918352  0.49293130324588796
  0.50334021761239278  0.51370420045936482  0.52407997829033803  0.53449586782155123
  0.54496694783097677  0.55565812446167806  0.56644648243037932  0.57734008004749193
  0.58819652086158680  0.59894828858695615  0.60964598562545746  0.62015604983995576
  0.63068949994627443  0.64118753906968029  0.65176875513729982  0.66250348489442534
  0.67322116114411001  0.68390786523271008  0.69450865656895611  0.70533479803456078
  0.71610342205974553  0.72702957908604449  0.73776819347825484  0.74851101390638153
  0.75905774798576642  0.76963296237252687  0.78032849494321366  0.79085251753224683
  0.80130413338877837  0.81172526080756846  0.82237398340711942  0.83319432164310159
  0.84387830609982128  0.85455197299264440  0.86510560575112516  0.87567898696770607
  0.88619164681359541  0.89670258168713790  0.90692693457178986  0.91722899883438658
  0.92757353173748214  0.93803151121390727  0.94858157295648016  0.95903684331298211
  0.96938837595269178  0.97968124949835156  0.98977275988178370  1.00000000000000000
  0.05874877070050847  0.08585204831914642  0.09990874660928095  0.11390342186164161
  0.12777222649612657  0.14051944398862939  0.15186788128871470  0.16234178035062563
  0.17210656861341064  0.18133954496866653  0.19024004125505467  0.19891305397190320
  0.20751797414766873  0.21605634332131762  0.22435869953464496  0.23246433746207185
  0.24030653225001511  0.24807039584060717  0.25573565283696731  0.26335961720329293
  0.27100577053378327  0.27857339356019112  0.28610487944338725  0.29355875596065378
  0.30096688960518669  0.30835222119207706  0.31569019757068151  0.32305536308646210
  0.33044511196346693  0.33784590840916540  0.34526285223772152  0.35264130503632096
  0.35991447106474539  0.36713590185466782  0.37437607236751863  0.38169466544767822
  0.38911043605755991  0.39650526645808765  0.40384051621380695  0.41113778046618726
  0.41845503531869749  0.42590823069980643  0.43343633570861356  0.44100800744901297
  0.44843263944772799  0.45581757303869253  0.46315295773614507  0.47048197182475948
  0.47784252535895821  0.48524137064209871  0.49267475850246556  0.50019664430429411
  0.50774378583137536  0.51530042042037005  0.52293626573164120  0.53073775769006404
  0.53862704300875797  0.54652487054078258  0.55445415582868551  0.56244071469066170
  0.57055476331285160  0.57871060984975375  0.58687078815847271  0.59511982013363907
  0.60340806183025297  0.61173164405761138  0.62008223354368042  0.62855530744038712
  0.63714877588656815  0.64590748859699287  0.65483445034191234  0.66393357302069789
  0.67313703498846622  0.68247120504637104  0.69198333422527969  0.70176571907979701
  0.71173296218696513  0.72182752935550420  0.73195425686429838  0.74217267353050209
  0.75259978903788316  0.76338545777844935  0.77452394635049515  0.78600144669113003
  0.79777928467836456  0.80987600900291834  0.82237624295400025  0.83545422553126714
  0.84908261153107834  0.86341717497857418  0.87862789944312158  0.89471170186841276
  0.91224738024899732  0.93213720954090107  0.95823273046424173  1.00000000000000000
 -0.01415305642652976  0.13795415250547563  0.18260213452349497  0.21005848531033278
  0.23187556953925323  0.25055539340736571  0.26696572241749306  0.28199189724756890
  0.29590902247876938  0.30894488321255381  0.32126312099507809  0.33305806441765795
  0.34439731253604505  0.35532707852097728  0.36581742921591209  0.37600395061578112
  0.38582946984824773  0.39535661957344326  0.40447934668256802  0.41342647377682662
  0.42218348522025545  0.43080181185340349  0.43919105814806420  0.44725087756434134
  0.45526452707975218  0.46311726662174285  0.47086296178057069  0.47851079780269706
  0.48596140013102668  0.49324679921554526  0.50042060807277389  0.50744501057604563
  0.51438120778416641  0.52115367888418496  0.52776915222240417  0.53428664866466258
  0.54083209790864017  0.54731420901139849  0.55376415054301742  0.56018840505708067
  0.56655986508863254  0.57287963231178307  0.57913113955142526  0.58527577729369507
  0.59132715797705682  0.59735221590093179  0.60336282883988646  0.60922687663746122
  0.61507315725568390  0.62083996864653967  0.62649182171415119  0.63202844150379389
  0.63748072385327736  0.64291688977236905  0.64830164249336808  0.65362875695224432
  0.65892961050417787  0.66418067293428396  0.66935936361471515  0.67450909146877813
  0.67965284262089265  0.68478984051646230  0.68997978728800369  0.69516457641033724
  0.70028697705966847  0.70540766004943345  0.71058071554915381  0.71573859078977842
  0.72096866960342576  0.72617234261800889  0.73146759855810517  0.73684503399829260
  0.74216988398274597  0.74751969545903696  0.75295241917368794  0.75853403751473114
  0.76426229057811323  0.76996707225469052  0.77574025058613960  0.78153193135738874
  0.78735297382198699  0.79321031856781976  0.79910939499365108  0.80506096472005195
  0.81118503369036798  0.81766231135754353  0.82444833019893615  0.83136247549467912
  0.83940880410939744  0.84812200035811103  0.85798845719919103  0.86896220308694672
  0.88230576610510747  0.89980869124921636  0.92870003556156222  1.00000000000000000
   6.3553211073383335E-012  -1.0000000000000000     
 F F F F F F F F F F F F F F F F F F F F F F F F F F F F F F F F F F F F F F F F F F F F F F F F F F F F F F F F F F F F F F F F F F F F F F F F F F F F F F F F F F F F F F F F F F F F F F F F F F F F F F F F F F F F F F F F F F F F F F F F F F F F F F F F
  <DiscreteSampler_grid>
  grouped_processes
  1 # 1 for a reference and 2 for a running grid.
  10 # Attribute 'min_bin_probing_points' of the grid.
  1 # Attribute 'grid_mode' of the grid. 1=='default',2=='initialization'
  0.0000000000000000 # Attribute 'small_contrib_threshold' of the grid.
  0.5000000000000000 # Attribute 'damping_power' of the grid.
 # binID   n_entries weight   weight_sqr   abs_weight
    13   10   1.891663813526993E+000   5.654053833276942E+000   1.891663813526993E+000
    14   10   1.891663813526993E+000   5.654053833276943E+000   1.891663813526993E+000
    16   10   2.410754723115604E+000   9.445920136348310E+000   2.410754723115604E+000
    17   10   2.410754723115605E+000   9.445920136348313E+000   2.410754723115605E+000
  </DiscreteSampler_grid>
