 -0.00202161754649710  0.00923164207913658  0.01914691236946954  0.02958538542192718
  0.03990561665615397  0.05023805531122211  0.06047892652808533  0.07074727934218794
  0.08105606637085744  0.09149867714510043  0.10185797379745112  0.11213996282783657
  0.12241275915390890  0.13309914910472798  0.14396406275372836  0.15490105752076383
  0.16562184053611254  0.17623765279908352  0.18682388963561788  0.19730929506961242
  0.20780483435787828  0.21824675237064170  0.22885332232728317  0.23973575328255700
  0.25058398699001638  0.26103710023799309  0.27137473789048044  0.28162622000624399
  0.29199974217760932  0.30239395310310335  0.31289732446687585  0.32347304662971460
  0.33386828812531777  0.34419015188879537  0.35466039630990465  0.36533433431394002
  0.37588851279332414  0.38638321023406635  0.39683163814829964  0.40745955075875601
  0.41805487353295512  0.42866110494331550  0.43911362652844788  0.44945030751331561
  0.45989967620050631  0.47055758921641172  0.48122686016710309  0.49203833459012458
  0.50273316934003653  0.51355316368006232  0.52410362187334514  0.53462565466175316
  0.54515995309689813  0.55560182987307682  0.56593891648816974  0.57608994650727019
  0.58643774411622673  0.59683352087385011  0.60722539428848044  0.61758374225126655
  0.62797627799805611  0.63844405188964071  0.64876558845947518  0.65927671778196384
  0.66997265410303330  0.68077392538151427  0.69137769475524613  0.70184933348923517
  0.71238042592050610  0.72308670113767048  0.73396356340131630  0.74488929674210103
  0.75583343930105129  0.76671239853163875  0.77753532235513734  0.78816063178264750
  0.79863832487522890  0.80888671474637275  0.81929456139928347  0.82984332301539510
  0.84044601599544699  0.85108421051025718  0.86185866923966470  0.87258839531469601
  0.88325444344214599  0.89372563074222655  0.90440283501890895  0.91512733894844145
  0.92604102630136398  0.93695348950354207  0.94773192399916484  0.95821794825251427
  0.96877974259655175  0.97936260901102268  0.98975086110180799  1.00000000000000000
 -0.00328625326235838  0.01428300841379149  0.02687493300223088  0.03751007077325370
  0.04824836816324798  0.05864154809133970  0.06919399788184467  0.07960331143352416
  0.09025959009341682  0.10089583798445177  0.11159205314084987  0.12220439077860124
  0.13279360103382065  0.14327210623982736  0.15363666505149950  0.16405749609087356
  0.17450790862360122  0.18483657089319944  0.19516571966868199  0.20560755671918410
  0.21608215952181975  0.22664753499868873  0.23708972625556210  0.24766308537240689
  0.25826230353662716  0.26898104898619113  0.27962636740934554  0.29037097244710847
  0.30100240774406306  0.31161855593905435  0.32184215173132080  0.33208201072573607
  0.34243895234717031  0.35281244764684383  0.36332661501758801  0.37387150931632634
  0.38447503828239066  0.39487046451368446  0.40536681972096256  0.41595758447134229
  0.42667746821850355  0.43734275105465248  0.44778094283198694  0.45831509763493417
  0.46888024466703276  0.47948944041126690  0.49021745532558414  0.50085129368523329
  0.51140319891748898  0.52175207953522951  0.53207499821305326  0.54257804524503739
  0.55323205351399074  0.56401822644800803  0.57480667302109223  0.58537429678113018
  0.59577644205820224  0.60625923032189810  0.61680292104411616  0.62726525755045170
  0.63744902240374135  0.64753150925971281  0.65785752088322158  0.66820591906675875
  0.67856700356522903  0.68907769810003361  0.69959181410043758  0.71003575389947693
  0.72023040893350787  0.73047441286355241  0.74079157915861849  0.75114850654036081
  0.76162362046123433  0.77203818099840782  0.78248334335220471  0.79286115345747354
  0.80334485906273112  0.81367395520371166  0.82400296493271241  0.83441702766538706
  0.84486475269962369  0.85528213464221625  0.86562788886359066  0.87600719774241320
  0.88641616033876924  0.89684566091783058  0.90720947755458892  0.91770171366032038
  0.92826103173172703  0.93882353764388893  0.94922330274653022  0.95953835028000956
  0.96964704574365579  0.97984117356923828  0.98987285612116982  1.00000000000000000
 -0.00177125302400032  0.00810299232829071  0.01662868073236781  0.02565028653902634
  0.03482635272750523  0.04424420448040623  0.05408626058631832  0.06423162525509363
  0.07462961838424917  0.08489315432408040  0.09512228786653495  0.10532798120966518
  0.11564775802481111  0.12615973046979245  0.13685596111181153  0.14747268514800188
  0.15813890707899009  0.16893485204664330  0.18003538478323092  0.19090987485242994
  0.20199164552218538  0.21323232447971735  0.22474464504572522  0.23622559662276651
  0.24772563495036501  0.25952081285390416  0.27147949888756229  0.28343617160399326
  0.29534316823230133  0.30744633876471578  0.31977869876227755  0.33229915973265772
  0.34485982153512468  0.35732830710665608  0.36972461245714572  0.38240843455530849
  0.39537280809727970  0.40829364182242073  0.42106580852167413  0.43369820005924020
  0.44634061546849840  0.45909911853698626  0.47186063854348720  0.48454997567573771
  0.49706604115517106  0.50947784621758629  0.52189163007712258  0.53435688628165445
  0.54666833899084766  0.55864056494073333  0.57052300415376267  0.58232138367187458
  0.59404664374939165  0.60557818598807422  0.61716055237974909  0.62845491657265362
  0.63953353673345448  0.65048224641731267  0.66154647915617626  0.67243788639910662
  0.68324830220262489  0.69395658385880876  0.70454052238660181  0.71509590349265617
  0.72566216285604768  0.73614116776933658  0.74653072217619620  0.75678204805478189
  0.76696741927041168  0.77685042428256545  0.78672991344432919  0.79652777799393848
  0.80618402139835676  0.81557741575998066  0.82479712425830332  0.83404893472615027
  0.84324450812835539  0.85246486390333576  0.86148879552520019  0.87046502671809767
  0.87935762153484232  0.88812407440055519  0.89678573964498154  0.90529692305645026
  0.91374522550558446  0.92213094093562975  0.93038010322765163  0.93846130978206621
  0.94637345009714779  0.95415365307080802  0.96185168159827206  0.96952351892390443
  0.97722278381172956  0.98487881786528508  0.99254560435755457  1.00000000000000000
 -0.00239395160521362  0.00942364799568906  0.01962202537474078  0.03056649091848283
  0.04132727037442492  0.05200588169036442  0.06276545276624809  0.07349143308710830
  0.08427897666204050  0.09497087233307304  0.10565617318559188  0.11632545348906960
  0.12701531746493164  0.13779526355195834  0.14835845642773168  0.15890219481110826
  0.16955779189465825  0.18041524224081829  0.19097190630250699  0.20139925293492697
  0.21182686705261569  0.22222363575678297  0.23265167936589837  0.24294345631191572
  0.25325323539185063  0.26361828221318734  0.27398869145091254  0.28450602746369730
  0.29494744874377876  0.30533854751167500  0.31570747750990291  0.32617887223974312
  0.33678788027641493  0.34733884568708429  0.35768919175706632  0.36775219120484154
  0.37799496515311126  0.38819138168325651  0.39855035435133945  0.40885207018615188
  0.41935935238302191  0.43022480764119492  0.44093315603735822  0.45172292048006202
  0.46241117047970148  0.47315921511041364  0.48383992005298737  0.49430767954534632
  0.50475097353778242  0.51525135674820544  0.52582206024095446  0.53653168738239121
  0.54703312680153726  0.55747770331978697  0.56799497597376314  0.57861201951111974
  0.58916541211509166  0.59945555065320733  0.61007053524403554  0.62062574184767538
  0.63124495860816343  0.64129688988249589  0.65156276401288049  0.66195841977351344
  0.67256598856164929  0.68316692547765157  0.69373840688642563  0.70434028178996777
  0.71502356449437665  0.72566573082015851  0.73620299711545689  0.74668434607264489
  0.75735829488019635  0.76817123445429947  0.77914671030681759  0.79013876441316111
  0.80113644726707367  0.81206724058754276  0.82256199354358850  0.83317312922384579
  0.84350966814477302  0.85376089672996480  0.86380435518349252  0.87403098167292337
  0.88459406495937865  0.89526181078744249  0.90576250188354834  0.91621692662550114
  0.92662681051173312  0.93684336241355470  0.94711765155158822  0.95743725999715290
  0.96795884880619443  0.97858488710847025  0.98925592575706578  1.00000000000000000
 -0.00256164364666435  0.00997442120140931  0.02048583802998283  0.03108799660102822
  0.04165833841563436  0.05218276754021473  0.06283778144402928  0.07336620089082453
  0.08387941500191824  0.09433080012822584  0.10473323308359332  0.11508007687544754
  0.12535467497447125  0.13589667744394493  0.14658969110092365  0.15730757302197768
  0.16783230712944441  0.17819118678866933  0.18848593013869372  0.19887352436670330
  0.20940509153989323  0.21990269044942862  0.23027998175378250  0.24055857901748834
  0.25090849169370383  0.26125340702007127  0.27152724408118040  0.28175755698150190
  0.29195199704769020  0.30236706804322810  0.31278796857347485  0.32328375609031174
  0.33385268358818937  0.34467997322082017  0.35549169815865800  0.36605631430421615
  0.37647777062434473  0.38697775009261209  0.39755265349052837  0.40816385869358868
  0.41891673292502957  0.42966078344277203  0.44024191398388524  0.45056845849557936
  0.46090878538674329  0.47136419728017809  0.48192362900976704  0.49238620423499779
  0.50312822358262776  0.51389195674149168  0.52456332873761558  0.53493993321532407
  0.54537002910792043  0.55589492557954368  0.56646980366176325  0.57712144853170044
  0.58777863048930035  0.59856143873879819  0.60931745648690894  0.62020690593323047
  0.63107920092293424  0.64187442312145138  0.65236375061750929  0.66264013284655632
  0.67289154422699937  0.68322190210601796  0.69358247359642677  0.70404963451888602
  0.71439928847547207  0.72477485289521526  0.73517141080420245  0.74568703263134073
  0.75642425501901289  0.76726953101123319  0.77824630969455544  0.78905759875932246
  0.79962980362004599  0.81025544692632578  0.82077194441187196  0.83123468270533729
  0.84170602156044416  0.85231695628950810  0.86294073259616688  0.87358782848374106
  0.88437914673170293  0.89541203670245106  0.90608462469716911  0.91672221195293246
  0.92709775409657758  0.93745243428586023  0.94754494138972112  0.95787366934252594
  0.96849675078090980  0.97926091658193348  0.98967946827351849  1.00000000000000000
 -0.00246115352347475  0.00952758954858146  0.01933938947339881  0.02950188102839024
  0.03953797947559774  0.04963019535044148  0.05967640598779008  0.06997560351459926
  0.08038348891591285  0.09107853126347103  0.10170992956873744  0.11210452530113646
  0.12247242128735482  0.13292216711483809  0.14333878831726973  0.15352693995685351
  0.16361732730894690  0.17381501856129147  0.18409072217380082  0.19430589255543326
  0.20454232642644465  0.21477709450997079  0.22505644490371582  0.23549274647672130
  0.24610811714354230  0.25664281945632972  0.26705973644910119  0.27770524086796106
  0.28866919717849371  0.29969490509921365  0.31059285941958081  0.32144798103281319
  0.33229731419241126  0.34300203792075701  0.35371639749970307  0.36429583843936414
  0.37478394910614776  0.38528063208475299  0.39569343051465500  0.40609545309580852
  0.41651040609935430  0.42702409273185210  0.43764369913441614  0.44817589511196615
  0.45876318161241997  0.46935783872366427  0.47994562063067114  0.49039245163717016
  0.50076418532361122  0.51114762682048254  0.52163046989746231  0.53214218269049562
  0.54268793637783663  0.55341253623099917  0.56407749659182316  0.57469759190678693
  0.58529507932932456  0.59612600044349251  0.60681719257340738  0.61750281578321797
  0.62809715726218474  0.63875282659262744  0.64929866821666005  0.65985106745525979
  0.67053277675634471  0.68112080945162512  0.69180195409300316  0.70233747518121115
  0.71281457606058762  0.72346711309458200  0.73441897062231176  0.74536854584292900
  0.75615951138945647  0.76685451980178743  0.77738694956670784  0.78777347946641540
  0.79816926394840471  0.80859622994008218  0.81889941568733315  0.82926746477788005
  0.83993834516574284  0.85086651771643851  0.86171622172034512  0.87255187192976169
  0.88342234633385086  0.89424936279982103  0.90484606653005473  0.91547075016053048
  0.92613804665166177  0.93679630597260988  0.94710244655247955  0.95746216916173177
  0.96798434484030405  0.97859690133261901  0.98931285498759147  1.00000000000000000
 -0.00275422953237014  0.01168685058027756  0.02357776262151692  0.03559196124557554
  0.04761820477125478  0.05943596094569653  0.07094000434170412  0.08210262972244797
  0.09307841387467906  0.10402308369214988  0.11499994602080155  0.12593349813848265
  0.13669876274218118  0.14735036754396974  0.15785591390666778  0.16823161752399357
  0.17858769400400409  0.18893764177067884  0.19925608140139614  0.20943191230288483
  0.21949900168452985  0.22952838684447535  0.23956204928987654  0.24965493851032325
  0.25971326733848610  0.26963633889819449  0.27941322391299955  0.28913280655752688
  0.29888443991349606  0.30849634601131237  0.31791116830450245  0.32721260434432542
  0.33663850279116209  0.34619229192124179  0.35560570883321696  0.36487365424938911
  0.37412169058865841  0.38338733071856168  0.39264091369954868  0.40180091202982027
  0.41087999729211527  0.42001696881675837  0.42909710907226806  0.43818686768261228
  0.44727206874529712  0.45633716210767994  0.46548752468338722  0.47466858139915158
  0.48396743120662866  0.49346360900338193  0.50303074638015111  0.51265529854004399
  0.52219345843855247  0.53170359282404900  0.54123364802491836  0.55096084816911306
  0.56073580293199166  0.57058064037058309  0.58029516116099922  0.58995722237251724
  0.59970188705234906  0.60951742172973566  0.61936689328150052  0.62919003430050402
  0.63906122504914553  0.64902934596318651  0.65909082993509149  0.66909079110057978
  0.67899488911812944  0.68898870378448818  0.69926242311606790  0.70968486162437816
  0.72003331432432571  0.73048421199043467  0.74125244704390025  0.75208703631660778
  0.76281409424687396  0.77374349120759589  0.78482690684461820  0.79596044422412915
  0.80701088398766296  0.81826595304012462  0.82994547299868171  0.84176720783249515
  0.85371350938359536  0.86557290936606779  0.87746790194007473  0.88945539963782050
  0.90177289325347776  0.91440840943050594  0.92753954223621415  0.94128589107906357
  0.95542121988795126  0.96987242352590453  0.98472716023139795  1.00000000000000000
 -0.00216679763715103  0.00981157324512138  0.01986253800845784  0.03007801347071738
  0.04039605020484451  0.05061777718395684  0.06075008843930618  0.07117726008631596
  0.08169399987848856  0.09236641642960043  0.10278266066878824  0.11307520104133739
  0.12348916370113573  0.13403922219193876  0.14449922003175325  0.15498044947302775
  0.16548141746843786  0.17615915023401996  0.18667075744362205  0.19738150900961274
  0.20794160187335670  0.21846194706921410  0.22901092787465466  0.23979783517207851
  0.25051620524842039  0.26101896743128278  0.27146794471544061  0.28201982821433780
  0.29268139981890384  0.30355329770629397  0.31425442677108600  0.32480351793927503
  0.33535188851318609  0.34609173120106579  0.35669318359715962  0.36710066075989672
  0.37730676483644293  0.38749528917085202  0.39778137147488024  0.40810915294169281
  0.41842045924924343  0.42875189045779555  0.43913350618217639  0.44978169394300777
  0.46012319004870084  0.47051020148971162  0.48094729556215543  0.49161986814697872
  0.50220280301806441  0.51251200398658170  0.52285181591250507  0.53331700513919411
  0.54391886376179055  0.55446319950643230  0.56489932367685436  0.57522236987283604
  0.58580194276017739  0.59665212729152628  0.60748939620569820  0.61815757705291241
  0.62869381657727197  0.63932579407159540  0.64990671360837560  0.66031459291991490
  0.67068915643536098  0.68110092548392898  0.69154505129057176  0.70195385168892954
  0.71243617328967879  0.72305535358545237  0.73380263006692203  0.74438419069194972
  0.75496585273759309  0.76551004469253181  0.77607350951344722  0.78678270634211800
  0.79737517926681933  0.80813040544094117  0.81888332835774358  0.82967634837603854
  0.84030152717201412  0.85091088816994231  0.86189693778260201  0.87270808605803973
  0.88342616581848488  0.89403607020373643  0.90473140309672639  0.91552004678979593
  0.92623386368830896  0.93683294455468102  0.94738388859960576  0.95778196597956278
  0.96834244517126522  0.97873485357544887  0.98930231359752807  1.00000000000000000
  0.36987173442588411  0.48586007604342191  0.49630510770973568  0.50904876921462061
  0.51908689190194879  0.52785854314669989  0.55466874260069177  0.58011252547981262
  0.59531059168184530  0.61907222041590726  0.63452540163710835  0.64364163324560175
  0.64995218380531417  0.65519945601220320  0.66006912301430520  0.66468914579594374
  0.66887264074074404  0.67275570264081530  0.67655718331533987  0.68030925905962358
  0.68399346214522305  0.68762172425727885  0.69113126562365701  0.69458855685176246
  0.69802014758327968  0.70141738589923086  0.70480318664046271  0.70813069936150841
  0.71138371682186774  0.71459839728399877  0.71778586122278876  0.72096244646422802
  0.72418865192673043  0.72741754165646699  0.73065740263979084  0.73386726143427461
  0.73704423069189673  0.74019417936149445  0.74332102962060986  0.74644936279447471
  0.74957907680810032  0.75270983947515091  0.75584731997615784  0.75899912454697005
  0.76215800888887308  0.76530017512081472  0.76843214897520651  0.77158664944710620
  0.77479424546388675  0.77803302247245421  0.78124681266324847  0.78443763317747084
  0.78764528388987787  0.79088679255596384  0.79417608892115676  0.79747855005728319
  0.80078370199140791  0.80409536645819202  0.80741516034084360  0.81074912774148888
  0.81413601597774621  0.81759798311742904  0.82106008075257586  0.82452692144306006
  0.82802986995185701  0.83157883940684874  0.83517889589006056  0.83891021555801837
  0.84266478651341636  0.84639242880110388  0.85010881479124778  0.85390623440463975
  0.85788272637453200  0.86194996258767664  0.86604415444742489  0.87016597258529960
  0.87435708585645200  0.87865504119090476  0.88301864342608383  0.88745506696156606
  0.89197538217136796  0.89658043375643159  0.90145492087032952  0.90646467588696455
  0.91163144892563119  0.91692624804741096  0.92237236974159476  0.92796593324464449
  0.93367957742218666  0.93977529161336015  0.94653508789069540  0.95364243197751120
  0.96154188864039369  0.97079003006554454  0.98276870943866546  1.00000000000000000
 -0.01646234534456377  0.13605762488765680  0.17897316009144568  0.20624745007584103
  0.22778979855815876  0.24709586582904583  0.26414760825039962  0.27971767264462288
  0.29404433211241338  0.30746134313094309  0.32009542260449192  0.33212223956406411
  0.34367923205185813  0.35470480579833907  0.36515864397006703  0.37521968301769920
  0.38483638700537809  0.39431728063073562  0.40351630524937682  0.41251272187204391
  0.42123468210259712  0.42966956783969629  0.43805393597496584  0.44627588172148969
  0.45443944057166918  0.46239975655556420  0.47013808378626792  0.47775747186869671
  0.48519532126469739  0.49259115540124676  0.49988346365332731  0.50702289651104493
  0.51411677871131733  0.52110480643668056  0.52801703127349964  0.53480188347403568
  0.54142643351284614  0.54788977827649643  0.55428440993918637  0.56066174008150471
  0.56701156720741730  0.57331283093374641  0.57955278252737019  0.58573322611000167
  0.59182910112270715  0.59787362023027935  0.60384860263694085  0.60972968449499620
  0.61545677670528698  0.62117214931320386  0.62676819756581414  0.63231208002540262
  0.63787857089161260  0.64344016567236983  0.64897611909756470  0.65449225951078516
  0.65998496488439595  0.66543318693556675  0.67079936868775825  0.67605969753367734
  0.68126088362340598  0.68645679668365422  0.69168890566288066  0.69694046741238591
  0.70219873389515342  0.70744478928408550  0.71267875495042410  0.71788844272089736
  0.72306245512590928  0.72820926972275402  0.73332600045351359  0.73848144025365225
  0.74368357857455414  0.74904593266856256  0.75451181742212248  0.76003751586407364
  0.76561149736185807  0.77116076977276427  0.77675068222702925  0.78236600605409712
  0.78800412187665603  0.79376390654194062  0.79958943704409458  0.80551726745818752
  0.81156802817107043  0.81798451369178249  0.82489686451777733  0.83197677716519947
  0.84031626728355657  0.84880109205724596  0.85830753739080101  0.86869781128868606
  0.88126467312808265  0.89769291540371321  0.92252046758138784  1.00000000000000000
   6.3133101999105231E-012  -1.0000000000000000     
 F F F F F F F F F F F F F F F F F F F F F F F F F F F F F F F F F F F F F F F F F F F F F F F F F F F F F F F F F F F F F F F F F F F F F F F F F F F F F F F F F F F F F F F F F F F F F F F F F F F F F F F F F F F F F F F F F F F F F F F F F F F F F F F F
  <DiscreteSampler_grid>
  grouped_processes
  1 # 1 for a reference and 2 for a running grid.
  10 # Attribute 'min_bin_probing_points' of the grid.
  1 # Attribute 'grid_mode' of the grid. 1=='default',2=='initialization'
  0.0000000000000000 # Attribute 'small_contrib_threshold' of the grid.
  0.5000000000000000 # Attribute 'damping_power' of the grid.
 # binID   n_entries weight   weight_sqr   abs_weight
    13   10   6.500061101170327E+000   8.009567066301628E+001   6.500061101170327E+000
    14   10   6.500061101170331E+000   8.009567066301648E+001   6.500061101170331E+000
    16   10   8.660032241967992E+000   1.440769753505636E+002   8.660032241967992E+000
    17   10   8.660032241968000E+000   1.440769753505640E+002   8.660032241968000E+000
  </DiscreteSampler_grid>
