  0.02418402099429975  0.03138975139523797  0.04109706024248018  0.05118149634833885
  0.06120401755449963  0.07122897903965740  0.08128564760951330  0.09135951747623167
  0.10137479509804048  0.11150004994984929  0.12161807122994450  0.13224884638904827
  0.14312195215724824  0.15399458995182902  0.16462115087369919  0.17480918429336845
  0.18507017900879669  0.19527363457986144  0.20545849859825280  0.21542751253945100
  0.22524807387107618  0.23494752529866167  0.24465025954381914  0.25442212389386787
  0.26426870785866324  0.27420550858215664  0.28431694335410929  0.29448090590796888
  0.30471129154707693  0.31480211614559922  0.32482809509620358  0.33498840562833104
  0.34517073644780449  0.35529413969551032  0.36530717138226576  0.37542904361938201
  0.38572363242500468  0.39604407639995626  0.40628971768988770  0.41648654929965984
  0.42677365267322043  0.43695594501333201  0.44703341218775328  0.45710823686571400
  0.46722889649772520  0.47732391116949419  0.48745089766219363  0.49755155334730605
  0.50765484623218504  0.51779778044127278  0.52796389149252643  0.53844409682297223
  0.54885833086622704  0.55922320827230698  0.56926659345317721  0.57929605928954764
  0.58942720760448120  0.59978629911837045  0.61028197556515074  0.62063709395015920
  0.63101273106246170  0.64130439047238730  0.65174497030608691  0.66202999103931415
  0.67225932149200873  0.68251680752388744  0.69275539073747705  0.70304238707457078
  0.71325888303159946  0.72337551552800572  0.73340694089567504  0.74335925954732973
  0.75333254151547746  0.76335114240841984  0.77323924955943057  0.78320870645779683
  0.79320339456953215  0.80323228548194725  0.81304733964157494  0.82280672093332774
  0.83266519446124199  0.84281235109206931  0.85305885572073070  0.86348638336238803
  0.87394365277272124  0.88444789254412071  0.89491718851147384  0.90523013641254080
  0.91561480997976497  0.92580667306391440  0.93600495514001225  0.94614451591844251
  0.95643951560881457  0.96594949124353835  0.97094053354809196  1.00000000000000000
  0.03068728432696102  0.03762075634782835  0.04643544419950399  0.05717049038415055
  0.06739608918271288  0.07753155159931462  0.08758323523579031  0.09737701068205952
  0.10716629624983819  0.11691043121633653  0.12682179699365456  0.13667841885585627
  0.14652687316838564  0.15635545017781025  0.16627668986298827  0.17655978617298956
  0.18694228619137235  0.19712776191815479  0.20709596503771915  0.21716836780538926
  0.22734324086364363  0.23739275654816216  0.24737006971379008  0.25752786391175264
  0.26789371654825761  0.27819849055323864  0.28837768065260372  0.29864163086112866
  0.30891801667655056  0.31939016174631896  0.32961798687395294  0.33972654674638691
  0.34964454166832398  0.35972910847291689  0.36967136157033115  0.37965919772449092
  0.38954810630670716  0.39957633410925886  0.40972245392367662  0.42002991187651340
  0.43051192502147789  0.44083127027013524  0.45097701561728637  0.46096607639651199
  0.47079573327723839  0.48062545476545299  0.49052080942859588  0.50056973404820315
  0.51062977851085922  0.52063966244236271  0.53066775032358882  0.54063592517928738
  0.55063541964466400  0.56031162301927051  0.57025707568208994  0.58017485508636923
  0.59033182298774389  0.60060954315196835  0.61101271954709147  0.62139866281638800
  0.63159318085481475  0.64174202658270840  0.65192725522329231  0.66231141173657337
  0.67269335883848280  0.68301804856404291  0.69317164003292364  0.70330637806542007
  0.71353311630488470  0.72387515904988264  0.73409404994660854  0.74423513706367594
  0.75441415936367717  0.76463645429698490  0.77480783999598024  0.78494541102750548
  0.79518207684901243  0.80536424897984626  0.81532766987596472  0.82518151353587188
  0.83522620838917228  0.84542846955163575  0.85560134193042581  0.86571150810666309
  0.87578917338145335  0.88597254120561986  0.89617211061487589  0.90629125253398912
  0.91629592553866146  0.92613853010229741  0.93601377403350927  0.94599807392796320
  0.95590062875948922  0.96455336373720135  0.96892667722033909  1.00000000000000000
 -0.00210216605622031  0.00808361688084594  0.01698912735495830  0.02611130821960620
  0.03547604034134062  0.04500652681743101  0.05464599696028089  0.06435547004490053
  0.07428398529605607  0.08448495872205532  0.09484240397480541  0.10532797273472935
  0.11595601282185201  0.12657961397473216  0.13723584609473746  0.14815744201820982
  0.15918484585659454  0.17019828344977056  0.18116935464697642  0.19228460954510551
  0.20353813654100422  0.21506317624865362  0.22680906245738752  0.23854836767665985
  0.25040994927462723  0.26236600140192368  0.27420316392084348  0.28609140002344113
  0.29791940209664558  0.30999839925828665  0.32220215313409162  0.33459210273871270
  0.34698861480417159  0.35947943116748066  0.37208695015304349  0.38482518293758361
  0.39746656711465378  0.40991159933224508  0.42231106940678148  0.43466910971863271
  0.44693339622833578  0.45912891067061495  0.47145361603438607  0.48393783540792129
  0.49643834704123613  0.50879693502319656  0.52107727274745097  0.53350821009286931
  0.54593416370015024  0.55815565056869287  0.57017595481878547  0.58204150525768050
  0.59404978399489250  0.60602989657195649  0.61801857561921036  0.62969957297028700
  0.64107506774152112  0.65232584530192439  0.66337510029309044  0.67447854796135998
  0.68552278030886993  0.69644313648586542  0.70722102399144804  0.71776503861295393
  0.72813896152587099  0.73840311919496593  0.74855221265199645  0.75858856267537444
  0.76846180591674473  0.77832598692382216  0.78817712171755372  0.79779645384812226
  0.80720367485258004  0.81645973573923691  0.82567272460852303  0.83470685778110665
  0.84365401662514417  0.85251700934769037  0.86165972212245434  0.87073991954799967
  0.87952931524564149  0.88814395454165274  0.89666793797534527  0.90519142373226191
  0.91363211341503081  0.92193021764030791  0.93007633151767699  0.93812504435526645
  0.94610871079129355  0.95402712041150917  0.96188399246455003  0.96961962872528429
  0.97729987401396656  0.98491733838843554  0.99249272642634279  1.00000000000000000
 -0.00234957825670278  0.00953836705963796  0.01970553812102466  0.03020464558273151
  0.04078103726240682  0.05141748431061997  0.06215526185178826  0.07297189688897188
  0.08371077622303488  0.09437413301609023  0.10501627987420667  0.11577949824597732
  0.12663187182403923  0.13759903026855327  0.14852936979394962  0.15940556823350169
  0.17012287192423922  0.18082069127093772  0.19157241647425774  0.20229529301641375
  0.21288172028260349  0.22334954934034726  0.23381356770042122  0.24425935233600851
  0.25460154085237752  0.26493965806589548  0.27530613869406090  0.28566760738626124
  0.29608864691436920  0.30655654453068248  0.31682635661630182  0.32689154101439266
  0.33689365065177318  0.34696810719573834  0.35721724638869018  0.36759484570645490
  0.37807219011858501  0.38858836789803641  0.39929095479928151  0.41013471632973858
  0.42077679530120476  0.43117370257252374  0.44175984707207333  0.45247459016547514
  0.46297187132018230  0.47332443267563623  0.48369044588877497  0.49414430692583700
  0.50452445404274804  0.51500668096260527  0.52549074215495306  0.53590553419919473
  0.54629101687432058  0.55649980303351887  0.56682343339374741  0.57721501911601469
  0.58790761682297743  0.59863778374415377  0.60934833913520514  0.62010154733007283
  0.63095291010078602  0.64183291643852403  0.65265158632132403  0.66352509127582537
  0.67439507931214260  0.68497175782363773  0.69540659434940022  0.70575848723571888
  0.71620940077441841  0.72658279397223946  0.73699892672803768  0.74720943773247772
  0.75742727734647930  0.76777440913379780  0.77845959887902161  0.78914351172518571
  0.79940205015155175  0.80964388479805449  0.81986211652723751  0.83001373701221559
  0.84023352096396342  0.85046596735687208  0.86100860250300759  0.87162173267808563
  0.88216820065688040  0.89288273814152597  0.90345292048265413  0.91422859780279542
  0.92492353835473440  0.93565864080090055  0.94638240697448572  0.95714698748344096
  0.96793475322746625  0.97868100860426410  0.98935067111484543  1.00000000000000000
 -0.00266045919929563  0.01022463098128257  0.02092594077384600  0.03177836142678272
  0.04250148268025119  0.05325902527515815  0.06409144440824252  0.07508796274737012
  0.08592244661256720  0.09663054791083686  0.10707980947311763  0.11751858544693304
  0.12802911726994454  0.13851836899212056  0.14899971496207756  0.15930647836354850
  0.16970209829152755  0.17999610463374710  0.19047791540699899  0.20116299131642146
  0.21211855505475014  0.22300197393196236  0.23386773933254962  0.24462798501019137
  0.25517825734392946  0.26561521121746945  0.27613254556092620  0.28653003701259822
  0.29689004091167120  0.30719482109632956  0.31771998088159387  0.32820397163781190
  0.33863743299821525  0.34908530648529690  0.35957751978591884  0.37005319780050738
  0.38058815054889766  0.39095005579513242  0.40140849551773544  0.41194055486514058
  0.42227230010268041  0.43258292678612453  0.44285910583425403  0.45343819178441358
  0.46386485403569816  0.47434741901118005  0.48504075906810629  0.49594558324309140
  0.50658227195643490  0.51698058582684991  0.52721057751514644  0.53751887864436854
  0.54781980700512600  0.55797469921244758  0.56811223897566487  0.57835133306733677
  0.58880180685111039  0.59940359577943070  0.60976987218305578  0.62017488777145724
  0.63056318478937512  0.64108568540126021  0.65153724399473467  0.66176522071384014
  0.67204568236475470  0.68233669448434797  0.69278229896824328  0.70341349507079398
  0.71387290745609755  0.72449182300226045  0.73512887723814757  0.74595510223185568
  0.75632991233675817  0.76664300326448664  0.77722955286768303  0.78792576652012236
  0.79835021982773224  0.80864519038536475  0.81927031095674951  0.83015117029129137
  0.84090746357509316  0.85159513925227981  0.86226822004336079  0.87287380020663374
  0.88335995747713203  0.89394316755465975  0.90445839192006694  0.91509738248486594
  0.92549756396806326  0.93587511118167421  0.94633835909890884  0.95687985307026702
  0.96759694886181802  0.97831286300046383  0.98920024564084652  1.00000000000000000
 -0.00221043387390122  0.00937581835716822  0.01935995687792093  0.02992424414863946
  0.04047283892849775  0.05095609689336152  0.06157649746865035  0.07231083464016831
  0.08296683508871318  0.09345593905544562  0.10391309365508526  0.11434483450787569
  0.12475065590819932  0.13519742348355449  0.14569200856170528  0.15634930573571942
  0.16689219057717464  0.17729638804778577  0.18776580929886347  0.19819987090744495
  0.20861574118074261  0.21904172962222765  0.22957230212072360  0.24036583529632427
  0.25114619005283406  0.26201142494090879  0.27272566599697795  0.28317671437715464
  0.29351106171551150  0.30398400045941454  0.31442433468313569  0.32495326103711220
  0.33519954709319477  0.34553120462390341  0.35599572157574833  0.36647752578460491
  0.37687941367367050  0.38713958646597518  0.39724259350063085  0.40750028935081717
  0.41769811762235992  0.42798314955121808  0.43847694975845442  0.44893470997447782
  0.45949070972660100  0.46989954183385779  0.48041442588346117  0.49112161722020581
  0.50186281850695036  0.51231321143881858  0.52268556439962000  0.53281669388176967
  0.54301347179911097  0.55323053176741133  0.56336915917304176  0.57380579700309853
  0.58434574957642227  0.59522537387920804  0.60615851490647699  0.61683978281972340
  0.62748573992796031  0.63799923781073908  0.64853608847382993  0.65892003719509873
  0.66913817569182898  0.67946901034640650  0.68987639489291086  0.70044809650756701
  0.71110839080031230  0.72176283300124899  0.73255655257928187  0.74335207386030910
  0.75398629364478842  0.76463401208251680  0.77519531567203692  0.78574676110362618
  0.79627650873629374  0.80703827738764433  0.81779802752057862  0.82838852633300020
  0.83903993347454964  0.84984370902736117  0.86072975407363372  0.87143518499398576
  0.88218936981746476  0.89296545341523226  0.90378514156437950  0.91466577281650752
  0.92547494096275440  0.93620908132437497  0.94676443454023806  0.95724691057764377
  0.96770382949062805  0.97842906731202217  0.98921799849964087  1.00000000000000000
 -0.00245505867040407  0.01051273169766866  0.02161301557341052  0.03337501138957251
  0.04508262754315330  0.05657807149831783  0.06803260451805351  0.07958136116047825
  0.09107884681411836  0.10225767580711959  0.11307125792089447  0.12367365563105225
  0.13419720010142150  0.14470380736546340  0.15517184419573088  0.16557874776584069
  0.17585439656508875  0.18593962296115449  0.19591417761532129  0.20587796617377227
  0.21590219315806145  0.22597899792202655  0.23598061473734358  0.24583748333394831
  0.25557798269406112  0.26527650894366406  0.27501892803991951  0.28474651003236179
  0.29438787541689215  0.30398173923837446  0.31353904976463731  0.32310955591795015
  0.33263966842931919  0.34213132441379118  0.35168344789302153  0.36134920438355467
  0.37110528509383733  0.38070629653978422  0.39018896681800425  0.39965780879449436
  0.40907760029418205  0.41858379130376039  0.42802489828559803  0.43738398037108339
  0.44654333200607232  0.45561406080155009  0.46484307580040019  0.47400625205506963
  0.48325367522567753  0.49249741405294062  0.50184082311725720  0.51115338228334717
  0.52038466844159992  0.52969827399818525  0.53916628489794061  0.54894869495998000
  0.55873158879946261  0.56839952871509414  0.57806171303352627  0.58770623496311658
  0.59752012547911759  0.60727459189254462  0.61684156091251352  0.62647708665461999
  0.63619027673688455  0.64607962339893166  0.65598477503068031  0.66588717424370580
  0.67603851454696573  0.68645395460720471  0.69730423865182467  0.70826558320009392
  0.71925682709164529  0.73013215360970740  0.74081187812713800  0.75148273820370404
  0.76216941535826999  0.77305516087220139  0.78411682147872119  0.79544914460720761
  0.80685900880594763  0.81835154978374236  0.83010702476695886  0.84227373547849205
  0.85449061831134621  0.86676170251248963  0.87902690681891726  0.89157360427161370
  0.90419014266061626  0.91705236463980044  0.93013177403966674  0.94346540477863827
  0.95707558452099273  0.97130604939348086  0.98568954106873030  1.00000000000000000
 -0.00250489138785310  0.00976083110578730  0.01982929687201617  0.03033979797489973
  0.04085279015897306  0.05146322344305817  0.06195372967509273  0.07249044634585938
  0.08308215902107521  0.09349434652307596  0.10401086518469140  0.11423176521874530
  0.12467667143742424  0.13505257323072320  0.14538690200238905  0.15562519452747334
  0.16571286852759323  0.17605816624944814  0.18639550508316913  0.19694598194026000
  0.20750738280159847  0.21805003677663304  0.22854148339311167  0.23905346868728544
  0.24969817150683696  0.26049668407552556  0.27118570767665079  0.28176067718796499
  0.29230605523961212  0.30261663293668423  0.31306509491125628  0.32361623829739411
  0.33437473165359766  0.34495469812290125  0.35532859654504106  0.36584112690402676
  0.37658814906499999  0.38743565480239822  0.39822279127047588  0.40895088667218310
  0.41959086542915525  0.43008667124808886  0.44062795523188553  0.45128408047736535
  0.46179913141532236  0.47220149683394003  0.48266483602353272  0.49327946459361455
  0.50368669853907777  0.51407981463902475  0.52456160401503704  0.53527474712215295
  0.54585816019577449  0.55629226829351397  0.56671315495378394  0.57703809881005752
  0.58747750879483218  0.59804199179583761  0.60867735033958414  0.61916668095366345
  0.62963349268858970  0.64025601702350976  0.65089243083741788  0.66142204911207036
  0.67193321146397866  0.68242317804403851  0.69277485883270051  0.70316712245691548
  0.71366165378883317  0.72446966523250256  0.73527661463519078  0.74606565377237355
  0.75667176023371396  0.76705861541839515  0.77750006333344845  0.78796025807993386
  0.79844009982233144  0.80910810467481908  0.81976419795146716  0.83060149457582144
  0.84128037791478616  0.85200453194621828  0.86295272905026887  0.87369322791180937
  0.88409433548126604  0.89451885690586841  0.90504189079099007  0.91587638009578221
  0.92645589096762293  0.93715925028507685  0.94758804046438150  0.95798015793800495
  0.96840791032182039  0.97885822549790014  0.98943675775018047  1.00000000000000000
  0.03328641327780375  0.07532196694348539  0.09098676229224081  0.10550998364762897
  0.12078113142867246  0.13454813173870508  0.14653098804112719  0.15726336154057097
  0.16732513865984383  0.17688970577757970  0.18616624865772155  0.19513640839848226
  0.20383377092797106  0.21232079853843383  0.22051001164736941  0.22862564914604944
  0.23663131145398186  0.24455848383380313  0.25241839726315407  0.26017147940071428
  0.26792935713910643  0.27555719501921000  0.28314595686885480  0.29069381655789012
  0.29811146612644163  0.30548048592277099  0.31282420910164493  0.32018764833311564
  0.32752939708073109  0.33482829123908825  0.34210159024528941  0.34936509997047616
  0.35668357980256321  0.36406522673698422  0.37147257754498580  0.37895226718593916
  0.38654215143853266  0.39416240019527793  0.40175423110212549  0.40926800053461637
  0.41674399636681209  0.42403782767627207  0.43142862696211043  0.43877094272330031
  0.44612580994301559  0.45349589334644874  0.46085481935370937  0.46819216948537457
  0.47561102512011932  0.48306136787713533  0.49058995649461073  0.49814302578569186
  0.50574555091877804  0.51335281703108404  0.52100215222354063  0.52874225695937160
  0.53650632556071864  0.54437349058723716  0.55233533167087245  0.56035176413695020
  0.56843365334194340  0.57655483249562101  0.58467432218908499  0.59275149290610429
  0.60081644547476720  0.60903761386399957  0.61750816779015072  0.62606498897863128
  0.63466104848946570  0.64329104867303943  0.65214565453764717  0.66123563533022289
  0.67055448016670649  0.67998383158435871  0.68943899882915671  0.69888424109326497
  0.70851060208831174  0.71835525089004926  0.72827081640645031  0.73822660637128867
  0.74851215601924337  0.75931408039915937  0.77049523632417516  0.78185463662542487
  0.79361095374454638  0.80589661679422708  0.81875752134402280  0.83201119716443872
  0.84561462650478492  0.85970293513541562  0.87449119125388275  0.89081559923078490
  0.90886154015313370  0.92970758169037770  0.95711039199005488  1.00000000000000000
 -0.01425294756850721  0.13528638428418935  0.17954327140177248  0.20687271514296779
  0.22871657359372224  0.24767942500398718  0.26450091947338966  0.27990326476538996
  0.29420276332522327  0.30742454148803661  0.31993607972169558  0.33184165411842476
  0.34327330838604031  0.35416274720659413  0.36451174631599903  0.37452481935799781
  0.38424354579313280  0.39371352066909227  0.40287990487905506  0.41180683471763135
  0.42054190230752475  0.42908858881829337  0.43751642049520661  0.44580515327756165
  0.45391860823005364  0.46184001449781548  0.46950772761928578  0.47710036922736476
  0.48455250159476093  0.49194263595098792  0.49928882683204917  0.50646037583726178
  0.51351656704930593  0.52037506276118706  0.52703700331654579  0.53363746135354617
  0.54026122185767889  0.54687714721654934  0.55339370212032646  0.55976946350585177
  0.56602300722097587  0.57221820597722450  0.57842912384204548  0.58459104765222447
  0.59059472957576176  0.59650779663107723  0.60239896727776021  0.60820238195746246
  0.61395843810702599  0.61970695482718874  0.62547683814030830  0.63116274027129460
  0.63682056622960770  0.64240945197541643  0.64795071920874181  0.65345458439823667
  0.65893154381980190  0.66438089582400961  0.66975890409291117  0.67507779034275106
  0.68035860692340089  0.68560274943345056  0.69081110354065545  0.69599736009863533
  0.70120613040011626  0.70638515303180893  0.71150074110345818  0.71655775001166344
  0.72160385629831181  0.72668762674746501  0.73182973413427732  0.73702506826288483
  0.74223073799562145  0.74740816574396540  0.75259341830645010  0.75793610865723260
  0.76330402775619999  0.76881347064450101  0.77456116085983373  0.78054156135098429
  0.78656980199555948  0.79268978432260861  0.79899976898135883  0.80547948292638005
  0.81214970786807428  0.81909298940025554  0.82625927461773252  0.83359072919388388
  0.84151601334707193  0.84997033632989261  0.85950437639739130  0.87046907797201367
  0.88369969406562343  0.90098034226555712  0.92910813181364293  1.00000000000000000
   6.3468821091043991E-012  -1.0000000000000000     
 F F F F F F F F F F F F F F F F F F F F F F F F F F F F F F F F F F F F F F F F F F F F F F F F F F F F F F F F F F F F F F F F F F F F F F F F F F F F F F F F F F F F F F F F F F F F F F F F F F F F F F F F F F F F F F F F F F F F F F F F F F F F F F F F
  <DiscreteSampler_grid>
  grouped_processes
  1 # 1 for a reference and 2 for a running grid.
  10 # Attribute 'min_bin_probing_points' of the grid.
  1 # Attribute 'grid_mode' of the grid. 1=='default',2=='initialization'
  0.0000000000000000 # Attribute 'small_contrib_threshold' of the grid.
  0.5000000000000000 # Attribute 'damping_power' of the grid.
 # binID   n_entries weight   weight_sqr   abs_weight
    13   10   6.347618198979815E+000   8.582275346212792E+001   6.347618198979815E+000
    14   10   6.347618198979822E+000   8.582275346212806E+001   6.347618198979822E+000
    16   10   7.843238925431564E+000   1.273331446447012E+002   7.843238925431564E+000
    17   10   7.843238925431569E+000   1.273331446447015E+002   7.843238925431569E+000
  </DiscreteSampler_grid>
