  0.00007135927265306  0.00007271945128421  0.00007469000334839  0.00007691937284954
  0.00007927178229144  0.00008144384646909  0.00008373155780459  0.00008609076089138
  0.00008890737643160  0.00009124537841575  0.00009209834329197  0.00009229171704631
  0.00009235289531319  0.00009238841439018  0.00009240813662369  0.00009242207163057
  0.00009242770197769  0.00009243282948133  0.00009243678029518  0.00009243992950862
  0.00009244271027647  0.00009244479273327  0.00009244645407727  0.00009244799230534
  0.00009244925601873  0.00009245037875143  0.00009245133435067  0.00009245222118983
  0.00009245308265498  0.00009245387534068  0.00009245465435959  0.00009245540194421
  0.00009245613914210  0.00009245689501992  0.00009245766273187  0.00009245846683898
  0.00009245929980476  0.00009246027560698  0.00009246132360289  0.00009246250792682
  0.00009246374833635  0.00009246506224847  0.00009246723012558  0.00009246950766989
  0.00009247237862780  0.00009247606055552  0.00009248042156974  0.00009248616050604
  0.00009249562886119  0.00009251120747511  0.00009253692936311  0.00009258749531473
  0.00009270966609315  0.00009333712626324  0.00009568258569702  0.00009928546050374
  0.00010375751630364  0.00010872857354166  0.00011574639906846  0.00012578720524200
  0.00013782882946156  0.00015349529312020  0.00017326192840413  0.00019729322296622
  0.00022565182081832  0.00025723880146332  0.00029361701541718  0.00033015062198127
  0.00036456279600733  0.00040389903315235  0.00045163755882211  0.00050172540028546
  0.00055644660598163  0.00062380178619723  0.00069703250302837  0.00077228574094228
  0.00085717816191871  0.00095950458101282  0.00105825487054560  0.00116595782798516
  0.00129092895042226  0.00142154914881705  0.00155900708232548  0.00170625491689948
  0.00187725843866716  0.00209337430951133  0.00230850624750099  0.00255428246802605
  0.00281315516564171  0.00314987151407989  0.00359802293386948  0.00418034834341306
  0.00506564491912361  0.05522874366478686  0.28831619569810307  1.00000000000000000
  0.00000004665912003  0.00000227571262353  0.00001585981644843  0.00003216203973553
  0.00003672838574389  0.00003930137101984  0.00004123786101030  0.00004262411169458
  0.00004359043576180  0.00004428701112816  0.00004489745453250  0.00004541505595713
  0.00004586070689936  0.00004623381197976  0.00004652407733415  0.00004673202204055
  0.00004689369095408  0.00004704333994708  0.00004718657643043  0.00004732753982624
  0.00004745842503725  0.00004757916237897  0.00004769669521372  0.00004781054347453
  0.00004791832729664  0.00004802031019053  0.00004811255377067  0.00004819127275841
  0.00004826860740504  0.00004834719504142  0.00004842239743220  0.00004849051401784
  0.00004855249855374  0.00004860946278404  0.00004866215502539  0.00004871608048287
  0.00004877125777379  0.00004882827573239  0.00004888728420969  0.00004894252821970
  0.00004899650331650  0.00004905021558399  0.00004910279651361  0.00004915201299967
  0.00004919943260632  0.00004924280711928  0.00004927904117303  0.00004931443922353
  0.00004934829633442  0.00004938325207844  0.00004942025342913  0.00004946534136269
  0.00004951539850798  0.00004956375289160  0.00004961124760543  0.00004965903817543
  0.00004970833871022  0.00004976157823901  0.00004981681331327  0.00004988225854037
  0.00004995828486562  0.00005004121543483  0.00005012937520239  0.00005022109062505
  0.00005031578172009  0.00005041393519842  0.00005051280091065  0.00005061351174945
  0.00005072072311301  0.00005083366144623  0.00005095204150715  0.00005108206530373
  0.00005124410419562  0.00005143308713780  0.00005165096960365  0.00005190900921284
  0.00005221195797750  0.00005256724772977  0.00005298622350550  0.00005349726480575
  0.00005413012920612  0.00005487641002983  0.00005574125052676  0.00005660628464886
  0.00005766246448310  0.00005916288660498  0.00006246652347033  0.00006868637697126
  0.00007925698365054  0.00010116579298189  0.00018632276271986  0.00058350414183576
  0.00381409493735752  0.03196130829521945  0.09599505204177450  1.00000000000000000
  0.00000027118656047  0.00000193155575415  0.00000279016701410  0.00000371753052470
  0.00000514744072441  0.00000717453501173  0.00000945891010786  0.00001223897313310
  0.00001552329536356  0.00001875326112597  0.00002172636762404  0.00002479976978257
  0.00002810080876422  0.00003149584927485  0.00003482937806217  0.00003816114375014
  0.00004126968526178  0.00004380870459694  0.00004589318679064  0.00004733099270521
  0.00004898899917800  0.00005103579143557  0.00005313109546096  0.00005527078789968
  0.00005790454819751  0.00006061103283319  0.00006281769296775  0.00006495067881582
  0.00006753541273945  0.00007045032732380  0.00007367817753966  0.00007748228583770
  0.00008179431768605  0.00008641234724484  0.00009119928616135  0.00009590111653085
  0.00010056595931906  0.00010525234500435  0.00011040402560953  0.00011629743956664
  0.00012127642293724  0.00012559190023133  0.00013021465452006  0.00013550906802742
  0.00014196183377818  0.00014879869687557  0.00015631373922500  0.00016416895392817
  0.00017245992823836  0.00018114364722114  0.00018998223135791  0.00020161843997722
  0.00021435226647259  0.00022715541155962  0.00024212275441841  0.00025720619847433
  0.00027136976833568  0.00028620799736319  0.00030178550090323  0.00031758909047722
  0.00033356872443842  0.00035080653614761  0.00036964469830958  0.00038903728378758
  0.00040852146088758  0.00042847175367420  0.00044952794708078  0.00047042059650783
  0.00049636090400211  0.00052500923997579  0.00055006352239196  0.00056699767165328
  0.00058192953671548  0.00059969136546267  0.00062077265208551  0.00064648745676737
  0.00067518150218206  0.00070873286790255  0.00075036925966057  0.00080152892884135
  0.00086158210714035  0.00092857257140459  0.00099857615641987  0.00106728623605558
  0.00113409375203548  0.00119821764178762  0.00125811437221726  0.00133263851830445
  0.00142709483192389  0.00154034054784440  0.00166469394486781  0.00181882444027998
  0.00207019438534579  0.05470233111045643  0.30930000923066142  1.00000000000000000
 -0.00200219305413664  0.00708318316808803  0.01717080572740328  0.02663049283797830
  0.03617658419329487  0.04588644859336236  0.05631913892516990  0.06635736668070041
  0.07515567760891533  0.08294360634803338  0.09005009048455345  0.09688115453445272
  0.10403609777962014  0.11267375770946590  0.12219860597205029  0.13340416586466747
  0.14232127656859728  0.15163168783699230  0.16146408664999023  0.17147888000538147
  0.18153904202727766  0.19147607950017137  0.20160336375022395  0.21118154194501582
  0.22064923062416275  0.23036972343026735  0.24056744664904930  0.25085218390173369
  0.25950993869088423  0.26689187212097837  0.27436674465265837  0.28091305782329606
  0.28769211164837366  0.29544401378698493  0.30335841650510781  0.31184420479205022
  0.32179680795440541  0.33256222135053704  0.34201281113175819  0.34897167053227723
  0.35582478407466900  0.36218798500421978  0.36921083977557234  0.37874548016376858
  0.38952524919783399  0.40024426922434103  0.41128216234531428  0.42195065086292971
  0.43230496971882643  0.44257849293421941  0.45264098967436855  0.46263192447551266
  0.47275898004684869  0.48297101757215360  0.49339318572697410  0.50433786193786467
  0.51545114319931062  0.52717998906994301  0.53895649014117664  0.55009151683527968
  0.56082481100486137  0.57181611706829949  0.58323236719242599  0.59480126809967260
  0.60559302804340331  0.61533195386424211  0.62601795861161491  0.63721998561531223
  0.64853307970293084  0.66036990170377141  0.67306747248766852  0.68620001985846779
  0.69892039971125952  0.71103293343560880  0.72267066151594261  0.73466702875636858
  0.74710728443084251  0.75920460586433647  0.77232301711861173  0.78614886247115712
  0.80150643437129021  0.81714751910083649  0.83225620478488604  0.84691568635537229
  0.86164994734093669  0.87693784389494078  0.89212219655138014  0.90256019873332893
  0.91394078766094977  0.92629398089005943  0.93667660692890087  0.94912990898342453
  0.96072515389436208  0.97134480649137889  0.98579824216488643  1.00000000000000000
 -0.00154783300576930  0.00723256465998742  0.01506433286646723  0.02297193495298838
  0.03163463539015895  0.03914421370188237  0.04897916193203551  0.06102001016477076
  0.07264766150921863  0.08367307596624864  0.09438454869079245  0.10449628691480409
  0.11444473421182272  0.12487726492770621  0.13591697490514421  0.14702956506069087
  0.15814049164283314  0.16968077466202142  0.18162996397212358  0.19379106341480676
  0.20624561177734635  0.21898889853822473  0.23129456091948303  0.24253479378186837
  0.25326871862131761  0.26260158219355251  0.27241429976204551  0.28244571132879531
  0.29486824295709474  0.30692021868246766  0.31839480340226017  0.32908747655918047
  0.33828792794418111  0.34820298185502047  0.35634344060637668  0.36536899308527049
  0.37494538446306430  0.38359814478431875  0.39256857137772982  0.40393234229104397
  0.41567374323515427  0.42642882080066952  0.43599871965073755  0.44462924037530305
  0.45388950395926159  0.46428465767597066  0.47566368251019026  0.48706858804157144
  0.49772128705653168  0.50805810088196113  0.51740610309104185  0.52587512449225937
  0.53479343589345807  0.54304044057372558  0.55163254550092633  0.56232623207030907
  0.57534957600993730  0.58872655717842126  0.60126014361000624  0.61322006310936450
  0.62496111467823035  0.63601350110787547  0.64688852787774320  0.65878247959007841
  0.67045522459720130  0.68127687649409596  0.69263434524729861  0.70438776809291026
  0.71562401669442344  0.72723490950822356  0.73817495289250823  0.74757006520010960
  0.75592857974018390  0.76418747882016680  0.77155827778509856  0.77876800256811274
  0.78688722061664718  0.79646769488764801  0.80771409240868919  0.81958543418900764
  0.83141347626165230  0.84300018167843382  0.85421178000340248  0.86571507816842330
  0.87760999112826343  0.88824845463395297  0.89758174129623591  0.90748723707105827
  0.91800826628447474  0.92858491676821853  0.93872507934317084  0.94953533054895911
  0.96208922287851584  0.97546567689354879  0.98839444940005816  1.00000000000000000
 -0.00156001736118467  0.00623594336753837  0.01613704292121693  0.02594067970218947
  0.03522373128653613  0.04516197680806869  0.05660573503276296  0.06865491686341024
  0.08074515373787693  0.09265270034410839  0.10468922125402742  0.11722296589266462
  0.13035557980257453  0.14404419095393906  0.15799428407694188  0.17156639750966701
  0.18468817343180069  0.19824707712711886  0.21126375809343884  0.22383896807642334
  0.23344707953588020  0.24316315872707367  0.25300397456704704  0.26197966671760708
  0.26876844173977948  0.27565601807571943  0.28568050808017248  0.29702153504602630
  0.30765409879717248  0.31848032854844727  0.32994609638457262  0.34078754309323778
  0.35165557627867711  0.36219087980422721  0.37291159582817918  0.38511485091791858
  0.39800939012699282  0.41113958805369671  0.42554525554863243  0.43973469543255345
  0.45300973894599483  0.46555588259394121  0.47729506046139414  0.48914406793553600
  0.50079461824635774  0.51179996040740239  0.52257843534091675  0.53339719606517910
  0.54459299199810673  0.55662334844506522  0.56897439663746097  0.58070348855102072
  0.59168251930839078  0.60275719617056334  0.61406283199180789  0.62510928266661292
  0.63672286877553619  0.64809592694759388  0.65737975300030749  0.66636194389520242
  0.67674809694886873  0.68781360785789103  0.69882009931977274  0.70958874186204146
  0.72046669461511081  0.73153134166538147  0.74252716666720253  0.75340816831634072
  0.76413569588815955  0.77457200019784356  0.78475904098462379  0.79499813286304966
  0.80525334665410853  0.81527150025069095  0.82522822412952801  0.83554967091674870
  0.84620351401045590  0.85693556404183890  0.86793787635368491  0.87884808520782320
  0.88815397783250094  0.89563773062360619  0.90093644570812292  0.90756449013082297
  0.91455946358047802  0.92099874567485451  0.92734060409338026  0.93397258887461143
  0.94011908045686710  0.94641594251664518  0.95298199405155393  0.95984132253106003
  0.96792871763478816  0.97744082270287380  0.98814235036597275  1.00000000000000000
 -0.00279014920394288  0.00941462633376465  0.02211510123954957  0.03496842137771929
  0.04786460985770209  0.05959088480428198  0.06917764909601559  0.07724366151091432
  0.08542231474853856  0.09462629592554370  0.10412454544742555  0.11490580145618609
  0.12719552492099775  0.13991311373666576  0.15228804481130384  0.16397275803513964
  0.17530253075273755  0.18581721384953256  0.19598235821456370  0.20623757616777888
  0.21770605640572571  0.22962242206757999  0.24125229687811736  0.25266850341351660
  0.26369401424969691  0.27445409007347177  0.28555251542103838  0.29721896483997023
  0.30907927879888497  0.32067997534558534  0.33227726111703415  0.34434750848884205
  0.35686078300910556  0.36803367953889971  0.37986029931636939  0.39198606408895065
  0.40396381338432208  0.41614370525396932  0.42782663169306745  0.43746666953698904
  0.44424680422439333  0.45088604205062960  0.45964158532439509  0.46756720179001332
  0.47395723632158737  0.47924852844827953  0.48716172171038752  0.49296821160729520
  0.49875245091211573  0.50919753171879045  0.52213504120428911  0.53450665164962607
  0.54562741120820368  0.55568062671651941  0.56483521460719321  0.57381605207187081
  0.58359947302143578  0.59410495765767457  0.60435865478802020  0.61440519655223735
  0.62483522645843392  0.63572777606824837  0.64663218007875511  0.65722574042658166
  0.66785270856850376  0.67825202708213006  0.68891611371571371  0.69999360190383286
  0.70893218656401724  0.71632158725604678  0.72475486990954552  0.73393777879527689
  0.74457775870138421  0.75539511159720207  0.76488174062679892  0.77396794680942504
  0.78288114555795485  0.79179011900423779  0.80006431532199329  0.81285903374873203
  0.82558190400206588  0.83772894161336131  0.84980205929513641  0.86187864852515972
  0.87414637124542405  0.88670981734883647  0.89943151615714512  0.91202341790962893
  0.92417661496129588  0.93624297260915712  0.94801211572090194  0.95961029903815631
  0.97067839491990060  0.98058916799945084  0.99032938264623183  1.00000000000000000
 -0.00213818239445170  0.00832235710820919  0.01873425470959212  0.03037110840463847
  0.04322204047248480  0.05582308973016813  0.06839334102779440  0.08254369538497136
  0.09679117442643710  0.10741450362648752  0.11510409270394291  0.12354862930301029
  0.13228113173670941  0.14040392322360920  0.14882465418540206  0.15679732270214369
  0.16434057244297809  0.17281103031627484  0.18208518832936663  0.19084982098775852
  0.19971463981084825  0.20913454178772120  0.21862491884385946  0.22858141755995301
  0.23882033579715450  0.25011833440642783  0.26125787526794397  0.27253321142405412
  0.28414033932191174  0.29562209687885743  0.30723500287971567  0.31934883224947158
  0.33160863386429840  0.34326286264066924  0.35419425778352104  0.36480373571714797
  0.37400086183409748  0.38204274341826550  0.39038007484144083  0.39876675113590027
  0.40596232638323704  0.41342326038775590  0.42326007957067824  0.43425446240869686
  0.44548528122452941  0.45709330344371757  0.46923134658293514  0.48149438720017246
  0.49341332540762856  0.50491783925931855  0.51586119360968408  0.52771961535741074
  0.53966034343825997  0.55069057674909161  0.56082023527823976  0.57012901001368566
  0.57963670284117219  0.59091949073934635  0.60394013024641546  0.61649256507154504
  0.62692021859736291  0.63641262624454331  0.64599921614227396  0.65610174593240389
  0.66680297544024125  0.67952423332165957  0.69265803422056138  0.70201504121570968
  0.71022461799813352  0.71866568776300410  0.72865651376596896  0.74013893814391196
  0.75112179743023699  0.76084387044725565  0.77043581064911948  0.78096921282192577
  0.79127612279243842  0.80128785454214202  0.81138245315187119  0.82048436332590735
  0.82861070559555594  0.83781861168926808  0.84793318289348141  0.86015032206348729
  0.87321908955169270  0.88558177281543349  0.89749072848245404  0.90902884658165417
  0.92046098564187551  0.93202376426084521  0.94355077314445257  0.95471210928963757
  0.96563110409308150  0.97672125080201411  0.98763062768393417  1.00000000000000000
  0.06800708455487064  0.20908423038883284  0.33272648622611112  0.48394079843800542
  0.59175217819094694  0.62909867696891175  0.64263133605040523  0.65157323172685044
  0.65702831168428499  0.66205527543601173  0.66721984665241463  0.67206449362905107
  0.67636453461681911  0.68027786982602811  0.68399113958206514  0.68758694393301667
  0.69142170674663839  0.69577948226148734  0.70013519037605298  0.70428227994999382
  0.70832228083408422  0.71205526946909659  0.71529333909044557  0.71821989709746104
  0.72115981672998686  0.72401007702311959  0.72686683788190742  0.72936096490985514
  0.73119329557085555  0.73394662646217057  0.73700575422067338  0.73962075608791411
  0.74179741817985345  0.74440583342719902  0.74692661884027767  0.74930565701139484
  0.75145182094440599  0.75379614207220891  0.75589987176056950  0.75763036592196809
  0.75954028032416632  0.76139396482695021  0.76395094982200118  0.76676366505218463
  0.76932785119672042  0.77159553165499883  0.77382399934585389  0.77623141894439740
  0.77861897290973903  0.78096243120999709  0.78321012643055843  0.78520915914113720
  0.78721903290130790  0.78898427359834800  0.79070504576889966  0.79358812629065423
  0.79769304273773078  0.80190680581566987  0.80612027063333180  0.81008898628050741
  0.81394373461577407  0.81768729762049475  0.82133696655364175  0.82511154127336872
  0.82909148503296148  0.83289829222353318  0.83656751549960917  0.84021787583292495
  0.84395449078970475  0.84771981048916623  0.85136289428895384  0.85495201793769227
  0.85864236196468058  0.86247812374031230  0.86628935777248772  0.87013292057146718
  0.87412184513682833  0.87855202529154908  0.88311695186053163  0.88755911494397088
  0.89193468457234515  0.89621156374139466  0.90067387927841436  0.90535390900442092
  0.91005884933986181  0.91497707429144726  0.92041254555250596  0.92634352480981419
  0.93257672631290722  0.93898718328300312  0.94551164561510492  0.95244263510172744
  0.95996220130249144  0.96882857955237556  0.98189154388017219  1.00000000000000000
 -0.03052317656259981  0.12483045935045786  0.23422096185184257  0.26969081314298743
  0.28435676904248636  0.29986696893468767  0.31378902643190520  0.32691291431727032
  0.33734358256350933  0.34788946365570922  0.35968883036342975  0.37077021508671759
  0.38223324462698455  0.39419042861596254  0.40542099252198166  0.41642008181783646
  0.42763881506011792  0.43854025108450712  0.44891740148597503  0.45816451831502902
  0.46743970519785788  0.47503300621466543  0.48197082753724635  0.48875234794439637
  0.49512141352635591  0.50173880259322212  0.50859848505506922  0.51499712649205842
  0.52099825847680314  0.52701729179593060  0.53339731551009906  0.54022789021840989
  0.54744183454053819  0.55479982939348560  0.56161477150620009  0.56782927588945753
  0.57383998279232828  0.57965949819616869  0.58613471167764974  0.59319080256149859
  0.59939977282806478  0.60399051564955764  0.60847218870531450  0.61296047622051741
  0.61743508346395959  0.62202932051429760  0.62589194584948660  0.62879037709108621
  0.63330559682739285  0.63732281656464884  0.64089727149733888  0.64516783399751432
  0.65003726241083226  0.65428949621235555  0.65799729669284179  0.66202692002422625
  0.66597878532942112  0.66949864708578244  0.67293477926637535  0.67610850614531848
  0.67946959659779449  0.68340980567344944  0.68729498021458468  0.69202533919089826
  0.69700863820728642  0.70209739132736015  0.70754142013820709  0.71350602829690246
  0.71938501443015035  0.72500997956198965  0.73063684684063512  0.73621055521330703
  0.74144289669007790  0.74646783666522387  0.75137032641877877  0.75623268923448672
  0.76112512113986486  0.76609362212984888  0.77136441779025045  0.77700475930794977
  0.78288702168034630  0.78888815217745489  0.79509355692696426  0.80149619075890322
  0.80819814299365889  0.81543270187657368  0.82330944342853829  0.83072810653467311
  0.83837645189564847  0.84696075032278950  0.85580290111802970  0.86539297781364344
  0.87660348241892605  0.88901985984341703  0.91059197844535456  1.00000000000000000
   2.9294852728031547E-010  -1.0000000000000000     
 F F F F F F F F F F F F F F F F F F F F F F F F F F F F F F F F F F F F F F F F F F F F F F F F F F F F F F F F F F F F F F F F F F F F F F F F F F F F F F F F F F F F F F F F F F F F F F F F F F F F F F F F F F F F F F F F F F F F F F F F F F F F F F F F
  <DiscreteSampler_grid>
  grouped_processes
  1 # 1 for a reference and 2 for a running grid.
  10 # Attribute 'min_bin_probing_points' of the grid.
  1 # Attribute 'grid_mode' of the grid. 1=='default',2=='initialization'
  0.0000000000000000 # Attribute 'small_contrib_threshold' of the grid.
  0.5000000000000000 # Attribute 'damping_power' of the grid.
 # binID   n_entries weight   weight_sqr   abs_weight
    13   10   1.710521073537108E-002   2.168540585083069E-003   1.710521073537108E-002
    14   10   1.710521073537105E-002   2.168540585083061E-003   1.710521073537105E-002
    16   10   4.106633980670913E-003   1.099842899091398E-004   4.106633980670913E-003
    17   10   4.106633980670906E-003   1.099842899091393E-004   4.106633980670906E-003
  </DiscreteSampler_grid>
