 -0.00248647431598662  0.00900521536458207  0.01999210421555480  0.03114850547123372
  0.04288450084751892  0.05324026589930624  0.06473200033316340  0.07661160196618090
  0.08790024541474478  0.09793237596499826  0.10850568103339189  0.11932447602042341
  0.12961486040659276  0.13920022942796792  0.14889702309692715  0.15863041081718862
  0.16797922990081063  0.17737325070492613  0.18650325061303188  0.19573085720693179
  0.20447920273588371  0.21366196596286352  0.22325737003356852  0.23348197084033756
  0.24426942492917264  0.25515721889816273  0.26628170290568098  0.27687124638884147
  0.28736979211097435  0.29824326539161466  0.30935754045986730  0.32067528152888231
  0.33195026330588101  0.34318285889234540  0.35552215964123668  0.36756954061373392
  0.37975256948922587  0.39133431509468802  0.40278792850310308  0.41424084133140626
  0.42506090281155007  0.43513161249321164  0.44448140090078125  0.45347674835148177
  0.46305686524096729  0.47264331318843461  0.48228137549215488  0.49149089698557946
  0.50102338058454221  0.51102587547792611  0.52098681961056670  0.53059281239677647
  0.54025980610689051  0.55083209917468146  0.56158348885587905  0.57192221798479415
  0.58224688994048146  0.59254927901625953  0.60270204058258448  0.61269883620016141
  0.62253603064139496  0.63272332974155909  0.64327611000248508  0.65436912398854075
  0.66631993603263007  0.67783990101284319  0.68900170877689648  0.70002460661500632
  0.71117853897331673  0.72234995871242980  0.73324999186662920  0.74332737722728204
  0.75342689739293034  0.76324955352505830  0.77305510216923501  0.78295268131226992
  0.79310011113221490  0.80394009425665791  0.81545084936557877  0.82761420559949239
  0.83988388686375759  0.85120504867082536  0.86269478614790196  0.87380509010514951
  0.88435392141950808  0.89507526551231975  0.90624376302941900  0.91805979320155773
  0.93040310925585468  0.94173245600274269  0.95294028333726921  0.96317029122020370
  0.97293377017136984  0.98226147510484518  0.99110073413361033  1.00000000000000000
  0.00000008916068713  0.00000128584200161  0.00000393518134355  0.00000786484310545
  0.00001249411020840  0.00001728875245937  0.00002187788527270  0.00002605631721472
  0.00002958400269575  0.00003256819606816  0.00003459920929129  0.00003595258839522
  0.00003719132979666  0.00003832799119953  0.00003937367060503  0.00004033458501551
  0.00004120448660487  0.00004195174345862  0.00004263390138054  0.00004325355271727
  0.00004381624239633  0.00004432926575494  0.00004478520787037  0.00004519297598949
  0.00004556628531399  0.00004590205614039  0.00004620503764845  0.00004648729187338
  0.00004673339872072  0.00004695418319210  0.00004715900544467  0.00004735968277884
  0.00004753163288954  0.00004768992640514  0.00004783457481880  0.00004797396986006
  0.00004811081896834  0.00004824231412556  0.00004836422941234  0.00004847105961350
  0.00004857635027386  0.00004868080249743  0.00004878213378955  0.00004888290548846
  0.00004898021884585  0.00004907797226412  0.00004917923726904  0.00004928076659124
  0.00004938381837932  0.00004948740548546  0.00004959355972821  0.00004970067168588
  0.00004981058319901  0.00004992468422582  0.00005004499671071  0.00005017831195223
  0.00005032058349159  0.00005046804927994  0.00005061767765855  0.00005077449587379
  0.00005094644751568  0.00005113244983322  0.00005135792533453  0.00005158863611376
  0.00005182739620842  0.00005211045336056  0.00005243180031366  0.00005278283111877
  0.00005316759876757  0.00005361793396278  0.00005411000210745  0.00005465236548743
  0.00005526027063759  0.00005593168635109  0.00005667557450566  0.00005750674758649
  0.00005843652986893  0.00005940426503979  0.00006081777098983  0.00006261120684342
  0.00006457659583209  0.00006681027595241  0.00006931417775703  0.00007246274676470
  0.00007847045198075  0.00008718036574339  0.00009943257788638  0.00011891755437992
  0.00014890156895724  0.00020441222622516  0.00030589300008078  0.00055300315680563
  0.00133168484055241  0.00437451061680286  0.10035170498199994  1.00000000000000000
 -0.00218114685537624  0.00917461994535697  0.01817925788037982  0.02735390234680891
  0.03638504849096653  0.04606702802350213  0.05707401017593874  0.06805349967399210
  0.07875543936589030  0.08951937161022362  0.10026529702068133  0.11076186086149362
  0.12103532050269200  0.13152366682628752  0.14232718635564534  0.15256232657353633
  0.16381488188429974  0.17518929112586357  0.18767493305175337  0.19972482384381596
  0.21112261458538531  0.22245354487183774  0.23387237158702417  0.24497446537276177
  0.25568719945788454  0.26589629410010485  0.27619654984181063  0.28644148548941567
  0.29656364869054919  0.30655371776068874  0.31686581757365895  0.32800547400103958
  0.33871940548793017  0.34915515452876728  0.35937545246970626  0.36942990667722575
  0.37940247836001129  0.38937901846545886  0.39930975920683370  0.40964346460586359
  0.41969937426039372  0.42932390993191255  0.43887322459607309  0.44884371610802998
  0.45950540763923242  0.47085519456142383  0.48196830877245961  0.49386615088081337
  0.50498698385740837  0.51629224155952680  0.52754554144879684  0.53927323145464456
  0.55052124130729418  0.56082085521624758  0.57091044299523153  0.58112495695378741
  0.59190095281706090  0.60252714950463948  0.61249347971777024  0.62244954842983202
  0.63285991545039522  0.64346069316878207  0.65388726571799749  0.66428474628745626
  0.67532239800196858  0.68629385557889366  0.69673589523092239  0.70698063464354277
  0.71750442524822011  0.72842852678642656  0.74006226889305016  0.75109234151539739
  0.76088596759547156  0.77048972158051909  0.77974906837483937  0.78905814112243888
  0.79791982075812784  0.80716468638523187  0.81651643338308133  0.82718001165482613
  0.83721903349088445  0.84827646202500440  0.85972984979152678  0.87241596363448148
  0.88422808115407792  0.89550956865224374  0.90654272509240041  0.91746683202782930
  0.92877319591799512  0.93983865716965331  0.95061812009785862  0.96126458656004377
  0.97114464025286362  0.98084377465700534  0.99024341075242739  1.00000000000000000
 -0.00327344560673352  0.01141916703634130  0.02379835381609759  0.03573952659817448
  0.04668689504128709  0.05707742603731875  0.06692925096860437  0.07674301168576542
  0.08677227328215500  0.09707968423553007  0.10741731026602401  0.11832493765959452
  0.12895999695759422  0.13942557998305347  0.14945122290567456  0.15885373729157021
  0.16827132433138611  0.17784456490746553  0.18796506668463886  0.19833894223777235
  0.20919815806172093  0.22036673926658706  0.23177979446452560  0.24337188775040336
  0.25486323307382758  0.26627045903372731  0.27717225536247064  0.28738510437314074
  0.29763096082317331  0.30814716652687002  0.31920031425931833  0.33038065606261607
  0.34191908988781927  0.35374326265521311  0.36554903518597176  0.37640335543261361
  0.38579444313706990  0.39487184957347143  0.40427866598495449  0.41361878561094345
  0.42265759570306088  0.43157381000486805  0.44105005208922288  0.45099406846594875
  0.46081546109445681  0.47061339751742065  0.48052718934976063  0.49073249046098161
  0.50148662122070242  0.51284190137751973  0.52411881020731887  0.53535114619664292
  0.54623341028446060  0.55653683442991453  0.56718365646671220  0.57814471219320618
  0.58910182631797958  0.59959473383435569  0.60990581156982027  0.62045772609978767
  0.63072391087853052  0.64071576657406037  0.65047157549276946  0.65996242507846259
  0.66949614089066445  0.67913855221653319  0.68856900053264536  0.69986000180370866
  0.71203173461465330  0.72583677108483124  0.73916896654354691  0.75192008719801995
  0.76416882282787879  0.77622617029289720  0.78820749295209480  0.79887392599102069
  0.80888278392161139  0.81842630215285028  0.82776778494697278  0.83745760111548062
  0.84741125073387114  0.85744963707292854  0.86747053841755750  0.87764080365781572
  0.88795195322081122  0.89827505415393150  0.90900922244618987  0.91957827994880426
  0.92999162342829389  0.94050530135492849  0.95138928618837826  0.96211017893326367
  0.97202463595317168  0.98114849465099818  0.99064421187726492  1.00000000000000000
 -0.00191091363754968  0.00724192390275825  0.01594223423834038  0.02451370849356659
  0.03370540949933720  0.04332731896451626  0.05313030499069764  0.06357617525281277
  0.07483946775570766  0.08689363415302091  0.09859542832388100  0.10999354410161892
  0.12099641436457298  0.13134967822246962  0.14190813113764669  0.15212181251283655
  0.16226006522357378  0.17246098084756153  0.18279372768265667  0.19324072861437044
  0.20355736814336250  0.21575508117511000  0.22885844881086742  0.24125747774636710
  0.25376048438295984  0.26634459890627948  0.27875981471488459  0.29086119727136456
  0.30296398439714811  0.31499321960260490  0.32644410089231335  0.33801618417259277
  0.34952406242929868  0.36192754197746041  0.37493951313088969  0.38806459800733378
  0.40112066813130309  0.41420655844797677  0.42712754741794362  0.43937850867218736
  0.45173422972086508  0.46403383496758954  0.47640152044518563  0.48884130850148699
  0.50117694197170948  0.51342966421577874  0.52542722430518507  0.53706271423993979
  0.54847567214873050  0.56003791989806317  0.57165510002298703  0.58331415119202068
  0.59491635780021324  0.60625419799257119  0.61735139540808370  0.62836893170584118
  0.63990664532829244  0.65143145158472060  0.66257503959794228  0.67361336915504044
  0.68447373629835473  0.69466938953190427  0.70452205382459643  0.71421911481715350
  0.72389237819758501  0.73364703002135856  0.74355070172651538  0.75421577221209568
  0.76562718103747529  0.77625832775935211  0.78571821009309051  0.79465364370837677
  0.80266211574717672  0.81060253756214107  0.81842890414612124  0.82603625422838445
  0.83374514094447405  0.84208525748299934  0.85085616558050325  0.86037667461245704
  0.87068362711792613  0.88076074142294480  0.89038478783119190  0.89967174681794615
  0.90818914377294646  0.91665864446973100  0.92467532661851859  0.93223700500866724
  0.93971337337372518  0.94725516454194569  0.95488982516424725  0.96277108444261916
  0.97102139369857032  0.97972558444880053  0.98912997240749490  1.00000000000000000
 -0.00277897119192423  0.01050831536362188  0.02012983724032192  0.03015346365941867
  0.03993508023389579  0.04993638935418354  0.06014069129010050  0.07134812266219981
  0.08274115611521052  0.09439978209729230  0.10545883192312729  0.11584863028260896
  0.12646248447952099  0.13813776332664329  0.14994641219989360  0.16103719966437069
  0.17208234064784134  0.18310506835905827  0.19344445711868025  0.20352735751595452
  0.21369340535078810  0.22344351634666859  0.23279737496829200  0.24188198953812207
  0.25141798677592192  0.26129737773394507  0.27078526349963605  0.28020204046989522
  0.28967371232920569  0.30035060092402416  0.31165350156596511  0.32224005069091877
  0.33290441245516345  0.34327490752242701  0.35460060063820409  0.36588142981745253
  0.37741431223680033  0.39018233142189096  0.40258229341942114  0.41477552995544947
  0.42673662297248022  0.43799715576806963  0.44838969525765693  0.45875286278956146
  0.46899522520348613  0.47912476575521401  0.48873412410906036  0.49807534170071371
  0.50769847328969708  0.51746516304838852  0.52696398193447502  0.53623447644681688
  0.54561468969029248  0.55531015723389476  0.56534326396338308  0.57558632470155624
  0.58537412737551342  0.59553479796218534  0.60589559488371625  0.61680484812620984
  0.62784627557351880  0.63825404807984243  0.64902976169213933  0.66015280112031050
  0.67102270596242952  0.68127504005570994  0.69153483482483036  0.70207104836362577
  0.71198332431173972  0.72146439684623964  0.73116028871307026  0.74172017817427083
  0.75248653402260424  0.76293930081330341  0.77315572190585546  0.78448726612541675
  0.79546181345654243  0.80647996281029566  0.81713236444020787  0.82809423686769523
  0.83919087874966225  0.85046045889171407  0.86200963520268237  0.87296023904358377
  0.88335230468972403  0.89324013812165515  0.90530930576970869  0.91754755092774909
  0.92849285443924878  0.93895065902059949  0.94925858619434822  0.95966543386186864
  0.96969915632934889  0.97922018250971166  0.98968926725149109  1.00000000000000000
 -0.00260485118997048  0.01083537900552817  0.02171554644782197  0.03333075796013973
  0.04475703921819946  0.05661472359450187  0.06845017975632259  0.08008875780349040
  0.09137991534123077  0.10226250974609988  0.11310360703517337  0.12402260522176647
  0.13479354659858661  0.14528041525360813  0.15530638461827906  0.16503930850991885
  0.17493325986384581  0.18475758699941686  0.19477045497611556  0.20450282702658112
  0.21409776418924992  0.22347213112841335  0.23296293611716062  0.24203430967755932
  0.25093921925334867  0.25962864079438125  0.26833711428622808  0.27749119387449173
  0.28745781277444810  0.29795068947587183  0.30814522626322860  0.31782973275169946
  0.32718254592756923  0.33663169405000215  0.34608144553532821  0.35556632041760261
  0.36578649609504310  0.37595253048452787  0.38526788598355766  0.39439360886571689
  0.40374679653859824  0.41327987195145205  0.42306255533470100  0.43309736684403527
  0.44257369438800920  0.45166954084251387  0.46064123655654865  0.46954260724508917
  0.47857829646921057  0.48769287018714419  0.49667019641391119  0.50618587528291770
  0.51635965368597003  0.52693568778657440  0.53775148923325100  0.54814909060303507
  0.55799465602935394  0.56779252336463448  0.57754637898049987  0.58718452207896643
  0.59677784760282393  0.60677370352657056  0.61721413327478214  0.62804543326599771
  0.63849226166685957  0.64838128304327125  0.65796220118736481  0.66763342445161833
  0.67733940025031913  0.68706198088453629  0.69650946209714593  0.70620794709854462
  0.71620034421165757  0.72721165305251079  0.73806956107827237  0.74927977452349759
  0.76080012832248678  0.77221969083608988  0.78304361967622493  0.79411801604349785
  0.80541275324494277  0.81727768548770641  0.82959777338303886  0.84154184936595067
  0.85333932145533276  0.86546463956653830  0.87768159699116854  0.88911531151214485
  0.90117299774347137  0.91441734098832639  0.92759831759714806  0.94204468001903741
  0.95798567073805518  0.97327201779432204  0.98681117679975694  1.00000000000000000
 -0.00268144527311932  0.00983543748033180  0.02028077765938045  0.03055049613493560
  0.04081328286308064  0.05143631073233647  0.06190455075769775  0.07186937379263236
  0.08136925320336756  0.09154530290696142  0.10208386444469399  0.11330934783150980
  0.12416835796604604  0.13474526170301795  0.14482383677400437  0.15446145780826337
  0.16356649303935852  0.17284456201772730  0.18219110883899967  0.19224153976715427
  0.20331812097075427  0.21613332734416152  0.22935306508647785  0.24070451356150854
  0.25102110879441641  0.26128688072761602  0.27213197504333120  0.28300777847057818
  0.29360820808001303  0.30347451823488636  0.31320549815140436  0.32296789823532951
  0.33329180226725402  0.34417669102338400  0.35492203687003399  0.36535404089335266
  0.37565135840070024  0.38629004617349794  0.39756589657495756  0.40856004892751946
  0.41903042790977574  0.42883689601770442  0.43887908393105374  0.45062896655947221
  0.46208263933321136  0.47287376180813079  0.48381522336340532  0.49601068278912175
  0.50782123601905671  0.51891010786166636  0.52910704381111706  0.53919491653855522
  0.54879487722002107  0.55882821314952091  0.56881476526241015  0.57863976763492475
  0.58842756826516640  0.59855449792482707  0.60869312807002807  0.61969870171164609
  0.63009314795414317  0.64081185095711513  0.65131855615386480  0.66209974464077970
  0.67340549122766480  0.68394911040690309  0.69390738877911928  0.70353856144838833
  0.71470671897170046  0.72675615783934666  0.73830155416858845  0.74981658611257296
  0.76086663374271757  0.77207158568879430  0.78321163274812655  0.79470540226715014
  0.80638096923047076  0.81784713402749776  0.82899481646772855  0.83950645715716343
  0.84959639966393397  0.85914597122931358  0.86862348124026900  0.87801463682928815
  0.88790072194284198  0.89798717241874582  0.90857185818737130  0.91950164221455344
  0.93006122099409227  0.94038694776948673  0.95021844163246660  0.96016674755667952
  0.97048332890668032  0.98070313372207696  0.99055216591688178  1.00000000000000000
  0.19635595436904876  0.42953474765300448  0.52997213708979296  0.58765362956599088
  0.61985342816058930  0.63486149031691463  0.64318685014985144  0.64914772417924371
  0.65387572874082844  0.65836180247166542  0.66252139570591795  0.66635656541082255
  0.66986261766853927  0.67322777394735989  0.67655086577248169  0.67981564887654977
  0.68307397918349444  0.68641876505314370  0.68973443126442946  0.69293096540951249
  0.69605181840512997  0.69902782086319992  0.70201364126367238  0.70504613268060412
  0.70806279403222727  0.71112539309135636  0.71415032678964985  0.71710445758737917
  0.72003578086104703  0.72290715117896454  0.72572320639821042  0.72851712655502354
  0.73134373007452647  0.73429390653583670  0.73726012902715155  0.74029992390667931
  0.74327886554704803  0.74623701985990509  0.74916300377453893  0.75227731340720050
  0.75542052212343813  0.75855152908203405  0.76168426026486735  0.76481235514976043
  0.76794471387553553  0.77105056029396246  0.77420136753433977  0.77728707815260523
  0.78042856188498777  0.78354774257864956  0.78655615422324177  0.78964004325623216
  0.79282430028819340  0.79609349626821901  0.79944572451159845  0.80272447852878281
  0.80591634182336092  0.80911426005221165  0.81221458701454996  0.81552009120337488
  0.81881376608167744  0.82205749483501678  0.82535254731222474  0.82871516033776360
  0.83217093131194042  0.83569628416450670  0.83923798585072651  0.84282071462125308
  0.84648995368077007  0.85018415706887573  0.85398017817859007  0.85786697736023609
  0.86168264269347450  0.86551777586974454  0.86940040464416135  0.87323038278732223
  0.87735732404347422  0.88159696000105614  0.88579605989436772  0.88997211541047472
  0.89421246888132144  0.89865236825653461  0.90328976396362981  0.90802307637723001
  0.91286275446553866  0.91792826659522309  0.92334080607646407  0.92900557142968443
  0.93474105557425391  0.94082271999114686  0.94724530414847674  0.95418808146855794
  0.96186766389016376  0.97057825946769216  0.98176797745191580  1.00000000000000000
 -0.02184014312036251  0.13744745714373136  0.17826120143728763  0.20397909246930535
  0.22760871750522596  0.24853417540816056  0.26649212795909649  0.28303446756009942
  0.29818804772792890  0.31219519637142545  0.32625523268741657  0.33929467403994834
  0.35156599766254942  0.36375911651857634  0.37586918355174592  0.38734569454437123
  0.39780636357511290  0.40726311882259247  0.41641808645052980  0.42478810659376054
  0.43287651082553258  0.44092995835051896  0.44879087941425416  0.45640068658333444
  0.46378234237831800  0.47095355258125177  0.47792265259176964  0.48500415706943079
  0.49218471494653554  0.49929705002904989  0.50622044580758263  0.51295564016289208
  0.51967525835103490  0.52647605355754590  0.53318247547236064  0.53985704755425923
  0.54642490754142681  0.55285161296062735  0.55912065524179444  0.56499688636700862
  0.57077363243827950  0.57660068054464952  0.58234772982707927  0.58801228753206136
  0.59365570402048451  0.59950285240456624  0.60539268561052428  0.61109795958871871
  0.61660467052855727  0.62217088574717883  0.62799408930978795  0.63405720130400289
  0.64022720950447642  0.64619128411795401  0.65168725396555705  0.65692164861847469
  0.66222249759711860  0.66766940883323034  0.67313612082649343  0.67885012170773051
  0.68460538208619948  0.69001826364722463  0.69516719890544332  0.70015746814120605
  0.70513670094073111  0.71030238256781197  0.71564323961618115  0.72105467714489480
  0.72651174309662470  0.73153901102073471  0.73637178033645501  0.74119782952333169
  0.74618297689350610  0.75135473711577294  0.75650001074644679  0.76156157027332272
  0.76634357185545698  0.77122792747444768  0.77581228365625443  0.78100928683893234
  0.78609866623408964  0.79113113329847240  0.79633608169360326  0.80187325520050290
  0.80730957838747919  0.81355039947007968  0.82063861337800903  0.82798922694991461
  0.83737440710526390  0.84822776278066636  0.85968650476350827  0.87170156355982709
  0.88425147459706432  0.89944662155719790  0.92192952393022476  1.00000000000000000
   2.2763414799835697E-012  -1.0000000000000000     
 F F F F F F F F F F F F F F F F F F F F F F F F F F F F F F F F F F F F F F F F F F F F F F F F F F F F F F F F F F F F F F F F F F F F F F F F F F F F F F F F F F F F F F F F F F F F F F F F F F F F F F F F F F F F F F F F F F F F F F F F F F F F F F F F
  <DiscreteSampler_grid>
  grouped_processes
  1 # 1 for a reference and 2 for a running grid.
  10 # Attribute 'min_bin_probing_points' of the grid.
  1 # Attribute 'grid_mode' of the grid. 1=='default',2=='initialization'
  0.0000000000000000 # Attribute 'small_contrib_threshold' of the grid.
  0.5000000000000000 # Attribute 'damping_power' of the grid.
 # binID   n_entries weight   weight_sqr   abs_weight
    13   10   4.069936391855753E-003   1.075656975422233E-004   4.069936391855753E-003
    14   10   4.069936391855752E-003   1.075656975422233E-004   4.069936391855752E-003
    16   10   5.421099919321116E-003   1.929850188485822E-004   5.421099919321116E-003
    17   10   5.421099919321116E-003   1.929850188485822E-004   5.421099919321116E-003
  </DiscreteSampler_grid>
