  0.00007133361529841  0.00007283651000352  0.00007506923341322  0.00007752542210966
  0.00007998764933210  0.00008237106821611  0.00008491003114815  0.00008775095360910
  0.00009080447659478  0.00009194929264547  0.00009229938318839  0.00009236533676808
  0.00009239331486639  0.00009241142830175  0.00009242303791895  0.00009242969896759
  0.00009243468705794  0.00009243868226647  0.00009244162071373  0.00009244386575322
  0.00009244563640441  0.00009244718520125  0.00009244851248341  0.00009244962205174
  0.00009245065106662  0.00009245158480852  0.00009245236025032  0.00009245310049742
  0.00009245382040207  0.00009245451078701  0.00009245519252521  0.00009245585836353
  0.00009245652056474  0.00009245720421125  0.00009245789189440  0.00009245863786284
  0.00009245941544716  0.00009246034714601  0.00009246132044391  0.00009246233369963
  0.00009246367097749  0.00009246514129728  0.00009246688134292  0.00009246907561074
  0.00009247174412169  0.00009247526339094  0.00009247945183896  0.00009248491725819
  0.00009249509024173  0.00009251040370151  0.00009253504361193  0.00009258624584470
  0.00009274391160690  0.00009360287299661  0.00009686356392114  0.00010159323462952
  0.00010705827992205  0.00011411466937769  0.00012551723217134  0.00013979748831750
  0.00015803668967155  0.00018251405090465  0.00021428529760015  0.00025333159294963
  0.00030358572476604  0.00036494912039808  0.00043187366991452  0.00050073781003564
  0.00056833488611018  0.00064734145582432  0.00073141910924629  0.00081731160962569
  0.00090445280352407  0.00101271259741324  0.00111300079612003  0.00121167751561433
  0.00132560241897953  0.00147554640224916  0.00166858508333245  0.00189014533570819
  0.00212617088245995  0.00235407001422664  0.00255007501202515  0.00276003234173141
  0.00303113512611841  0.00338381966558131  0.00384038496093311  0.00440303470489192
  0.00502024699833122  0.00580013453446241  0.00674535320236869  0.00832178974029836
  0.01669178616400065  0.03898265102572650  0.05864319116393967  1.00000000000000000
 -0.00942092446716674  0.03591306970041264  0.05798382764238998  0.06649223110580553
  0.07649739106496437  0.08615596712084909  0.09516237028902294  0.10387734178735183
  0.11263064668798312  0.12256743894769902  0.13412889282919618  0.14618228615210682
  0.15764928231978093  0.16855751883400069  0.17954147576321011  0.19054050853149412
  0.20122309519893194  0.21216306771249069  0.22315844090226031  0.23427347425237613
  0.24563998330171169  0.25689745182782125  0.26846314790748338  0.28034081021467228
  0.29247348620317287  0.30490146931788265  0.31741733103441855  0.32969925844020875
  0.34196676988090513  0.35426551020540142  0.36515024874487845  0.37666970508950248
  0.38791161977584121  0.39834860121419963  0.40938543279046480  0.42056967195354622
  0.43196237661180181  0.44293793891082994  0.45324316618201926  0.46347157147552626
  0.47390540769372769  0.48455524253857407  0.49469487820832631  0.50371338066140792
  0.51204227523568202  0.52009366432605419  0.52834002140654535  0.53618353770712357
  0.54451218933470147  0.55423136293245556  0.56473318372198511  0.57561476198042982
  0.58661705999742708  0.59670498974356745  0.60520773381553661  0.61192541451003946
  0.61868061484671955  0.62670801352295447  0.63637561107872376  0.64680229391610511
  0.65757266462076047  0.66855159095013650  0.67968770817704272  0.69097895313504520
  0.70250553270560112  0.71461735900301548  0.72693013065744394  0.73861495351231088
  0.75103786230281133  0.76276137709535186  0.77274296137206344  0.78126484827357134
  0.78967427534014889  0.79706339380853874  0.80498181249556011  0.81283429242593686
  0.81969501529617683  0.82732961646621683  0.83353705512051202  0.84298475558967645
  0.85422048121957905  0.86574561032149100  0.87697546627215184  0.88736025221216264
  0.89775929598821080  0.90794119728114508  0.91792802650368488  0.92760398872496841
  0.93736177010614674  0.94750996585912517  0.95745205664520039  0.96774827092361893
  0.97796072411995150  0.98677084160026907  0.99398247394097594  1.00000000000000000
 -0.00000004071743334  0.00000183258007182  0.00000287801490635  0.00000350933174949
  0.00000472557200438  0.00000656057503278  0.00000872559213234  0.00001126280581860
  0.00001423852905916  0.00001747079925074  0.00002107118630656  0.00002516759101036
  0.00002947509744675  0.00003364521247343  0.00003688537604938  0.00003961138147063
  0.00004235301940645  0.00004525193804288  0.00004841172982772  0.00005172769064424
  0.00005503935012424  0.00005809172835007  0.00006087538318530  0.00006367557366379
  0.00006656268424586  0.00006960270601949  0.00007278657955474  0.00007688642667624
  0.00008165917742490  0.00008610562671513  0.00008978975693093  0.00009298474509467
  0.00009633520224481  0.00009977157502724  0.00010245934261031  0.00010684024543340
  0.00011221191300504  0.00011665742336775  0.00012127649481503  0.00012605818419825
  0.00013120424183736  0.00013654595701495  0.00014339384030976  0.00015230532586027
  0.00016145990501849  0.00017131142606889  0.00018198900183921  0.00019351048296063
  0.00020572346553027  0.00021836612967980  0.00023138543680774  0.00024489191318027
  0.00025864112985774  0.00027214198701396  0.00028490655271518  0.00029767186179158
  0.00031231252464275  0.00032773075398606  0.00034283434919169  0.00035849311913728
  0.00037575289751274  0.00039529398415304  0.00041824235057137  0.00044414463392257
  0.00047143750809848  0.00049876758368781  0.00052781997353832  0.00056190856395156
  0.00059166372335803  0.00061387336236244  0.00063896689691264  0.00066521216597710
  0.00069273932967363  0.00072420959729925  0.00076052403431107  0.00080034973013779
  0.00084685398401248  0.00089688745846225  0.00095452785837719  0.00102125766511953
  0.00109316478957687  0.00116365735899785  0.00123216586230957  0.00130714235636589
  0.00139286725482462  0.00148240525293554  0.00157249924184710  0.00165816949505812
  0.00179270738757433  0.00193663590287086  0.00217843849503415  0.00259775627276096
  0.00330868889052889  0.00482606025275433  0.01378506709266869  1.00000000000000000
 -0.00196745577093988  0.00798481977439698  0.01510951249571028  0.02256556894048567
  0.03021659491063508  0.03723737486910812  0.04425086090267606  0.05136385675083703
  0.05924557370941139  0.06829504859081113  0.07842785058175934  0.08867884930781456
  0.09779686855197997  0.10587196266245323  0.11367513237770262  0.12128772128303272
  0.12894473101956772  0.13728885229083296  0.14675568475892153  0.15724042379263634
  0.16799624296891585  0.17851727542746063  0.18859033095730418  0.19818902439081382
  0.20760975517279318  0.21716202939864077  0.22692623436736464  0.23695654372976649
  0.24731296794405463  0.25791861964504526  0.26861721340175043  0.27915700716022346
  0.28953853412607639  0.30003948226191141  0.31019230448970808  0.31893024773782164
  0.32727411958026836  0.33593383477577471  0.34489732641195348  0.35414866015551144
  0.36384590040131470  0.37350087670724047  0.38285959213402559  0.39207702800565841
  0.40193136386245865  0.41298382147109386  0.42475913598706949  0.43657118920217530
  0.44822453583425337  0.45987507888653184  0.47149666374174143  0.48189300409328312
  0.49015836971740712  0.49812205963475797  0.50708948124026865  0.51642292090068032
  0.52503788075887670  0.53261430266909104  0.54159957418348581  0.55332419035885005
  0.56671715694147617  0.57775735901025593  0.58850048866079918  0.60009684213485803
  0.61203751925018235  0.62427759346937750  0.63703756069784034  0.65132695158852127
  0.66595360778376012  0.68044381553370803  0.69466546880912361  0.70797779354279822
  0.71999572574204629  0.73148862493240008  0.74293961655220442  0.75364250017836265
  0.76432749678539003  0.77553526463515066  0.78740761770772583  0.80053918925188783
  0.81673451842821354  0.83125528991411013  0.84632527972881155  0.86201403771994856
  0.87756661895476529  0.89166807425848815  0.90316448052395171  0.91369287489605289
  0.92494395565121101  0.93684677913671066  0.94771779261154043  0.95614370623939682
  0.96645752542473684  0.97823226386250428  0.98931974062830852  1.00000000000000000
 -0.00301559602963988  0.01014114889771252  0.02186708351815083  0.03376577492783173
  0.04543384622569516  0.05656362825866636  0.06770919179149031  0.07929650661288520
  0.09109792861252097  0.10274142280251648  0.11402560823432076  0.12489567366025865
  0.13594977302130923  0.14801115883308261  0.16082174868470087  0.17376316802315264
  0.18631152070001925  0.19839525355565013  0.21067853303988759  0.22320639281499519
  0.23524122647817516  0.24658903044607691  0.25738848646070506  0.26807967516220671
  0.27928056381411198  0.29116827124009542  0.30328036259813534  0.31521882838538778
  0.32686738693516643  0.33819059311153199  0.34945663079709532  0.36065396360239743
  0.37176808824023383  0.38288745667377766  0.39418616402650436  0.40585139906495388
  0.41746646702394413  0.42856118464766885  0.43853886593024194  0.44790354739772914
  0.45715937861555744  0.46700100105001990  0.47715057272732059  0.48686152665022814
  0.49673486700517072  0.50691289751304847  0.51771552021879408  0.52904473585111311
  0.54092645508543480  0.55348323721169512  0.56621624404173065  0.57822391767344272
  0.58946998793200278  0.60078942675595226  0.61236105890461290  0.62339866496744256
  0.63155988701487764  0.63924206287156649  0.64841592150178373  0.65717357640174145
  0.66590900877185977  0.67475121590149090  0.68301042197046258  0.69178298930115434
  0.70205278566022611  0.71342356472430113  0.72445928516698943  0.73470362638465458
  0.74488757214480938  0.75504333947359059  0.76563880573202570  0.77701341382510591
  0.78868799886860819  0.80042980570474020  0.81229768678648206  0.82425868626965804
  0.83531377192268152  0.84416212776452471  0.85249082547493638  0.85988896225713918
  0.86712950396061195  0.87547098099264997  0.88533488448393660  0.89471121069649773
  0.90378531454020650  0.91355050934498516  0.92382543565864406  0.93434343851756119
  0.94483660359643118  0.95565825460269083  0.96571779730266438  0.97288590308077816
  0.97992797349482108  0.98712473228397402  0.99362564498590755  1.00000000000000000
 -0.00241632908973563  0.00817521516178816  0.01905315631876053  0.02964588236097935
  0.04043819626513633  0.05170021466479563  0.06312272550400104  0.07417967308150898
  0.08467634394109998  0.09487724303699237  0.10493868470774347  0.11356876466427245
  0.12042687945838597  0.12725526420140099  0.13462601394016113  0.14223178281188198
  0.15205416059499288  0.16544782968908245  0.17909217266869024  0.19188114923789579
  0.20456090717154840  0.21753832853768040  0.22993089644408779  0.24207436973084864
  0.25433049182741296  0.26664362067873981  0.27916269372619518  0.29205381665788593
  0.30539891366651423  0.31918666447517352  0.33336127823692951  0.34786809210906500
  0.36248919707423372  0.37666718470954208  0.39172977550757893  0.40617835806521729
  0.42021002629359261  0.43389826296908651  0.44798949260119014  0.46296602493948269
  0.47733159895124555  0.48888046585198380  0.49987754672759194  0.50978793430706904
  0.51847031806720134  0.52837593073937195  0.53831440575190548  0.54873010214128637
  0.55983649891946341  0.57081237777596228  0.57981401976008096  0.58760808150929045
  0.59796797065916452  0.60982553028597442  0.62245223160476471  0.63450866880675638
  0.64542666268662297  0.65662587055973132  0.66814451294852173  0.67954204232853321
  0.69101212594748429  0.70286202620400018  0.71462717531580033  0.72547860207060089
  0.73743860112128123  0.74838024132256864  0.75866600549043794  0.76925492348391578
  0.78051581162136185  0.79136756360751381  0.80070715434818396  0.80879697637903514
  0.81659920884043902  0.82438834624852886  0.83179225031365955  0.83925726634063402
  0.84703962216753748  0.85426576556096756  0.86161139972172673  0.86905294720177506
  0.87696262471372843  0.88523760937951257  0.89357370339540210  0.90127766180137736
  0.90967599367322483  0.91870132140148586  0.92770954365559477  0.93645157002435830
  0.94485618299093110  0.95311720987279280  0.96120239863771784  0.96901093188973364
  0.97671045844059889  0.98445161516123791  0.99219500228804602  1.00000000000000000
 -0.00243394238701020  0.00874923071522231  0.02053968382598840  0.03148459010141235
  0.04179891604196151  0.05156651812834340  0.06150968870540521  0.07255778394392591
  0.08206689069256395  0.09302544046767650  0.10413182123531234  0.11606465842620670
  0.12869230385712849  0.14117973319488375  0.15398982083091217  0.16693648435243047
  0.17960604938968103  0.19208093733223777  0.20475449964780709  0.21769026272711667
  0.23044877936553662  0.24320975897293537  0.25480272412256394  0.26527150840104952
  0.27515937854923433  0.28478543414082935  0.29409148176202465  0.30442600478506671
  0.31400556881802966  0.32195468341689942  0.32955493348139842  0.33710651779596085
  0.34467886070198261  0.35193799877362236  0.36142244270397716  0.37214453503708700
  0.38293485101530533  0.39354908598485544  0.40357112510892079  0.41327461280830508
  0.42353052386058415  0.43393644170661783  0.44444379204563167  0.45517258957178824
  0.46611069951488227  0.47593836348157914  0.48678783099870476  0.49763900053177285
  0.50828955127201114  0.51916783587718174  0.53013526678368383  0.54157808132916108
  0.55347152043601011  0.56542181682154580  0.57738539304744563  0.58943615438019870
  0.60161638704288567  0.61385718484486895  0.62579584314778547  0.63697619740849420
  0.64759194460728919  0.65830376782417521  0.66918899102116725  0.68029794677030508
  0.69160902184597051  0.70223364188728254  0.71267207296747725  0.72334825883450227
  0.73550813084486399  0.74720378411393085  0.75754280314058930  0.76716237429948231
  0.77645007143345779  0.78501441752309375  0.79281992767801113  0.80153152796410376
  0.81195376780946293  0.82263309165403775  0.83335464093518008  0.84454121106461655
  0.85689121184741823  0.86909344406117772  0.88035888202333867  0.89147420533480204
  0.90140655018346871  0.91062130215251380  0.91994540002966674  0.92911734609602292
  0.94023004840879720  0.95192135844782477  0.96132400939590301  0.96963006264453400
  0.97850428483442298  0.98519472369620698  0.99170692419928652  1.00000000000000000
 -0.00294740319474241  0.00961333056199502  0.02230133361443792  0.03494119624655220
  0.04736344677094838  0.05938422606768743  0.07087839275188657  0.08247442099776706
  0.09437281170550726  0.10689002443889452  0.11974592327768785  0.12962988502825837
  0.13738809759503981  0.14412800155373393  0.15165725692656845  0.15991173889694349
  0.16821482877642913  0.17717527326307717  0.18506613894769092  0.19428055179619669
  0.20373887182660549  0.21340728780528706  0.22254054747855825  0.23204616982043147
  0.24329680827481870  0.25468867389077782  0.26426977385187483  0.27258136501119667
  0.28091310786929280  0.28956955304836635  0.29816986387760169  0.30722600062394162
  0.31796017705214225  0.32878517690967601  0.33948106021377195  0.35020057476997540
  0.36105954932675605  0.37266144054380740  0.38575602085734967  0.39820903263595059
  0.40927186346287558  0.42031710110383785  0.43182764483968594  0.44232909095912426
  0.45025766781050475  0.45939296341123581  0.46912127629150890  0.47962731889834509
  0.49130242713340083  0.50284598996004659  0.51383451334313179  0.52424132018947045
  0.53503706282996699  0.54655254314272017  0.55893177350367307  0.57078994562391128
  0.58186088965253224  0.59271358542279273  0.60353566781908996  0.61490384200368442
  0.62785656842784621  0.64084920094954467  0.65387955734772152  0.66699294017611133
  0.67934131989047863  0.69084405333706111  0.70145122023358941  0.71156551614106045
  0.72194271312645675  0.73275063092802351  0.74339208791561984  0.75310032282999784
  0.76159332107430178  0.76934128249894229  0.77790122770440517  0.78732293048154112
  0.79785189304102333  0.81024083196784158  0.82274073564468964  0.83625047287715482
  0.84421407133639070  0.85206604648193041  0.85999604814679198  0.86775258888665674
  0.87525944057475635  0.88192464346229482  0.89154228515038092  0.90351617095084724
  0.91564167666156726  0.92790199755507075  0.94026554108358884  0.95251598827840134
  0.96475647703808809  0.97699105057142543  0.98882067899545822  1.00000000000000000
  0.01850534479792799  0.17235895774706977  0.30795692901488503  0.49126770758698263
  0.59208400788857940  0.62373365941809489  0.64143480936240083  0.65209800274017571
  0.65921025915991449  0.66461490600321549  0.66904968828169153  0.67333537832457213
  0.67734393264774262  0.68115234668789693  0.68482616375090755  0.68850883614654590
  0.69231108950833531  0.69605079813221526  0.69987547721605503  0.70294348980523669
  0.70510961244442683  0.70742370363092355  0.70988168783611327  0.71241643751583350
  0.71501785293320008  0.71755933441770015  0.71983151401219037  0.72277677137861529
  0.72623829010388741  0.72944913579797821  0.73248706855571566  0.73547007885206017
  0.73834627500077632  0.74120329405978613  0.74406089877082038  0.74707665721381544
  0.75035820747327131  0.75370969582323510  0.75715206968948667  0.76081770278011074
  0.76473686871044733  0.76870608236148641  0.77188914353267701  0.77432507406145068
  0.77666673634920691  0.77911729002263075  0.78211080493352159  0.78434712229947834
  0.78635268305065931  0.78861422164224948  0.79128267351744042  0.79391290838677353
  0.79643070224138457  0.79900054685894617  0.80148931622320618  0.80400249829476611
  0.80705293628500152  0.81012293837936966  0.81296302381326757  0.81555252300501968
  0.81825269479957241  0.82031262448284625  0.82220723710696120  0.82408016945807827
  0.82661031702999310  0.82929544038260683  0.83189342225446072  0.83503471168466070
  0.83858370647233760  0.84237820039388978  0.84643741917063398  0.85061152382497696
  0.85492294821431392  0.85930853623083747  0.86308679889627926  0.86688164616860586
  0.87078787232383159  0.87457903534474968  0.87855482403606833  0.88286819113898274
  0.88720426284777298  0.89160232460977074  0.89662418027946134  0.90199273527498025
  0.90754394367829572  0.91322455180194839  0.91912735028013914  0.92519045130108413
  0.93142025749428992  0.93777237053596707  0.94382367893987906  0.95064578563466418
  0.95852650402748663  0.96794386124633791  0.98081365830691003  1.00000000000000000
 -0.03341472941650396  0.18131804714244357  0.24922872311977814  0.27537484734472067
  0.29809938247582962  0.31879552047915100  0.33653996437056383  0.35046135451607974
  0.36312943069672399  0.37555467521575481  0.38776031237545922  0.40045376247153613
  0.41285009030914915  0.42470336771675232  0.43598707415422416  0.44647930993553825
  0.45597663071437805  0.46465809477536230  0.47289399293175954  0.48089950426215416
  0.48892147339806091  0.49711988456712736  0.50527330703161755  0.51308034548697556
  0.51987706327836303  0.52563128944740978  0.53146872270986933  0.53731950680972906
  0.54279384551638410  0.54785732742093129  0.55307375436960504  0.55871421688879297
  0.56424811630789018  0.56902987048207410  0.57422229126252367  0.58006145783169372
  0.58590430048530295  0.59145212905941158  0.59701873516822446  0.60258630182549866
  0.60800402115166108  0.61352722864354736  0.61893043387911284  0.62398192402680197
  0.62903213717445283  0.63452837446952726  0.64049235157207296  0.64667365717469594
  0.65284802498700756  0.65888935998939113  0.66480293060922901  0.67055904251935594
  0.67596899683139222  0.68150559725638749  0.68692214679559649  0.69240344902121442
  0.69774382792491274  0.70296991800105924  0.70816816184555853  0.71343601984858362
  0.71855288212743207  0.72346927007748052  0.72816033720430273  0.73259518549991831
  0.73702216105987373  0.74165035884373243  0.74638805409278319  0.75119404712679483
  0.75603401831437411  0.76072615899565321  0.76525602936621673  0.76961775407136412
  0.77353483803903056  0.77717321254458926  0.78068172557468674  0.78415008748713322
  0.78796004366397532  0.79192419923661184  0.79510404750653407  0.79789611020660334
  0.80212265112923842  0.80666855061861020  0.81132741347345572  0.81630587965750057
  0.82055342669656839  0.82496582209464242  0.82980961107528839  0.83544453275017894
  0.84257482778049675  0.85098462449462164  0.86020512086873635  0.87020322593440336
  0.88256652891558429  0.89739419356715433  0.92572973838626482  1.00000000000000000
   2.9770037312601770E-010  -1.0000000000000000     
 F F F F F F F F F F F F F F F F F F F F F F F F F F F F F F F F F F F F F F F F F F F F F F F F F F F F F F F F F F F F F F F F F F F F F F F F F F F F F F F F F F F F F F F F F F F F F F F F F F F F F F F F F F F F F F F F F F F F F F F F F F F F F F F F
  <DiscreteSampler_grid>
  grouped_processes
  1 # 1 for a reference and 2 for a running grid.
  10 # Attribute 'min_bin_probing_points' of the grid.
  1 # Attribute 'grid_mode' of the grid. 1=='default',2=='initialization'
  0.0000000000000000 # Attribute 'small_contrib_threshold' of the grid.
  0.5000000000000000 # Attribute 'damping_power' of the grid.
 # binID   n_entries weight   weight_sqr   abs_weight
    13   10   2.895107996982341E+002   8.378159606303683E+005   2.895107996982341E+002
    14   10   2.895107996982343E+002   8.378159606303696E+005   2.895107996982343E+002
    16   10   3.640790340042292E+002   1.324867368059832E+006   3.640790340042292E+002
    17   10   3.640790340042292E+002   1.324867368059833E+006   3.640790340042292E+002
  </DiscreteSampler_grid>
