  0.00007137942084689  0.00007255729818495  0.00007429352001140  0.00007592441540511
  0.00007775327537991  0.00007985447698033  0.00008223731979128  0.00008493667811858
  0.00008782490696763  0.00009011588110793  0.00009158740170892  0.00009216253397946
  0.00009229232282748  0.00009234001062834  0.00009237239933038  0.00009239570225903
  0.00009241142125914  0.00009242175389795  0.00009242905368414  0.00009243349019240
  0.00009243748325259  0.00009244082182945  0.00009244380880869  0.00009244609214431
  0.00009244836869314  0.00009244996138148  0.00009245155406982  0.00009245314675816
  0.00009245461546080  0.00009245606861756  0.00009245752177432  0.00009245904075810
  0.00009246063467813  0.00009246222859817  0.00009246404502642  0.00009246627684601
  0.00009246864476999  0.00009247199762581  0.00009247579830358  0.00009248016303099
  0.00009248511648581  0.00009249121246644  0.00009250396669401  0.00009252160859751
  0.00009254817343151  0.00009259992904791  0.00009273666407241  0.00009305624701841
  0.00009422631758246  0.00009717152941292  0.00010167396047635  0.00010719224246814
  0.00011364789167431  0.00012155637349538  0.00013099696587382  0.00014230861307694
  0.00015604215540326  0.00017242385793240  0.00019195869015087  0.00021534326595863
  0.00024306283742765  0.00027461014651788  0.00030818711511412  0.00034565478922321
  0.00038902629873247  0.00043821013146000  0.00049118109332590  0.00055131073841717
  0.00061864899714312  0.00069030430425251  0.00076385288335224  0.00084081190432680
  0.00091946192170149  0.00100865036244390  0.00111477285957713  0.00124533060857738
  0.00138245618283880  0.00152241416989722  0.00167477756717344  0.00186355337792187
  0.00207271042865672  0.00227318950176913  0.00247711884853778  0.00272223638490928
  0.00300143503744061  0.00331797612942080  0.00365888869067369  0.00408177828451171
  0.00459126419008086  0.00522546007233636  0.00576935281237618  0.00649458317498157
  0.00758786472300320  0.00915833503867553  0.17567640048684824  1.00000000000000000
  0.00000006346404765  0.00000095238371349  0.00000731432577492  0.00002305314907355
  0.00003197830872095  0.00003653987072900  0.00003912805153933  0.00004052701150890
  0.00004176276750219  0.00004289664969038  0.00004377888583985  0.00004433156179191
  0.00004477050054911  0.00004514835506135  0.00004544550622412  0.00004571268657834
  0.00004594887153781  0.00004620095618060  0.00004644329235375  0.00004666607389667
  0.00004687200745283  0.00004705348089271  0.00004721298291547  0.00004736291824261
  0.00004750189199988  0.00004763476948888  0.00004775960598143  0.00004787261444401
  0.00004797879178569  0.00004807806290575  0.00004817574751680  0.00004826804250350
  0.00004835653343402  0.00004844221600047  0.00004852430650400  0.00004859967385910
  0.00004866551202917  0.00004872726708745  0.00004878666368896  0.00004884319271931
  0.00004889681844473  0.00004895199125821  0.00004900222949849  0.00004905046661546
  0.00004909730504973  0.00004914419814256  0.00004918991051713  0.00004923295288044
  0.00004927514179044  0.00004932497565222  0.00004938438903311  0.00004944381476553
  0.00004950519950418  0.00004956932100123  0.00004963547225666  0.00004970379145858
  0.00004977426271715  0.00004984655753760  0.00004992010447736  0.00004999649860064
  0.00005007170351742  0.00005014670755721  0.00005022236726161  0.00005030160470193
  0.00005038680369946  0.00005047796200996  0.00005057434439895  0.00005067712698553
  0.00005079060222316  0.00005090523900744  0.00005106231646287  0.00005120722486057
  0.00005135349594373  0.00005151083285863  0.00005167983939001  0.00005187181429840
  0.00005208543826495  0.00005235872757814  0.00005267701789358  0.00005303317657416
  0.00005344533800862  0.00005392791791806  0.00005461456897221  0.00005557408125752
  0.00005666751660422  0.00005791149160691  0.00005948355925569  0.00006211488082647
  0.00006450015398168  0.00006682275964878  0.00006964027691617  0.00008214208241685
  0.00011665057421921  0.00023691753692937  0.00090821650187800  1.00000000000000000
  0.00000010245111835  0.00000184815454318  0.00000321380348259  0.00000482592370856
  0.00000670128620121  0.00000917850271826  0.00001185449324658  0.00001471925506092
  0.00001766532943501  0.00002030704966865  0.00002272189772503  0.00002539310114230
  0.00002804256382777  0.00003054928476913  0.00003294365392883  0.00003533187075664
  0.00003774977689612  0.00003999781473163  0.00004222189918813  0.00004445910106747
  0.00004664276845244  0.00004896231840566  0.00005149989438545  0.00005441393885746
  0.00005741602309765  0.00006009179602458  0.00006251106244427  0.00006506121009071
  0.00006796096177435  0.00007138006906812  0.00007534444129564  0.00007950656931148
  0.00008341555696355  0.00008735528820587  0.00009174084387231  0.00009638163626028
  0.00010122755855418  0.00010621189187419  0.00011101506831601  0.00011556346233413
  0.00012003939774732  0.00012441815747735  0.00012949381041685  0.00013580524959888
  0.00014225190989504  0.00014857918388926  0.00015550614549363  0.00016363948910747
  0.00017309581013225  0.00018331211264987  0.00019381194590799  0.00020477366377447
  0.00021751549044745  0.00022950172742106  0.00023966899999677  0.00024891820253740
  0.00025844006895757  0.00026863561248407  0.00027912458176229  0.00029269788911528
  0.00031034462806616  0.00032729792552879  0.00034161834409209  0.00035528699795483
  0.00037117718067340  0.00038851320507104  0.00040526623852697  0.00042514248950901
  0.00045091009748797  0.00048168754962861  0.00051674861964013  0.00055584087668915
  0.00059777859715870  0.00065173141828656  0.00069855693087881  0.00073675079781774
  0.00077076383639187  0.00080389641830784  0.00084050878826791  0.00087988302352397
  0.00092019353987185  0.00096242691689787  0.00100555865476942  0.00104323930809269
  0.00111779130581801  0.00123551106284850  0.00137683985432148  0.00146635588216844
  0.00154225668384241  0.00162319103523373  0.00172492959180938  0.00189012198941856
  0.00213574327974187  0.00245226021816702  0.16315177509377826  1.00000000000000000
 -0.00193019416724071  0.00808937902232713  0.01523747199890266  0.02263075676585018
  0.03078661607460918  0.03952370561361452  0.04814261486075762  0.05672797600876095
  0.06588870885682910  0.07551215475753888  0.08513169563967092  0.09415813996793643
  0.10183178897138534  0.10867342349119785  0.11606811203114568  0.12420417545717467
  0.13339432432326259  0.14297047552563469  0.15233977764805492  0.16138934140450290
  0.16933147669028942  0.17577246453626644  0.18260421120711748  0.18967657205188937
  0.19818296876551345  0.20863514895037327  0.21854368106262512  0.22727436859589814
  0.23587019291951217  0.24468601781788757  0.25445301198506837  0.26410069637346684
  0.27381436505054840  0.28374598233437126  0.29440435967707268  0.30432673997053228
  0.31262639270697878  0.32059524172468551  0.32993787982214262  0.34144163557584112
  0.35226304196087266  0.36201903616110859  0.37152545805045756  0.37989268003977578
  0.38826026175540396  0.39780787265480971  0.40732230030650229  0.41810018037377650
  0.43084907008682372  0.44225488788636230  0.45472370542752993  0.46800298988460570
  0.48020697055670974  0.49147576779540203  0.50279549962486692  0.51611468781075454
  0.52979124427318225  0.54058447612743010  0.55025991140094888  0.55868032780023502
  0.56680622740696041  0.57489529012868168  0.58612174106410819  0.59858563238181295
  0.61160913099400571  0.62261760774102815  0.63168938842005196  0.64082324544513469
  0.64996930504701389  0.65927116210949932  0.67161270180197297  0.68186510345302709
  0.68971974146430448  0.69966134075675979  0.71184268561892516  0.72423865620197081
  0.73695736863053718  0.75039049558836957  0.76326037637921218  0.77592872282869452
  0.78895906607070543  0.80257541511425745  0.81606255592820942  0.82879225272087775
  0.84040087579088785  0.85190112125948825  0.86384363212930781  0.87817434236059078
  0.89417066254845745  0.91070198818605985  0.92627587535834133  0.94084484261227319
  0.95539614074641821  0.97021359482594660  0.98457243838027431  1.00000000000000000
 -0.00336915496006355  0.01101185887982720  0.02314932560863052  0.03458639073188526
  0.04548481044898112  0.05629604295152026  0.06719843200588765  0.07776491428822106
  0.08768478166335220  0.09686248109549074  0.10491883534364116  0.11312449880188201
  0.12167240044558114  0.13008426181864907  0.14077234359524005  0.15178023881258795
  0.16214323299964689  0.17231875084109605  0.18319762494248190  0.19414789513145542
  0.20569145055709312  0.21647786403088562  0.22703316498837744  0.23790416091258984
  0.24928988635265109  0.26049420028845011  0.26905409090995269  0.27675557152187935
  0.28318022418103939  0.28974953350208282  0.29612784562048838  0.30263311830114692
  0.31085273634778143  0.32254853456404786  0.33587275808081235  0.34969114107873867
  0.36242780540437769  0.37481149163613398  0.38525196915668869  0.39555962162215769
  0.40581605929514364  0.41602063379561788  0.42655420715244319  0.43649532180828188
  0.44582652133047779  0.45610726584356115  0.46506976854480786  0.47295836909804018
  0.48323188496412028  0.49345087204170712  0.50466543087800297  0.51909862025860654
  0.53403760750793838  0.54560159422786814  0.55749229927292965  0.56815992931244064
  0.57608371691055760  0.58375726078064105  0.59147826028227246  0.60076101230750323
  0.61087843173959955  0.62233305673207773  0.63492733813722313  0.64748915822229691
  0.65986522005614101  0.67237303144471838  0.68478903955812864  0.69701624181762223
  0.70951894714220132  0.72194370777283445  0.73303444940017737  0.74345429537846863
  0.75418396418436018  0.76575742167940453  0.77856566207473066  0.79220941230604525
  0.80477038877692730  0.81403386660638122  0.82173867965855363  0.83110481889136378
  0.83975611869532996  0.84893062346960779  0.86026243849516226  0.87194573474392001
  0.88375601900824308  0.89568002620465803  0.90746730373138462  0.91704157520880991
  0.92710732907613780  0.93645422763803143  0.94673960948654856  0.95748265770986207
  0.96851024722608992  0.97958479311147262  0.98997354416540029  1.00000000000000000
 -0.00301529189824639  0.01027107116648718  0.02131780821067253  0.03131976968992880
  0.04024404200876653  0.04908179424831478  0.05693001037869277  0.06560943542252985
  0.07479518442914196  0.08488388435124529  0.09371745864664889  0.10246077840373463
  0.11162638945061497  0.12022531264800169  0.12864767964373852  0.13852624458903859
  0.14879758314448061  0.15872201441615616  0.16880510418537692  0.17846767073110906
  0.18585169053829612  0.19554547526511507  0.20585194701444934  0.21583213970287149
  0.22757044745938029  0.23993965592002606  0.25164497814657022  0.26306120296383090
  0.27357300712494703  0.28593493584820062  0.29900016013262376  0.31124140749503820
  0.32340003261992983  0.33558856111311602  0.34923415921067213  0.36360396886059060
  0.37758911319641009  0.39124303398865978  0.40419661203975327  0.41678697722676072
  0.43039929477867406  0.44435922642140840  0.45775063920787046  0.47105962982590466
  0.48411305678053951  0.49540626718954828  0.50458722001130585  0.51436244272349618
  0.52334724577313929  0.53420240281642273  0.54639325937818084  0.55836464013879950
  0.57086356886275769  0.58410162166493318  0.59700416972157400  0.60885687170532898
  0.61981112198811250  0.63097306944429421  0.64275362562236882  0.65403737221461877
  0.66431919548007756  0.67411770844855334  0.68366328500820639  0.69299689371535522
  0.70393341688301037  0.71661415753506075  0.72912061148146567  0.74128717053306870
  0.75316859716331352  0.76500870731121384  0.77644311879067129  0.78715443491248616
  0.79782605123992723  0.80878590001186157  0.81972124523698553  0.82997564458383211
  0.84026171153146290  0.84886210304853515  0.85753247394589593  0.86564819361587286
  0.87302307639890742  0.88192800976122987  0.89220860823820169  0.90268868188558049
  0.91272911615586638  0.92230839688676070  0.93134363354662020  0.93972058061267461
  0.94719876884809728  0.95405413426680430  0.96098648079755666  0.96779026775321952
  0.97448249424258637  0.98120728010099934  0.98976439301681729  1.00000000000000000
 -0.00359930305262050  0.01198128045521701  0.02446437312670558  0.03668887615870189
  0.04924340057192454  0.06175711218456303  0.07393638558513130  0.08575717099153395
  0.09698371721535530  0.10742073772436378  0.11725549952544802  0.12666526962210017
  0.13598644829479573  0.14545916050041358  0.15543185416728184  0.16644963372565913
  0.17873539143248421  0.19192722229868844  0.20580898703321912  0.22007067250282830
  0.23373560812878652  0.24590070548252335  0.25789430915089506  0.26982763838377471
  0.28151787716688764  0.29291880501671608  0.30418885851880578  0.31589869790907182
  0.32791834352029919  0.33881746525992479  0.34795084592337167  0.35731536220175919
  0.36725509595247857  0.37749736464690969  0.38863185137843559  0.40146606448386302
  0.41350704207099581  0.42336139233975312  0.43257114655330614  0.44264223273752068
  0.45291767307149744  0.46180983740404935  0.47038144412752603  0.47905026963482639
  0.48744607384438848  0.49739379238182913  0.50844495652496302  0.51696862666997567
  0.52429557957328665  0.53136422947752071  0.53880690571726031  0.54766964579354427
  0.55693567749321105  0.56597824318441448  0.57433830060884861  0.58170080168083371
  0.59188603297511388  0.60475533921582048  0.61717935969320170  0.62759808895036640
  0.63683987435983980  0.64316942110817521  0.65273843245462904  0.66040594580500778
  0.66686674479170926  0.67445159293853807  0.68459837614953445  0.69622122421363153
  0.70825603803417114  0.72029819027681830  0.73246472207934721  0.74435552482814449
  0.75699608474399982  0.76908864388420861  0.78137161238980379  0.79246822033896136
  0.80196713156498367  0.81159880918605509  0.82270013089192562  0.83417553999618421
  0.84625740815128903  0.85741395239099960  0.87135907835407456  0.88276209393854299
  0.89238339731960281  0.90117458324593147  0.90943166812097009  0.91986683076452669
  0.93072883095138637  0.94035301464375531  0.95027935398237606  0.96132473999487522
  0.97238223467274409  0.98226652078519161  0.99123854172311177  1.00000000000000000
 -0.00296306255291463  0.01010142308342655  0.02253147863689624  0.03365959602654812
  0.04357978270711917  0.05286555580119594  0.06220482311383483  0.07273166134269113
  0.08388777913037659  0.09541863841523553  0.10676909105268249  0.11806383361083907
  0.12926156720665855  0.14088395395309397  0.15351102364622005  0.16701604473139925
  0.18037172839295787  0.19187442704815591  0.20088056984699262  0.20930452262448765
  0.21917486138852019  0.23090547179280632  0.24269556913247883  0.25322241498558806
  0.26381413145983829  0.27543343561560246  0.28809235454237420  0.30176787597569921
  0.31441647593530775  0.32706842627905175  0.33932131696760465  0.35142032060538403
  0.36285358200276757  0.37357362740468925  0.38399322216468196  0.39491012507833351
  0.40622705364145939  0.41666250768748436  0.42622635378651874  0.43635245879066703
  0.44783066344404787  0.45870767196444606  0.46671356941184738  0.47413529419591244
  0.48210433559055021  0.49127745591242372  0.50046967752668858  0.50964614987779067
  0.51959577094083864  0.53139164751008428  0.54454060151558736  0.55773225640539392
  0.57036947685103589  0.58264109155345045  0.59495637184869310  0.60723613835924939
  0.61971133547549118  0.63216956098699739  0.64362769254217411  0.65450681440817060
  0.66504681680636890  0.67250114311026155  0.67913987887906724  0.68645082778727406
  0.69142933279601948  0.69672988139296887  0.70745833523773616  0.72096687643809332
  0.73368407718187689  0.74656321425420480  0.75754937163824276  0.76703299020072691
  0.77374819359764690  0.78122615798962258  0.78902686992903970  0.79725459876685512
  0.80656858582493363  0.81457625577238746  0.82130742909621102  0.82790143697282448
  0.83703630805813489  0.84693264687569381  0.85822376400059397  0.87058253839726663
  0.88089471947836095  0.88996173480075624  0.89810910696989310  0.90662663789444320
  0.91624240717834393  0.92744624682852950  0.94012564897529349  0.95316889593336762
  0.96589487345399661  0.97818745933249485  0.98908462138319597  1.00000000000000000
  0.03738374681824824  0.21532926711266132  0.34435312483513614  0.48804478261130002
  0.58343898749972345  0.62674801177980533  0.63989824821467056  0.64661152208265438
  0.65182122269526921  0.65662296414087873  0.66147691910902273  0.66596622187598942
  0.66995576962906866  0.67364437320609150  0.67759977247490799  0.68220228477480205
  0.68677226133387503  0.69140347831788551  0.69591768747160154  0.69997863894208912
  0.70333117839036718  0.70601742304356618  0.70870354023067628  0.71180584194545038
  0.71461987242715197  0.71743788976007272  0.72028554165657643  0.72291960266874089
  0.72568548132877808  0.72872208910060987  0.73158978136065544  0.73434397001000373
  0.73714901305293101  0.73976481127793070  0.74205811081321049  0.74490848627003192
  0.74812071557557824  0.75091320532087968  0.75313617676695443  0.75512226656351888
  0.75750182895000306  0.76015915459752315  0.76273964304314490  0.76515754851209217
  0.76799560315146964  0.77143618076341591  0.77504363034382651  0.77874981149307099
  0.78242368285465569  0.78601937623511953  0.78964520836265550  0.79329596613087039
  0.79695602220581896  0.80074751066849859  0.80441736089624993  0.80821104145682743
  0.81195677439273584  0.81542719550498499  0.81870294571553603  0.82195436213617223
  0.82520979327969124  0.82852505923209496  0.83194377115650842  0.83547006444364003
  0.83902155140827395  0.84274501342999342  0.84670437848176983  0.85153434901744607
  0.85646422113994136  0.86049202025386140  0.86377662609040540  0.86692650820734785
  0.86998739364571254  0.87279264659305622  0.87554691244220306  0.87925221094872430
  0.88329679626646485  0.88667126671691066  0.88997371348604026  0.89308946119057153
  0.89597536665178490  0.89946748681494437  0.90337522805636694  0.90775378818255048
  0.91344952783386202  0.91990298752952138  0.92630662837923894  0.93244111711457978
  0.93847179053694030  0.94477577401679202  0.95150301327956932  0.95814791760499529
  0.96488974198495037  0.97215382127712535  0.98283573716955497  1.00000000000000000
 -0.04011268551543221  0.13857814736234297  0.23159617580521333  0.26798971205090250
  0.29026180938448415  0.30892332191239674  0.32422188547905600  0.33724571487783606
  0.34958438860249491  0.36213272909828387  0.37444675448433462  0.38494727025763759
  0.39398356633178894  0.40302747917135323  0.41244500987893362  0.42042340643012338
  0.42999662032411434  0.43903278735396795  0.44873937563311461  0.45857057610103208
  0.46752069370576993  0.47569205315256380  0.48435465765211483  0.49296679694767181
  0.49812490491912131  0.50285020530877189  0.50796003815303326  0.51389638932834625
  0.52079597144320122  0.52792698902856361  0.53522204032599663  0.54270359212021890
  0.54977701243489563  0.55597686754216469  0.56168694530420971  0.56714535949103084
  0.57226141020910648  0.57726501642701611  0.58216956202425929  0.58754513825531174
  0.59314336359295960  0.59915213503216425  0.60520284743687658  0.61150110024092086
  0.61790303585998441  0.62437628447470284  0.63101878098142716  0.63703874905458246
  0.64167944060509219  0.64643782358147861  0.65099269856700226  0.65508794247064317
  0.65974706976174868  0.66488254178814588  0.66983969433165913  0.67447280663396991
  0.67892306465981511  0.68340226606944832  0.68787758068680416  0.69251733347927991
  0.69792510191821977  0.70388337358515207  0.70971393542903627  0.71520870731636688
  0.72047440083110470  0.72522278181426880  0.72927660209624390  0.73358364397444964
  0.73742170287888043  0.74080930270610679  0.74443585818842983  0.74802957810322168
  0.75153769684846139  0.75553177250911463  0.75986140223090826  0.76453490200403351
  0.76942643906320851  0.77381353896695160  0.77765660392485203  0.78157707834313439
  0.78573782223585886  0.79007351541999382  0.79485341809973964  0.79991603997001892
  0.80539621973697739  0.81158151101359388  0.81831160318950180  0.82545430850680812
  0.83290985225622172  0.84031434685641970  0.84910607286133188  0.85849919138053254
  0.87004781829678390  0.88419814775282091  0.91117180981722035  1.00000000000000000
   2.9352719025103723E-010  -1.0000000000000000     
 F F F F F F F F F F F F F F F F F F F F F F F F F F F F F F F F F F F F F F F F F F F F F F F F F F F F F F F F F F F F F F F F F F F F F F F F F F F F F F F F F F F F F F F F F F F F F F F F F F F F F F F F F F F F F F F F F F F F F F F F F F F F F F F F
  <DiscreteSampler_grid>
  grouped_processes
  1 # 1 for a reference and 2 for a running grid.
  10 # Attribute 'min_bin_probing_points' of the grid.
  1 # Attribute 'grid_mode' of the grid. 1=='default',2=='initialization'
  0.0000000000000000 # Attribute 'small_contrib_threshold' of the grid.
  0.5000000000000000 # Attribute 'damping_power' of the grid.
 # binID   n_entries weight   weight_sqr   abs_weight
    13   10   3.560076269110711E-002   4.029970108736696E-003   3.560076269110711E-002
    14   10   3.560076269110679E-002   4.029970108736613E-003   3.560076269110679E-002
    16   10   2.345760717703643E-002   3.025461595386942E-003   2.345760717703643E-002
    17   10   2.345760717703629E-002   3.025461595386927E-003   2.345760717703629E-002
  </DiscreteSampler_grid>
