  0.00000011261358406  0.00000023989309512  0.00000047960068383  0.00000120144187530
  0.00000214066914752  0.00000362763963369  0.00000599389805760  0.00001003410760517
  0.00001868672485456  0.00002919793541529  0.00003395845476788  0.00003630611360215
  0.00003759441987087  0.00003829934369036  0.00003896898074575  0.00004016104424265
  0.00004051667883940  0.00004090866568376  0.00004166417853139  0.00004224174143777
  0.00004255834301196  0.00004313705306881  0.00004379476644545  0.00004429787218497
  0.00004469969534460  0.00004504626119091  0.00004525623184978  0.00004543143430290
  0.00004560030441272  0.00004576881091896  0.00004597257988048  0.00004612879224929
  0.00004625835978250  0.00004637853264390  0.00004652819794648  0.00004671103036464
  0.00004690426286898  0.00004711034246530  0.00004733420514904  0.00004753621965980
  0.00004773560832381  0.00004792283551593  0.00004809081472752  0.00004826088062219
  0.00004836972039724  0.00004845279236729  0.00004851059992603  0.00004856351328962
  0.00004861725580785  0.00004867027957763  0.00004872554896637  0.00004880341143871
  0.00004888345630650  0.00004895199585062  0.00004899034994633  0.00004902668803883
  0.00004906302613134  0.00004909869755432  0.00004913406102263  0.00004916942449093
  0.00004920413994301  0.00004923784659336  0.00004927155324370  0.00004931615426584
  0.00004942003197864  0.00004955646324330  0.00004970499786291  0.00004984969477304
  0.00004999279911904  0.00005015223112148  0.00005032445771998  0.00005052777599200
  0.00005074331472522  0.00005096921271704  0.00005121708257201  0.00005151320952491
  0.00005187293433080  0.00005228761792109  0.00005283605888145  0.00005344764891834
  0.00005435114211399  0.00005549474495673  0.00005735496608157  0.00006041094432233
  0.00006489894431352  0.00007114218962233  0.00008437859107075  0.00010766453465320
  0.00016273810121712  0.00028095991000419  0.00041129042187083  0.00064926723331048
  0.00114435425281137  0.00309877466311677  0.18907285750907837  1.00000000000000000
  0.00007130160325783  0.00007263539758217  0.00007472476834215  0.00007693542492648
  0.00007927984272782  0.00008187918517606  0.00008475002942436  0.00008685181182628
  0.00008826836994277  0.00008976209142373  0.00009112517427919  0.00009153599459670
  0.00009188526337196  0.00009207641494735  0.00009212570777185  0.00009217500059635
  0.00009222429342084  0.00009227358624534  0.00009232274023253  0.00009237179532963
  0.00009242085042673  0.00009246990552382  0.00009251896062092  0.00009256839531272
  0.00009261800200346  0.00009266760869421  0.00009271721538496  0.00009276682207571
  0.00009299601392930  0.00009335364398681  0.00009419900084951  0.00009576105534796
  0.00009828525257285  0.00010159370807379  0.00010551311212128  0.00010995194509328
  0.00011509323012334  0.00012074590508124  0.00012688148942149  0.00013378352639707
  0.00014129743760358  0.00014895096288722  0.00015689480765102  0.00016525319928207
  0.00017369988261444  0.00018294990754727  0.00019268539499096  0.00020314625103903
  0.00021477077053544  0.00022841165141975  0.00024239918649722  0.00025665065108036
  0.00027143574635000  0.00028927254594169  0.00030555724383224  0.00032193949617049
  0.00033860163630886  0.00035742373820619  0.00037858740780138  0.00040565952201211
  0.00043433124981530  0.00046074216446283  0.00048399624562519  0.00050420238228988
  0.00052407503064709  0.00054966831511081  0.00058001340875368  0.00061762913837832
  0.00065930979791319  0.00070241729450492  0.00074588623425289  0.00078696951782579
  0.00081931794036802  0.00084793009147649  0.00088237900542097  0.00092264026763622
  0.00097312007792281  0.00103173271079398  0.00109640230287760  0.00115872224458541
  0.00123525565317230  0.00136637142924821  0.00153329977712678  0.00168844083618971
  0.00181519583783736  0.00191926049340106  0.00205786007318877  0.00220141397286224
  0.00235673936746440  0.00258999863169214  0.00296157607802286  0.00345970898325685
  0.00435793575265084  0.00510096725615003  0.24141347839503041  1.00000000000000000
  0.00000015872472787  0.00000346333499167  0.00000481246052199  0.00000604740151148
  0.00000727903613875  0.00000853674348034  0.00001000346695301  0.00001172841088238
  0.00001356971891534  0.00001512009105579  0.00001600596439137  0.00001686410975310
  0.00001754092795605  0.00001851881712060  0.00002021872993686  0.00002223265785404
  0.00002435909345537  0.00002619054914012  0.00002712013240978  0.00002772693467583
  0.00002822316177978  0.00002880859672629  0.00002958941011338  0.00003014073982757
  0.00003062716807522  0.00003112028307067  0.00003160883023863  0.00003250249451164
  0.00003351193771452  0.00003464605053367  0.00003606190502689  0.00003747391388357
  0.00003909873708108  0.00004078205211661  0.00004375710949751  0.00004642737284027
  0.00004973364756055  0.00005232410878868  0.00005415722664171  0.00005558640816685
  0.00005744834209868  0.00006015946861234  0.00006377100189135  0.00006799995824899
  0.00007210968697634  0.00007569639243831  0.00007937484191851  0.00008366419978998
  0.00008809282406999  0.00009384198174453  0.00010039380250508  0.00010793604236832
  0.00011571055486143  0.00012162061754423  0.00012409562016211  0.00012657062278000
  0.00012915014474671  0.00013216222192510  0.00013517429910349  0.00013818637628188
  0.00014029137867422  0.00014237322474818  0.00014445507082214  0.00015072343381561
  0.00015879322629312  0.00016395328223385  0.00016804469938517  0.00017194753733563
  0.00017705955670836  0.00018703685245473  0.00020005165923242  0.00020662126919415
  0.00021256253914139  0.00021844713190796  0.00022373545683424  0.00022833957812315
  0.00023642346439006  0.00024741375372737  0.00025961502315894  0.00027967849535674
  0.00031021895961931  0.00034220950125852  0.00036870309779038  0.00039391371821774
  0.00043487817659572  0.00045789253547346  0.00047174309173298  0.00050781697451319
  0.00054902456202591  0.00060050873513006  0.00067103456371562  0.00082055439950411
  0.00104377315138293  0.00135466975586192  0.04543803269929821  1.00000000000000000
 -0.00304618140610581  0.01665765305631316  0.03221579515327818  0.04081111924540788
  0.04718435835221799  0.05106622590426452  0.05470806116195272  0.05894503937180688
  0.06707113196131610  0.07832527787680121  0.08852315410029456  0.09886477000029639
  0.11085926638487453  0.12234115242829335  0.14138407370077929  0.15336127334602587
  0.16367073164809548  0.17105258525198494  0.17789537925259682  0.18527494280581791
  0.19051083243258718  0.20220750195188417  0.21593502761259570  0.23174644753546819
  0.24709998642257616  0.25814106664629333  0.26713955053875793  0.27625015054900626
  0.28479335928503258  0.29820821499675293  0.31688116755310780  0.33436703440621263
  0.35076829432597390  0.36227077734971114  0.37120267854929956  0.37849590118716647
  0.38617891590963288  0.39355437378175334  0.40504152670888338  0.42012838078458670
  0.43295729532115956  0.44631889071121045  0.45903667705048840  0.46960577013611843
  0.48571274530349706  0.50106657748595762  0.51522293065506564  0.53093754159821216
  0.54208013640470054  0.55007912173581630  0.55478989934985223  0.55992266618396458
  0.56553689974269050  0.56961092375869327  0.57501380466115393  0.58157255658151163
  0.58649928680148600  0.59374067742892955  0.60207522470438424  0.61052889600272753
  0.62219892088580508  0.63794391705486886  0.65477437209755518  0.67122428379296595
  0.68895324649690171  0.71116925154888821  0.73385858464677889  0.75297505342153370
  0.76782671664991486  0.77842303829849280  0.78632026511510222  0.79413160784956449
  0.80266528443814456  0.81220009253992431  0.83039259174066105  0.84574519526746450
  0.85663825054720932  0.86874253023153825  0.87777105448037984  0.89254264909394454
  0.90725804327446535  0.91859967810752186  0.92728150965402423  0.93691784086041063
  0.94073113549488141  0.94384025435239371  0.94694937320990613  0.95009392051570518
  0.95344313017669247  0.95679233983767975  0.96014154949866704  0.96415102124066521
  0.96876648780055830  0.97338195436045138  0.97799742092034458  1.00000000000000000
 -0.00583147479514329  0.00309905539388571  0.01087243265476251  0.01864580991563930
  0.02658666084416163  0.03509398099956648  0.04360130115497132  0.05196999298183996
  0.05964122914871165  0.06731246531558334  0.07709840328846342  0.09660138311751180
  0.11222602798941970  0.12548784800885079  0.13934634802679047  0.15440805931093043
  0.17052117979736292  0.18712261410913783  0.19660376122346684  0.20419826131975310
  0.21338704445512291  0.22797451504683056  0.24467722971365619  0.26357304139645865
  0.28299437424784146  0.30135184946329513  0.32028459511382468  0.33772692067237547
  0.35434080020908892  0.36885642943801106  0.37681753461041373  0.38297216945176138
  0.38963085287345606  0.39630204257819773  0.40371865305078891  0.41786927376352068
  0.43262981113906029  0.44655808474302461  0.46139509359147346  0.47903066553825541
  0.49898827130548540  0.51774382362665827  0.53287854297642812  0.54398195135707172
  0.55262796531070235  0.56259019076345496  0.57453211090892675  0.58973164990653459
  0.60736984580333642  0.62478487968699115  0.63586406108518556  0.63982486095611713
  0.64370900475763060  0.64781411069745387  0.65176624041949038  0.65482823086365438
  0.65859976838457301  0.66207344796855894  0.66877589973656315  0.67610192835752758
  0.67913034846711573  0.68218498404974981  0.68526707529844744  0.68835729302295257
  0.69158880286011659  0.69739686195751738  0.70410265652307991  0.71411835841664006
  0.72498343625006612  0.73473442273262879  0.74509989127140408  0.75340495318869949
  0.76278891650483693  0.77155781146679969  0.77951956300470804  0.78844814024882737
  0.79836584752194850  0.80734162793055309  0.81800960096069575  0.83399850212553528
  0.85278573020863757  0.86643167049740433  0.87428140840578084  0.88080054154050624
  0.88691686081250831  0.89282052216205099  0.89984797749674272  0.90876964062053300
  0.92096988190278883  0.93287329627189541  0.94539718095465242  0.95766887952323909
  0.96673693145852513  0.97541465175690611  0.98453030392763530  1.00000000000000000
 -0.00139736533443094  0.00717352413109411  0.01428346928525044  0.02040058848767261
  0.02464213355783339  0.02901272297740145  0.03470952570659826  0.04306919895020148
  0.05218947646892558  0.05990574046300492  0.06903170307766140  0.07925020862836141
  0.08708706230134125  0.09034483511335202  0.09360260792536278  0.09668894795033905
  0.09926238977984639  0.10183583160935371  0.10440927343886103  0.10604762585408049
  0.10766510119566172  0.10928257653724295  0.11311518340457846  0.11932858295255044
  0.12509961236027975  0.13014731213982858  0.13584917329546223  0.13978039240217999
  0.14271293320887721  0.14621496122361843  0.15012338834706682  0.15578366187288950
  0.16315558442642217  0.17261194092633156  0.18092870142266465  0.18841794551130808
  0.19520394802981514  0.20101528388621318  0.20755882595735115  0.21470532919838814
  0.22167484790041328  0.23270120529321400  0.24567425173620921  0.25971946472109941
  0.27284090207832673  0.28020098987854847  0.28650526158059808  0.29132239897062440
  0.29575767553744431  0.29914310550110540  0.30358491852005320  0.31054401779284263
  0.31926114426485452  0.33077227426306827  0.34511639687870022  0.35829491592290869
  0.37004382152192772  0.38302218145583922  0.39714161158065064  0.41143065664248751
  0.42552900456982345  0.43502763675895839  0.44282357099075076  0.45012512600297405
  0.45639105263896368  0.46087548978117493  0.46514569014861518  0.47162489886253678
  0.48200715111068032  0.49066447093084514  0.49591036542867800  0.50000426214162375
  0.50522536091667036  0.51593272021552272  0.52771380124100131  0.53831814951010293
  0.55291806848310188  0.57364349235413026  0.59571768822870086  0.61667785769401884
  0.63466154726219948  0.64858192194405584  0.66613408872369717  0.68581441945478361
  0.70757870423650127  0.72439079467207212  0.74026196082213147  0.75815320490194849
  0.77448442222609848  0.79267749678842281  0.81353326595340714  0.83909279735794573
  0.88581751983968948  0.93162342066022641  0.95922884940197528  1.00000000000000000
 -0.00280073052719547  0.00627227189534226  0.01504697077855250  0.02336694020075014
  0.03070462304756217  0.04178364923524994  0.05456840567648907  0.06740380854492821
  0.07681904908637668  0.08450191672710265  0.09355957388168991  0.09865515306458678
  0.10394763335010955  0.11102534799371457  0.12014482223557515  0.13258071097949997
  0.14256915617104191  0.15069983754893532  0.15885183346176349  0.17022910900696453
  0.18529298373545491  0.20065991765889252  0.21565588194811236  0.23085704325822246
  0.24768584807273253  0.26370341126193803  0.28010982641262644  0.29172510140939012
  0.30209271540119664  0.31159693113613157  0.31733923660097590  0.32277078161330142
  0.32794916705320054  0.33506616206787693  0.34871388566207551  0.36558360823392555
  0.38534494667160818  0.40652276496067241  0.42384368076285284  0.43543684147719419
  0.44316197154614728  0.45101518632272081  0.45893825898762175  0.46272855946644126
  0.46645371152710569  0.47504980121273749  0.48314585906417568  0.49352520774101244
  0.50653528022097938  0.51924474738997051  0.53106380534655029  0.54093114656493702
  0.55021348294575023  0.56156802920078563  0.57361413283047635  0.59258888647108510
  0.60909845459732614  0.61930574043805209  0.62564867379401168  0.63022449083529219
  0.63448572957359972  0.63923055183633060  0.64457413246116235  0.65520191011883244
  0.66672565084263224  0.68001629493287374  0.69500778215061121  0.71103936732871420
  0.72836406535516363  0.74055075696476080  0.74860490798142487  0.75928176821305826
  0.77238444421907049  0.78806840910667753  0.80000537008290162  0.81068215651851816
  0.82332118380583552  0.83995621954035338  0.85643386252116860  0.87182669377554300
  0.88191158719174756  0.89210040819376712  0.90276755005236731  0.91226155886030680
  0.92649572900915755  0.93078013682079641  0.93506454463243516  0.93937272436660180
  0.94377288225731026  0.94817304014801884  0.95268196172693320  0.95758147947074379
  0.96248099721455438  0.96912736271365607  0.98425219218016513  1.00000000000000000
 -0.00282351171640983  0.01744924630091466  0.03786451647496011  0.05739546313819244
  0.07501529945398691  0.08872841536707954  0.10134874007677050  0.11453673406742532
  0.12815284785721118  0.14837842298481374  0.16071343496742041  0.17113942514834882
  0.18129902436334500  0.19406583527727544  0.21438293777318879  0.23245742047265744
  0.24724572028622269  0.26281838637802513  0.27914772969072965  0.29020709106360743
  0.29931728293583976  0.30701658811010696  0.31392642873154802  0.32060111158502058
  0.32973571568158633  0.33832614392842159  0.34968511947735020  0.35797540863908661
  0.36498950005219194  0.37070170882800446  0.37160823672761217  0.37251476462721989
  0.37343576460157230  0.37445526723074535  0.37547476985991840  0.37656368336983859
  0.37793690968415233  0.37931013599846614  0.38192066331964186  0.38846129519656647
  0.39580010494363921  0.41004042629380189  0.42472817452287553  0.43893198663028582
  0.44790508431964249  0.45449159388450838  0.46221306063651707  0.47038994069477635
  0.47864808206714404  0.48291390511613824  0.48612007539907104  0.48974911154575584
  0.49354979802432619  0.49744230465670569  0.50136650902693791  0.51308458836322324
  0.52820080924597590  0.53860770051488505  0.54737151008079576  0.55748384647080795
  0.56839737635046117  0.58101164196227428  0.59454803643920795  0.60447702016498250
  0.61123501179864748  0.61966090810011520  0.62965548428500262  0.63804695372483666
  0.64752580586421338  0.65849144870339782  0.67091132921266250  0.68712302157807859
  0.70047990059456888  0.71072833201733299  0.71735898000075615  0.72412329461659097
  0.73570313706460622  0.75452260743509314  0.77316147199476548  0.78334013436485705
  0.79229958785449173  0.80189684183910648  0.81224129250792843  0.82412426004290584
  0.83935247136735081  0.85199309533743839  0.85995143966640952  0.86936736758168853
  0.88025636748106895  0.89279788821167116  0.91405722683580048  0.92965701374232945
  0.94257873644569168  0.95710801857672279  0.97703851934323205  1.00000000000000000
  0.17197506389373038  0.21853716885241886  0.27521643504785331  0.33249942761752976
  0.37787342151390008  0.41539412055180203  0.45197908790033009  0.48290011357520868
  0.51236740446572837  0.55222855495295398  0.59646962232899714  0.62104953562289855
  0.63417738044691907  0.64546956253850685  0.65148451690793008  0.65588744422664114
  0.65982541829094210  0.66246939930238236  0.66462741335348863  0.66653414609547634
  0.66860759474134890  0.67112531468826664  0.67568208551531883  0.67850755283239816
  0.68095699497630013  0.68375792836268912  0.68662205276181731  0.68902828144551598
  0.69315026899082988  0.69758687940813990  0.70090700338860168  0.70397629694459518
  0.70709872363847559  0.71098131424968314  0.71763333721216771  0.72484632709868224
  0.73037425980065540  0.73474037312342710  0.73924211450125221  0.74415007759241480
  0.74993194771678373  0.75681595373999622  0.76137101793261930  0.76537142537281144
  0.76898710285868466  0.77183654960725390  0.77517249469098970  0.77887235742511873
  0.78222782074791553  0.78601351765129568  0.78971360716029748  0.79328717423176198
  0.79830033237737119  0.80374560184116550  0.80939319753197159  0.81377486366133800
  0.81732189586206150  0.81958933548724799  0.82053278539631969  0.82147623530539138
  0.82268588815962163  0.82435253436907518  0.82601918057852886  0.82773244849200933
  0.82955360042389059  0.83137475235577185  0.83427858044786452  0.84039094214013987
  0.84626211299512055  0.85133854087374117  0.85522575007430723  0.85908707051466970
  0.86225816649432430  0.86508806406789029  0.86842000211089565  0.87208380360970661
  0.87566144862616624  0.87946108079413099  0.88685309596316997  0.89315540048875774
  0.89916106425197295  0.90522355401110077  0.91251186229591408  0.91999481221806134
  0.92448746419748351  0.92722637542291031  0.92923478855590191  0.93089073169215353
  0.93448813494047367  0.93995918097603770  0.94546279505512776  0.95163774742212515
  0.95951357833067896  0.96988131027749747  0.98168314582425542  1.00000000000000000
 -0.03355503046210018  0.14252230971098179  0.19021946194661885  0.21018030812880925
  0.22194562508754376  0.23588896815640353  0.24666570832756538  0.26329809227510287
  0.27848240748742431  0.29331510880599565  0.30082947440883806  0.30814904404995991
  0.31501563478699723  0.31985121324711302  0.32871322291808319  0.33916778900751404
  0.35101501510422473  0.36268722841390488  0.37397943023367930  0.38443016482130260
  0.39432696142809992  0.40397393320381964  0.41239699394907570  0.41776181432971615
  0.42117949372291219  0.42604287982850603  0.43331548486560822  0.43975457780024857
  0.44498972586083552  0.44840317217599873  0.45191841907656588  0.45665549405590283
  0.46268754506334564  0.46790372397837132  0.47265396402139082  0.47797217771361328
  0.48481546085916621  0.48989602655938902  0.49489347706075909  0.49955555829498571
  0.50476424994385738  0.50961497164572600  0.51621936217490971  0.52474086296511591
  0.53333387790015274  0.54217746125326904  0.55148196996337329  0.55982126870577520
  0.56627056242144069  0.57105942381553421  0.57580633576845652  0.58061291694235928
  0.58726775909560236  0.59464775918933144  0.60191765448912649  0.60882135982192764
  0.61643236476592145  0.62403287338950852  0.63323115630707416  0.63946598314750214
  0.64401278446367693  0.64730582209253051  0.65034249749901929  0.65189360680025221
  0.65338260256912439  0.65487159833799657  0.65660238260760517  0.65863575471663105
  0.66066912682565693  0.66269620957798225  0.66470436828366364  0.66671252698934502
  0.66890550768882606  0.67480480672343257  0.68300673885796392  0.68958741148818248
  0.69598341016418419  0.70267875654473033  0.71058885743028644  0.71742475425838304
  0.72280415780501839  0.72761240966995122  0.73141519202746108  0.73387304668655651
  0.73633090134565193  0.73914845001801610  0.74202974069677208  0.74507255921204407
  0.74829954440083613  0.75231058142734752  0.76407018619223943  0.77519015519697076
  0.78413532569649502  0.79748456454312622  0.85162032183384473  1.00000000000000000
   9.9501114870936801E-009  -1.0000000000000000     
 F F F F F F F F F F F F F F F F F F F F F F F F F F F F F F F F F F F F F F F F F F F F F F F F F F F F F F F F F F F F F F F F F F F F F F F F F F F F F F F F F F F F F F F F F F F F F F F F F F F F F F F F F F F F F F F F F F F F F F F F F F F F F F F F
  <DiscreteSampler_grid>
  grouped_processes
  1 # 1 for a reference and 2 for a running grid.
  10 # Attribute 'min_bin_probing_points' of the grid.
  1 # Attribute 'grid_mode' of the grid. 1=='default',2=='initialization'
  0.0000000000000000 # Attribute 'small_contrib_threshold' of the grid.
  0.5000000000000000 # Attribute 'damping_power' of the grid.
 # binID   n_entries weight   weight_sqr   abs_weight
    13   10   5.095939840903660E-003   8.479448757641785E-005   5.095939840903660E-003
    14   10   5.095939840903656E-003   8.479448757641760E-005   5.095939840903656E-003
    16   10   2.700884834036668E-003   2.308334798694808E-005   2.700884834036668E-003
    17   10   2.700884834036666E-003   2.308334798694804E-005   2.700884834036666E-003
  </DiscreteSampler_grid>
