 -0.00165708604439143  0.00610778618699525  0.01506256849967560  0.02588637049168234
  0.03640142558167143  0.04635401129263361  0.05608237854599460  0.06583603297429638
  0.07580594409048780  0.08634406924843516  0.09737835417271902  0.10877164962685766
  0.11993097797076273  0.13080900773256293  0.14167266791777505  0.15141876308205762
  0.16092595917783273  0.17174612773003814  0.18267278739897685  0.19322330623010972
  0.20397165988578064  0.21505744402128657  0.22516447192014705  0.23548466722313405
  0.24757236050166942  0.25948909019667166  0.27124439959558899  0.28300735313780045
  0.29435784918927266  0.30567966227355303  0.31799831117721172  0.33078285983120403
  0.34164645456629578  0.34996141548830079  0.35771706643431500  0.36547021925777179
  0.37483616645212092  0.38320137322175163  0.39241682406991091  0.40166483175252971
  0.41013448607302133  0.41904796885540335  0.42944184522826484  0.43993232174852298
  0.44929616807110839  0.45855240552322124  0.46809319051937320  0.47784540034177542
  0.48842726016887961  0.49942142595546168  0.51046196277289901  0.52148341473943527
  0.53257657322731167  0.54378866731485820  0.55535587510064344  0.56706255469757738
  0.57812452042226836  0.58861513579370806  0.59887459294718248  0.61075416465667387
  0.62265095658109326  0.63410765035726935  0.64532909173752429  0.65531202890403006
  0.66602337277293899  0.67699217193174011  0.68793704805042433  0.70012151664497191
  0.71171280824065297  0.72252812343513295  0.73279836602455051  0.74361101826856091
  0.75396632923873641  0.76542352330635599  0.77825690241394285  0.79116818793877497
  0.80449123716039361  0.81707777706413354  0.82874398527037108  0.83977963206212902
  0.85045206282026831  0.86066305565386914  0.87051391218325491  0.88045250498790739
  0.89090113981300212  0.90184001173838080  0.91250519096928040  0.92255654142307031
  0.93227203408581394  0.94172978313711242  0.95103190914729241  0.95893222127179689
  0.96789287148112768  0.97758270948886650  0.98800199587385829  1.00000000000000000
  0.00007101723203177  0.00007425950421189  0.00007761473802197  0.00008135315171050
  0.00008538878800847  0.00008885550349052  0.00009150988898472  0.00009231122764410
  0.00009246614525251  0.00009252156272360  0.00009254294936319  0.00009255316413998
  0.00009256138889405  0.00009256770343048  0.00009257234202175  0.00009257568900235
  0.00009257810147781  0.00009257979021822  0.00009258129993584  0.00009258261920321
  0.00009258382782212  0.00009258471793222  0.00009258558871308  0.00009258631567901
  0.00009258704264494  0.00009258770898654  0.00009258834987555  0.00009258899076457
  0.00009258964368587  0.00009259029703217  0.00009259097816811  0.00009259173878426
  0.00009259249940041  0.00009259343734890  0.00009259440031832  0.00009259555326192
  0.00009259698770782  0.00009259879455016  0.00009260106874792  0.00009260370098119
  0.00009260782475091  0.00009261339141271  0.00009262034771164  0.00009263308049697
  0.00009265482240021  0.00009271522073477  0.00009292970276502  0.00009416707343756
  0.00009823206723073  0.00010517026157786  0.00011366362655293  0.00012439503072477
  0.00013724015466137  0.00015230717434158  0.00017025638578458  0.00019222605325249
  0.00021773131147526  0.00024632232281166  0.00027696005494645  0.00031011629810331
  0.00034746284359405  0.00038793628410327  0.00043034713698980  0.00047418083845132
  0.00052259504590352  0.00057905395142597  0.00063494091581764  0.00068860424999478
  0.00074990653605167  0.00081839822042267  0.00089033526313925  0.00096299852318824
  0.00104818805396525  0.00114803636734298  0.00126114571399711  0.00137698614155917
  0.00150355857059533  0.00164587976606691  0.00179510873065405  0.00194355516324463
  0.00209997711067554  0.00226783425783634  0.00242997044376965  0.00259379829442619
  0.00278762406252089  0.00299415316764677  0.00326232540101728  0.00358553623456346
  0.00397973917651808  0.00442851766791158  0.00494745196415651  0.00545855463058183
  0.00606163857036307  0.00745768776481835  0.48170209377250778  1.00000000000000000
 -0.00000027987287566  0.00000276838846640  0.00000477330720186  0.00000702879102371
  0.00000990424943481  0.00001302505499525  0.00001591024477051  0.00001811221675490
  0.00002045288076040  0.00002305337130031  0.00002573009563538  0.00002841204858238
  0.00003122321776889  0.00003384245709029  0.00003628340285299  0.00003864512611805
  0.00004099934665934  0.00004345867256087  0.00004604265700337  0.00004870618839900
  0.00005151103781044  0.00005454643353832  0.00005782228458578  0.00006103378250566
  0.00006412969789046  0.00006725491721663  0.00007057284474793  0.00007414225336764
  0.00007767772759698  0.00008097476053161  0.00008403875086826  0.00008707921947360
  0.00009015812249392  0.00009363663784174  0.00009748390631502  0.00010155185056771
  0.00010590995897557  0.00011111169539651  0.00011643141498927  0.00012212799328957
  0.00012835521595014  0.00013565421162756  0.00014209117841127  0.00014720285671358
  0.00015232415279800  0.00015652073419889  0.00016100209786060  0.00016707251162112
  0.00017332290383566  0.00017995180101315  0.00018691661449516  0.00019513338726231
  0.00020313951371552  0.00021169392458621  0.00022142914078385  0.00023208417978776
  0.00024584897095521  0.00025906829778151  0.00027354783937436  0.00029097618574586
  0.00031051367261180  0.00033167400968404  0.00034934093774615  0.00036635666438800
  0.00038328071862551  0.00040779904638672  0.00043194531827050  0.00045945723114271
  0.00048879697690530  0.00051895542909191  0.00054700985970723  0.00057456961339764
  0.00060444219726108  0.00063714564479637  0.00067102453502558  0.00070368942502304
  0.00074109842907248  0.00078373576509179  0.00082727678647809  0.00087151431766127
  0.00092441736109529  0.00098064950575209  0.00104276605073191  0.00111462596777503
  0.00119011970109948  0.00126934614331999  0.00136476496556534  0.00147876339776735
  0.00160479130525719  0.00184580600746581  0.00216869286714503  0.00258068832053195
  0.00310910293702318  0.00398868946966482  0.02663859984407688  1.00000000000000000
 -0.00337403321397861  0.00952643438015895  0.02200218352978114  0.03402779354153909
  0.04577527528856026  0.05716200801357451  0.06635658313675109  0.07293363432995228
  0.08199243609584159  0.09195059671464326  0.10141841803011090  0.11058289787592043
  0.12077199799722657  0.13142741717096065  0.14323114104289586  0.15691474535844699
  0.17166036736613702  0.18530676551889000  0.19725720141536551  0.20908972465349182
  0.22156634681173021  0.23419067953441841  0.24677412761609291  0.25940336221401977
  0.27208404865303398  0.28520014930209459  0.29889736488744650  0.31214323249636045
  0.32465157338310452  0.33701152573777976  0.34954307893555736  0.36250931091822103
  0.37521586986651678  0.38671656281976136  0.39694546976531919  0.40685246315107082
  0.41822113886719381  0.43124429767111233  0.44488586350367515  0.45853115497368319
  0.47210637636655617  0.48552063593953609  0.49880215199715588  0.51187981281838346
  0.52514990975168829  0.53763475704113473  0.54930904609892051  0.56090180968816827
  0.57234537709729461  0.58133060450761631  0.58765701076397414  0.59604149599704670
  0.60458623280633406  0.61362815853053132  0.62404361484530324  0.63502621158894845
  0.64669484544317923  0.65877234888799030  0.67033223117421381  0.68068186847627332
  0.68991508544523161  0.69923893805074933  0.70921732034830298  0.72038324339302406
  0.73195777142590690  0.74329532121281394  0.75440112964351380  0.76537029124513956
  0.77620409109225430  0.78632918423110709  0.79511761945173021  0.80316371772352002
  0.81216911964967831  0.82142684510574959  0.83024991857510799  0.83898590637338055
  0.84756478997952867  0.85657369629966329  0.86622561791420150  0.87600491362112565
  0.88555337839134163  0.89482990053653444  0.90371629495539429  0.91237336190780438
  0.92078996215022824  0.92917015931034153  0.93818372204115663  0.94709373815785614
  0.95364845528354147  0.96017740472215762  0.96630168668838079  0.97211862164341023
  0.97851200191886645  0.98518090227225508  0.99247564797439181  1.00000000000000000
 -0.00172093271723466  0.00705774858508340  0.01706831892576768  0.02700902795289645
  0.03920967201525041  0.05109774257473057  0.06095954263790683  0.07143639460753048
  0.08085050706659136  0.09085423207732607  0.10112329346919499  0.11158289919190749
  0.12192933595454412  0.13171602534805524  0.14157271262297666  0.15231387809147992
  0.16312036857259712  0.17417754654968581  0.18573928600471712  0.19691862558530002
  0.20728535796363579  0.21762974861869400  0.22769367487066897  0.23824784112708580
  0.24918665493013631  0.26016760879262368  0.27098401223818241  0.28093228344762339
  0.29080312011717641  0.30018663455762229  0.30968844079949731  0.32015026254791012
  0.33155075284764612  0.34332428749192406  0.35430987980513318  0.36549698685762305
  0.37587427213760966  0.38632665028397645  0.39746751059323060  0.40645487522306661
  0.41567080870631573  0.42393826307043359  0.43179793688832691  0.44095026658825714
  0.45254449874904529  0.46550438599871730  0.47811926652402575  0.49040036686470867
  0.50278074205776002  0.51532762303852175  0.52493611530539153  0.53572659539551049
  0.54683974801112301  0.55736121985258591  0.56778457378886482  0.57912442481099191
  0.58932267530279425  0.59952010176103665  0.61015693992154674  0.62332188165852020
  0.63602052359469252  0.64866265817490665  0.66135565577262068  0.67444450424399371
  0.68747644549478781  0.69945760935388246  0.70986258872446240  0.71910004241546766
  0.72817657499008792  0.73799008900101193  0.74870145803974864  0.76003046885675851
  0.77152117012830512  0.78297084570237330  0.79448970707989097  0.80654649149144408
  0.81866812788710941  0.82904279072686082  0.83936544365441845  0.84878825271009350
  0.85858933302811358  0.86806080262332719  0.87461303227686915  0.88160890203243514
  0.88896520031088244  0.89682940641006959  0.90639432006773590  0.91724081334448937
  0.92793734156488383  0.93815276465810937  0.94817605573063879  0.95818407195733901
  0.96801841965617097  0.97826497623553099  0.98975894302570477  1.00000000000000000
 -0.00294049870913901  0.01006284240808847  0.02164199592711477  0.03176943722617285
  0.03992157499159947  0.04747565664928093  0.05527425037780725  0.06350439876733012
  0.07189184066725628  0.08020109643282289  0.08850816345045033  0.09714452279546804
  0.10595431884000933  0.11510505278151313  0.12377823494766819  0.13229566918957045
  0.14070720737856512  0.14940613755747112  0.15863997408765873  0.16745489249509254
  0.17511377595053773  0.18269443299920707  0.19089172613007260  0.20010607694351862
  0.21034428552277959  0.22107512565655912  0.23187478123499089  0.24219439704834292
  0.25167067321280312  0.26063666120403889  0.26933934410609317  0.27876290098609346
  0.28911432851207114  0.29999017020826407  0.31107132603413434  0.32170422662779941
  0.33210824483252610  0.34233874087744764  0.35224128803151999  0.36208456015620427
  0.37222539120173614  0.38299232531340022  0.39400182879779422  0.40527693813813748
  0.41650476426305943  0.42726635810306757  0.43794274739511507  0.44827042290659413
  0.45932810774614630  0.47209984294204799  0.48457250521261919  0.49527944200882551
  0.50560248321288592  0.51643469966481992  0.52845374390152466  0.54190324850390537
  0.55442714854768349  0.56546102283306021  0.57688971159761870  0.58800822939574970
  0.59707921415295495  0.60643327906178990  0.61596483151479575  0.62539453825339819
  0.63490817324591575  0.64572856414777724  0.65703111066268816  0.66718976762185411
  0.67746211690739644  0.68831422927013486  0.70036275926464198  0.71301330233887061
  0.72590735836364562  0.73856442777355991  0.74985860838739016  0.76119099554289560
  0.77232074577465426  0.78168875431528173  0.79228352216147113  0.80450904665141798
  0.81673786831974904  0.82917553808307110  0.84242583013278138  0.85705236285662667
  0.87232976092836689  0.88676849765347721  0.89809518106119324  0.90678684175971036
  0.91572699410102032  0.92537168804914083  0.93617548695318109  0.94735286483488468
  0.95957809133346239  0.97286523209572962  0.98663100583315599  1.00000000000000000
 -0.00159223322248901  0.00761871371009242  0.01603114855164824  0.02400147482247977
  0.03345856778643398  0.04472465686193829  0.05631704670823400  0.06802699297751064
  0.08012757657327343  0.09282718332809248  0.10581629432072014  0.11850788133080921
  0.13004378911926132  0.14044838933644316  0.15087216433331202  0.16154559439230035
  0.17261777764918229  0.18394546830692432  0.19485737286623300  0.20542104613106943
  0.21579093623834489  0.22600291736137640  0.23563485887834382  0.24561953201458692
  0.25597593984600903  0.26585641304275159  0.27786685651413973  0.29027965342838430
  0.30143509881890557  0.31285018573337808  0.32410631103238363  0.33416309830711416
  0.34434096199793718  0.35442521090190254  0.36480000731288981  0.37329710789439302
  0.38152054107582140  0.38954200593351529  0.39832140521605852  0.40815380928027650
  0.41951972318651226  0.43064433015402614  0.44103343643436821  0.45148841942085660
  0.46391596104681798  0.47665146354980859  0.48808561978506115  0.49858181429413906
  0.50921157628243141  0.51997214883756249  0.53052637910718314  0.54146945200486019
  0.55254442197275022  0.56374295479675152  0.57452845769493921  0.58445570039374295
  0.59359135005519292  0.60154117324133838  0.60861975230281329  0.61647714454151337
  0.62509759410089427  0.63452669138984608  0.64433479590259479  0.65506948896418327
  0.66704948886327231  0.67968353143986004  0.69215820662545857  0.70354316644363346
  0.71411468339070361  0.72469535326363110  0.73533605078122211  0.74542421481950150
  0.75568169914157057  0.76600663676724390  0.77695191604329561  0.78914367418431253
  0.80228239127079781  0.81564567508562047  0.82860274819677315  0.84046536672232275
  0.85076728353704856  0.86011373600549079  0.86992516478447568  0.88196996430171259
  0.89272503064105158  0.90073128631449584  0.90861230413856542  0.91692327022719156
  0.92791031454515449  0.93905025574404477  0.94842176124293398  0.95751212025732391
  0.96650269039376968  0.97544415196668677  0.98840325044684441  1.00000000000000000
 -0.00275078084377068  0.00986928024622005  0.02223073536415660  0.03278121708208112
  0.04325727815117907  0.05409771631690982  0.06630536037229312  0.07882852231539048
  0.09036582704308599  0.10142081456370104  0.11208343310971015  0.12305583805526060
  0.13528733546851396  0.14858708684082705  0.16217016493987768  0.17486430443912168
  0.18530263320483370  0.19514633352727934  0.20475651635202086  0.21412244770423089
  0.22318347110414707  0.23156835346957963  0.24003823276426495  0.24835604909076514
  0.25760641643849380  0.26734133294162687  0.27622411187397278  0.28575154326909891
  0.29620333138138283  0.30705772609952059  0.31868348477671982  0.33150106245060357
  0.34448771509373416  0.35749709485614634  0.37034267419364958  0.38287270796085704
  0.39518388701538559  0.40750702542628592  0.41995677220433469  0.43204038789864263
  0.44271066215817623  0.45226873688506114  0.46090320776172516  0.46920510710444235
  0.47788982991071322  0.48728312036040855  0.49690904087028914  0.50607356330301678
  0.51568565988360537  0.52605925386939878  0.53763616805607706  0.54900446838888906
  0.55980909121476630  0.57106512937897091  0.58137039771375598  0.58918622903637929
  0.59671627963732676  0.60192272802962288  0.60725528251464667  0.61483422522306697
  0.62433786628943133  0.63488321061141051  0.64485755047345128  0.65547029801200740
  0.66696241162341685  0.67864216290787371  0.69037793574053952  0.70207278221901548
  0.71341793455591784  0.72413203810152049  0.73445177598111910  0.74476925146946305
  0.75486443344160503  0.76477258345524635  0.77455900164124769  0.78460045107979626
  0.79584293834961117  0.80876702647392384  0.82055575189753560  0.83144310590752935
  0.84148439690427701  0.85124973669318738  0.86190092807439445  0.87281577109746689
  0.88370809892739766  0.89460308195231608  0.90554345465615660  0.91645778993190163
  0.92847355099610707  0.94045204107073344  0.95162300070791184  0.96137080542673392
  0.97028385019880448  0.97886294734758394  0.98874448424786565  1.00000000000000000
  0.27430541088477894  0.34719163529078129  0.39161258134903559  0.43144923029037757
  0.46648553759901890  0.49355914372932680  0.51170890004950420  0.52456036817341534
  0.53993520673699746  0.55893466689431315  0.58491442685283235  0.62139175793169932
  0.64316184879523219  0.65313973755418364  0.65829905969976732  0.66244405009314156
  0.66616035192428547  0.66979177291101666  0.67360843176619756  0.67797960760149245
  0.68229124477515568  0.68635992837694693  0.69005281871031765  0.69366573932688991
  0.69713937416756366  0.70061542396438492  0.70385396717074888  0.70692211478347633
  0.71008755816246372  0.71323183824743819  0.71665433564852055  0.72039985787652305
  0.72412958136163197  0.72782940629523118  0.73184498554646071  0.73606891716310041
  0.74078823035185248  0.74531614687739567  0.74974975736250304  0.75403452608027477
  0.75809352029868915  0.76199418740868219  0.76589818321952086  0.76961349566906034
  0.77278678541453960  0.77596235347386633  0.77904642443644467  0.78212861594785010
  0.78535349596678483  0.78873495469274391  0.79152363485164123  0.79437071444529139
  0.79722200898576223  0.80032780314802976  0.80374410190545320  0.80675522834011926
  0.80927046198668495  0.81166673426372415  0.81393670999945000  0.81628135734528529
  0.81895040908088979  0.82111273774826454  0.82370887560016826  0.82709895347257034
  0.83125181509901247  0.83572281180862895  0.83992118110528136  0.84420843665320333
  0.84837843590742035  0.85257278066448516  0.85605347941197030  0.85888883543492223
  0.86196634397027005  0.86487931056729850  0.86765280674822387  0.87060923612342811
  0.87400174509298068  0.87863181182929451  0.88375635072701886  0.88851589913596773
  0.89358099706046035  0.89856701056938870  0.90360196206273347  0.90889780102828610
  0.91457015998280256  0.92024029973031995  0.92545008532135997  0.93198253131548958
  0.93901741161375218  0.94538239463442608  0.95105653594448947  0.95657533283254681
  0.96232986788013963  0.96920727827534081  0.98266935365753072  1.00000000000000000
 -0.04369876612407901  0.16817351174070777  0.21613046194876376  0.24238839404837803
  0.26296456792899853  0.28156412891154420  0.29843622080669630  0.31482608572986071
  0.32954918510173703  0.34225443641685371  0.35216028128613031  0.36198333600563781
  0.37173074997441580  0.38168780108298661  0.39214746821271856  0.40161490982817238
  0.41056855215313626  0.41924043739456768  0.42708406417769845  0.43321062837264512
  0.43866295978896763  0.44388424151719641  0.44889452280895981  0.45470256101532441
  0.46227937918432727  0.46989683761373263  0.47729491441082555  0.48447172880609429
  0.49144193627817401  0.49827548767218616  0.50428185695647976  0.50926909338292259
  0.51423298341470391  0.51906796593503024  0.52362707508485640  0.52775701235660888
  0.53202965368387467  0.53637758446328387  0.54153500135794153  0.54603146684899606
  0.55077072817391259  0.55585267272296313  0.56066987786272193  0.56509622970793427
  0.56950938809605423  0.57426785791666191  0.57954756018222575  0.58537548966805697
  0.59112431231713214  0.59705031822282728  0.60286137681745833  0.60851581227364604
  0.61419084607918473  0.61972273078926354  0.62486523033687280  0.62973519110245424
  0.63480261788560111  0.64016214640814684  0.64553456163049450  0.65058674547591344
  0.65531705772408477  0.65993262634586414  0.66449358189136687  0.66893660086240503
  0.67344282303644842  0.67780602187516759  0.68186216813858724  0.68603579711106255
  0.69028921753553463  0.69433653521577476  0.69876574838396666  0.70343607350856696
  0.70774143329106665  0.71191820787376492  0.71656282985721875  0.72156405303589066
  0.72667899280221071  0.73202836946047012  0.73776760029521748  0.74399585266165780
  0.74940558605863450  0.75452622284207349  0.75986363049595784  0.76538220214096708
  0.77133665479708380  0.77806594482538249  0.78524174172874694  0.79184387850360516
  0.79741579516121897  0.80346036730187309  0.81055587787560912  0.81865062375796283
  0.83002943051887002  0.84867563512513289  0.89522970077769348  1.00000000000000000
   2.7511916153868695E-010  -1.0000000000000000     
 F F F F F F F F F F F F F F F F F F F F F F F F F F F F F F F F F F F F F F F F F F F F F F F F F F F F F F F F F F F F F F F F F F F F F F F F F F F F F F F F F F F F F F F F F F F F F F F F F F F F F F F F F F F F F F F F F F F F F F F F F F F F F F F F
  <DiscreteSampler_grid>
  grouped_processes
  1 # 1 for a reference and 2 for a running grid.
  10 # Attribute 'min_bin_probing_points' of the grid.
  1 # Attribute 'grid_mode' of the grid. 1=='default',2=='initialization'
  0.0000000000000000 # Attribute 'small_contrib_threshold' of the grid.
  0.5000000000000000 # Attribute 'damping_power' of the grid.
 # binID   n_entries weight   weight_sqr   abs_weight
    13   10   3.985040939367657E-001   8.909748096279145E-001   3.985040939367657E-001
    14   10   3.985040939367649E-001   8.909748096279101E-001   3.985040939367649E-001
    16   10   8.256148147219473E-001   4.153981786506778E+000   8.256148147219473E-001
    17   10   8.256148147219460E-001   4.153981786506760E+000   8.256148147219460E-001
  </DiscreteSampler_grid>
