 -0.00179417726784350  0.00801180814471361  0.01732000895432429  0.02732631294492358
  0.03766194965074129  0.04791690274333851  0.05808307243510103  0.06826257378578451
  0.07848556376981405  0.08873802384645142  0.09901840736230069  0.10955423211779471
  0.12000154933920715  0.13062416187121523  0.14112803453789133  0.15180577318015562
  0.16253053695579683  0.17326027685731427  0.18396502221668126  0.19453093844891384
  0.20504967931150009  0.21553833231723071  0.22608105669684517  0.23662223708150978
  0.24726506702666065  0.25784765413246963  0.26831344188486544  0.27863207455706157
  0.28901986293678039  0.29949452114091391  0.31000514698924558  0.32058796307399740
  0.33125864997892923  0.34195249617773793  0.35258419140759872  0.36324547229839133
  0.37394151087471067  0.38461836192872018  0.39517424095786957  0.40569610118857186
  0.41625699974144137  0.42691321385007031  0.43759253570285711  0.44822408619935084
  0.45869960793838505  0.46906841632516305  0.47951935935387097  0.49004518566985111
  0.50061926704930559  0.51107075077152142  0.52144114363325655  0.53175528403592320
  0.54212264352034245  0.55254840271554417  0.56297221864208336  0.57330826218340925
  0.58370777935227269  0.59419055213770933  0.60479978306086257  0.61542167096196188
  0.62610752791989621  0.63673516112907524  0.64738609966607519  0.65803366934298679
  0.66879092863150758  0.67954053587738050  0.69021627325553048  0.70089610999406560
  0.71159976855034535  0.72235905229815112  0.73310252991688651  0.74379285627753311
  0.75437201353454664  0.76488733367647310  0.77540743301600634  0.78591467355296651
  0.79637849872294697  0.80689746700750087  0.81761501850715401  0.82832567278318581
  0.83900275588923867  0.84964861786685009  0.86024018573756389  0.87094957281480445
  0.88194681415054044  0.89306133822830069  0.90387203830289808  0.91454953535862926
  0.92547496910324478  0.93631538822787141  0.94694968592194195  0.95757270648411563
  0.96865332212750110  0.97946887740662836  0.98991536104559918  1.00000000000000000
 -0.00365788019568608  0.01578578582979848  0.02895620929837144  0.03967403477415007
  0.05035113127253955  0.06092209238294291  0.07143226935341179  0.08182334619805810
  0.09230116300467493  0.10269325791611611  0.11311113943602996  0.12346812286013367
  0.13400151350661069  0.14452430476460354  0.15522862894397629  0.16591821324228373
  0.17672576529340076  0.18741868062563244  0.19796322190616789  0.20840954559949479
  0.21880600269506412  0.22861116756498548  0.23868375697223176  0.24874049967924369
  0.25922159153356866  0.26976480815940146  0.28006966793037186  0.29037985387170684
  0.30057546001014174  0.31080970088028165  0.32127060074769520  0.33171153976678980
  0.34226524912385614  0.35280943919320229  0.36328225079323045  0.37379540894353119
  0.38427168946385543  0.39490016004896689  0.40546914247896026  0.41597673836664917
  0.42626800988726193  0.43655680264909408  0.44682777305520377  0.45703572135422277
  0.46733259346642858  0.47772518008059817  0.48812687591006171  0.49849656690584065
  0.50886777094171409  0.51924101575700499  0.52956913688798291  0.53979230753577934
  0.55024385843096291  0.56069159566713966  0.57115627733860297  0.58159346765784725
  0.59205767074421600  0.60256003369774247  0.61300061236315495  0.62340080662625130
  0.63352555851575887  0.64378433374386101  0.65423949186380803  0.66481490451874636
  0.67526171768072152  0.68574678065284467  0.69636330146572534  0.70693679390793751
  0.71733495998296581  0.72791033635332891  0.73852781124592159  0.74890210159920956
  0.75924448183567661  0.76943443753263840  0.77997779933288391  0.79044982093848026
  0.80105761996594582  0.81166548068281696  0.82231783447574613  0.83294727705461713
  0.84339265016931608  0.85395344103025872  0.86446218427697608  0.87502283731930119
  0.88538730619032391  0.89577715303138961  0.90610618855566349  0.91633621979486446
  0.92679596386338481  0.93719637368501107  0.94763746433610663  0.95793558679858759
  0.96839236045267241  0.97894974687453906  0.98943789370554769  1.00000000000000000
 -0.00209965173262286  0.00822155390802793  0.01723617948753612  0.02662606108098058
  0.03613320843471234  0.04584349363509119  0.05571839912245723  0.06578407533898592
  0.07602677746008249  0.08646084461462009  0.09692769289122152  0.10745161990343516
  0.11804330137350749  0.12873484789355302  0.13945841947198656  0.15024208370552872
  0.16112081783606483  0.17223716212333326  0.18361313417302258  0.19515129180128751
  0.20684071594955891  0.21847718927280790  0.23025410319984216  0.24203115785511978
  0.25416505504053932  0.26637111390681256  0.27849254745569268  0.29072735291058899
  0.30317434172301472  0.31584810246619965  0.32858658562448900  0.34141771504025381
  0.35433789012862482  0.36726199119765601  0.38027859563268385  0.39333121948783312
  0.40636186930280332  0.41931753419460616  0.43235168038675331  0.44527387693418702
  0.45817720870607875  0.47109337443929938  0.48388698232405192  0.49669396531378923
  0.50972269098955947  0.52275910301297723  0.53546866768873769  0.54802248164730305
  0.56049958898434060  0.57269277738796842  0.58473179371037876  0.59620747462653156
  0.60729153978075867  0.61826976694884028  0.62971184834237826  0.64146409636586388
  0.65306727723274682  0.66458078469452708  0.67599974527758622  0.68713771900156362
  0.69799902633872080  0.70861560200637652  0.71905076809794166  0.72938188681249261
  0.73954845959427129  0.74965986260314099  0.75964598247119630  0.76950488030442965
  0.77927683036009787  0.78893051086186594  0.79848711954078799  0.80798005002290629
  0.81739111848521073  0.82662413327775675  0.83563736701701963  0.84448126244377153
  0.85321817353812657  0.86184926200999845  0.87034993284749440  0.87869871339571903
  0.88690956640683283  0.89503097277599963  0.90306852264476667  0.91103480845609686
  0.91890913670123631  0.92663107352604868  0.93423222849437404  0.94173598251124069
  0.94918377598004511  0.95667071992939723  0.96412120173792382  0.97145416315929611
  0.97861581712846879  0.98572860644972415  0.99286488572179987  1.00000000000000000
 -0.00227888047772311  0.00908917211763661  0.01880602550732667  0.02916617374786584
  0.03958242928941049  0.05016917521904421  0.06064689163113197  0.07123841510380477
  0.08171396576707213  0.09245086090612172  0.10311346531298614  0.11397404445432169
  0.12453819362492684  0.13502899993290282  0.14552381168949075  0.15631168259736988
  0.16686803806956768  0.17734572059338399  0.18807255861929009  0.19892139883770199
  0.20950617831966400  0.21997753993830954  0.23059023185458435  0.24141541210523959
  0.25198583456385970  0.26247737007672889  0.27308012895344103  0.28396060699642811
  0.29467784219597454  0.30531695799538139  0.31587692057734179  0.32646122256435461
  0.33693921945455013  0.34739826671904456  0.35803521320760473  0.36876064294574518
  0.37953795433852044  0.39029170475383868  0.40092960532372740  0.41146193206843329
  0.42193886200707414  0.43246035402325500  0.44286969951756339  0.45338908891363822
  0.46418005474645441  0.47516428527091231  0.48593888414576875  0.49657537629516624
  0.50732887529990189  0.51820766389021111  0.52891155725026662  0.53965824169262167
  0.55045925556613562  0.56121103047301824  0.57168339224193065  0.58193474787329280
  0.59212257554198122  0.60243622363281446  0.61289834650691244  0.62352982086599906
  0.63424583472906826  0.64422126652746936  0.65406650032048252  0.66386769181459959
  0.67428807039218441  0.68493009011820938  0.69571438021286336  0.70646690322609329
  0.71729783200329789  0.72799597827356588  0.73855988645466319  0.74895062997401851
  0.75926746677674517  0.76974589204662747  0.78018066120208140  0.79050168909763585
  0.80070332663452526  0.81097800617910987  0.82125803467963798  0.83151517970847610
  0.84202281691390535  0.85263780365565678  0.86327330100747901  0.87371027235226573
  0.88433492968185434  0.89496508974200628  0.90566140590534416  0.91628326170212482
  0.92686970029954252  0.93752521872954875  0.94805692226220106  0.95864758298766695
  0.96905234877199131  0.97948158753570447  0.98976224810074487  1.00000000000000000
 -0.00243880870474830  0.00942812521011975  0.01991287080220394  0.03073623284749492
  0.04151500891600025  0.05201992822457759  0.06250599358287164  0.07308165383164193
  0.08394621684535675  0.09483710461563040  0.10581136675105286  0.11667248874675490
  0.12753246795862119  0.13844412396593406  0.14911510670986963  0.15975940646939213
  0.17040395340617639  0.18114538883244927  0.19177665937341457  0.20226998812063068
  0.21279811305992588  0.22342091999355260  0.23388794534947907  0.24435316257629983
  0.25479545406017012  0.26529783614811847  0.27578000575984718  0.28600187871251992
  0.29628340335691133  0.30656966575378403  0.31707259290099116  0.32769146925380704
  0.33832134290657739  0.34905429801751020  0.35976321628071956  0.37044113707985732
  0.38102877509320926  0.39149097234775637  0.40191357387214893  0.41231702587459873
  0.42269559644317767  0.43311706303793712  0.44360958565169145  0.45429358088813887
  0.46505167589060598  0.47574165326426920  0.48641552662447557  0.49700499896049183
  0.50755279306187695  0.51792499454833907  0.52830690689491211  0.53879381595593689
  0.54936915817899745  0.55996046301171831  0.57041753683815455  0.58087996401603725
  0.59117941960413345  0.60138727998480634  0.61155100999685430  0.62183820621203578
  0.63234621626823928  0.64287330274153920  0.65328654335734970  0.66372815257240658
  0.67429939972323993  0.68498815117739098  0.69558084714158352  0.70610281422379750
  0.71668978749619960  0.72735541788373803  0.73793418778661013  0.74847315288120919
  0.75828961118685034  0.76804736872707924  0.77769180588102049  0.78788207948124345
  0.79823048088229975  0.80851636443417507  0.81910370875532146  0.82993937416212626
  0.84071644853462124  0.85147879856783981  0.86204387504297197  0.87269505517003354
  0.88316866787386938  0.89340715615671429  0.90387917351977087  0.91427120854041632
  0.92479361542866967  0.93523441193986678  0.94614800807024246  0.95677681418478289
  0.96762288472638680  0.97799470026196500  0.98921751480968112  1.00000000000000000
 -0.00235768047947587  0.00909298906211562  0.01945801606060436  0.03020102581009333
  0.04102519615887822  0.05180562059643324  0.06243567698769759  0.07305988852622013
  0.08363813662686169  0.09443602329733473  0.10523074820628726  0.11592285298941939
  0.12644952954004882  0.13685252947408813  0.14720048242611608  0.15757433436462520
  0.16801462762682315  0.17860579130914209  0.18914255757501075  0.19970778424137198
  0.21023689999841769  0.22087327610199606  0.23143751035747240  0.24227416091736687
  0.25322982492388435  0.26428988235425716  0.27508829449834843  0.28571064318934447
  0.29634167596046029  0.30694742080765253  0.31763532132815159  0.32830111258986655
  0.33898294036884224  0.34952457670246562  0.36004873169001916  0.37051707817030732
  0.38110421900234970  0.39163989624833034  0.40217099583291682  0.41264233422559687
  0.42300996083080145  0.43332470847104526  0.44360121878151459  0.45389803360825781
  0.46430110142531333  0.47458135102001703  0.48493105074387860  0.49529107329543037
  0.50586515376749663  0.51647066474106129  0.52694025691454793  0.53668464919993841
  0.54640799554971697  0.55598007296721375  0.56642423644862971  0.57682454651473924
  0.58729483380881875  0.59777817596763771  0.60842659317488201  0.61909471678239403
  0.62969786532743677  0.64030188668960963  0.65086966123483836  0.66161134243958986
  0.67223538075181588  0.68283120585128976  0.69324396812594491  0.70381139272777460
  0.71443267035086078  0.72499337586837809  0.73532448332679667  0.74557687827224695
  0.75598322355153635  0.76659492568468957  0.77725375055858292  0.78778501650218113
  0.79815999847349894  0.80846092041611006  0.81902427442742420  0.82950077378305787
  0.84000531565328307  0.85028465204950820  0.86088153897594277  0.87149975172705407
  0.88249697177305630  0.89323445688069525  0.90417670124833927  0.91486701992378006
  0.92585881723574903  0.93652583060776295  0.94720058771128957  0.95774663287910278
  0.96813543578365435  0.97886076401057209  0.98933998028734049  1.00000000000000000
 -0.00291865010576113  0.01216419442939962  0.02430742877328659  0.03662159995748095
  0.04836679329599552  0.05999971083569688  0.07168268580244912  0.08335352904838302
  0.09500148704628104  0.10648772070647194  0.11779861406765656  0.12900053803568196
  0.14011722927600570  0.15111810808984588  0.16180689636430398  0.17227580538140203
  0.18257786340909285  0.19278253942945911  0.20282676576140518  0.21271605874880042
  0.22256750563598787  0.23241873880362260  0.24223062477216140  0.25196595278622735
  0.26165507210681394  0.27127242851307537  0.28081995502583079  0.29036205622040406
  0.29996825253819931  0.30957295442600691  0.31915052057348853  0.32868143279821954
  0.33818897726948260  0.34765560745850543  0.35706949511384545  0.36639143087710280
  0.37566457675382092  0.38489380523719552  0.39405609950085446  0.40288374794857978
  0.41149772141139784  0.42014665463309930  0.42904696810305865  0.43825236790210126
  0.44740699271176043  0.45655861395859815  0.46580328019998729  0.47506699453189971
  0.48433719480179105  0.49371751535705094  0.50314909531362484  0.51253857772468070
  0.52181030082679092  0.53094232855309831  0.54012444045850971  0.54931358771579197
  0.55863736064063052  0.56804835295186396  0.57744898146691270  0.58677640387501984
  0.59619453269118383  0.60579224288124045  0.61556245535592735  0.62547020455511981
  0.63532323708025618  0.64520061410641294  0.65503894708548549  0.66500861861756055
  0.67509296725311152  0.68532981597940235  0.69538070049493428  0.70542738691426421
  0.71550071353343492  0.72587171873802081  0.73650732325093571  0.74725732246830590
  0.75811122955228605  0.76899929958137381  0.78012052207203531  0.79162017485446856
  0.80307620293451998  0.81483381382786824  0.82676021510554698  0.83895288817768399
  0.85136359454448196  0.86391992965762054  0.87661407241672507  0.88931887646987196
  0.90203621806349865  0.91507632545314788  0.92841190837360821  0.94204146424638979
  0.95583231173491334  0.97012559347875282  0.98492567943552689  1.00000000000000000
 -0.00244534068099299  0.00976376377797412  0.01976771983956323  0.03045673139501193
  0.04081132886305150  0.05127344265198971  0.06156805686700612  0.07224650489674422
  0.08267772357752742  0.09327674762291394  0.10378557058423064  0.11460623452648984
  0.12535455674246776  0.13589362475384426  0.14645805241780221  0.15709122280775017
  0.16780640762177487  0.17844410695702315  0.18895419675649244  0.19948542337453376
  0.20983321850799866  0.22021885052597592  0.23074273145005780  0.24154026976289614
  0.25239588320828210  0.26324776548256884  0.27393905110032779  0.28462663778562725
  0.29529417056401058  0.30589678571538187  0.31631181696569471  0.32656715326451813
  0.33700203509324073  0.34767940916191947  0.35840602541914229  0.36895641696660553
  0.37950932114331609  0.39012689059620759  0.40077660395951659  0.41128860487122731
  0.42177524353515405  0.43237728077027987  0.44314590906342516  0.45387114608317175
  0.46440687737379222  0.47484763408496755  0.48538054644674394  0.49605435085318800
  0.50684550062045297  0.51771948003243407  0.52861295471555492  0.53944475246909085
  0.55012221639547731  0.56068323105256757  0.57125227852801941  0.58175158405051075
  0.59221661954796845  0.60264957787579521  0.61311320072634801  0.62360043697636391
  0.63414159543022486  0.64466453520194855  0.65520855961704272  0.66582467916046184
  0.67639108436940620  0.68694289293873001  0.69734259297585621  0.70774002797376512
  0.71817320380921057  0.72859501303265350  0.73896322462507680  0.74930506307643063
  0.75982675608120653  0.77048954201352038  0.78108738206376827  0.79171101818143519
  0.80242535306791796  0.81314878463161022  0.82364924487017410  0.83410239419953214
  0.84459661349481097  0.85517888340013659  0.86574862749883663  0.87611785301280976
  0.88604265864920329  0.89591474905336366  0.90567637639582810  0.91608743434171358
  0.92661206043304889  0.93713679594014909  0.94751112937375481  0.95798399961472680
  0.96859004345071553  0.97914672761145249  0.98952153681285571  1.00000000000000000
  0.28028012042578260  0.59439589094327716  0.60711271407097966  0.61602695948984731
  0.63489004271798044  0.64443078601753245  0.65068935198075295  0.65559856971945696
  0.66013928912270570  0.66438725744755711  0.66836624608114636  0.67205002123935043
  0.67563837259358395  0.67916695108670910  0.68268212824337748  0.68612153287344990
  0.68941788561186312  0.69259305919984315  0.69570856377374679  0.69881315637586083
  0.70191457701037641  0.70502327357285066  0.70812190648363382  0.71114799013149843
  0.71413225292706550  0.71711436366807113  0.72008997468811353  0.72306241054338094
  0.72603077048745901  0.72896878611021920  0.73186905763338495  0.73476220377222390
  0.73765113538164906  0.74052722549959904  0.74339778847761240  0.74627446361328797
  0.74916119710461959  0.75205489399240788  0.75496236798131755  0.75786893777904596
  0.76077667075224231  0.76370124544260465  0.76662418534201870  0.76954062896817621
  0.77246089371336180  0.77539469474827827  0.77834132292998659  0.78129778619721946
  0.78426964255381726  0.78725201535069145  0.79025720973556379  0.79329671108102040
  0.79633256006490771  0.79938820703386271  0.80245261893092734  0.80554617545631035
  0.80864668296004127  0.81176321614718105  0.81490951899734232  0.81807300199847255
  0.82126284094063839  0.82446509234102372  0.82769740394762903  0.83095149159022996
  0.83425563635498257  0.83761675281564885  0.84104601770102660  0.84451245152037346
  0.84800281122829291  0.85149529853547301  0.85502716114962363  0.85863421834058296
  0.86231183168685777  0.86603342372864045  0.86977181861487729  0.87354004086194459
  0.87738028614446095  0.88131847135605201  0.88533957947187925  0.88942904150108837
  0.89357543503341563  0.89793807799473491  0.90252797655443928  0.90721805696215196
  0.91198957617435639  0.91693772274712970  0.92212671300434756  0.92751341810703980
  0.93305489839326683  0.93895162666047449  0.94534179171863375  0.95218149612966230
  0.95987926696470871  0.96904932079290451  0.98111201059883513  1.00000000000000000
 -0.02581374304697781  0.14764987219667317  0.19398636782578682  0.22265794973916633
  0.24548045045792721  0.26462740583172850  0.28177371014089453  0.29726356754561317
  0.31143064293771089  0.32467436195590793  0.33708427120560464  0.34882258965264018
  0.36001857509696716  0.37079746667160324  0.38113753272570061  0.39117622280855652
  0.40085554631053466  0.41020693540102254  0.41924500985874724  0.42810954294969056
  0.43684641357537946  0.44532570771428293  0.45358379389167347  0.46165469135821319
  0.46959345741604192  0.47743441122666835  0.48506840880252727  0.49255306844495350
  0.49986556133009985  0.50705968663109535  0.51371208523147127  0.52016472249766410
  0.52653129318385761  0.53299716817428278  0.53962244235192836  0.54608031807666113
  0.55247496118140027  0.55890871062169556  0.56531149777194578  0.57155080608147879
  0.57771068158922301  0.58373422702084565  0.58968627252509831  0.59557614332855935
  0.60142918624584074  0.60712631303535336  0.61272195138254593  0.61827724970737641
  0.62378921822798605  0.62927355668947549  0.63474275893711729  0.64020462439635495
  0.64563576476643658  0.65097279500085292  0.65622262008341647  0.66144725560447115
  0.66666712896807567  0.67187760651096651  0.67705221291681361  0.68222733684111747
  0.68736035155428510  0.69244294100249304  0.69751661000017184  0.70257839571652370
  0.70759578249503863  0.71256453332001146  0.71748809105945022  0.72241211708883779
  0.72735751511817881  0.73232411353426219  0.73732825530982204  0.74237902091036578
  0.74745753553403982  0.75254548742998018  0.75765684142257417  0.76284803608491880
  0.76812445894685799  0.77343741867095439  0.77877666737233664  0.78414511361914707
  0.78963309740097809  0.79533052820300887  0.80123420385512867  0.80729460351564941
  0.81350391610206552  0.81992984163579719  0.82662678337055673  0.83353355570999055
  0.84137346428054360  0.84945658967091198  0.85889986456907197  0.86957086606754408
  0.88272741513814434  0.90005218950913868  0.92809783237745302  1.00000000000000000
   3.1621981829944322E-012  -1.0000000000000000     
 F F F F F F F F F F F F F F F F F F F F F F F F F F F F F F F F F F F F F F F F F F F F F F F F F F F F F F F F F F F F F F F F F F F F F F F F F F F F F F F F F F F F F F F F F F F F F F F F F F F F F F F F F F F F F F F F F F F F F F F F F F F F F F F F
  <DiscreteSampler_grid>
  grouped_processes
  1 # 1 for a reference and 2 for a running grid.
  10 # Attribute 'min_bin_probing_points' of the grid.
  1 # Attribute 'grid_mode' of the grid. 1=='default',2=='initialization'
  0.0000000000000000 # Attribute 'small_contrib_threshold' of the grid.
  0.5000000000000000 # Attribute 'damping_power' of the grid.
 # binID   n_entries weight   weight_sqr   abs_weight
    13   10   5.937527809441304E+000   8.301499802578614E+001   5.937527809441304E+000
    14   10   5.937527809441304E+000   8.301499802578600E+001   5.937527809441304E+000
    16   10   7.396097378714034E+000   1.252164093115302E+002   7.396097378714034E+000
    17   10   7.396097378714034E+000   1.252164093115301E+002   7.396097378714034E+000
  </DiscreteSampler_grid>
