  0.00007132358191965  0.00007159944367181  0.00007187530542397  0.00007241257180916
  0.00007302923987110  0.00007352521930614  0.00007397974603683  0.00007449715591654
  0.00007503431783874  0.00007559461542600  0.00007618028535741  0.00007673728359183
  0.00007716912589872  0.00007754837341977  0.00007791712156553  0.00007834490037565
  0.00007881409679567  0.00007927695569062  0.00007973867199424  0.00008024786762814
  0.00008072364275041  0.00008113647589267  0.00008161099348684  0.00008209494618852
  0.00008258267885633  0.00008326689423267  0.00008398164082605  0.00008472475944062
  0.00008555095393915  0.00008643214373165  0.00008727566710064  0.00008816554116377
  0.00008912443331030  0.00008995777520209  0.00009077312044871  0.00009147018084832
  0.00009186902449088  0.00009226394252498  0.00009265261548320  0.00009303749886196
  0.00009342043466923  0.00009403936125336  0.00009463937889177  0.00009544782883550
  0.00009628527997350  0.00009739238769226  0.00009859665928902  0.00009969539530744
  0.00010072395106030  0.00010173583995598  0.00010273208629715  0.00010392138706024
  0.00010540898228989  0.00010697278214591  0.00010831006996813  0.00010961824946708
  0.00011094275318477  0.00011223562242828  0.00011373009966837  0.00011535413486911
  0.00011687591370467  0.00011841377026963  0.00012011233665591  0.00012205672405842
  0.00012398874826588  0.00012630967327505  0.00012892317720889  0.00013159582112772
  0.00013418435726614  0.00013701426532883  0.00014005046169082  0.00014299035014583
  0.00014597559605058  0.00014922800079016  0.00015268487401944  0.00015576582561615
  0.00015977167364307  0.00016479261802346  0.00017044056374229  0.00017755896324350
  0.00018512093183276  0.00019344611364564  0.00020292831212371  0.00021303688067974
  0.00022303326592899  0.00024072389812528  0.00029920024547037  0.00035884495723142
  0.00040979016877836  0.00049302287586181  0.00058616561502945  0.00070124274142962
  0.00136937762440562  0.00576001773409120  0.14005219123733972  1.00000000000000000
  0.00008149848458057  0.00009408438498629  0.00010137814736570  0.00010604064794573
  0.00010970025713892  0.00011307685374589  0.00011689495112781  0.00012037988870491
  0.00012292700165378  0.00012534419519816  0.00012767887184902  0.00013019028227769
  0.00013250733540073  0.00013479719044581  0.00013708864482324  0.00013980441877820
  0.00014311402773728  0.00014764909984114  0.00015273082351184  0.00015703418316894
  0.00016101370506017  0.00016508633089732  0.00016924854073282  0.00017340019677063
  0.00017726086101774  0.00018114434289714  0.00018503904031262  0.00018892401926246
  0.00019421748333684  0.00020015447698919  0.00020587385708168  0.00021097870760790
  0.00021545970438051  0.00022051895555442  0.00022622798155201  0.00023218670435816
  0.00023776914410883  0.00024307310049646  0.00024850982027755  0.00025474679449640
  0.00026252445325459  0.00027000002587567  0.00027535680370473  0.00027992539700063
  0.00028428927788237  0.00028963667429581  0.00029436923892061  0.00029939994984386
  0.00030562511843686  0.00031285760036426  0.00031922731750626  0.00032590074775827
  0.00033261355585919  0.00034102382950222  0.00034996683617326  0.00035847501818870
  0.00036656217187895  0.00037455660811948  0.00038259277194158  0.00039243806962891
  0.00040303567319361  0.00041373519286646  0.00042566020634610  0.00043834121625970
  0.00046056443942678  0.00048158974970592  0.00050164366206286  0.00052307603535504
  0.00054613825527783  0.00056926338211608  0.00059556016128611  0.00062584954443600
  0.00066079425673530  0.00069731475633585  0.00074465450059650  0.00080469576283281
  0.00087028231866977  0.00092445662274953  0.00098934506049812  0.00104265174814179
  0.00110629506710720  0.00119098499481762  0.00127688677336646  0.00134611555508451
  0.00141441450813649  0.00151491957790370  0.00160706221248599  0.00171482053668445
  0.00183150398598648  0.00195013630177367  0.00230021750998990  0.00303814129380886
  0.00423959474909780  0.00951613562963690  0.19372467411050240  1.00000000000000000
 -0.00194734519788304  0.01084202056694239  0.01995287181464540  0.03001792978978042
  0.03969641646817004  0.04706955481195694  0.05391917082997805  0.06109029038111003
  0.06940610430124078  0.07965677843823420  0.08942987462600700  0.09863243767327547
  0.10721971765681831  0.11463594057736837  0.12214426262399417  0.13167761326176336
  0.14142436527615398  0.15169194057510010  0.16118537655320428  0.16954945417242862
  0.17798355884752726  0.18651016929406908  0.19566497245358069  0.20747495190553281
  0.22518973615151106  0.24182005430665374  0.25434165377911849  0.26421916891832820
  0.27320265159005580  0.28275725222898457  0.29232631955988647  0.30021832198907145
  0.30801078838398643  0.31658910596086948  0.32468288673135653  0.33261837278302497
  0.34213743200416685  0.35164812038825255  0.36135279180689739  0.37079200974550069
  0.37863727907179290  0.38483373380513985  0.39093668789762959  0.39957071312998932
  0.41159892894776479  0.42344685624667783  0.43489655068517141  0.44455996634206074
  0.45395183247717319  0.46268942673044416  0.46893901573208813  0.47381605755513212
  0.47900742062951740  0.48435212574877851  0.49047801290290599  0.49633531254477803
  0.50259481886697499  0.51028895241935157  0.51884535552537470  0.52859956558521592
  0.53982726658940294  0.54917082083709434  0.55952245552126134  0.57112091563835810
  0.58482140255220749  0.60077642849882007  0.61352738839408483  0.62427943787675455
  0.63474413494629411  0.64483299821958817  0.65377964624261298  0.66280917092993974
  0.66933612038181534  0.67679753107018081  0.68380245954198715  0.69294248540027359
  0.70381635347221894  0.72004430373953976  0.74031943282611001  0.76043663781707826
  0.78251169120097808  0.80347701611312750  0.81850204196817244  0.83105257404284438
  0.84366550511003402  0.85470374221537249  0.86281523347423528  0.87133019258711730
  0.88337035586984713  0.90393029063907704  0.93539599725709044  0.94550628780559676
  0.95721748222965541  0.96744201986968303  0.98065310441596309  1.00000000000000000
 -0.00198412181491505  0.01158377295209876  0.02248287187135867  0.03257060331292220
  0.04221559795382147  0.05128886811758759  0.06053697510746146  0.07003469520220026
  0.07811408298388325  0.08698790624171381  0.09615127907056747  0.10534750180817620
  0.11510552825451685  0.12221529441554012  0.13355619096818849  0.14821008427144330
  0.16289335037699548  0.17721468139344845  0.19424690785313292  0.20629961471919028
  0.21987951348097362  0.23109149998770984  0.23960248039459550  0.24811574381991164
  0.25717386055495950  0.26597769664058152  0.27382363554233025  0.28102780740062044
  0.28975227794536040  0.30165550375524008  0.31479655207063945  0.32672632441568961
  0.34358269308260025  0.36112236385791280  0.37898269997166195  0.39664421416200407
  0.41184567488820417  0.42534279543638842  0.43969724255487119  0.45405262195945395
  0.46696988744689610  0.47954678070920187  0.49154157494949913  0.50466533530681890
  0.51872083978243511  0.53207377721237892  0.54614354231080209  0.55951488925135962
  0.57260304757989022  0.58667381415940589  0.60144886613887050  0.61494158872062776
  0.62581513625675711  0.63498447377746481  0.64520985908816375  0.65360431038819111
  0.65967440371902331  0.66610359171649303  0.67111856435088668  0.67625274380400413
  0.68688693229246933  0.69488644339030381  0.70245610542060699  0.71205475267466611
  0.72251813087902528  0.72894353483711538  0.73574848466951970  0.74292000189274554
  0.75162530156968732  0.76193386660418760  0.77201649757564028  0.78064132576257206
  0.78833672843424840  0.79542552593790461  0.80183498772199879  0.80788734550901553
  0.81439539997264787  0.82214800768176599  0.83150900395384786  0.84022152269936445
  0.84981212309146803  0.85846845909346237  0.86645132967360372  0.87477998755514441
  0.88321153058118751  0.88858827708624544  0.89303994244044405  0.89699211270552781
  0.90109440610518377  0.91307874186478100  0.92422816409037356  0.93570705106752683
  0.94678350155303859  0.96094096559469377  0.97957025058995217  1.00000000000000000
 -0.00217827481587992  0.01241285342379001  0.02125531678980458  0.02967449229041460
  0.03631053017325300  0.04183262663325893  0.04659221439672601  0.05077800779150343
  0.05560410665840437  0.06082877264682632  0.06656169823601606  0.07336072735015955
  0.08014239870385494  0.08677256870150520  0.09337561567776723  0.10005082554709156
  0.10615636051331692  0.11376565676574274  0.12303413837935090  0.13183167150633901
  0.14006142885005821  0.14751405411700888  0.15483271751070349  0.16212439687090538
  0.17062076038749158  0.18165488134050820  0.19237579908459423  0.20121617024506944
  0.20923774625408623  0.21745594609750971  0.22629180621950493  0.23477681341090451
  0.24296594091342691  0.25001197645563628  0.25972370785912635  0.27209406099479799
  0.28263403762531258  0.29353902023813488  0.30547801694092386  0.31765983541401460
  0.32948703650326394  0.34075172464223435  0.35213996555476779  0.36441529259644734
  0.37791800289225203  0.38810791825139845  0.39754206310963985  0.40662464761245393
  0.41652815138060428  0.42721266597307445  0.43719188981807394  0.44887504725454613
  0.46234110005818241  0.47603647237549157  0.48777379535860027  0.49787179858833130
  0.50899255778302888  0.52059565877907055  0.53097510898189326  0.53998335439540790
  0.55755347399357702  0.56944918458779648  0.58025391991548192  0.59197184928599811
  0.60072045541452568  0.60764414453007032  0.61437196907857061  0.62096509058229221
  0.62926711550951686  0.63670252205743338  0.64372275276339186  0.65166259382085134
  0.66403206728095931  0.68301509885111900  0.70160792269671357  0.71934598031584107
  0.73790602392611460  0.75951284528811613  0.77919519725200137  0.79704792759546228
  0.81435018489788191  0.82346315729937125  0.83332859134546744  0.84441255560414952
  0.85456221446748193  0.86428492925590228  0.87101253822991753  0.88065543885771336
  0.89158022870713438  0.90398404481960482  0.91620704529345065  0.93001185434315214
  0.94580533409293654  0.96297605780401263  0.98124872489021031  1.00000000000000000
 -0.00559555442149515  0.01986062362436391  0.02840294167404550  0.03373742819796070
  0.03935168451145353  0.04607128465000294  0.05450881036963100  0.06199972415477744
  0.07008889657667809  0.07906829680588137  0.09139218485110477  0.11006732422676987
  0.12440743321096807  0.13649626657752126  0.14751665763056818  0.15992446833608254
  0.17381265580973163  0.19085045764236819  0.21254213757685550  0.23041947189565648
  0.24413371880641027  0.25514728708196788  0.26492325894844354  0.27400540961235054
  0.28275123957446358  0.29263186674439540  0.30381153482703893  0.31607355316618896
  0.32737792811492350  0.33853040658265138  0.35055517822325477  0.36269896499942272
  0.37790610115097900  0.39394188658033868  0.40757493092332392  0.41820245404361783
  0.42602430752216602  0.43261969544374296  0.44008304433905382  0.44709713385661348
  0.45558937980189340  0.46180376246289451  0.46782696024849191  0.47540706927865184
  0.48507465332692545  0.49766683627878600  0.50787264470822457  0.51634903576903834
  0.52423612289690114  0.53402083114200860  0.54586565352347682  0.55428113803516810
  0.56210328701125878  0.57136889028161775  0.58205902396146203  0.59291960058954440
  0.60701301675174735  0.62395409054406126  0.63631402137424975  0.64548849834316246
  0.65572069200372329  0.66861298027690064  0.68119630390013530  0.69443030275379480
  0.70688308753592644  0.71761637502859577  0.72764173618714800  0.73619989427692389
  0.74447860405671384  0.75379236313284481  0.76487521696494876  0.77710053437027771
  0.78914642439979543  0.79972650594403816  0.81015371672030490  0.82081902530852147
  0.83286519867932862  0.84701754316583266  0.85601928557528606  0.86443701755652036
  0.87251629986581392  0.88121094781770570  0.89135630472924188  0.90094702175835339
  0.90906192677118425  0.91693942747756230  0.92488806688473957  0.93264562636953763
  0.94032623266085535  0.94980704214404466  0.96146478659811230  0.97109698029822678
  0.97877737216034832  0.98581588084265481  0.99249034746175713  1.00000000000000000
 -0.00009214929125958  0.02753821942852328  0.04382300993932498  0.05903351124567627
  0.08651731524141662  0.12333483591464733  0.15587567024708968  0.18378697718499196
  0.19749665609531916  0.20930346472860686  0.21942994871616109  0.22862435126111313
  0.23828259475346789  0.25288019201970791  0.26299309750435401  0.27522042648110251
  0.28587453464421497  0.29524217651670387  0.30498632745871573  0.31664352674888391
  0.32932921307095375  0.34141693360009029  0.35262906532967608  0.36209380529972218
  0.37065141319670242  0.38010303863982287  0.38934190237884725  0.39778263309675155
  0.40577910877912249  0.41433770727747893  0.42251817085891430  0.43261975413890452
  0.44384910467046068  0.45299368440338494  0.46006172859417588  0.46630183502166606
  0.47251354746200386  0.47891723663882596  0.48662896393857524  0.49413479749873251
  0.50188713185296674  0.50917218576907186  0.51655803142222878  0.52479399640193169
  0.53394067087911978  0.54336016305184465  0.55113486185493021  0.55606042875044492
  0.56084329342085959  0.56519981215690229  0.56923360099435194  0.57654346351955055
  0.58320945515878408  0.58857932236320265  0.59520242939573464  0.60165483831022226
  0.60762334675841878  0.61304750671186614  0.61695703011131053  0.62149102270892553
  0.62660299539525022  0.63306870693422668  0.63839298575124714  0.64347087173318585
  0.64966228688208538  0.65795001616789139  0.66849128254251566  0.68128133572372440
  0.69079980850966805  0.70034835961100583  0.71065218251052109  0.72098732242022212
  0.72947129709676295  0.73855025112780048  0.74805134587776168  0.75694412773689390
  0.76421333883862774  0.77081442637590947  0.77812932036837390  0.78699100521977139
  0.79809731916191362  0.80776278350086250  0.81737518797713626  0.82840904690872230
  0.84054602016252034  0.85224877413836586  0.86286370386377853  0.87326611295424039
  0.88421668330487957  0.89309878732844672  0.90204608285718835  0.91080481034959127
  0.92392543562765073  0.94486690263582329  0.97071595267464306  1.00000000000000000
 -0.00188132323852855  0.00648318634479607  0.01326850622006188  0.01964028695205680
  0.02571550243099682  0.03166830217403074  0.03763986312322976  0.04373081247407851
  0.05056727632453887  0.06013805692901757  0.07049140184120548  0.07780161354143207
  0.08674976285909389  0.10131257350225399  0.12277462635133080  0.14447978324231098
  0.15985162862195376  0.17072772237704117  0.18057068226743417  0.19093630583462140
  0.20427820746176509  0.21719200294024912  0.23042503921455451  0.24271459420841493
  0.25268711678340122  0.26125957171320929  0.27267921090916636  0.28498527726407363
  0.29523606121993967  0.30444555500116705  0.31284109837362889  0.31742061853090914
  0.32182794459717523  0.32582371507765812  0.32920388296608055  0.33216067149923861
  0.33524401976463902  0.33869655641654806  0.34290669792135275  0.34827801245928530
  0.35494387341714423  0.36216223087446969  0.37049789429315372  0.38595307896552522
  0.40387445056155569  0.41934793237010692  0.43513188507639455  0.45404967037956523
  0.46953357502784004  0.47916376941913713  0.48852723632917189  0.49646810498047822
  0.50537987213240609  0.51354572448700164  0.52360737923176748  0.53799258135813888
  0.55006908351943040  0.55904984449129247  0.56684133615639010  0.57408805962401654
  0.58377570325606376  0.59485450677647222  0.60752648528696196  0.61762275271157285
  0.62446319458966570  0.63115405743843378  0.63795437882541517  0.64484167828751526
  0.65280056845082390  0.66229291099260790  0.67166826778667676  0.68138505988254017
  0.69428903706617118  0.70961555260563336  0.72324623363459684  0.73506018980275445
  0.74543632818853423  0.75595965277032007  0.76668597229987978  0.77833269408462058
  0.79098460871910303  0.80851518766366337  0.82706091679877092  0.84687655741038592
  0.86715475066081094  0.88431299467451896  0.89583222506888738  0.90645381449272866
  0.91638430886363664  0.92680248536941612  0.93959743493729864  0.95261481877442200
  0.96519731204717329  0.97648070843759527  0.98869412744747065  1.00000000000000000
  0.01758604616531732  0.51804142293494382  0.58076840858870449  0.62310429413638957
  0.63499878809196519  0.64509788818948510  0.65871515028772853  0.67339722893246601
  0.68313072418701382  0.69242299674411456  0.70304720622574424  0.71437795574126994
  0.72880766247727313  0.73810139252149054  0.74456290870297381  0.75042784676935015
  0.75732301115175349  0.76525231725867648  0.77269295885804890  0.78136337920037147
  0.79059801621024084  0.80103202570581589  0.81201177622323928  0.82045285894984399
  0.82745604734547484  0.83408485694557899  0.84287057123488984  0.85050731971960136
  0.85753005493632395  0.86551231302355081  0.87247045116129018  0.87766874717616106
  0.88249223249673747  0.88823298673857976  0.89443542857483316  0.90079808425559393
  0.90693732035139107  0.91209407270587683  0.91653388266764546  0.92042111538186322
  0.92393179457138985  0.92665015164011599  0.92865017005566108  0.93009591519051504
  0.93131595881815321  0.93254253126815523  0.93375686514525380  0.93520999130543492
  0.93717941174346520  0.93883072327113926  0.94030618151396417  0.94170359201603393
  0.94335437564641633  0.94519017498349533  0.94695000405201757  0.94890901788753923
  0.95089588779944090  0.95293023376862573  0.95543365026796701  0.95806247414926349
  0.96031098028710959  0.96208587698952963  0.96344752289696789  0.96488993145886148
  0.96634637890854314  0.96796614891480171  0.96979932426995907  0.97133633381546558
  0.97253346831526855  0.97345693395736932  0.97427944209711626  0.97506304183598091
  0.97583643765950823  0.97663205723985036  0.97753041428309273  0.97848250795731129
  0.97953262057774704  0.98048652462590713  0.98132537306155376  0.98210844219805249
  0.98287723004154359  0.98366708031858052  0.98454066051079503  0.98542138610759722
  0.98624040603451812  0.98701592897684787  0.98786896296524540  0.98894947861437776
  0.99017618432998800  0.99150472356251917  0.99278444723442483  0.99404900041315480
  0.99529407957207505  0.99668711978205826  0.99822867423230099  1.00000000000000000
  0.01261586245524405  0.13593125206835194  0.19413540007450780  0.22892972173938100
  0.25544397360372662  0.27446659429183096  0.28562427460402506  0.29769307333475825
  0.30623520619109024  0.31339875715675225  0.32514852352448581  0.33876466430846247
  0.35136594269394189  0.36303897791905376  0.37533453593162858  0.38705456016889322
  0.39974468828166854  0.41209675908753562  0.42405886687351196  0.43487198499440988
  0.44352716163871952  0.45070127442960506  0.45811928412741865  0.46530601401769106
  0.47421151501405168  0.48578253533291688  0.49564207794125337  0.50484697508392495
  0.51330853729573778  0.52147258090841186  0.53046742471839736  0.54103496911820526
  0.55383410937546151  0.56691314427632267  0.57633215649929070  0.58422133943499754
  0.59240138707051104  0.60153293610423253  0.61006903959616965  0.61739494130803552
  0.62396066986607457  0.62984068966320805  0.63512697609695778  0.64052972416243681
  0.64598421281358009  0.65283868767423614  0.65998277383236315  0.66589989752874768
  0.67072938455669262  0.67557082937771618  0.68079840363993316  0.68605076632348005
  0.69056557551261855  0.69453237580794036  0.69821553263606861  0.70195445151451819
  0.70570199540141476  0.70929031049220370  0.71312216010281382  0.71676807302710999
  0.72013099001470982  0.72449827523159682  0.72866393284911413  0.73217748997681120
  0.73504374351794355  0.73845476664332665  0.74211777851376270  0.74696932763051438
  0.75271597137543633  0.75732676888454264  0.76181598095269587  0.76628517893907522
  0.77146411816841087  0.77640568511210883  0.78034512466830963  0.78504095413984787
  0.78878260947405543  0.79200914817245194  0.79523620508297876  0.79883273603486704
  0.80317284817292012  0.80830062562139671  0.81370293271064709  0.81852806461126826
  0.82339080277149079  0.82841983813488262  0.83279455061887653  0.83773112812019490
  0.84278404645164617  0.84789378610436150  0.85530472172180649  0.86476955621745488
  0.87378508300329916  0.89087620449329119  0.92745429331843643  1.00000000000000000
   2.1941390848313062E-012  -1.0000000000000000     
 F F F F F F F F F F F F F F F F F F F F F F F F F F F F F F F F F F F F F F F F F F F F F F F F F F F F F F F F F F F F F F F F F F F F F F F F F F F F F F F F F F F F F F F F F F F F F F F F F F F F F F F F F F F F F F F F F F F F F F F F F F F F F F F F
  <DiscreteSampler_grid>
  grouped_processes
  1 # 1 for a reference and 2 for a running grid.
  10 # Attribute 'min_bin_probing_points' of the grid.
  1 # Attribute 'grid_mode' of the grid. 1=='default',2=='initialization'
  0.0000000000000000 # Attribute 'small_contrib_threshold' of the grid.
  0.5000000000000000 # Attribute 'damping_power' of the grid.
 # binID   n_entries weight   weight_sqr   abs_weight
    13   10   1.581644848396138E-007   2.486896704511864E-013   1.581644848396138E-007
    14   10   1.581644848396137E-007   2.486896704511862E-013   1.581644848396137E-007
    16   10   2.964582107811740E-007   8.725822777929919E-013   2.964582107811740E-007
    17   10   2.964582107811738E-007   8.725822777929906E-013   2.964582107811738E-007
    22   10   7.471846446392404E-007   5.492072089008980E-012   7.471846446392404E-007
    23   10   7.471846446392411E-007   5.492072089008989E-012   7.471846446392411E-007
    25   10   4.113749526967039E-007   1.653206398944950E-012   4.113749526967039E-007
    26   10   4.113749526967043E-007   1.653206398944953E-012   4.113749526967043E-007
  </DiscreteSampler_grid>
