 -0.00227008373101801  0.00886513590903671  0.01947645930362683  0.03019032763417724
  0.04118049609503270  0.05146956204332802  0.06146960474446244  0.07133827147440897
  0.08109731581817015  0.09055053439671858  0.09989859186172567  0.10944486178019086
  0.11925093511874668  0.12945037615619892  0.14020819237061963  0.15180839917894881
  0.16417619942831990  0.17646124833584137  0.18859082266174346  0.19980588632089055
  0.21125162626550126  0.22203756003320838  0.23275949775125424  0.24179555757486573
  0.25217222541751605  0.26260365348581616  0.27321825219929052  0.28301852807253469
  0.29364338999379902  0.30522570343777372  0.31602063510196948  0.32538342196884951
  0.33459113865026052  0.34441601760293428  0.35466082373300734  0.36594159312295438
  0.37758443312377410  0.38901407715312403  0.39969922135111052  0.41039917581331431
  0.42096477658853515  0.43184206134826575  0.44243814591900710  0.45280875030199158
  0.46307933990689421  0.47349041123942376  0.48415174527175742  0.49472287498953166
  0.50561808194127156  0.51767978798944880  0.52882176165035566  0.53991540853726538
  0.55037749562487182  0.56098652207649180  0.57138869520259772  0.58170105839553399
  0.59233065267918927  0.60318737258492705  0.61396428958991967  0.62496489521635523
  0.63608227531205419  0.64659992471418493  0.65755316114187945  0.66825599382308787
  0.68009827820765367  0.69168484553801091  0.70392976710308752  0.71565798591902019
  0.72680395402385600  0.73781851454033731  0.74870526499803014  0.75937186265153533
  0.76972653806013258  0.78008274101235731  0.79020597426577932  0.80000158268106880
  0.80978018941884500  0.82035544845032005  0.83139037138275784  0.84140368057469206
  0.85110872977949037  0.86157159209070022  0.87217978370798144  0.88224323446578723
  0.89196247190720190  0.90178359288803200  0.91162973180388540  0.92062816320545182
  0.92976714286410800  0.93923477245995646  0.94949531558444322  0.95931423137943772
  0.96934153195572859  0.97886375352212740  0.98942448355078150  1.00000000000000000
  0.00000009782055183  0.00000133786441868  0.00000399933026260  0.00000787436396540
  0.00001244291307208  0.00001720014939203  0.00002174528763785  0.00002589790477546
  0.00002938861511960  0.00003228647996711  0.00003444255565067  0.00003590088354747
  0.00003719888938699  0.00003839096335298  0.00003948865267724  0.00004048471236359
  0.00004134587030625  0.00004207725991082  0.00004274473904806  0.00004335651702554
  0.00004391229553559  0.00004440913091677  0.00004484742423038  0.00004525775506603
  0.00004562149216308  0.00004595150970427  0.00004626974148317  0.00004652046236761
  0.00004676021551858  0.00004698564481900  0.00004719156734227  0.00004736709042904
  0.00004753730032672  0.00004770449341168  0.00004785843881219  0.00004800344740024
  0.00004812657106617  0.00004824660708919  0.00004836420977078  0.00004847829980562
  0.00004859155933040  0.00004869957958002  0.00004880648525537  0.00004890590175808
  0.00004900499273823  0.00004910292872287  0.00004920062491974  0.00004929772291097
  0.00004939449154790  0.00004949060853211  0.00004959400625193  0.00004971004808739
  0.00004982889994624  0.00004995237704523  0.00005007923200856  0.00005021035424465
  0.00005034720113580  0.00005048757733284  0.00005065261624715  0.00005082518466568
  0.00005101216293031  0.00005120654696473  0.00005141023328561  0.00005163790540218
  0.00005191475848953  0.00005220954406615  0.00005251574505160  0.00005289571204070
  0.00005330079360964  0.00005376082098429  0.00005427125436417  0.00005483453998214
  0.00005547389402750  0.00005616590329750  0.00005692336004541  0.00005776370251288
  0.00005868242359204  0.00005978088542703  0.00006123225761744  0.00006298208225700
  0.00006497009959301  0.00006722796120845  0.00006968581204526  0.00007281836545196
  0.00007920978569241  0.00008824545623874  0.00010124592394309  0.00012200285184655
  0.00015616300273090  0.00021341104051391  0.00032547247333236  0.00059037092885026
  0.00138530895322750  0.00472558881899731  0.09743393617715039  1.00000000000000000
 -0.00228701905477738  0.00903880204868423  0.01775796759819546  0.02742044414809966
  0.03718101526390610  0.04728597392393048  0.05741934554201829  0.06761487596221248
  0.07770463063019731  0.08759786872428445  0.09737705145372043  0.10786384966527271
  0.12006040458905474  0.13192229768248273  0.14375892988155592  0.15603495109352708
  0.16767705291668666  0.17908924947995825  0.18968898914437432  0.19994664877169427
  0.20974332530449635  0.21944535981812832  0.22983880355843653  0.24100786907675439
  0.25162816314003245  0.26233892749530702  0.27276329572852148  0.28339506728165509
  0.29420695864171348  0.30484420260313305  0.31554690878387215  0.32601188736888614
  0.33526315556143732  0.34388656868219841  0.35262223301512335  0.36223169438284408
  0.37299690936630470  0.38379595289829488  0.39439563823781298  0.40596531805045993
  0.41826888278813856  0.42977418240947074  0.44043094400063432  0.45103702824931635
  0.46104554189101943  0.47109090716135071  0.48144702490803815  0.49122797018063702
  0.50191574716364307  0.51217205999850668  0.52272860574206736  0.53275696929883554
  0.54276458112779757  0.55134089249503748  0.56003182434578258  0.56849029367719339
  0.57708522002183771  0.58584859031979197  0.59446444289510747  0.60314816020490081
  0.61265111797394467  0.62189265843537123  0.63153066276880543  0.64228605627819146
  0.65393790912226069  0.66594537173219259  0.67762148114364840  0.68897189387429114
  0.70032938775435349  0.71159458656942332  0.72277822012468074  0.73412127827724150
  0.74558529813759111  0.75678192436178238  0.76791701030841131  0.77932732720996034
  0.79033836845375138  0.80081729363285836  0.81121778477398909  0.82208586263727124
  0.83340941967706605  0.84513121387857426  0.85712200875996913  0.86886000029566357
  0.88028540105331610  0.89134259330977106  0.90254944035879925  0.91404969606032094
  0.92532601043230533  0.93654303966310881  0.94776309878121279  0.95881459621306264
  0.96955155883799105  0.97989494113307363  0.99000111422176862  1.00000000000000000
 -0.00199961232154156  0.00761080379659985  0.01665270599374082  0.02678996928997963
  0.03785632834732135  0.05006245565464815  0.06242339128158705  0.07482693227836976
  0.08640110726529118  0.09725651427588025  0.10780549893451213  0.11829066868779536
  0.12883369850098483  0.13959469730163621  0.15042487463317711  0.16111262257121264
  0.17126775395256857  0.18117497535974314  0.19075166407857908  0.19981305144178263
  0.20863665168616577  0.21730317739256250  0.22625693214442694  0.23596031106732901
  0.24611408650030359  0.25674574535076317  0.26803070014329600  0.27911484397956221
  0.29007285629445850  0.30082188002157456  0.31119300875910250  0.32108884037335855
  0.33088417968912598  0.34151147871919435  0.35284781842202312  0.36415142832447839
  0.37545698877040362  0.38686405490422515  0.39773852914091401  0.40843879806889444
  0.41893454645539530  0.42930981112979877  0.43963599251718327  0.44994934185071211
  0.46021502747393683  0.47017238204103640  0.47996891555198479  0.48967083777116649
  0.49932975435217980  0.50879023681222180  0.51824299142002739  0.52957491278132096
  0.54082552164398245  0.55170501436585173  0.56279550300272807  0.57408422951676730
  0.58529058738351680  0.59571142522630927  0.60590982273673077  0.61603291209387734
  0.62585066678566048  0.63556179390570022  0.64566869330477450  0.65664737994220557
  0.66816101038297870  0.68011480926058898  0.69212235171182124  0.70432747614585511
  0.71620037923230551  0.72810349293361409  0.74035260433034233  0.75194411729172117
  0.76241357728800707  0.77223803577977990  0.78165184828720535  0.79153143166722284
  0.80171217139189377  0.81173882330692704  0.82230315041903779  0.83353235584331076
  0.84529521128308216  0.85672202193647340  0.86777010531598398  0.87850220478617858
  0.88898036262958924  0.89903246794290226  0.90918688789427216  0.91880108313559317
  0.92806823017584483  0.93711077985820068  0.94677343548694481  0.95652110569796367
  0.96717492174046527  0.97727778148082878  0.98865281425628970  1.00000000000000000
 -0.00210506567656075  0.00800940444369257  0.01610958878686119  0.02454489719380762
  0.03293597424317456  0.04159792115864657  0.05061899789348907  0.05978560306080832
  0.06899310856507182  0.07850898376409549  0.08793699900027496  0.09807594532378380
  0.10815187064921700  0.11783486144992332  0.12759404098927205  0.13823422005252606
  0.14923433899428679  0.16039426661763201  0.17174827106489277  0.18319074887691736
  0.19513577570264623  0.20715882826407372  0.21861630134600379  0.22977530817424019
  0.24070946305000715  0.25146384368495928  0.26241483899165419  0.27402824950315746
  0.28637231167664229  0.29854197021845796  0.31010278361260929  0.32148936831434083
  0.33303591474628413  0.34377229286056860  0.35417920582626550  0.36476590948235527
  0.37597464258787722  0.38772247478766925  0.40007257116056977  0.41276088686387025
  0.42600868856923590  0.43928898111863962  0.45188627339922349  0.46458849422818865
  0.47713557378703186  0.48808040143652698  0.49825308200526025  0.50896583903702874
  0.51995399127261133  0.53019390003633449  0.54046353024000515  0.55127487277923015
  0.56178380502331215  0.57192102646086629  0.58200448598674104  0.59294284701690003
  0.60390418794054024  0.61522670404392443  0.62688547162604713  0.63960418753496373
  0.65181229582243916  0.66302623373475533  0.67347762394214516  0.68276236506733312
  0.69208587120786125  0.70115072498106457  0.71090648844431015  0.72123491285281904
  0.73163298081608652  0.74324165511873908  0.75460075276899463  0.76608608180784543
  0.77758868529622638  0.78919903765721422  0.80102766463859032  0.81293377388802091
  0.82460169093089708  0.83552575902562309  0.84529888788762086  0.85471806776184100
  0.86405847060734775  0.87314585282372192  0.88219034142446773  0.89157360937739327
  0.90079888502669492  0.90961373865805639  0.91814298753460355  0.92679467784067582
  0.93612960513141408  0.94598461750867180  0.95508583845541550  0.96527995175106984
  0.97459382386534743  0.98330185445089291  0.99174295954236580  1.00000000000000000
 -0.00274404693288761  0.01025473967386712  0.02121069791543416  0.03276667057405711
  0.04422152701206766  0.05486725725786801  0.06502395520062600  0.07561701705574016
  0.08609904070672728  0.09688819315448148  0.10788997895517750  0.11911733631237205
  0.12941897016731171  0.13916056113402778  0.14840784432159945  0.15803958533088888
  0.16780631881868627  0.17815140442464097  0.18780426687989232  0.19701673453642843
  0.20612660571649633  0.21580836534075554  0.22569653185432662  0.23598697524711437
  0.24631955114044940  0.25713971647566802  0.26808148771792978  0.27952842648411680
  0.29114599173154176  0.30276228413032830  0.31423464498430376  0.32528973752627599
  0.33588236738002342  0.34660291225075479  0.35743933661623822  0.36827089201321961
  0.37958558747916887  0.39086173730565654  0.40108739329844167  0.41069686536494038
  0.42054630064758913  0.43026493982027630  0.43977511720859180  0.44908548202741194
  0.45869187717904580  0.46840685803082427  0.47752015826110156  0.48683800146824124
  0.49638611396257021  0.50647734160627145  0.51706114562862482  0.52767384181419807
  0.53803158013053798  0.54834282500907860  0.55869949747985237  0.56866097318851994
  0.57856296401767815  0.58888122449158387  0.59955715157170109  0.61005453149339850
  0.62063363011531603  0.63198612237853680  0.64351096943746011  0.65383189936457764
  0.66297864492509351  0.67187285692387966  0.68096696493908637  0.69079139366758724
  0.70088145415563885  0.71138785202551680  0.72194205367732123  0.73216798252885562
  0.74223119784540958  0.75256855515865173  0.76376039699189135  0.77559216200367043
  0.78724374063676383  0.79866021535556975  0.80981550880461972  0.82115768268962686
  0.83293216609095755  0.84451891464944395  0.85632244684177816  0.86768372497075741
  0.87859956025779218  0.88919378195886933  0.89998666960975715  0.91154981730181261
  0.92258365329192205  0.93381624381399808  0.94527931107039553  0.95648937222750541
  0.96703515000332474  0.97762955949981190  0.98870888667756474  1.00000000000000000
 -0.00268863380352877  0.01079958634050200  0.02186179469840941  0.03324780288428508
  0.04474728069069454  0.05602647172746211  0.06701533466729397  0.07783172146613175
  0.08896997142531202  0.10023709351411289  0.11104559507613516  0.12157993044318152
  0.13142976438983661  0.14053409511205289  0.14942818794138754  0.15866912917202261
  0.16822283079539740  0.17777602748949076  0.18752966502602775  0.19797333570655154
  0.20841098605031808  0.21798893565211122  0.22703789594690310  0.23622030908559638
  0.24591103289462077  0.25597847355292258  0.26612689171099657  0.27602256583197560
  0.28584327334786108  0.29542530213840146  0.30469435192749234  0.31386343243435438
  0.32280340849319478  0.33115056623377687  0.34024605837555694  0.34865964008133815
  0.35770627519302639  0.36673563554956939  0.37611126006155265  0.38566923422839594
  0.39505509286483398  0.40447440006190405  0.41389224766014387  0.42364463528797019
  0.43367753890645028  0.44380686865005547  0.45393238619508613  0.46400339994630052
  0.47431226713515773  0.48510956680195666  0.49620005572952341  0.50750240272715930
  0.51837126083060747  0.52805026295453183  0.53724458721495083  0.54626021571753514
  0.55502364020326256  0.56409780593084580  0.57301671326409831  0.58152549822692434
  0.59037424811369776  0.59997526368597376  0.61019788233889893  0.62173045261027393
  0.63310841176513333  0.64547485967256923  0.65639049071955236  0.66747120715108654
  0.67860001132910996  0.68955620620397418  0.70034625643401915  0.71094104887213150
  0.72129654948028177  0.73149644277478887  0.74176217005594913  0.75213883902324463
  0.76246852640619722  0.77328601855428358  0.78458044964830453  0.79594636236470140
  0.80750788776863325  0.81919577653175069  0.83095334679439981  0.84267700429440395
  0.85486137767000603  0.86754360611123749  0.88030047659346689  0.89311913889502936
  0.90599003059985939  0.91884451731504402  0.93219122998776205  0.94586123634809660
  0.95936814306744755  0.97280036674217996  0.98640365077992520  1.00000000000000000
 -0.00269537081526879  0.01016162288703325  0.02062584091116074  0.03150540245977150
  0.04194117605364280  0.05159379864220964  0.06127588510917226  0.07125535606405325
  0.08185000719872357  0.09199745629333356  0.10218555493925421  0.11294548835456551
  0.12481957129688213  0.13425770243691834  0.14444898040762502  0.15447298686041383
  0.16463349324564777  0.17415289630010691  0.18339368549506094  0.19229956539761478
  0.20114059022613839  0.21017037722627102  0.21940843795280385  0.22860522811408895
  0.23841136478700070  0.24885209333114033  0.26081436136430558  0.27228136350551285
  0.28391838217156412  0.29548737777599593  0.30750963155094030  0.31874769767362454
  0.32957479788369698  0.34088174932222848  0.35256982933764686  0.36399395413775765
  0.37501372047654408  0.38603057285344833  0.39710124560418375  0.40811415406902446
  0.41925557311677214  0.43033117032807133  0.44123097246904741  0.45183735645642642
  0.46270844513737558  0.47372694418608102  0.48444247828712200  0.49517423692974827
  0.50553972278136439  0.51572430372510936  0.52615274115394395  0.53690100553260012
  0.54710023505298688  0.55706019785453509  0.56678735023793880  0.57600044048460053
  0.58490073919288610  0.59380764512783135  0.60300496255181180  0.61231030951029286
  0.62164670727855487  0.63118895923690499  0.64097465726267588  0.65087144831198496
  0.66103211323470734  0.67216231988678399  0.68391196880323257  0.69586417323596739
  0.70755710432073127  0.71877319804362549  0.72935193676957344  0.73897443742336166
  0.74854464803328580  0.75835944031565672  0.76819357167513691  0.77789898671948665
  0.78791334251379208  0.79894890555992903  0.81082669712775124  0.82265709700926193
  0.83435332337104195  0.84599284882199832  0.85717570493429618  0.86807486413703261
  0.87904754441900723  0.88998579162390823  0.90079452148698258  0.91163328691147161
  0.92228844774370233  0.93303009551888916  0.94395421471409513  0.95537757652196620
  0.96718560759120709  0.97871707002891439  0.98944496672636084  1.00000000000000000
  0.20394459123336484  0.43157455225132629  0.52910356875069076  0.58666299292028379
  0.62004222872282355  0.63513017406607120  0.64394110330974874  0.65018210356048134
  0.65515705313277728  0.65967135813568267  0.66374046587438995  0.66739219580351328
  0.67071967843385472  0.67395026800863034  0.67720980374406126  0.68054052830728895
  0.68382367807294919  0.68710255936703868  0.69031758144784672  0.69353385843642334
  0.69682784207172765  0.70015974462597108  0.70338173024875639  0.70661918402606572
  0.70970015537429465  0.71269491248207029  0.71562721309503119  0.71852598966101733
  0.72142564914203744  0.72435632249601523  0.72733534457719340  0.73033060624508106
  0.73333093515225323  0.73631825590878230  0.73920321599053829  0.74208825540035328
  0.74499426726674856  0.74789694158172149  0.75083870427032551  0.75381843224256662
  0.75684743454772130  0.76001739304138072  0.76338666046130910  0.76688658403293186
  0.77038444819258856  0.77373210274865123  0.77694599967740363  0.78009019706378191
  0.78324783269305409  0.78648409394116081  0.78986205825682421  0.79328090124452655
  0.79662853444318760  0.79991544725575314  0.80314578731338382  0.80626286631475830
  0.80938750073420773  0.81252693106294616  0.81566561327918430  0.81884166165939687
  0.82207682387548875  0.82535671348536366  0.82863588530299159  0.83188616708676510
  0.83518877846169326  0.83865902960176264  0.84221342591380877  0.84590137249617980
  0.84961287120466589  0.85345586003002205  0.85728830357669650  0.86106365615184022
  0.86480380613287200  0.86855111049709854  0.87227858311056983  0.87630376350919947
  0.88054724252694538  0.88471239785390976  0.88886812159334616  0.89305776523574676
  0.89729052507052809  0.90159351766616502  0.90597404889056654  0.91035912195185487
  0.91487352096135510  0.91975959549262887  0.92508793253167165  0.93072382819000699
  0.93651984994183690  0.94243926134221534  0.94843498723365527  0.95477261148356474
  0.96239947799732084  0.97189232399482317  0.98408244527739863  1.00000000000000000
 -0.02344251330896668  0.13626604540143544  0.17633448520296208  0.20590948904264039
  0.22954155152760891  0.24968686838123649  0.26701883789246011  0.28295582823740545
  0.29704777374805674  0.30987970193727837  0.32116808119551143  0.33148243708042779
  0.34168190452717451  0.35218199166057845  0.36310202179352119  0.37435788943825787
  0.38592482818100654  0.39637912381839474  0.40547764456043150  0.41418474299465990
  0.42301385628171390  0.43221037056651607  0.44095499117569936  0.44920306231525259
  0.45710888349034251  0.46494644907307853  0.47287123383094865  0.48058268437315171
  0.48791065253139065  0.49493179605646154  0.50147735699165574  0.50768884726233321
  0.51385271939346733  0.52051483509929108  0.52687194884921684  0.53315632378181010
  0.53912442240624059  0.54513928258883393  0.55127690001037410  0.55748298013516118
  0.56369896214265713  0.56988147422502899  0.57598611824596513  0.58194596740433802
  0.58777726049765722  0.59355686618994286  0.59939313301974917  0.60543506502318278
  0.61171252183539238  0.61800134041554800  0.62414989921491970  0.63052453241857753
  0.63663203948375524  0.64262605364927294  0.64826024428340556  0.65362038298722269
  0.65915474144642283  0.66493231602174818  0.67064835580913251  0.67621576900855573
  0.68174843708261923  0.68717372912204910  0.69252071331720699  0.69780637999926309
  0.70299258307445744  0.70795300196450273  0.71280955412877001  0.71768052879363764
  0.72281009832592269  0.72809085998568690  0.73359850647081104  0.73927830201718192
  0.74498754112885113  0.75076818221419495  0.75652745421574619  0.76201044855718358
  0.76718769704536194  0.77215823846854514  0.77764731623142846  0.78325060023674353
  0.78898564006207539  0.79527111904576442  0.80187932636078030  0.80847810991855873
  0.81530006166898983  0.82234445287631397  0.82956366033695639  0.83735430426648116
  0.84578269346062007  0.85435233790827092  0.86360501667925249  0.87394663573163289
  0.88643940626054862  0.90380713354150122  0.93307406024110751  1.00000000000000000
   2.2622055049485750E-012  -1.0000000000000000     
 F F F F F F F F F F F F F F F F F F F F F F F F F F F F F F F F F F F F F F F F F F F F F F F F F F F F F F F F F F F F F F F F F F F F F F F F F F F F F F F F F F F F F F F F F F F F F F F F F F F F F F F F F F F F F F F F F F F F F F F F F F F F F F F F
  <DiscreteSampler_grid>
  grouped_processes
  1 # 1 for a reference and 2 for a running grid.
  10 # Attribute 'min_bin_probing_points' of the grid.
  1 # Attribute 'grid_mode' of the grid. 1=='default',2=='initialization'
  0.0000000000000000 # Attribute 'small_contrib_threshold' of the grid.
  0.5000000000000000 # Attribute 'damping_power' of the grid.
 # binID   n_entries weight   weight_sqr   abs_weight
    13   10   5.595079321099206E-002   2.693955852059267E-002   5.595079321099206E-002
    14   10   5.595079321099207E-002   2.693955852059268E-002   5.595079321099207E-002
    16   10   6.841052271169687E-002   4.008933092900736E-002   6.841052271169687E-002
    17   10   6.841052271169687E-002   4.008933092900734E-002   6.841052271169687E-002
  </DiscreteSampler_grid>
