 -0.00199170647471711  0.00582106922886253  0.01433602197130528  0.02412174383067423
  0.03520081151530884  0.04562526881194403  0.05467296357566187  0.06268220727408809
  0.07102291080463445  0.07964756619513930  0.08840068907741594  0.09792373241817490
  0.10754326499513579  0.11711775803842524  0.12656469213257268  0.13579853536216263
  0.14557937215506400  0.15606025542440896  0.16622908812213258  0.17638753734735527
  0.18661872928128365  0.19722535680253828  0.20883613122610700  0.22155175439261865
  0.23413624403971764  0.24521124880079143  0.25574688282372399  0.26614330284379861
  0.27717447999361022  0.28724600749186974  0.29572243481496263  0.30433070432269843
  0.31362634266959377  0.32387261878967116  0.33460124265290681  0.34508523477681619
  0.35585865695480134  0.36784266872153504  0.38059362085026760  0.39242761047517799
  0.40459058566804962  0.41664523873882214  0.42908537877001524  0.44178008782184719
  0.45359062864034566  0.46415316519179362  0.47471072652943264  0.48662291374155447
  0.49859500136460039  0.50988047528283931  0.52132430760608195  0.53320467993903831
  0.54480662953676984  0.55469761344884227  0.56322583509237523  0.57092664206287558
  0.57846406919634452  0.58739619025864176  0.59853156599968194  0.61019514981939127
  0.62167857110662439  0.63329006441030200  0.64527763280592065  0.65488078247333337
  0.66323226770445676  0.67281260893871198  0.68357930964909608  0.69455725404063662
  0.70440842313433849  0.71381618414465653  0.72360598060990344  0.73370245431688053
  0.74405690663355262  0.75482545813682445  0.76564415547501496  0.77627389852125528
  0.78660345717340652  0.79707330845086510  0.80783278853139673  0.81912614882781210
  0.83121635930907989  0.84445129021403853  0.85883392492560195  0.87307272724363572
  0.88573526921320589  0.89755703016539023  0.90780436710550350  0.91674010605931311
  0.92597002400243367  0.93585972082264224  0.94585982924355494  0.95745701715526965
  0.97024584018826376  0.98215517435778599  0.99149323268472478  1.00000000000000000
  0.00007112390150456  0.00007381143557814  0.00007715526006444  0.00008047834132632
  0.00008392328558330  0.00008746204997212  0.00009051831775941  0.00009199988023608
  0.00009229645656214  0.00009236322534004  0.00009239353146834  0.00009241082419541
  0.00009242230908276  0.00009243002783925  0.00009243530962867  0.00009243908210094
  0.00009244219802576  0.00009244501678559  0.00009244684763313  0.00009244850981275
  0.00009245001186238  0.00009245133664837  0.00009245254993255  0.00009245373188592
  0.00009245482593057  0.00009245591997521  0.00009245703299619  0.00009245815550273
  0.00009245930815243  0.00009246063386226  0.00009246196453859  0.00009246360127966
  0.00009246547179723  0.00009246791797957  0.00009247075708762  0.00009247386378570
  0.00009247860629686  0.00009248559209494  0.00009249487827988  0.00009250892949262
  0.00009252756671748  0.00009257132969648  0.00009267094851932  0.00009302306339244
  0.00009491177616462  0.00009989847753731  0.00010608833598582  0.00011321552737240
  0.00012204862517927  0.00013256092705198  0.00014530507014874  0.00016033694482976
  0.00017740386143389  0.00019705659433300  0.00021919756382005  0.00024358926907279
  0.00026970727160429  0.00029989380370335  0.00033298806116532  0.00036954239362781
  0.00040859739479100  0.00044839743341429  0.00049108202012424  0.00054189544026238
  0.00059695530259515  0.00065377925882650  0.00071516827048551  0.00078630138371943
  0.00086695218402164  0.00095318841857342  0.00104487387864202  0.00114319484081968
  0.00124415974657382  0.00134482956141696  0.00145542212891624  0.00157740856100364
  0.00170663199394579  0.00184451592600196  0.00198414607036626  0.00213673489561672
  0.00231245270898271  0.00251370649077246  0.00270784930155187  0.00287910484124583
  0.00308435158538389  0.00333820446657324  0.00363461821189918  0.00393179638667565
  0.00422268997511299  0.00453880799826083  0.00496201538533930  0.00544651850777155
  0.00608117795780834  0.03513213090055259  0.17702036325868570  1.00000000000000000
  0.00000051295544636  0.00000376495787922  0.00000544329476885  0.00000759420282756
  0.00000990195438407  0.00001246383445716  0.00001487704944716  0.00001711234457266
  0.00001935068496131  0.00002207009409958  0.00002417219999263  0.00002596545005470
  0.00002805593917573  0.00003045681015896  0.00003257730876668  0.00003450087945543
  0.00003680033605714  0.00003971552692041  0.00004275512999901  0.00004556854344718
  0.00004828766901419  0.00005094718502119  0.00005373946737988  0.00005668646022907
  0.00005961032872441  0.00006287057538692  0.00006613544840070  0.00006931469170434
  0.00007237578163547  0.00007532704837480  0.00007844830828462  0.00008197952437206
  0.00008601571696158  0.00009046464532739  0.00009528320973726  0.00010034448939166
  0.00010557665714816  0.00011105937748387  0.00011666374364750  0.00012229280184195
  0.00012802258118440  0.00013406720482689  0.00014049826913433  0.00014696914056987
  0.00015335393164803  0.00016046098053286  0.00016860346931942  0.00017621182118256
  0.00018220472454476  0.00018925196268462  0.00019783462968292  0.00020717039678632
  0.00021662511049114  0.00022750844584987  0.00024280483516527  0.00025940484922700
  0.00027573489086731  0.00029127591215883  0.00030648411127896  0.00032164075028060
  0.00033685757199913  0.00035341019015399  0.00037250452640396  0.00039559492737487
  0.00041966882033954  0.00044446574987680  0.00047075422568772  0.00049871219167015
  0.00052831666361853  0.00055955311791155  0.00059230169500486  0.00062509313197442
  0.00065697238879144  0.00069085189113600  0.00072893537605339  0.00076677876256707
  0.00080456704975118  0.00084012008342378  0.00087405429634218  0.00091117469152560
  0.00095244347224316  0.00099801755115631  0.00106449714913338  0.00113183736783311
  0.00119301408410408  0.00130476912725746  0.00142390211040445  0.00155117507002942
  0.00168926352768501  0.00184955563550308  0.00205414850050230  0.00234197981002417
  0.00283721001035674  0.00471224308391551  0.01975914030457451  1.00000000000000000
 -0.00207952280398035  0.00781614454162994  0.01713317618143975  0.02319146057205242
  0.03267159178915220  0.04070477073105076  0.04920559321498594  0.05748003400976522
  0.06606337917906463  0.07370268927333604  0.08156691200191248  0.09140673333394836
  0.10240907627240037  0.11313470971633392  0.12369221385323861  0.13380610338862575
  0.14503386549885583  0.15641901855902579  0.16784155450296279  0.18104918665596820
  0.19496354724514978  0.20850776286808662  0.22204611267292276  0.23564785432481508
  0.24963296305846147  0.26402121283352697  0.27852721027784061  0.29322356885772177
  0.30696061400449004  0.31978442865231949  0.33282969524644007  0.34692018230323779
  0.36121791173170814  0.37423145170212685  0.38703533666731893  0.40029747760677797
  0.41345071526338428  0.42660617936071027  0.43980909054469935  0.45359160225875894
  0.46589454045282019  0.47688267572473597  0.48763414758219448  0.49866489365650968
  0.50966474905372461  0.52130771198149461  0.53367156410888261  0.54577525116351355
  0.55807964347801164  0.57154225434881589  0.58522407612550398  0.59700047467611894
  0.60755539014718640  0.61760860338404844  0.62850031267352335  0.63906526849089884
  0.64960867136537126  0.66063669157320049  0.67186457896604590  0.68242973525903117
  0.69285834332802154  0.70399361708252262  0.71553411007464018  0.72686083943118407
  0.73786288969365343  0.74889140811322641  0.76006287922867954  0.77076298788461517
  0.78018623769771633  0.78911098732565998  0.79948022013121101  0.81061215240441342
  0.82127237895872096  0.82927467577511804  0.83781772755045714  0.84812643803231025
  0.85882450754963158  0.86806279539876063  0.87584268688708800  0.88296530765903813
  0.89064736830801361  0.89907070625170404  0.90717394457559752  0.91431353608913624
  0.92125026042181257  0.92833126623554474  0.93513637285693507  0.94216171315712705
  0.95028714445297968  0.95837297836036717  0.96599810573938738  0.97327621509215445
  0.98039236331863178  0.98719192257611932  0.99355799659069366  1.00000000000000000
 -0.00218079841188420  0.00832128453251432  0.01926168891058908  0.03081678839599706
  0.04265409562566363  0.05354496961558151  0.06333195220478194  0.07238420312261973
  0.08105853787395403  0.08858237580142236  0.09659727796145029  0.10701289015200179
  0.11995500736823962  0.13174823539844499  0.14247724804747636  0.15237946640697550
  0.16363931982880933  0.17484162880035106  0.18504581948649909  0.19422214454850190
  0.20217228303848064  0.20968566501360641  0.21748709903754682  0.22891141941846488
  0.23927799795684851  0.24821473850154296  0.25738896168133046  0.26734287473624496
  0.28004311683673477  0.29304967068637744  0.30601986903497380  0.31912790604136321
  0.33205062605760011  0.34458661771681698  0.35645221149061290  0.36770681353483953
  0.37875345946285788  0.38930053632761541  0.39961805321126265  0.41003252053001199
  0.42035444369743874  0.43135391555263009  0.44203503225013907  0.45256594302606223
  0.46244314129801228  0.47053049079324633  0.47989584243771455  0.48988940780012585
  0.50189602594828553  0.51438272578052546  0.52613266021042115  0.53684886414147859
  0.54719312419359389  0.55775492041679842  0.56816095537427602  0.57870532131427654
  0.58917327982449419  0.60006262091430917  0.61127280249883231  0.62200184305995998
  0.63223235785276122  0.64239773725616234  0.65237924647406498  0.66235693702985521
  0.67309769205152103  0.68129585728849162  0.68909776886940610  0.69716847746675592
  0.70647512993219386  0.71704442651039546  0.72868598940607709  0.73977800001521221
  0.75082365519383232  0.76166782674253475  0.77267802577239542  0.78412565898464337
  0.79486138926801386  0.80539268334882597  0.81540595714869146  0.82671115370093795
  0.83749842521424589  0.84761193851035432  0.85445741386004370  0.86209266077166335
  0.87144659053871865  0.88103503330101063  0.89015143832704458  0.90089815481148017
  0.91342804395510102  0.92684811634937081  0.94071138047128278  0.95445586874729271
  0.96709796882173749  0.97930733802598957  0.98980570756797592  1.00000000000000000
 -0.00097476449595208  0.00503737317031256  0.01217291195733116  0.02062606116085559
  0.02988886433235624  0.03929509475356482  0.04863592844457286  0.05709959648092187
  0.06508745808746694  0.07337635488147355  0.08232775227310266  0.09215915148750736
  0.10201669292247766  0.11156560663775555  0.12050763426839892  0.12873145399051675
  0.13676579823586135  0.14460942076930672  0.15257371685842666  0.16098460665864719
  0.16996531652325439  0.17904080800285410  0.18811815029835960  0.19734774490487431
  0.20698965234770214  0.21755569524593835  0.22875927698279852  0.23887474175320292
  0.24755392674432122  0.25622457004952376  0.26486678663312702  0.27347421132650568
  0.28177934005480815  0.28991699211669092  0.29891889677826028  0.30900126241158599
  0.31967378520510509  0.33074439844348624  0.34220229400684221  0.35289333561421349
  0.36299505577168406  0.37286608132068788  0.38240141541263140  0.39189797003466392
  0.40177131798908722  0.41254944349977435  0.42296958966329146  0.43252866289285219
  0.44192456061249613  0.45244361272557521  0.46447903112748018  0.47685692143811748
  0.48821201176905282  0.49806830101778315  0.50648823558950995  0.51493573103637025
  0.52425026119172546  0.53428875768015804  0.54499155702510826  0.55604892619170576
  0.56715804674741466  0.57811847191913179  0.59119186062179474  0.60254045467102546
  0.61433469769196503  0.62693179386238906  0.63841362013351577  0.65118354135171663
  0.66431285322658584  0.67692443406229519  0.68934477018269658  0.70110324726319284
  0.71324094597728716  0.72605761975871475  0.73967069162601529  0.75354513329273409
  0.76628520689319246  0.77867125856185304  0.79085137365807145  0.80340701824857463
  0.81381624928803109  0.82254781142020472  0.83159885222343222  0.84015787052604674
  0.84964340353418200  0.86091674748176328  0.87440167307878958  0.88778459382180452
  0.89901821186356434  0.90933492997636711  0.92092342928729520  0.93377672633972320
  0.94691169058848268  0.96109347583590199  0.97827809148180711  1.00000000000000000
 -0.00148993748960724  0.00680823186632071  0.01617850623875602  0.02670438450193948
  0.03923727576213953  0.05148284225663030  0.06273324812522196  0.07422190167663383
  0.08740809049013686  0.09752574870224857  0.10676150286091114  0.11579669825966787
  0.12379322284559591  0.13229607415744835  0.14347367911260683  0.15542096423647414
  0.16763170955947831  0.17984036307742737  0.19129672761114302  0.20236196496056824
  0.21347841194169226  0.22415856978328577  0.23611571059946379  0.24772793922245767
  0.25689187698557164  0.26380435334424690  0.27035818190725353  0.27820738143120205
  0.28742825098963815  0.29644155557341328  0.30586628504744562  0.31597977662669707
  0.32750321734709942  0.34012713928072857  0.35325335408175929  0.36661930974705426
  0.37773732438130342  0.38882555014784959  0.40041648450781031  0.41082059207775279
  0.42132208630262230  0.43184777369628047  0.44273291976777568  0.45589321289720647
  0.46921688077044632  0.48216062625049949  0.49502153955538331  0.50784230809595532
  0.52020097522861486  0.53122761329529611  0.54058932525789394  0.54911256969216526
  0.55871217175515064  0.56965065611421950  0.58021905949110264  0.59029967000491457
  0.59985631649013216  0.60974572194201426  0.62041908373485000  0.63175151392603779
  0.64274955851656068  0.65347717393776639  0.66431086731040134  0.67432466279767367
  0.68365324237499214  0.69360910861490332  0.70449492191456020  0.71606152463110828
  0.72785453219070595  0.74110414694973115  0.75124652142997672  0.76057337473103159
  0.76937536423258590  0.77712731656770229  0.78514670344569304  0.79456566229823256
  0.80371086386227297  0.81259351601040641  0.82098007974853027  0.83002470038304976
  0.83962898064611347  0.85003808639186185  0.86037103960655570  0.87198456831616422
  0.88311734210249104  0.89315651921804384  0.90322320241579213  0.91373075189077968
  0.92446954364968148  0.93504529815350557  0.94538546435058068  0.95580844007571752
  0.96576394648324182  0.97502685072131856  0.98636244841937171  1.00000000000000000
 -0.00243345054686562  0.00877228305008963  0.02027167915670615  0.03131605668678960
  0.04201444871475644  0.05169536040780710  0.05992781235579542  0.06751804798484254
  0.07651571077841528  0.08710066221516788  0.09719523561489803  0.10832279391291928
  0.12022068613185791  0.13232687532814622  0.14303902121149759  0.15174273985977876
  0.16107428168193552  0.17017371605024323  0.17883019504299494  0.18840967858784921
  0.19874738868633943  0.20865240420734876  0.21787507179156110  0.22695699447698195
  0.23568724622174544  0.24593567556344115  0.25662721232204327  0.26817860620928252
  0.27967376494764584  0.29006431496314983  0.30020544610607403  0.31107369341490987
  0.32050839003921039  0.33098244505123176  0.34125965671629432  0.35161953025088905
  0.36244304724373227  0.37353628402087435  0.38500559806786322  0.39658190017103928
  0.40826130231657065  0.42020850553395533  0.43178282464291806  0.44270157445673375
  0.45345252297031263  0.46457624311194834  0.47570570561876424  0.48714697801024687
  0.49836368079146715  0.50786579214033978  0.51683162260041038  0.52598481407159603
  0.53615863103177919  0.54723444849257641  0.55900785606583447  0.57053545823166341
  0.58216638027938405  0.59419453307607073  0.60604004316115345  0.61798953454700933
  0.63021910609149312  0.64169518462463992  0.65286759445687681  0.66384167366995872
  0.67503078909439362  0.68640581421091440  0.69648139563889666  0.70661657088832686
  0.71676787801853514  0.72699070522782350  0.73739816035865391  0.74785236379451714
  0.75850776071952331  0.77000440948426785  0.78053626149283473  0.79038698825663889
  0.80004928643824236  0.80931071824991574  0.81961527300577264  0.83115448472276221
  0.84294134706165980  0.85414528186724326  0.86498293748092425  0.87651002779737974
  0.88880611220583705  0.90141014255019580  0.91321610697857847  0.92474253051168021
  0.93652169540081964  0.94819306988821528  0.95960800147303726  0.96972808540704314
  0.97729203534178111  0.98384801144932765  0.99133110439983763  1.00000000000000000
  0.24776167537677074  0.29487333058367016  0.32153744600019640  0.35675652498594812
  0.39463678656988554  0.41835264574045705  0.43963049873012972  0.45439304131699210
  0.46335898340971299  0.47115154908238716  0.47893109962707719  0.48605297480025889
  0.49612461853182677  0.51087557732000066  0.51317630092296274  0.51744994548435219
  0.52165820184795930  0.52666968616931364  0.53230218717774080  0.53587207930515668
  0.56386371432055638  0.59708333433605676  0.62843123419292535  0.64654207470069225
  0.65336845014246236  0.65816789500145312  0.66274350572147045  0.66704201526892071
  0.67133183929223950  0.67598454708781963  0.68069408549939503  0.68534127442982062
  0.68978078219818628  0.69401043700062870  0.69843372599512565  0.70258458479215535
  0.70617686047617578  0.70951944429228220  0.71338130054949767  0.71744859562619534
  0.72127436202916051  0.72526256866749950  0.72950313830485547  0.73369233890564145
  0.73777053091610822  0.74206412498489982  0.74652461855805152  0.75082356982892318
  0.75517059024165878  0.75913844071330050  0.76280000906215795  0.76632118443466124
  0.76974603620467597  0.77308420341125395  0.77664754859097995  0.78043585649830283
  0.78391555073586272  0.78730262181851718  0.79080458529487607  0.79509239529714104
  0.79933251253912896  0.80303540330406686  0.80658754697937518  0.81008402808876789
  0.81370152359532544  0.81738134766676640  0.82169716923366010  0.82626412834821172
  0.83085878253033174  0.83571721356531015  0.84067303084220868  0.84601516914420705
  0.85145800936643179  0.85600631040092579  0.85990492580697031  0.86412990380639276
  0.86839740304741497  0.87232165865655209  0.87582844428816076  0.87982767963398645
  0.88513550651045747  0.89082424524427428  0.89681200308806097  0.90275176397330015
  0.90851817429276160  0.91429825298458378  0.92024601772885295  0.92625987959291112
  0.93233922668431379  0.93804876696229500  0.94402581018995291  0.95024052437783568
  0.95773688637345866  0.96657830163313996  0.97918274504338609  1.00000000000000000
 -0.04244828054593751  0.11564152092610752  0.19255044911344338  0.22239749353391797
  0.24809996881679983  0.26697415754230341  0.28324149055994186  0.29729851754158709
  0.31064118392348311  0.32396065499295540  0.33646993861778701  0.34807137173703384
  0.35955845730845631  0.37134936675540836  0.38272499196950860  0.39306249185609404
  0.40217205527560962  0.41014383934843945  0.41872628847833082  0.42720122698897278
  0.43420369282736687  0.44171005880485531  0.44965972158051060  0.45730056316062873
  0.46509582905840458  0.47299412325323592  0.48009000843072014  0.48718449792783702
  0.49461207958499248  0.50198532262595774  0.50850887850954507  0.51419996498836562
  0.51979308068222330  0.52535291738145351  0.53078610485578104  0.53623940710537710
  0.54131499748054357  0.54652775806603848  0.55207540122825483  0.55746266042476322
  0.56331293073458233  0.57009254387272656  0.57605834989774229  0.58180940987028484
  0.58746823730691156  0.59277086029483206  0.59761496083761823  0.60209431781757738
  0.60682271224128248  0.61228536876560158  0.61795399074788426  0.62316385351174541
  0.62796485325680673  0.63242922902841692  0.63709650573125765  0.64231900150886612
  0.64780328036499912  0.65343276863088351  0.65921690106879882  0.66477179928221752
  0.67014745801218301  0.67496452741941326  0.67899836270537783  0.68255767786183685
  0.68612192322000876  0.68968016653768027  0.69348008306389497  0.69740706625895954
  0.70125441776005426  0.70522242674890745  0.70940918391873142  0.71356807118016741
  0.71675181045800640  0.72018806145521663  0.72393293602570241  0.72764056418662315
  0.73140062896173752  0.73543515798314296  0.73960256031184801  0.74420415841644527
  0.74932864809563793  0.75477141157207128  0.76032950392897092  0.76575251645404396
  0.77090501708072212  0.77596196022082842  0.78173546148516404  0.78915168743747199
  0.79681486749326680  0.80481277487162906  0.81413631722692370  0.82570212333494619
  0.83899545413684218  0.85279025110516549  0.90138201271450846  1.00000000000000000
   2.4226372480735759E-010  -1.0000000000000000     
 F F F F F F F F F F F F F F F F F F F F F F F F F F F F F F F F F F F F F F F F F F F F F F F F F F F F F F F F F F F F F F F F F F F F F F F F F F F F F F F F F F F F F F F F F F F F F F F F F F F F F F F F F F F F F F F F F F F F F F F F F F F F F F F F
  <DiscreteSampler_grid>
  grouped_processes
  1 # 1 for a reference and 2 for a running grid.
  10 # Attribute 'min_bin_probing_points' of the grid.
  1 # Attribute 'grid_mode' of the grid. 1=='default',2=='initialization'
  0.0000000000000000 # Attribute 'small_contrib_threshold' of the grid.
  0.5000000000000000 # Attribute 'damping_power' of the grid.
 # binID   n_entries weight   weight_sqr   abs_weight
    13   10   2.705268298533664E-001   2.574250183514565E-001   2.705268298533664E-001
    14   10   2.705268298533665E-001   2.574250183514569E-001   2.705268298533665E-001
    16   10   3.420079728339910E-001   2.780988618912560E-001   3.420079728339910E-001
    17   10   3.420079728339908E-001   2.780988618912560E-001   3.420079728339908E-001
  </DiscreteSampler_grid>
