 -0.00208160709733903  0.00955412266019260  0.01967065328505275  0.02982787195187915
  0.04016233932624112  0.05056091662953523  0.06108288622507985  0.07166858198878767
  0.08213905202212607  0.09264719869401918  0.10327334003390236  0.11383005500625039
  0.12424446457838417  0.13461206825307689  0.14488244632761879  0.15508311329136765
  0.16512252546983069  0.17549198980713349  0.18597745074118452  0.19659990951418171
  0.20712574160143996  0.21787904882799680  0.22853344743559437  0.23885232340157828
  0.24915825752081444  0.25939036677076027  0.26968448331023287  0.27982098404625777
  0.28994122359513602  0.30028022243912844  0.31080110919429682  0.32142332379662369
  0.33204295647399401  0.34262920008383452  0.35315285385085571  0.36355198136717021
  0.37405233642667129  0.38470406441243016  0.39525306205111121  0.40550930252458767
  0.41573743457802215  0.42610297924385865  0.43658489007235501  0.44696032155401366
  0.45718105391246494  0.46740960433099915  0.47762646846108031  0.48797792193460776
  0.49840612758405201  0.50889254286634578  0.51949321229474066  0.53019365726745382
  0.54092182363893160  0.55149209977429214  0.56199225632796679  0.57272265158285629
  0.58338044646871734  0.59400931502261400  0.60445702392751977  0.61495558908380143
  0.62542115334619064  0.63572480916388430  0.64604930966809138  0.65639465388023455
  0.66707538310256420  0.67774982864501221  0.68854239776317305  0.69937104446293397
  0.71013082494635693  0.72073127127393555  0.73139977707039261  0.74229923345912152
  0.75329905418018972  0.76415360973184088  0.77488290618917688  0.78547820043772476
  0.79602526741444213  0.80646616396172643  0.81699090259687202  0.82743140865643761
  0.83796139355557309  0.84853922385729064  0.85949568409546595  0.87058038690453310
  0.88129401272332464  0.89165859764840993  0.90216129468839801  0.91283556623576467
  0.92343281066839855  0.93383606096092053  0.94471279393729557  0.95559123919984734
  0.96669562541270282  0.97752892974664252  0.98873501598755564  1.00000000000000000
 -0.00348223049125296  0.01475355938910950  0.02776602073103553  0.03872132897723570
  0.04955818125923080  0.06017070668151266  0.07095435823121843  0.08156321708571274
  0.09213469480597063  0.10272865044243797  0.11337634790049922  0.12416795580503304
  0.13479344759053355  0.14526535545900707  0.15579188143528541  0.16633610744575111
  0.17678605890919910  0.18706484150605165  0.19716358122012967  0.20705397602532805
  0.21679686826705655  0.22674057078598556  0.23685758789217962  0.24706369709629294
  0.25726613646151419  0.26771261599267487  0.27845139945396225  0.28924123071026270
  0.29993079322275079  0.31052228124216952  0.32111936603176777  0.33142687278085620
  0.34171026362128398  0.35204772858394090  0.36268418126279556  0.37342447123201622
  0.38413263692672933  0.39465182083649186  0.40489522369791014  0.41498632172716626
  0.42524610932010753  0.43549588633750119  0.44596843060166796  0.45644817198748194
  0.46697870787778023  0.47748588023696820  0.48791266853652177  0.49826325874575766
  0.50859473863748317  0.51905992053678962  0.52974623037878643  0.54053749240977456
  0.55128599069602024  0.56199959128883736  0.57256595485870199  0.58303748783017495
  0.59331132348318072  0.60363540960863793  0.61400810590688260  0.62449986096792831
  0.63495211926538353  0.64524726251798059  0.65559633148315200  0.66594975991793981
  0.67660218251718129  0.68716591811803973  0.69776811645356374  0.70831219271537504
  0.71895134838796115  0.72954411062201874  0.74004206297939557  0.75060155112676985
  0.76099158587012516  0.77132571501896896  0.78143497432148035  0.79169547253268036
  0.80205901909122135  0.81236669148332341  0.82286110818695979  0.83334783369489007
  0.84398514009684089  0.85462169153456136  0.86528899233117196  0.87597102384298109
  0.88648787136191631  0.89686001979823526  0.90721875956562292  0.91753569428699500
  0.92773247372422696  0.93806246516472769  0.94829393516954053  0.95857371647932621
  0.96876227125838443  0.97902730103959024  0.98947291568998030  1.00000000000000000
 -0.00208327222370974  0.00805938222567350  0.01697856664025163  0.02622005963618416
  0.03553391142299098  0.04519830795522194  0.05511492974759104  0.06527498307281888
  0.07567562744232965  0.08615416536997877  0.09676466751803717  0.10730438719628967
  0.11790625371529066  0.12874777264534032  0.13982980610607038  0.15112324325091184
  0.16213082461526274  0.17315151925491507  0.18425466182536765  0.19558364114733517
  0.20701104330059847  0.21863833539965835  0.23023407339806726  0.24182725932445309
  0.25355007742117142  0.26539502117080943  0.27756443349552867  0.28983499639752475
  0.30226705345707583  0.31471114951572460  0.32730847864273160  0.33984101167668401
  0.35217036773872862  0.36440424517695330  0.37650917772633730  0.38870661232949211
  0.40114046377317525  0.41373926840481495  0.42640856670030469  0.43898092603468225
  0.45145592352987768  0.46386250192826362  0.47631203123572102  0.48869825653424176
  0.50115718761811390  0.51372096481637386  0.52598956762639226  0.53796676676550059
  0.54984831262407086  0.56185275582192085  0.57374733949950674  0.58555924800383807
  0.59732811500517458  0.60911408596630612  0.62066985552657605  0.63215219037957093
  0.64335205767646209  0.65467092187541132  0.66593886772158406  0.67720732750361234
  0.68821274840903546  0.69899391385747067  0.70965974514565044  0.72025858600139236
  0.73087894796594288  0.74138584889019865  0.75175160157515464  0.76189324658660273
  0.77187648946078891  0.78177080768102691  0.79149526868692721  0.80103038736888177
  0.81038482248647326  0.81969691398012012  0.82892415839715616  0.83813368647605124
  0.84717519093355342  0.85611266597983871  0.86479534781001577  0.87336849384839776
  0.88193529905466239  0.89039472685030496  0.89882676298227016  0.90725762652411479
  0.91580115399813666  0.92430199648487876  0.93258019275912307  0.94057757576229384
  0.94828968517527734  0.95592915969424175  0.96353255264735260  0.97096847894792004
  0.97831337285086739  0.98556402356834583  0.99272402337549326  1.00000000000000000
 -0.00253192029751393  0.00955739146778099  0.01955898646213841  0.03014322777581619
  0.04071548284799929  0.05132977237239514  0.06193869713735992  0.07254032293333397
  0.08324312406507883  0.09372440676897281  0.10413429657812689  0.11466561064310020
  0.12543011504935184  0.13621336360883338  0.14701775928244842  0.15772580456677249
  0.16832393256764280  0.17881650443568167  0.18922895906865331  0.19974346073935606
  0.21018680691704000  0.22067977217068505  0.23113817580764626  0.24164254012927328
  0.25208638113785742  0.26268542906214931  0.27337088672707843  0.28417570846080709
  0.29487024649409399  0.30542084283037846  0.31591523446627273  0.32614480773664556
  0.33627693821739374  0.34627824769417620  0.35663072669458940  0.36718931253646253
  0.37775441823980838  0.38816293876294788  0.39865611003352774  0.40917879960911357
  0.41959670099660867  0.42978343147060849  0.43999829198774454  0.45033482835928013
  0.46070548701931363  0.47106221126460823  0.48134308956232669  0.49175688931643330
  0.50221553842748401  0.51275502673367723  0.52337597075001341  0.53400674739297249
  0.54464820261868518  0.55530708948172436  0.56613195583090825  0.57672951707308839
  0.58731712317053175  0.59783464225741345  0.60873084763326668  0.61971040480661044
  0.63082479055929996  0.64188700401991516  0.65261761867904911  0.66330994385831776
  0.67379509984875641  0.68447809175661867  0.69510099464762110  0.70562204704387088
  0.71606659388784522  0.72646172635840744  0.73689119310513729  0.74721487641958451
  0.75745768468314356  0.76772567635294275  0.77818249884287805  0.78874694878694274
  0.79941744484898736  0.81028669084796756  0.82093532089247256  0.83151109042201909
  0.84203448860353314  0.85264197819856669  0.86314092437840062  0.87338733381213407
  0.88393044841916812  0.89457925954569262  0.90515660601026560  0.91567413454378199
  0.92641116663650014  0.93725733587926396  0.94780936985615760  0.95818375539610723
  0.96857411885253097  0.97902687172119818  0.98942438392944809  1.00000000000000000
 -0.00247759617841426  0.01005081772795107  0.02047566203490674  0.03114987907987217
  0.04190065573427103  0.05236198844847613  0.06268180855374562  0.07286728249394925
  0.08315206010297040  0.09349579848139512  0.10373144533063133  0.11410716146941165
  0.12464933804983179  0.13515952499544776  0.14579267400185322  0.15636733514998619
  0.16712611876426656  0.17789551068551887  0.18854540609007364  0.19890960945443525
  0.20932474176917693  0.21969531218822608  0.23012242632986812  0.24037518687244883
  0.25081694583565883  0.26131410073871536  0.27184759670791869  0.28213812966672253
  0.29237821555084093  0.30253239147591243  0.31268037059786113  0.32310921262089121
  0.33370034980826740  0.34448099621369471  0.35511281171283354  0.36578463371993902
  0.37647239286534240  0.38713499082187980  0.39798936387186040  0.40880261640895504
  0.41969623560464797  0.43038323445518772  0.44117000455477218  0.45182543159286781
  0.46234859970347247  0.47277071353972938  0.48323398721491856  0.49374313141841325
  0.50427094674261286  0.51465538304728597  0.52495968635211998  0.53519886105237835
  0.54545883078491386  0.55606334234687183  0.56679129782014737  0.57754537542948869
  0.58818863436148328  0.59887883407378795  0.60953081655454833  0.62025061115163027
  0.63078753773983642  0.64136548952364070  0.65182050154143056  0.66212039120656141
  0.67243004802195649  0.68279888798199861  0.69337795476834341  0.70394781199730494
  0.71435995659656226  0.72479315711518932  0.73527600595877651  0.74583318665817577
  0.75632039793493122  0.76684220384560497  0.77744567686948085  0.78805421889448291
  0.79867333913382332  0.80932610035372188  0.81984835257035038  0.83019083300218632
  0.84036988142504898  0.85066151964126424  0.86109847720620947  0.87162497369727343
  0.88210670581947015  0.89264245419293153  0.90313294787525511  0.91375973500308383
  0.92431617212957429  0.93501670171500884  0.94578199185042455  0.95663654474523685
  0.96745524046831688  0.97821873690547445  0.98904680182068483  1.00000000000000000
 -0.00245114188873640  0.00944060056313973  0.01913985302815338  0.02933418371838118
  0.03942214680769163  0.04987753216014279  0.06032975836848017  0.07108416618770023
  0.08185258100036544  0.09256322589517629  0.10328609968996579  0.11394219830990944
  0.12455156656104405  0.13519116605641579  0.14605330079728873  0.15683962390206205
  0.16749952813170324  0.17793282656756246  0.18844106206369945  0.19905147218241134
  0.20966586374122911  0.22033982776857461  0.23098432952787976  0.24151065851457479
  0.25198559438286577  0.26261811396647267  0.27317885378358175  0.28364898333699828
  0.29415971078594300  0.30469524382510399  0.31546042235393396  0.32607811579519025
  0.33664396365465704  0.34702846929508058  0.35732208588310010  0.36763272254639673
  0.37810190969736962  0.38852044842701700  0.39909427168386385  0.40963232193586208
  0.42039126836725255  0.43117596301085259  0.44197033243961414  0.45285756536354221
  0.46361391837960686  0.47438871466613952  0.48500620096607577  0.49536922414786549
  0.50563858553147489  0.51596787524041632  0.52654502307908246  0.53715683229985423
  0.54772283311510173  0.55813649468361315  0.56853753299989418  0.57887626511789037
  0.58959209384338129  0.60044138238247136  0.61107238720972457  0.62151388718934619
  0.63185591771157457  0.64202976874840989  0.65232713921711571  0.66266164375902792
  0.67319767115235229  0.68369593273194285  0.69409822185084014  0.70454781344392825
  0.71504164366640577  0.72548724979441548  0.73608460919995744  0.74659440780251840
  0.75717831221425780  0.76776335096977022  0.77823567319477271  0.78851869780572781
  0.79871640771612051  0.80867072364022619  0.81878966531461184  0.82913319217601344
  0.83980377177317611  0.85062714749681467  0.86143573192557066  0.87239811108802467
  0.88341268492799663  0.89438252460279799  0.90510671371236728  0.91578045952951381
  0.92633909481609689  0.93703961582822715  0.94762752217572943  0.95826406980430456
  0.96877953482358881  0.97921342275045264  0.98965102481484413  1.00000000000000000
 -0.00276167058401537  0.01182477943598320  0.02382056007278862  0.03602301981443101
  0.04797176911621002  0.05959993072394400  0.07130584164521404  0.08282585548648203
  0.09405681947627366  0.10482884841292603  0.11533246929684934  0.12559744034277018
  0.13589421729461604  0.14628955338827387  0.15674625636131279  0.16699844695599914
  0.17717759124514920  0.18734474370501147  0.19747300925089126  0.20755213620510662
  0.21759565814208615  0.22762038396874273  0.23747065007390791  0.24723079697769479
  0.25697717350833854  0.26669107161478356  0.27634835515446693  0.28593960017290665
  0.29559390342713637  0.30520809008001037  0.31466260779111710  0.32402937413417704
  0.33343770667277545  0.34295081872836447  0.35261517206848103  0.36224705580724642
  0.37183428011690906  0.38140669137463096  0.39086356716672621  0.40020961801475330
  0.40956224111253109  0.41886352483471251  0.42832186182607618  0.43783772138646698
  0.44728000782436744  0.45662524181845748  0.46593199201792818  0.47541841495995685
  0.48508698392196892  0.49467031594556066  0.50399530318634500  0.51317058512685376
  0.52230368845219433  0.53142780307645288  0.54049296967543092  0.54971707945622517
  0.55918948603416485  0.56886676237177392  0.57864243241851387  0.58835510788079204
  0.59801047148780706  0.60762094526230381  0.61729002401745836  0.62716853547233020
  0.63714654287620376  0.64711254365239745  0.65704018595338110  0.66697137183943511
  0.67712716546514107  0.68721580164535845  0.69728610315559902  0.70746671543277984
  0.71778019516305824  0.72822023093803845  0.73874027660916375  0.74939426231262141
  0.76050725248680606  0.77164698250209884  0.78284527841668095  0.79409279908807862
  0.80544051337626410  0.81676687436660955  0.82799267552555489  0.83943003750471212
  0.85108396853318868  0.86324527141306207  0.87561506858628957  0.88830039815413364
  0.90124450416884405  0.91457591327716037  0.92809163114352933  0.94172295839967968
  0.95547648167494426  0.96966651173049789  0.98452862616007186  1.00000000000000000
 -0.00243389100961323  0.00990171092310022  0.02009817165862108  0.03044479775139607
  0.04075062959042882  0.05088805913133141  0.06120913670174746  0.07181697438816916
  0.08237998053500917  0.09313914834352191  0.10392626042593422  0.11501958393549824
  0.12605639106853567  0.13691674027213491  0.14753630790122305  0.15790873966238544
  0.16821440983707878  0.17868117041091300  0.18918856929626482  0.19980236832864204
  0.21032226724484640  0.22076373133996813  0.23110404223263273  0.24144067760886703
  0.25183250518674505  0.26218739930175317  0.27252587992600963  0.28281766382195456
  0.29325586834268924  0.30392714468598858  0.31463482497699702  0.32522277400068567
  0.33574556220497426  0.34633359022568444  0.35676246593479255  0.36709992489516291
  0.37729423589806466  0.38770716965333535  0.39799982731977857  0.40843968025072236
  0.41877367512059988  0.42922223684106026  0.43981481223247126  0.45037014284503629
  0.46098206743535836  0.47133605151284835  0.48177158966431149  0.49206289666729497
  0.50237483252689585  0.51270998517034827  0.52315782580532122  0.53369572203311000
  0.54443482774461427  0.55522894199223150  0.56607754593361781  0.57655148272098644
  0.58695855229215987  0.59727421258313851  0.60759638770351487  0.61799780046491470
  0.62851710742824085  0.63916141616413813  0.64966886386189471  0.66024458154522214
  0.67103195059426390  0.68189291158881293  0.69265446622509630  0.70338287789792087
  0.71417056495164666  0.72494279333974554  0.73570247043371539  0.74658279619096601
  0.75729190500901489  0.76780027930372041  0.77812366372484221  0.78838635215398256
  0.79864785722958898  0.80881037259155575  0.81906070817878307  0.82945715768922390
  0.84016697680879904  0.85099032500661398  0.86174571443296555  0.87235013328167088
  0.88296667616218549  0.89334350245675231  0.90365754888508376  0.91392316026796450
  0.92476034295177079  0.93573562370337682  0.94655787401014468  0.95737102291235798
  0.96796176989327998  0.97886985590792164  0.98935757092780341  1.00000000000000000
  0.35172942043888217  0.60082216738219441  0.62789379555421432  0.63877909722981774
  0.64615641150110581  0.65159427958881677  0.65639560882720172  0.66086254093881935
  0.66519672644156280  0.66896660136497910  0.67257590930083633  0.67609790696737393
  0.67957120510248481  0.68298904439803454  0.68635307954197611  0.68958626618824381
  0.69277261348650210  0.69596294776144318  0.69913510326908090  0.70226914744883084
  0.70538892632729933  0.70845508903944165  0.71143759897355274  0.71439589343304277
  0.71737011446069887  0.72035859951895409  0.72335542658717633  0.72633572742612595
  0.72929549237340552  0.73222457090625470  0.73514538479166414  0.73805468955355646
  0.74095931985343988  0.74386608060349357  0.74676193225056453  0.74965833886577271
  0.75255073926405525  0.75546357412530551  0.75836659147294661  0.76126021668259591
  0.76410581754859852  0.76694479604286736  0.76980218162060621  0.77271205233953999
  0.77567563730306466  0.77864294357355412  0.78158777416482816  0.78452339265271698
  0.78744760194329821  0.79036731847691510  0.79333104333205662  0.79634087465020109
  0.79938825686516901  0.80245735149517428  0.80552526377520794  0.80863877617985847
  0.81173864343702040  0.81489907827303454  0.81814760451535939  0.82139976362874512
  0.82468469613715278  0.82797197148363799  0.83127708821664115  0.83462329950363479
  0.83802153525648027  0.84138917020302229  0.84474871399294493  0.84812574209590263
  0.85154728108770628  0.85505291337715517  0.85866039312897224  0.86232267467400625
  0.86603374971524405  0.86981185277413808  0.87364288608563800  0.87754294490704676
  0.88148456393166197  0.88547369414980392  0.88949645880320349  0.89358024893788401
  0.89784664712722417  0.90232807447726526  0.90699603472512957  0.91172952665174545
  0.91657534817968023  0.92160841120043069  0.92669550042905602  0.93184577849760908
  0.93722515666576867  0.94301133684385041  0.94912232955881648  0.95567195596947419
  0.96314555148722258  0.97205324037103813  0.98337265580377664  1.00000000000000000
 -0.02276480906104721  0.14326232204509801  0.18417689408477123  0.21122345066207643
  0.23252829440117007  0.25111009526325340  0.26756508300859672  0.28269774885010768
  0.29685641801499330  0.30979731784478648  0.32217501413268729  0.33395764384210552
  0.34529278248307477  0.35619225513816777  0.36672529014090560  0.37693651882982460
  0.38688737254218880  0.39660733024217604  0.40600936866988735  0.41513821361209069
  0.42397720615937529  0.43256870218354304  0.44091984330328426  0.44908643396789316
  0.45714594578799328  0.46509188669942875  0.47294003879048557  0.48067756268690159
  0.48825152338445527  0.49568654616998892  0.50297579193660291  0.51004230190781319
  0.51702296594628172  0.52386892558809839  0.53061087521977257  0.53728697519286139
  0.54388302876624439  0.55038869049299832  0.55683133223334758  0.56320256057619900
  0.56947496300511313  0.57568819928324810  0.58185786380956561  0.58790782924422669
  0.59383758409421672  0.59975146532594426  0.60557570686344753  0.61135715306911409
  0.61706297569405366  0.62272085908966102  0.62829331182463111  0.63390457298617786
  0.63947804231938776  0.64504748403480250  0.65059860713047246  0.65609465413552503
  0.66151903212396923  0.66688719852611023  0.67222590982444663  0.67757318854721793
  0.68296509159829133  0.68833193203913656  0.69366529651097197  0.69893685388140614
  0.70418618006665146  0.70942055616389688  0.71463682209668489  0.71988336460478342
  0.72510632449649604  0.73030087653057418  0.73548925547076016  0.74071735018607676
  0.74601325244510885  0.75130816197262795  0.75661712696850336  0.76196313045071717
  0.76731208362379366  0.77280784451697915  0.77848547993850659  0.78419792636241770
  0.79001518847480068  0.79601568238759890  0.80212701658081709  0.80819758498521499
  0.81439409694073872  0.82085086622449654  0.82744300345567201  0.83436900110581325
  0.84173665950765109  0.84987601891433817  0.85939831328860072  0.87062404192977116
  0.88353567424868218  0.90026231000234302  0.92677732315610073  1.00000000000000000
   6.2961245694341172E-012  -1.0000000000000000     
 F F F F F F F F F F F F F F F F F F F F F F F F F F F F F F F F F F F F F F F F F F F F F F F F F F F F F F F F F F F F F F F F F F F F F F F F F F F F F F F F F F F F F F F F F F F F F F F F F F F F F F F F F F F F F F F F F F F F F F F F F F F F F F F F
  <DiscreteSampler_grid>
  grouped_processes
  1 # 1 for a reference and 2 for a running grid.
  10 # Attribute 'min_bin_probing_points' of the grid.
  1 # Attribute 'grid_mode' of the grid. 1=='default',2=='initialization'
  0.0000000000000000 # Attribute 'small_contrib_threshold' of the grid.
  0.5000000000000000 # Attribute 'damping_power' of the grid.
 # binID   n_entries weight   weight_sqr   abs_weight
    13   10   2.010944459568296E+000   1.179529450547337E+001   2.010944459568296E+000
    14   10   2.010944459568297E+000   1.179529450547339E+001   2.010944459568297E+000
    16   10   2.587457689661785E+000   2.005516278259486E+001   2.587457689661785E+000
    17   10   2.587457689661786E+000   2.005516278259490E+001   2.587457689661786E+000
  </DiscreteSampler_grid>
