  0.00007137504517053  0.00007269662266436  0.00007468362088179  0.00007661110166874
  0.00007876736128761  0.00008114725435694  0.00008393215912196  0.00008691688851525
  0.00008954148513704  0.00009136921242812  0.00009211760588693  0.00009227674760468
  0.00009234373988909  0.00009238322668613  0.00009240569316801  0.00009241804685880
  0.00009242530349318  0.00009243100228248  0.00009243555546228  0.00009243922693240
  0.00009244223022032  0.00009244432785983  0.00009244607425334  0.00009244764603992
  0.00009244912684344  0.00009245024025044  0.00009245126364514  0.00009245217679695
  0.00009245307416000  0.00009245389317105  0.00009245471212826  0.00009245549993353
  0.00009245628773879  0.00009245709635733  0.00009245791169281  0.00009245878160606
  0.00009245968930608  0.00009246068872582  0.00009246173838701  0.00009246316843063
  0.00009246469326148  0.00009246632128309  0.00009246848421382  0.00009247129849235
  0.00009247482864987  0.00009247922267871  0.00009248469297055  0.00009249169940780
  0.00009250301570918  0.00009252341896846  0.00009255793182346  0.00009262827093971
  0.00009289106664974  0.00009392997778778  0.00009735580590148  0.00010233797999360
  0.00010822743853395  0.00011538222698393  0.00012401760836710  0.00013512866233864
  0.00014904490143552  0.00016474378688190  0.00018322703190033  0.00020513676024359
  0.00023256228229174  0.00026568670462938  0.00030473880153658  0.00035054072402912
  0.00040599185925961  0.00047163845335608  0.00054854355175567  0.00063051138954886
  0.00072400006137489  0.00081745124168979  0.00091785896621883  0.00102014109185642
  0.00112893473860212  0.00125480523959534  0.00140162707116408  0.00158095069817235
  0.00176565339657239  0.00196802731892668  0.00218612582870847  0.00244374303632430
  0.00269626821617771  0.00294441133082768  0.00318932693429124  0.00344862891671912
  0.00378780995577249  0.00427343840350383  0.00487956158243166  0.00568828960249529
  0.00683628326924140  0.04338478478680775  0.14570917007523754  1.00000000000000000
  0.00000004545538956  0.00000147160792100  0.00001098903384656  0.00002643182878414
  0.00003486695529826  0.00003886400355368  0.00004120678395929  0.00004263702488717
  0.00004351967683124  0.00004407174433150  0.00004467109582336  0.00004518587217958
  0.00004560054849807  0.00004594074800270  0.00004621371386019  0.00004648457923971
  0.00004669593970562  0.00004686801930881  0.00004701436664484  0.00004714174300271
  0.00004724990483686  0.00004734698966605  0.00004744550915732  0.00004755216663995
  0.00004766320395820  0.00004776537748497  0.00004785248312258  0.00004793507501785
  0.00004801852538423  0.00004810347374327  0.00004818484056545  0.00004825157273825
  0.00004830950803564  0.00004836556465419  0.00004842418468540  0.00004848553975297
  0.00004854783896600  0.00004861019443410  0.00004867506689510  0.00004874512545961
  0.00004881712830025  0.00004888167382826  0.00004894261332349  0.00004899938327047
  0.00004905632008690  0.00004911313731895  0.00004916915594502  0.00004922416128566
  0.00004927964261474  0.00004933738432863  0.00004939678183688  0.00004945882297902
  0.00004952322374337  0.00004958857850968  0.00004965593597307  0.00004972675252396
  0.00004980121428198  0.00004987752736163  0.00004996349041240  0.00005004009058183
  0.00005010581713619  0.00005017166838286  0.00005024014171789  0.00005031132686820
  0.00005038583027095  0.00005046740962587  0.00005055694112329  0.00005064976738439
  0.00005074302310609  0.00005085128643307  0.00005095934069489  0.00005107610059584
  0.00005120205530597  0.00005136799907574  0.00005157940567815  0.00005180932995041
  0.00005204303740472  0.00005228748012805  0.00005255652612375  0.00005286180718662
  0.00005328042003836  0.00005381263888931  0.00005453809116384  0.00005568036404478
  0.00005736102557820  0.00005941874441245  0.00006159445691567  0.00006417587053639
  0.00006842966441611  0.00007701867259253  0.00010207830867179  0.00020927624805472
  0.00060953915393073  0.03061182954876387  0.09425795069278341  1.00000000000000000
 -0.00000005541382938  0.00000166904509152  0.00000281769701458  0.00000433098611186
  0.00000669972336913  0.00000945374528539  0.00001231556868578  0.00001477372365177
  0.00001683783771086  0.00001930827218942  0.00002171669464172  0.00002454029896714
  0.00002788889993748  0.00003111931158016  0.00003407553807406  0.00003686981669743
  0.00003957847894414  0.00004224315525232  0.00004492083389076  0.00004755664409262
  0.00005017680290995  0.00005280316932604  0.00005540155254790  0.00005805539135134
  0.00006084237201783  0.00006351712959951  0.00006624708005311  0.00006914383078358
  0.00007152797054913  0.00007369597013577  0.00007609497388128  0.00007865548017591
  0.00008131583297018  0.00008418842501986  0.00008744494483958  0.00009018913424095
  0.00009403473848281  0.00009851801876019  0.00010330308795856  0.00010923625716723
  0.00011530118055563  0.00012096463609540  0.00012680907843230  0.00013302576597060
  0.00013934481094064  0.00014551865740120  0.00015259935418034  0.00015947483531816
  0.00016615485894171  0.00017443049360519  0.00018298702246743  0.00019155040036531
  0.00020140070805339  0.00021226256670173  0.00022387278948192  0.00023604932072116
  0.00024894822892372  0.00026266565738761  0.00027722080508637  0.00029293554346252
  0.00030921877809821  0.00032469451401616  0.00034166546698795  0.00035960034732557
  0.00037543300862692  0.00039003617943455  0.00040621913307823  0.00042926283753959
  0.00046193984976124  0.00049914698319123  0.00053737522567109  0.00057658493807353
  0.00061579875250164  0.00065666194087773  0.00070226337241706  0.00075343023758085
  0.00081134614499402  0.00086986878209016  0.00093384581668966  0.00098387364354197
  0.00102097328425297  0.00105600882595681  0.00109272794647602  0.00114113944809535
  0.00120027602115361  0.00126358642258083  0.00133860187836004  0.00141443261075646
  0.00149063978076905  0.00157442009770954  0.00167083476003935  0.00176705935176390
  0.00185467567591015  0.00253410188184885  0.08003942004187772  1.00000000000000000
 -0.00207784856581973  0.00816994717005135  0.01613933350261550  0.02441452365956785
  0.03511789684234789  0.04142100377336843  0.04897625376415569  0.05609441394753356
  0.06316492453478344  0.07116176267571797  0.07951680921235131  0.08771322122011749
  0.09600595187156616  0.10491771264027071  0.11424149769535061  0.12295024670316602
  0.13059507769725448  0.13793917742238682  0.14473333824891524  0.15176923430356692
  0.16123207248161359  0.17155441005769401  0.18078596900783495  0.18864448010840137
  0.19682865286266676  0.20631073815419673  0.21672101231688315  0.22584848993663062
  0.23432076292415593  0.24352373699582527  0.25272609849689331  0.26245307363351905
  0.27263122364904419  0.28396981023573831  0.29562135523565258  0.30516890772467303
  0.31291369804604235  0.32229183737203343  0.33117012941729718  0.34245846729976043
  0.35389760088492389  0.36564114678795007  0.37761544004480507  0.38971054800994376
  0.40213822498137114  0.41498062636583821  0.42780402622242708  0.44124237423871299
  0.45366308111270243  0.46232963348136802  0.47185737235146558  0.48119620613820102
  0.49237438481975182  0.50463202628971870  0.51738585197010423  0.52936229535706680
  0.54083811672896986  0.55140812091110314  0.56099432022239326  0.57059408085642893
  0.58048657269409920  0.59047140632000195  0.60119270255198198  0.61319894591016066
  0.62577490580437256  0.63854553425149962  0.65157675863917941  0.66368941094438672
  0.67328249797663364  0.68210127994831049  0.69086161123705958  0.69953155164854630
  0.70735598818442380  0.71575975324035079  0.72561151272743096  0.73634621172162651
  0.74912321446863728  0.76378413457508054  0.77930240275973239  0.79465434873055218
  0.81002415653028625  0.82590332958764812  0.84069732483648441  0.85253041675143248
  0.86252034954569046  0.87360639713040344  0.88741225055739748  0.90113561513498408
  0.91296242896163848  0.92301366150799424  0.93343328494815347  0.94623021159559406
  0.95868248383045940  0.97122374297944514  0.98501252470862666  1.00000000000000000
 -0.00316899615726211  0.01094184033985137  0.02350690088077954  0.03523978457562837
  0.04588855501071542  0.05715683082350221  0.06962848566421923  0.08299484521454860
  0.09666265165590758  0.11024074400218378  0.12404072807848859  0.13714298514867085
  0.15019802953295036  0.16300049846697970  0.17502579264137028  0.18635283394752214
  0.19769071886015430  0.20845306307379449  0.21765211639272306  0.22685882219136322
  0.23642666954356831  0.24716831148986945  0.25909180333994902  0.27133251992865043
  0.28370534339417308  0.29589297282850224  0.30758412521869077  0.31904126671322586
  0.32971026496529188  0.34027395978939362  0.35099621770562556  0.36163991008115104
  0.37199002233287842  0.38270446942958980  0.39277594749433548  0.40253340181111780
  0.41311255203202790  0.42333557709096692  0.43230776144604405  0.44075452150468775
  0.44934358677880415  0.45785351759736392  0.46693666764463132  0.47780872191754020
  0.48866640761956393  0.49884010306484189  0.50973806092036933  0.52085348918812424
  0.53166062706486283  0.54230555016875792  0.55075152067783395  0.55718656446926673
  0.56379105069031465  0.57176093469266176  0.58039995832793412  0.59039869986719551
  0.59841286811691263  0.60429876839604912  0.61122156713275277  0.62263167572117417
  0.63574612412685250  0.64709728006248990  0.65763600455756432  0.66773344801183865
  0.67802934557274974  0.68841898255380318  0.69861242416783131  0.70866300855141340
  0.71808196684533354  0.72637650047821012  0.73469284982501315  0.74397177521772195
  0.75373805783533032  0.76542968630182406  0.77781963297603929  0.78674556461853140
  0.79434829596761403  0.80219089416728562  0.81015915358414059  0.81883730781152397
  0.82948804482263849  0.84042267227508993  0.85116897363253241  0.86219304900612093
  0.87329768588717704  0.88453733030243642  0.89590023650972428  0.90701651331910471
  0.91845670592302076  0.93092016077906414  0.94364578175829228  0.95585830364915825
  0.96717634170348432  0.97821173477175472  0.98948166972730733  1.00000000000000000
 -0.00148442442320500  0.00659230466227581  0.01580598419101242  0.02424341779716014
  0.03298759722472975  0.04271590158337925  0.05379554649340677  0.06371080750004809
  0.07312397086737367  0.08337886613965792  0.09266595255850534  0.10267043115643139
  0.11399695114134302  0.12634691480383745  0.13962707223743004  0.15259197767529395
  0.16529160758760228  0.17738539709696069  0.18953775563739886  0.20119190631441228
  0.21095920737240442  0.22092151497215609  0.23143035482063329  0.24202466897763406
  0.25302651938546350  0.26558553285355657  0.27849388791785445  0.29138839512742110
  0.30442781723511048  0.31780687740311880  0.33106869893698804  0.34434404953481518
  0.35775865492801517  0.37062304965717757  0.38445849295081130  0.39775870329580126
  0.40991712130023777  0.42140338760646828  0.43261194300515771  0.44266160921941056
  0.45216483300240529  0.46344286089587799  0.47707574201893899  0.49048129847673927
  0.50187365575590581  0.51273753412354450  0.52338679990571990  0.53194100750273010
  0.54275012069006445  0.55573594715264307  0.56992817452582190  0.58405508477283419
  0.59765656283754687  0.61079231436838111  0.62360913118662054  0.63618027349973882
  0.64873143020830237  0.66094941964053089  0.67197644270909473  0.68178318456371467
  0.69171367738278877  0.70324190068954351  0.71600762465560219  0.72801040644508885
  0.73936839739427274  0.75049633178631925  0.76187347191304877  0.77423991011181625
  0.78579887843724527  0.79488719362389160  0.80277543207156532  0.81135743213746159
  0.81955413049906078  0.82631579568263902  0.83700560115539469  0.85027608948271705
  0.86025686954879832  0.86740683830803067  0.87404119102129463  0.88008478468380857
  0.88576878039725560  0.89278459679408340  0.90203597476196140  0.90983592491191456
  0.91709206614252237  0.92428610599034944  0.93193811410266314  0.94048086892693417
  0.94946465463503649  0.95829748758263700  0.96763945721718614  0.97399020618374554
  0.98017971610528154  0.98626128539438929  0.99234800664254386  1.00000000000000000
 -0.00177108389246062  0.00768983868661406  0.01506460349895090  0.02184739458937859
  0.02922219197060539  0.03840944380705345  0.04850666246586983  0.05943403129454561
  0.07000541376039190  0.08000329927877445  0.09114177147339825  0.10261022650498403
  0.11299385601550786  0.12393691021929078  0.13512166508559137  0.14551237835704392
  0.15607383169731306  0.16702893964914917  0.17768264509297213  0.18788174875872460
  0.19842052371205282  0.21085548531808326  0.22504813424652970  0.23892841129488840
  0.25103032807786302  0.26184355193081715  0.26883494317419554  0.27576270284409432
  0.28327893820517880  0.29233738914678448  0.30369684708342948  0.31658626006485274
  0.33019149733323988  0.34376938940640123  0.35693111477577127  0.36986450873065024
  0.38241527125882230  0.39524874407999033  0.40550003782112820  0.41541919495533003
  0.42426408437308877  0.43332767587918208  0.44240360347750113  0.45264304204809469
  0.46224333621306657  0.47144091697659962  0.48222122507346626  0.49498825125548901
  0.50715073131442823  0.51697850734178152  0.52653751327456666  0.53634579443729902
  0.54670700173197551  0.55792115006267007  0.56907511499385532  0.57949047564731648
  0.58953401371895198  0.59891718320219112  0.60651034745840693  0.61433628451573719
  0.62287069062582989  0.63375647884507424  0.64631255288471845  0.65830618161316923
  0.66931882399934683  0.68019728106288291  0.69189556136316288  0.70390192691302500
  0.71625759174692261  0.72887807802314009  0.74034527683159723  0.75239319196868670
  0.76379400752117643  0.77511205631614166  0.78560729702994547  0.79466374657147631
  0.80336643841834265  0.81176263531316684  0.82048955868158124  0.82965963452135405
  0.83967049485733924  0.85301013925216984  0.86555277992260948  0.87716482108483418
  0.88759949622313261  0.89821356870518398  0.90850911334677520  0.91846928132247485
  0.92834384176422413  0.93778509973572299  0.94653105446924668  0.95522045000478384
  0.96456518179085271  0.97438711680552181  0.98718528664600436  1.00000000000000000
 -0.00203409089878366  0.00774895017970720  0.01818022657747793  0.02946849339128160
  0.04110668712470422  0.05203213386051658  0.06301723009994512  0.07422371405440314
  0.08450318160237223  0.09312684116279625  0.10210201113842687  0.11134185067042586
  0.12000270789071361  0.12827591366595095  0.13762363939709374  0.14925566619387634
  0.16225698908994748  0.17555436656366830  0.18871743037451769  0.20145924376135740
  0.21439190703557912  0.22689028388393945  0.23724086530689162  0.24515404378623795
  0.25275748560386846  0.26192053443064967  0.27325257850034290  0.28529429500402931
  0.29739045965130134  0.30851813323870325  0.31752706545457599  0.32696670445561127
  0.33673190208808779  0.34608586587413698  0.35564268784936443  0.36550106605328680
  0.37651178249307810  0.38822509860966870  0.40018207893820207  0.41239876396156705
  0.42522760902420459  0.43892216441886578  0.45261506830570952  0.46490214375801869
  0.47600812292920575  0.48647534055230257  0.49754236528947049  0.50722996980107926
  0.51704920096597795  0.52674127776924440  0.53484687873059489  0.54438149945146064
  0.55432633193510705  0.56384694275774538  0.57350085061838463  0.58616303482467191
  0.60129669686259068  0.61463572611447526  0.62457844121465200  0.63296717888242371
  0.64080457178386063  0.64851175012726603  0.65802280773035859  0.66979504750243302
  0.68157910287973944  0.69221035435311296  0.70242184789580031  0.71224447125403334
  0.72219609030923437  0.73219802440533011  0.74172420708395226  0.75050732514038820
  0.76036102153253560  0.77066756776631096  0.78173500699011578  0.79300992378049640
  0.80386053889052078  0.81393169707678370  0.82508893709822462  0.83708193039573919
  0.84809282066873803  0.85714553659904102  0.86562462788329486  0.87448148093690348
  0.88298387705163961  0.89157908147410569  0.90179207562619712  0.91190833686000827
  0.92055053567479017  0.92912369857355359  0.93854774150772424  0.94853432570672558
  0.95989162899582536  0.97286464133368411  0.98673729857977655  1.00000000000000000
  0.06732556578890775  0.18699778256376914  0.34866567469815207  0.50591126064738368
  0.59014552631427608  0.62541105041808853  0.64211408311697826  0.64995052093683159
  0.65564905219177871  0.66069202078436373  0.66524698895255818  0.66932495629699651
  0.67312744312910211  0.67680132704521467  0.68046165502812517  0.68433320861096913
  0.68858095408289266  0.69274114046474233  0.69627385659270224  0.69937492926048972
  0.70227762138478911  0.70514903581528354  0.70828411839345840  0.71118068649754329
  0.71389677057771850  0.71655543795216414  0.71971086945477680  0.72328857293443594
  0.72663287195804416  0.72995580645950386  0.73327085755643995  0.73650165060718364
  0.73955440162707398  0.74214415109047061  0.74419163847530601  0.74614639818253792
  0.74816457689308491  0.75037838115583910  0.75291035146850271  0.75632130848643431
  0.75948397747873619  0.76253474226625395  0.76537570179774095  0.76834298482768670
  0.77145602041774630  0.77464110339583980  0.77817343900713443  0.78192946461011215
  0.78536956681043657  0.78840487616520849  0.79172416666869894  0.79505773308858685
  0.79825732226174417  0.80164980771663608  0.80559179451805785  0.80951475014700636
  0.81307751119945293  0.81617347011342700  0.81913571841154942  0.82200706968878690
  0.82470100240093103  0.82721674139961887  0.82980133634407149  0.83252992714138374
  0.83568689013466124  0.83954436632154450  0.84382524057353903  0.84833414382267347
  0.85256778257203669  0.85640736061688394  0.85998687808041074  0.86327329412363296
  0.86631100501343539  0.86964088824937325  0.87357527674706625  0.87808631531761627
  0.88307011656421519  0.88820337295138030  0.89286877210023208  0.89650717742840835
  0.89964559309366932  0.90250714431736512  0.90565870857985675  0.90956984841118627
  0.91339912931721035  0.91722996341405816  0.92215655223052617  0.92811892706146870
  0.93511056747514076  0.94232721141418141  0.94904466971730728  0.95503041071559636
  0.96102174741313862  0.96790053669417753  0.97650932615986885  1.00000000000000000
 -0.02011656301476002  0.13129645966667661  0.23042998795677780  0.26499322406776088
  0.28885282891954456  0.30629121125233894  0.32077417670942981  0.33355934971216444
  0.34576807724738701  0.35782652458313435  0.37045332559873173  0.38338641280974506
  0.39552462305027847  0.40683353720559318  0.41731690579823061  0.42643462631772860
  0.43380574324977167  0.44084831892295268  0.44806457944339817  0.45468431028211231
  0.46208500518726919  0.47100541518727751  0.48019114701976268  0.48875956079553051
  0.49645780283761698  0.50394831394675954  0.51175832675515998  0.51975230204221656
  0.52769175178213490  0.53487755770465439  0.54061029237166480  0.54596987659554286
  0.55176446158838222  0.55725317243689076  0.56336809649002273  0.56928688979163133
  0.57438776521415091  0.57883342383115477  0.58293959370191262  0.58714613044250763
  0.59290615160415960  0.59837527774410093  0.60273015161819787  0.60710854627167288
  0.61171226706816817  0.61665324274796840  0.62210131403762037  0.62786506653752350
  0.63337391469529258  0.63877262457370798  0.64392860157849319  0.64820858527453562
  0.65200401428783172  0.65579538274436122  0.66085180928988430  0.66625460273680981
  0.67097297767149389  0.67543287236591554  0.67990865727489258  0.68407361208828454
  0.68764772037972921  0.69175178564635598  0.69677338177190240  0.70125075587554486
  0.70514837424087606  0.70904730922417070  0.71289421891169780  0.71668611283874550
  0.72031888085391071  0.72427448911982961  0.72872693556685086  0.73322355896391211
  0.73811686592851733  0.74296282286459581  0.74779996961837469  0.75272271669353386
  0.75784389078077186  0.76326610634774372  0.76894203345591328  0.77478732871412481
  0.78095424412412617  0.78672684341163690  0.79222771061559283  0.79764086680795876
  0.80319579860646351  0.80896943250005393  0.81512860323775183  0.82196228110675029
  0.82973951984117578  0.83850093436765039  0.84807944765771137  0.85942444383903815
  0.87389182329470960  0.88895938961400445  0.90520976219179738  1.00000000000000000
   2.9544302214684091E-010  -1.0000000000000000     
 F F F F F F F F F F F F F F F F F F F F F F F F F F F F F F F F F F F F F F F F F F F F F F F F F F F F F F F F F F F F F F F F F F F F F F F F F F F F F F F F F F F F F F F F F F F F F F F F F F F F F F F F F F F F F F F F F F F F F F F F F F F F F F F F
  <DiscreteSampler_grid>
  grouped_processes
  1 # 1 for a reference and 2 for a running grid.
  10 # Attribute 'min_bin_probing_points' of the grid.
  1 # Attribute 'grid_mode' of the grid. 1=='default',2=='initialization'
  0.0000000000000000 # Attribute 'small_contrib_threshold' of the grid.
  0.5000000000000000 # Attribute 'damping_power' of the grid.
 # binID   n_entries weight   weight_sqr   abs_weight
    13   10   6.410346972781913E-002   2.233895088959487E-002   6.410346972781913E-002
    14   10   6.410346972781866E-002   2.233895088959465E-002   6.410346972781866E-002
    16   10   1.864633912897001E-002   1.565892529196563E-003   1.864633912897001E-002
    17   10   1.864633912896981E-002   1.565892529196529E-003   1.864633912896981E-002
  </DiscreteSampler_grid>
