 -0.00131224476987065  0.00641644223841827  0.01421151725521704  0.02332324203735930
  0.03220430683082950  0.04102565891042201  0.05182928000135773  0.06360432826963752
  0.07537672715461270  0.08700947266019336  0.09804626560702547  0.10954296273860527
  0.12138657244209758  0.13389929159640307  0.14642750785852401  0.15555004823865817
  0.16556452883386794  0.17449078834878917  0.18283428324588699  0.19028866125537672
  0.19760090254355067  0.20538688104202807  0.21537531580566341  0.22603317488394256
  0.24058578892843871  0.25534697976480908  0.26796915348651296  0.28012944951318336
  0.29240262520667659  0.30450599781334581  0.31607914142903626  0.32573568459907809
  0.33489467393378386  0.34476171112930754  0.35616268435123422  0.36724981175969224
  0.37877143022781584  0.39171499904219242  0.40494931733449147  0.41753647930433269
  0.42925430399701692  0.44027676364194906  0.45158351013987258  0.46361949070382513
  0.47613949544570550  0.49032352542896035  0.50332929478263355  0.51283206053419328
  0.52251013580706984  0.53033921647905502  0.53747648051168240  0.54447554753865890
  0.55320088201420281  0.56194759777223879  0.57356512526258663  0.58491055499711364
  0.59395933825026537  0.60172497674805625  0.60875407692595507  0.61612178627138914
  0.62411275444204117  0.63242342530364748  0.64017125723559343  0.64820497611019412
  0.65694507657408896  0.66694848871428303  0.67792184336224404  0.68893188493760993
  0.69898994522328106  0.70891195295078335  0.71886878890821648  0.72905687075451364
  0.73946697007868156  0.74869876703988281  0.75715656843308132  0.76572401635053811
  0.77625461789695960  0.78802602783201048  0.79849200362859152  0.80790807428307587
  0.81770310436935278  0.82837920270632548  0.83935514509897446  0.85004379967093557
  0.86157389856719535  0.87527758075870588  0.88992844922920666  0.90716943761510449
  0.92109096823506531  0.93093182524471985  0.93984373102627783  0.94918210918837709
  0.95910941725146803  0.96846207895484027  0.98093895828381039  1.00000000000000000
  0.00000005276759076  0.00000173222125379  0.00000468492666227  0.00000885559751530
  0.00001365328863173  0.00001869591292810  0.00002309091523388  0.00002700646727597
  0.00003022824919871  0.00003297856122049  0.00003472970078385  0.00003597204841914
  0.00003709652928526  0.00003807309202487  0.00003896535584148  0.00003983548221511
  0.00004064199421893  0.00004139669833025  0.00004208482055808  0.00004271787160201
  0.00004329316277868  0.00004382359144672  0.00004430189990925  0.00004472892218816
  0.00004512829644658  0.00004549604341103  0.00004582510136449  0.00004613096593801
  0.00004640444670978  0.00004665576239141  0.00004688829633543  0.00004710299620447
  0.00004727445779493  0.00004743942363241  0.00004760067246386  0.00004775979579805
  0.00004790442379663  0.00004804039659060  0.00004816898729603  0.00004829368939672
  0.00004841449980845  0.00004852683968084  0.00004863671075796  0.00004873283054586
  0.00004882813015512  0.00004892224011537  0.00004901628078838  0.00004910971851030
  0.00004920328959522  0.00004929758888584  0.00004939610665751  0.00004951717662228
  0.00004963854431261  0.00004976107087374  0.00004988455453314  0.00005001056858863
  0.00005013986343958  0.00005027412300271  0.00005041924147540  0.00005057288908130
  0.00005074192048330  0.00005091646671104  0.00005109682139043  0.00005132519233517
  0.00005157164198583  0.00005182882863199  0.00005211373649443  0.00005242869059221
  0.00005277099313144  0.00005313960877981  0.00005359034662540  0.00005409040679557
  0.00005463731933091  0.00005524980938031  0.00005592539746832  0.00005672195188881
  0.00005758329502652  0.00005856053747568  0.00005964901975194  0.00006121252647121
  0.00006318372546200  0.00006536225792882  0.00006774644408453  0.00007030641626931
  0.00007413707038835  0.00008162871041965  0.00009254331721393  0.00010848403837353
  0.00013136028703202  0.00016468112977881  0.00021401618166469  0.00031147497884766
  0.00053078083860719  0.00120812711339398  0.03645195793722029  1.00000000000000000
 -0.00349434969429893  0.01043504590296950  0.02184080827212532  0.03288708200447057
  0.04400820844602677  0.05536736410262003  0.06645111816054614  0.07562970695295794
  0.08421534111660295  0.09281584921069408  0.10227380614896997  0.11295817681480520
  0.12410934272333504  0.13540148216098502  0.14726107521746731  0.15979300502760213
  0.17275968874790595  0.18602922871333419  0.19961668112763217  0.21190326252515967
  0.22460585954129239  0.23683838888670528  0.25030649618988132  0.26336843724398268
  0.27340652543382576  0.28140505300346119  0.28923242605123456  0.29846129454220677
  0.30898338915964008  0.31934015785932662  0.32811118225671926  0.33747778162810871
  0.34867002700716926  0.36023722704031774  0.37221403464864738  0.38465119515055479
  0.39817412974466376  0.41113477102497142  0.42311522297237752  0.43495333981372669
  0.44696066490191733  0.46009656925520809  0.47360164681504185  0.48616605758918691
  0.49798122540959711  0.51006400398871821  0.52185023346689985  0.53278584336759982
  0.54475695439221150  0.55719833093744153  0.56761955510703943  0.57660021532832550
  0.58628903265672905  0.59396689790361223  0.60123916512111764  0.60810123671623739
  0.61499996802335533  0.62163639756459976  0.63120440196202809  0.64072052376448774
  0.64928491234566432  0.65784245582822798  0.66724720064635645  0.67714414915365773
  0.68698594657795564  0.69699923383403362  0.70630156859205984  0.71388803975650927
  0.72175111594795294  0.73007420288695823  0.73871526081551020  0.74716022472256283
  0.75553530361994770  0.76276058246954426  0.77024389242646452  0.77956476812407882
  0.79094906927274811  0.80423426296845113  0.81893885580911285  0.83268824752669057
  0.84396120254018236  0.85416728264099029  0.86457630606268576  0.87524314513358370
  0.88609286865100090  0.89729804495799326  0.90966722450161464  0.92120199629276578
  0.93185169265793466  0.94176378223354462  0.95144365692822008  0.96133510015746670
  0.97202392960644735  0.98151613570176233  0.99083552084487014  1.00000000000000000
 -0.00235321383280661  0.00947380192931039  0.01778080352261509  0.02486025667880857
  0.03117792334252644  0.03769443243877041  0.04451125135924844  0.05242995570920669
  0.06111483889720361  0.07037372906323672  0.07914081002795195  0.09119075794715771
  0.10738994180900409  0.12322154315744981  0.13612427462329599  0.14743260786063378
  0.15863274864649063  0.16978245796736272  0.18027658281161810  0.19046373527325938
  0.20165558044914106  0.21487677712114145  0.23170685102923683  0.24643437810744309
  0.26083717013538538  0.27454996223756550  0.28790180953921701  0.30058228707055851
  0.31370279743552931  0.32704791007853035  0.33955277404781864  0.35174295699515223
  0.36446992106794618  0.37597455396539026  0.38489649521865255  0.39317816818713547
  0.40113178782748049  0.40874542876425779  0.41627735120803516  0.42387675533590496
  0.43112345910142252  0.43796569979821959  0.44591191747963577  0.45542745449211447
  0.46357288215106524  0.47163543452877016  0.48015854262596031  0.48984800746334450
  0.50062492821473981  0.51150905494541610  0.52438533416657873  0.53824921689652283
  0.55121758684366340  0.56225299943835949  0.57175785789856504  0.58064507369848084
  0.58888524930836361  0.59637919510705872  0.60597135495297261  0.61451393549293110
  0.62368721015428541  0.63307659217925250  0.64224950977390838  0.65111580412423498
  0.65950146608528293  0.66825438681053317  0.67753881585187203  0.68633111914879497
  0.69478306371526144  0.70359397594315665  0.71678573879524310  0.73247396309307056
  0.74749222045642738  0.76090877373341803  0.77321266423137514  0.78442451929187540
  0.79463526346433566  0.80446747099039184  0.81450652737296791  0.82446976068532007
  0.83440190063817732  0.84510843311466632  0.85569834230956321  0.86900148887650930
  0.88300258070113258  0.89537651885016301  0.90465487170619552  0.91275177527791662
  0.92147220996111889  0.93176531082535496  0.94270723649945021  0.95250010014062103
  0.96202087899193789  0.97306915202672617  0.98533108291683280  1.00000000000000000
 -0.00167669480834493  0.00866754423648829  0.01682120030473942  0.02453916877758086
  0.03270652795361921  0.04125166081983871  0.04892328662084468  0.05633088734965045
  0.06465563784032911  0.07379496196144883  0.08338044241937247  0.09296692511074710
  0.10204251942919100  0.11229809182696501  0.12212915330860406  0.13186857045104178
  0.14279049300143742  0.15303385927683139  0.16277681478974299  0.17345745269305460
  0.18557639179480329  0.19974581939117719  0.21585744299771345  0.23287668988652618
  0.25069136468158321  0.26448171339808818  0.27759089682512350  0.29117449451862765
  0.30605103969699093  0.32213063179993429  0.33833372238528775  0.35297285791355493
  0.36484009390789374  0.37547049847533182  0.38645008464716285  0.39653197578838634
  0.40597948238131454  0.41535232261453608  0.42626619809609845  0.43677326339959810
  0.44677074704372732  0.45685999399420119  0.46676725619036280  0.47768817857086193
  0.48970082049754532  0.50218920640800035  0.51463477106340760  0.52688430581349699
  0.53899360411747155  0.55068907788362775  0.56256057384542490  0.57437260603781681
  0.58537776760351679  0.59649351653084115  0.60808464828345010  0.62117715622824243
  0.63370872441894721  0.64481590011345657  0.65585451246981341  0.66635629738365509
  0.67665396388102916  0.68720361000575381  0.69576019761862051  0.70455039242554862
  0.71407757982662856  0.72455125885021354  0.73430505030744042  0.74256968836508541
  0.75165079219220954  0.76266967613211678  0.77347555862210926  0.78375917428103581
  0.79358127069596629  0.80361139913602486  0.81290273401338742  0.82159519096196265
  0.83136015853787171  0.84412783883708675  0.85698053297377497  0.86926480379468118
  0.88138529905828422  0.89258257336018765  0.90363268293514232  0.91416293512895219
  0.92414950720932498  0.93463940207869345  0.94309877984141866  0.95051877258750739
  0.95741983505192274  0.96390304745457467  0.97007818827244363  0.97618986567808941
  0.98227528314480439  0.98832633669519454  0.99434242764106917  1.00000000000000000
 -0.00275800098070717  0.00968316703388146  0.01929396004916611  0.02625165342987077
  0.03239757544720873  0.04067338223536457  0.05005251904599345  0.05977006923168651
  0.06863951709098233  0.07691855063938234  0.08750086358729356  0.10124908093182443
  0.11402669344837131  0.12652473610958154  0.13930949352494182  0.15357473198324814
  0.17013124179224332  0.18507594524834003  0.19679329485829866  0.20659035600021766
  0.21586067464816616  0.22476168253550857  0.23365690546542439  0.24239376368581461
  0.25236137945271531  0.26612463509539930  0.27903660278768905  0.29205878047887468
  0.30595508895313628  0.32124693422838796  0.33579390120507885  0.34776873241030704
  0.35804702699004409  0.36781010097395983  0.37784167487135006  0.38678935460027336
  0.39517606691415169  0.40359687573413511  0.41267717704317891  0.42199953660525896
  0.43140111408471632  0.44278470480652893  0.45617952156750979  0.46662066997508084
  0.47515512876569582  0.48359069156367779  0.49166364717624900  0.50045257382701325
  0.50862250124290498  0.51724528614019405  0.52600310569337305  0.53628104477813154
  0.54646786910416800  0.55623737917853100  0.56814751229528870  0.58221486151812263
  0.59749312782570208  0.61323975192118574  0.62920817047482180  0.64426874792957090
  0.65691946159057191  0.66622976719133131  0.67513897722526672  0.68362492560284083
  0.69219362490018632  0.70170621212969042  0.71095597782586373  0.72074498943813037
  0.73070903701552581  0.74058433150149339  0.74975188204015641  0.75844327038157011
  0.76721493481360836  0.77577244017896052  0.78461963077363872  0.79344267456754936
  0.80239074853481718  0.81058400972033673  0.81808849862653943  0.82539802567334819
  0.83385866915208118  0.84451841656028315  0.85635350769124885  0.86835420139651764
  0.88058155867077259  0.89460621905717785  0.90728733712284781  0.91898467300278419
  0.92886519061925787  0.93922496747909801  0.95061515468615143  0.96130842801438388
  0.97127402646751071  0.98146802512774878  0.99056206242844935  1.00000000000000000
 -0.00150434527000772  0.00003923466224670  0.00249594231838759  0.00988590595967533
  0.01927074958573069  0.03116284980763832  0.04404747910509866  0.05853600527412670
  0.07305849796259603  0.08663004064703624  0.09619034308884254  0.10548598314364846
  0.11407284952810033  0.12281749051888585  0.13122129809715388  0.13885603045896086
  0.14585612467223699  0.15419370478694541  0.16360490055789542  0.17560854678696880
  0.18911335611906338  0.20248329994122544  0.21504407532239081  0.22678797832865608
  0.23769232047723055  0.24837749475060236  0.25954946843462628  0.27061956896734074
  0.28132450007921606  0.29003093093673510  0.30104361613882452  0.31331578201957067
  0.31959970978612995  0.32886387107337173  0.33768754375514265  0.34490842211567990
  0.35220151016433232  0.35983700706674993  0.36790489177720920  0.37604446405642566
  0.38651501108084502  0.39923260279014955  0.40895949481006905  0.41798762790481869
  0.42589606918392758  0.43336003644550714  0.44114974991267880  0.44927090104047851
  0.45737855582671061  0.46568216807084101  0.47384027754640512  0.48318674402486816
  0.49350685040432601  0.50798265979639223  0.52289910370166692  0.53322807219442225
  0.54204239015835942  0.55001244279908101  0.55920156860074166  0.56880658908730342
  0.57763226182809424  0.58710626622899087  0.59805401998802121  0.61010430912493652
  0.62242237833742464  0.63438492185385265  0.64663035687419057  0.65905528660245738
  0.67240905335299039  0.68583261194873002  0.69761352012849653  0.70725263833991736
  0.71721393840156933  0.72745979967603824  0.73840853295135989  0.75074006938108029
  0.76351745981588137  0.77973444493315291  0.79640654303112479  0.81170207177352383
  0.82469985882500274  0.83614895810259737  0.84696840756262859  0.85669169086846497
  0.86561538774399294  0.87529174946511989  0.88693520762145961  0.89977924860915581
  0.91277146308131418  0.92667222767166668  0.94226211496940349  0.95644039407600290
  0.96773473990771630  0.97849103408194882  0.98904161694181458  1.00000000000000000
 -0.00147114499160284  0.00791942665493853  0.01581400978544886  0.02462698836089275
  0.03434894794900548  0.04519598485655545  0.05641290017645209  0.06804074850305572
  0.08058864342426621  0.09258805284244145  0.10339029522398087  0.11575792560225885
  0.12766391281925898  0.13720710207536302  0.14701797585918178  0.15741466363757525
  0.16856798494029254  0.18060595512488725  0.19345678097809127  0.20618638200780690
  0.21756599051327585  0.22941375911764064  0.24197409498713437  0.25363192576318766
  0.26459518106830188  0.27567877468946062  0.28766629089255602  0.29998575443161946
  0.31323899828125956  0.32775953930352703  0.34257359523518072  0.35656149723275854
  0.36464753783064047  0.37353066107564858  0.38265005185726836  0.39221982271959233
  0.40285565347570473  0.41350643051058189  0.42395216228355631  0.43545944688992200
  0.44621195128753666  0.45650497093198039  0.46688859801378607  0.47648859167806157
  0.48730517928394584  0.49876793606150266  0.51059225203399172  0.52203504572868809
  0.53299077977127873  0.54480492426198135  0.55566160462665259  0.56455134888005931
  0.57238399012810970  0.58018972752221309  0.58977363963873042  0.60283692747222573
  0.61579011919434035  0.62857939815103248  0.64104207595876683  0.65337566637776656
  0.66541170468784128  0.67453956043444552  0.68329927813480384  0.69177876319961062
  0.70096180104778394  0.71020662874810692  0.71983601777993222  0.72881295153405823
  0.73813877090964231  0.74790388442209099  0.75851304159310429  0.76959419785242855
  0.78146440755192592  0.79280871221401883  0.80285300527083014  0.81288789617760593
  0.82243367145897084  0.83193120257127751  0.83966253417275194  0.84732102493098826
  0.85551978874634349  0.86585731532287280  0.87566754904318811  0.88423876629958187
  0.89202865321425717  0.89982921356217382  0.90817935369715885  0.91713803257403892
  0.92616965200521661  0.93554548545816840  0.94610572497880407  0.95680716600868210
  0.96668734301219506  0.97702586898683763  0.98848330566437281  1.00000000000000000
  0.22270866054743033  0.45123819442527913  0.54273786005474600  0.59102075232593898
  0.62004133853469034  0.63645021252743228  0.64595958948007781  0.65247014598494202
  0.65786260096036064  0.66242902438652906  0.66645430284030316  0.67009959506674854
  0.67368386304110184  0.67751256427234319  0.68146780689130793  0.68534303461381951
  0.68905396201775826  0.69281190904913237  0.69644164079603610  0.70000028007998705
  0.70345993934624407  0.70673973468822426  0.70978897361228843  0.71270322471721070
  0.71557747525247228  0.71844459175785835  0.72142449979156009  0.72441017452531531
  0.72724980040912757  0.73007289832764422  0.73308013785643655  0.73600992267569798
  0.73889881473549290  0.74188340539352937  0.74488970213324746  0.74795866085943008
  0.75051944662596171  0.75276530388125618  0.75510489414970638  0.75756622704035104
  0.76004909412667021  0.76255661363133020  0.76510212411573841  0.76766288543985695
  0.77018581999359614  0.77263717726746051  0.77496848907300586  0.77719326723580540
  0.77931344934398117  0.78163953449182022  0.78397304620787556  0.78614649731754427
  0.78827316939842185  0.79046813508334979  0.79271748134065723  0.79542495546488456
  0.79834578392043565  0.80134257337047132  0.80391279005193983  0.80630268472200195
  0.80880631454253016  0.81113557480910103  0.81446799993804830  0.81878496576310389
  0.82312618884660571  0.82730226464977541  0.83149389099649096  0.83544195155792167
  0.83898947702957660  0.84258516675102280  0.84644532730771560  0.85086039078611619
  0.85503626415670442  0.85850094395632781  0.86170545732251469  0.86487558706332890
  0.86842891492413943  0.87213335545217430  0.87614005676901208  0.87975017222177110
  0.88324632323360297  0.88687038095213289  0.89103459603098090  0.89574073485960715
  0.90172878785779054  0.90715599762094157  0.91269205669859965  0.91837083330110780
  0.92613194062312099  0.93288582684873167  0.93987204486969333  0.94741542205262774
  0.95595355660237569  0.96767219036586360  0.98272397782436072  1.00000000000000000
  0.00620790583884373  0.14053026302325519  0.18830050587209224  0.21560855625201253
  0.23419000838788079  0.25033987012261621  0.26510037040478290  0.27791486965273821
  0.28935925213070035  0.29998325046638091  0.31006810248617411  0.32034531919712894
  0.33015300990230778  0.33902519707228629  0.34762886969010209  0.35645055579387441
  0.36664205906393410  0.37619039209879934  0.38507909629694154  0.39302779619758504
  0.40144563264271776  0.41002191644701802  0.41951597129527929  0.42767064847268688
  0.43590931418073275  0.44280488412553620  0.44908627208101121  0.45543113960807341
  0.46190979518825598  0.46918834044174434  0.47646181296190798  0.48383687302830070
  0.49125929121137518  0.49839722386181712  0.50583595916084367  0.51351961562316073
  0.52104157258203776  0.52837733289126143  0.53530507523681092  0.54202404904030244
  0.54838210595437897  0.55467041442459952  0.56120336341650512  0.56807701846005787
  0.57493595289001986  0.58131160744937938  0.58736107756979206  0.59340300270079438
  0.59967153991633804  0.60559651588335139  0.61027200918380420  0.61497506917139011
  0.61944771716737479  0.62424716230118771  0.62918219159503330  0.63421014466193026
  0.63984064079616498  0.64565108158711426  0.65153823768530861  0.65661824503488586
  0.66076995163122521  0.66458630540554853  0.66860236001973161  0.67343845898809518
  0.67932412981107293  0.68595814827640977  0.69270463910266622  0.69912257353753859
  0.70527943557592654  0.71031854665321081  0.71483366677940841  0.71937383103432595
  0.72410752815850377  0.72875784685682243  0.73321332351403323  0.73740449169558309
  0.74143571083433091  0.74559360525154528  0.75027472408484486  0.75526786820437286
  0.75977834122020915  0.76388271261532426  0.76798260369203908  0.77244329485931973
  0.77711429438940882  0.78126547010200653  0.78542209828814646  0.79031784925557114
  0.79819387283648680  0.80901718513435983  0.81941712932034316  0.83083743096128715
  0.84500882152815149  0.86365899090043441  0.88508883154222695  1.00000000000000000
   2.0933452481736613E-011  -1.0000000000000000     
 F F F F F F F F F F F F F F F F F F F F F F F F F F F F F F F F F F F F F F F F F F F F F F F F F F F F F F F F F F F F F F F F F F F F F F F F F F F F F F F F F F F F F F F F F F F F F F F F F F F F F F F F F F F F F F F F F F F F F F F F F F F F F F F F
  <DiscreteSampler_grid>
  grouped_processes
  1 # 1 for a reference and 2 for a running grid.
  10 # Attribute 'min_bin_probing_points' of the grid.
  1 # Attribute 'grid_mode' of the grid. 1=='default',2=='initialization'
  0.0000000000000000 # Attribute 'small_contrib_threshold' of the grid.
  0.5000000000000000 # Attribute 'damping_power' of the grid.
 # binID   n_entries weight   weight_sqr   abs_weight
    13   10   1.341492107639238E-001   1.317534409297396E-001   1.341492107639238E-001
    14   10   1.341492107639240E-001   1.317534409297400E-001   1.341492107639240E-001
    16   10   1.799093592045781E-001   2.387206662662231E-001   1.799093592045781E-001
    17   10   1.799093592045783E-001   2.387206662662238E-001   1.799093592045783E-001
  </DiscreteSampler_grid>
