0.79729E-06 0.17072E-08 0.00000E+01 1068601 0 0 88115 0.11048E+12 0.00000E+01 0.79729E-06 0.00000E+01 0.00000E+01 0
1 6.9877e-07 7.7781e-08 7.8101 0.00011937 6.9877e-07
2 8.1132e-07 2.7927e-08 3.4155 5.9525e-05 8.1132e-07
3 8.0185e-07 9.2073e-09 1.6113 1.1951e-05 8.0185e-07
4 7.8902e-07 8.6552e-08 7.6968 0.00015616 7.8902e-07
5 7.6059e-07 2.4794e-08 3.2346 3.4081e-05 7.6059e-07
6 8.0246e-07 8.9405e-09 1.5634 1.2672e-05 8.0246e-07
7 1.0876e-06 1.2113e-07 7.8144 0.00024296 1.0876e-06
8 7.8343e-07 2.4537e-08 3.1078 4.8558e-05 7.8343e-07
9 7.969e-07 8.9438e-09 1.5749 1.6237e-05 7.969e-07
10 8.1125e-07 9.397e-08 8.1273 0.00014966 8.1125e-07
11 7.7153e-07 2.4306e-08 3.126 3.1079e-05 7.7153e-07
12 7.8945e-07 8.6515e-09 1.5378 8.1359e-06 7.8945e-07
13 7.9524e-07 9.0004e-08 7.9411 0.00023813 7.9524e-07
14 8.0323e-07 2.5675e-08 3.1717 4.3258e-05 8.0323e-07
15 7.9395e-07 9.0456e-09 1.5988 1.2751e-05 7.9395e-07
16 7.5219e-07 8.2994e-08 7.7417 0.00014337 7.5219e-07
17 8.3875e-07 2.7631e-08 3.2688 4.6101e-05 8.3875e-07
18 8.0686e-07 8.8079e-09 1.5319 1.2889e-05 8.0686e-07
19 7.5181e-07 9.2023e-08 8.5881 0.0002126 7.5181e-07
20 7.9862e-07 2.6678e-08 3.3147 5.9925e-05 7.9862e-07
21 7.9174e-07 9.1673e-09 1.6248 1.6991e-05 7.9174e-07
22 8.2449e-07 9.2493e-08 7.8712 0.00015696 8.2449e-07
23 7.906e-07 2.5348e-08 3.1814 5.7626e-05 7.906e-07
24 7.9762e-07 8.8889e-09 1.5638 1.115e-05 7.9762e-07
25 6.9153e-07 8.0826e-08 8.2008 0.0001786 6.9153e-07
26 7.6293e-07 2.431e-08 3.1617 4.0142e-05 7.6293e-07
27 7.9034e-07 9.2438e-09 1.6413 1.3945e-05 7.9034e-07
28 8.3468e-07 9.4667e-08 7.9578 0.0001802 8.3468e-07
29 7.7663e-07 2.4671e-08 3.1521 3.4835e-05 7.7663e-07
30 8.0611e-07 9.1296e-09 1.5893 1.0113e-05 8.0611e-07
31 7.9567e-07 9.051e-08 7.9813 0.00015847 7.9567e-07
32 7.8831e-07 2.5068e-08 3.1554 3.2614e-05 7.8831e-07
33 7.8273e-07 8.7607e-09 1.5706 1.2903e-05 7.8273e-07
34 8.84e-07 1.0309e-07 8.1822 0.00019682 8.84e-07
35 8.0437e-07 2.5437e-08 3.1379 4.1477e-05 8.0437e-07
36 7.9855e-07 8.9653e-09 1.5755 1.3169e-05 7.9855e-07
37 7.4794e-07 9.6818e-08 9.0824 0.0002067 7.4794e-07
38 8.1877e-07 2.7633e-08 3.3489 5.2365e-05 8.1877e-07
39 7.9159e-07 9.0078e-09 1.5968 1.5188e-05 7.9159e-07
40 7.8165e-07 9.0601e-08 8.1328 0.00012234 7.8165e-07
41 7.7211e-07 2.7259e-08 3.5031 6.643e-05 7.7211e-07
42 8.017e-07 8.922e-09 1.5617 1.1184e-05 8.017e-07
43 8.5634e-07 1.0603e-07 8.6876 0.00018025 8.5634e-07
44 7.8561e-07 2.5193e-08 3.1821 5.1495e-05 7.8561e-07
45 7.8969e-07 8.9075e-09 1.5829 1.1449e-05 7.8969e-07
46 8.9219e-07 1.0027e-07 7.8855 0.00015781 8.9219e-07
47 7.9676e-07 2.6114e-08 3.2522 6.2743e-05 7.9676e-07
48 8.1314e-07 8.8669e-09 1.5302 1.3545e-05 8.1314e-07
49 6.2486e-07 7.3301e-08 8.2309 0.00012998 6.2486e-07
50 8.2739e-07 2.6886e-08 3.2243 5.0684e-05 8.2739e-07
51 7.9782e-07 9.0035e-09 1.5836 1.0155e-05 7.9782e-07
52 8.0044e-07 9.6188e-08 8.4316 0.00015258 8.0044e-07
53 8.3376e-07 2.6754e-08 3.1841 3.6224e-05 8.3376e-07
54 7.9004e-07 8.8794e-09 1.5772 1.229e-05 7.9004e-07
55 7.2234e-07 7.8673e-08 7.6419 0.00013999 7.2234e-07
56 8.0683e-07 2.6941e-08 3.3134 4.4118e-05 8.0683e-07
57 8.0955e-07 9.1061e-09 1.5785 1.0923e-05 8.0955e-07
58 6.437e-07 7.735e-08 8.4312 0.00016346 6.437e-07
59 8.1683e-07 2.6154e-08 3.1772 4.7581e-05 8.1683e-07
60 7.9602e-07 8.9349e-09 1.5751 1.1372e-05 7.9602e-07
61 7.4495e-07 8.171e-08 7.696 0.00012936 7.4495e-07
62 7.9194e-07 2.5055e-08 3.1393 3.9943e-05 7.9194e-07
63 7.847e-07 8.7956e-09 1.5729 1.1378e-05 7.847e-07
64 7.4685e-07 9.3895e-08 8.8211 0.00016039 7.4685e-07
65 8.0519e-07 2.749e-08 3.3877 6.4052e-05 8.0519e-07
66 7.9502e-07 9.0191e-09 1.592 1.2756e-05 7.9502e-07
67 8.7316e-07 1.0116e-07 8.1286 0.00019705 8.7316e-07
68 7.7505e-07 2.4476e-08 3.1336 4.2191e-05 7.7505e-07
69 7.9661e-07 9.0949e-09 1.6021 1.1854e-05 7.9661e-07
70 7.4907e-07 9.1339e-08 8.5555 0.00017748 7.4907e-07
71 7.8724e-07 2.5e-08 3.1511 3.4888e-05 7.8724e-07
72 8.0094e-07 9.1653e-09 1.6058 1.5192e-05 8.0094e-07
73 7.9798e-07 9.3619e-08 8.2316 0.00017075 7.9798e-07
74 8.1319e-07 2.6031e-08 3.1763 4.4299e-05 8.1319e-07
75 7.9459e-07 9.0927e-09 1.6058 1.301e-05 7.9459e-07
76 7.8233e-07 8.9383e-08 8.0164 0.00016111 7.8233e-07
77 7.5886e-07 2.4615e-08 3.2186 5.1039e-05 7.5886e-07
78 8.0261e-07 9.2977e-09 1.6256 1.2236e-05 8.0261e-07
79 8.131e-07 8.8218e-08 7.6125 0.00014316 8.131e-07
80 8.0411e-07 2.4235e-08 2.9905 3.6689e-05 8.0411e-07
81 7.9835e-07 8.8177e-09 1.5499 9.0837e-06 7.9835e-07
82 8.0854e-07 8.996e-08 7.8066 0.00011137 8.0854e-07
83 8.017e-07 2.5247e-08 3.1249 3.9082e-05 8.017e-07
84 7.9501e-07 8.8794e-09 1.5673 1.0964e-05 7.9501e-07
85 8.0486e-07 9.3757e-08 8.1734 0.00016828 8.0486e-07
86 8.4114e-07 2.9337e-08 3.4608 9.2733e-05 8.4114e-07
87 7.9482e-07 8.8068e-09 1.5549 1.5573e-05 7.9482e-07
88 6.8019e-07 7.5289e-08 7.7663 0.00016498 6.8019e-07
89 7.7072e-07 2.4604e-08 3.1676 4.0813e-05 7.7072e-07
90 8.0038e-07 9.2016e-09 1.6133 1.3121e-05 8.0038e-07
91 6.8796e-07 7.8694e-08 8.0258 0.00013638 6.8796e-07
92 8.2341e-07 2.7275e-08 3.2869 4.6031e-05 8.2341e-07
93 8.1022e-07 9.3393e-09 1.6176 1.3246e-05 8.1022e-07
<lo_statistics>
<cumulated_time> 25.689878999999998 </cumulated_time>
</lo_statistics>