  0.00007134805737026  0.00007277253521020  0.00007480076798657  0.00007692615759171
  0.00007927604629162  0.00008187217885940  0.00008477018278267  0.00008767680789669
  0.00009036087086775  0.00009181283921007  0.00009221844508716  0.00009232678033280
  0.00009237719270348  0.00009240169657894  0.00009241670275320  0.00009242512375692
  0.00009243112414545  0.00009243593274771  0.00009243987371380  0.00009244233802673
  0.00009244446305728  0.00009244639500467  0.00009244818180909  0.00009244941207249
  0.00009245058752979  0.00009245163593695  0.00009245264907206  0.00009245356554763
  0.00009245448202321  0.00009245535839507  0.00009245623223088  0.00009245712989761
  0.00009245805090363  0.00009245899898501  0.00009246005643973  0.00009246114740202
  0.00009246238186255  0.00009246390190959  0.00009246574626084  0.00009246778493619
  0.00009247019517880  0.00009247336491290  0.00009247763762376  0.00009248302222685
  0.00009249014608707  0.00009249952798918  0.00009251077548792  0.00009253376263488
  0.00009258149698353  0.00009272102806064  0.00009339994552939  0.00009591639584206
  0.00010063482689396  0.00010648039945938  0.00011384072479676  0.00012350130719901
  0.00013557158964772  0.00015035310265725  0.00016871384441155  0.00019231164470312
  0.00022373367698930  0.00026206790821689  0.00030760246900796  0.00036013092371106
  0.00041554611664112  0.00047331884287948  0.00053594483698248  0.00060633376790326
  0.00068562272417301  0.00077080161369728  0.00086526075298443  0.00097181845567453
  0.00108876229042027  0.00121751125084781  0.00136014837957066  0.00151915646051053
  0.00170804473363810  0.00192603440961564  0.00215767930991962  0.00237386822661733
  0.00260443990162676  0.00288305944423197  0.00317134740458916  0.00344741795665866
  0.00374405075870726  0.00410392255372493  0.00456879769665494  0.00508343047957677
  0.00567160920174905  0.00638855655509499  0.00726112743215741  0.00834006296892952
  0.01030428677779506  0.01607134660232248  0.04354702536867796  1.00000000000000000
 -0.00933234919659118  0.03858189416497787  0.05588005306142578  0.06825833876534446
  0.07926844352087643  0.08968150014351479  0.09942570929822742  0.10914075717105862
  0.11973584977535183  0.13020563034215865  0.14019609474385050  0.15074799423150981
  0.16133478828787456  0.17217352495117932  0.18413587186204761  0.19715816565564226
  0.20975664430750116  0.22088927758038060  0.23167508165344836  0.24241995551867215
  0.25389386575816586  0.26550761832877207  0.27629884503514085  0.28583396275013201
  0.29384004687837884  0.30119300195749532  0.30827021825817152  0.31590512179981278
  0.32448144654503747  0.33329217713050496  0.34336254618385725  0.35445277368474826
  0.36569905412434084  0.37663486236563831  0.38680988052777654  0.39501517836927669
  0.40333491505977770  0.41260621495072264  0.42304220715977708  0.43490888242762682
  0.44668243948559977  0.45814518001151072  0.46923111591869232  0.47982091159287599
  0.49225643230274224  0.50271059868358170  0.51197681641093862  0.52185792738549985
  0.53147289809814002  0.53946501223158516  0.54717432853200809  0.55553602231933397
  0.56444119761558420  0.57362084679618486  0.58357538010071230  0.59451966238558185
  0.60592499582960935  0.61755670818442121  0.62975280191271554  0.64249203928595289
  0.65481913913987333  0.66635326542279250  0.67708984382480253  0.68636227876536893
  0.69460149037206642  0.70233231196860801  0.71144415112955850  0.72087413690668412
  0.73045253020257406  0.74077108837443673  0.75151397497045669  0.76271906742091333
  0.77486149835363927  0.78713041260593786  0.79853857041553566  0.80997044451438671
  0.82171309333188791  0.83282797375490825  0.84220985173646290  0.85043920226500946
  0.85872725448805987  0.86601189776010146  0.87312256504717833  0.88179823644725841
  0.89230890877523061  0.90376486508174725  0.91499484219603722  0.92565736863972414
  0.93594124541011214  0.94679677250899685  0.95680032684196281  0.96707225415983555
  0.97723167017416890  0.98627068821924535  0.99357696867525247  1.00000000000000000
  0.00000064821172838  0.00000274880354176  0.00000415178956938  0.00000563244612949
  0.00000744348472358  0.00000945900460687  0.00001179859005703  0.00001433832768409
  0.00001717091568495  0.00002047185239076  0.00002383106821642  0.00002749138369130
  0.00003137595347474  0.00003423102778071  0.00003692716593718  0.00003966733545429
  0.00004256354299186  0.00004565514744894  0.00004875798035025  0.00005179843592118
  0.00005494357867405  0.00005826678239188  0.00006168645123661  0.00006528542805540
  0.00006894275196962  0.00007242015503034  0.00007594716868264  0.00007996823527755
  0.00008485869364039  0.00008983752567269  0.00009424890720398  0.00009841198325941
  0.00010267861442296  0.00010733183194246  0.00011228662504651  0.00011755261631616
  0.00012356417592317  0.00013025188989762  0.00013661040469850  0.00014596573558171
  0.00015530513736622  0.00016494648695296  0.00017367488158436  0.00018266339033126
  0.00019265748461932  0.00020338225641686  0.00021545264864147  0.00022818374538510
  0.00024235752441570  0.00025737162182122  0.00027163169101682  0.00028559418135925
  0.00030018409520541  0.00031525564809044  0.00033056557014741  0.00034740678824732
  0.00036798336327434  0.00039176965366642  0.00041113818563977  0.00042901894874857
  0.00044889000817100  0.00047022442751468  0.00049190853422579  0.00051482921029690
  0.00053948479876843  0.00056450095805258  0.00059020664093274  0.00062117190832967
  0.00065723852009078  0.00069346017317381  0.00073000469760505  0.00076949590631280
  0.00081687082648181  0.00086924050213740  0.00092316173247246  0.00097498099015917
  0.00102283897328037  0.00107329355602742  0.00113489130154977  0.00120729264487320
  0.00127999493462335  0.00134352926682997  0.00141130212792285  0.00148742988995615
  0.00157811091901073  0.00169099564841432  0.00184483862024087  0.00203327096756032
  0.00217926920941218  0.00230749397060933  0.00248839648106965  0.00275391616491672
  0.00315692423449433  0.01469220996559825  0.03668807079138232  1.00000000000000000
 -0.00200399555438141  0.00760936521969229  0.01620174167526630  0.02493645709855725
  0.03327584660847505  0.04169101225593411  0.05041822197902253  0.05891948662035161
  0.06836149916069760  0.07808547983808711  0.08789257528391423  0.09737236687813706
  0.10670376183302391  0.11619320519942053  0.12563612373096344  0.13507315717283597
  0.14474500824259426  0.15476763265649957  0.16488507785978024  0.17470321510085049
  0.18408396716168207  0.19335309763453826  0.20272871193042688  0.21242501949651532
  0.22267936306327130  0.23321581731182037  0.24375313041223412  0.25454787519369038
  0.26590938191027924  0.27758348501796859  0.28876750700750931  0.29855241573812252
  0.30698242584301877  0.31583822189223854  0.32578562220672236  0.33590602181725610
  0.34518920134901432  0.35346943759726585  0.36235249733831837  0.37152041907859173
  0.37978117957382518  0.38841205172437082  0.39732763473532717  0.40452453000974836
  0.41287053940655793  0.42214139732640632  0.43226802140933618  0.44372179784216481
  0.45372835511828941  0.46348134581069245  0.47330798096389176  0.48275449573348750
  0.49309959360486333  0.50306136612316843  0.51278206447796204  0.52247868249852514
  0.53354601241818889  0.54605210215527089  0.55899749722768122  0.57169894365917151
  0.58423332751828072  0.59602304637624748  0.60817908422726874  0.61983672508964971
  0.63073101180293600  0.64200728471881907  0.65281009853577388  0.66420004385887987
  0.67514798654687747  0.68536316434010314  0.69523138541422336  0.70816726589926404
  0.72326279809738048  0.73580730222313395  0.74615297764680844  0.75658094368723805
  0.76719723878543844  0.77707692730680722  0.78748435922883186  0.79701373730666614
  0.80649134872482886  0.81615365497289216  0.82689246838280739  0.83878591794382684
  0.84951779158342222  0.86068051833253467  0.87263605770816066  0.88527884809767587
  0.89836080057991408  0.91163566791776962  0.92352795080332251  0.93561171504229568
  0.95102662842142449  0.96695569491319822  0.98320403999898820  1.00000000000000000
 -0.00322225325468440  0.01076695246452583  0.02347258480284410  0.03530774764351030
  0.04711965936989897  0.05870753902108645  0.06993568131943735  0.08111526600553626
  0.09266975921224881  0.10476528675298771  0.11689802894269478  0.12907692919975935
  0.14169168370328492  0.15397242390448046  0.16553949040906771  0.17558185878604304
  0.18579496148221925  0.19505952169250609  0.20368954446119439  0.21451886710930787
  0.22525516522046821  0.23584174619155870  0.24636452418408150  0.25586412501352285
  0.26465312241671890  0.27394642012804343  0.28485230678092255  0.29676912059841465
  0.30854783027194527  0.31888189173527676  0.32960228911759781  0.34044978003283355
  0.35145620505656600  0.36304211246191059  0.37423746101597799  0.38398696058051879
  0.39326855113044645  0.40336311828084137  0.41209422058124889  0.42116677454407803
  0.43001325968098547  0.43960373679866227  0.45108267040984357  0.46373677149781090
  0.47566845292203158  0.48604470831483287  0.49559000744653547  0.50531940994736380
  0.51552171968498950  0.52555974537998662  0.53501079837765753  0.54450368801950400
  0.55572180013075800  0.56698695499428986  0.57732423109631592  0.58696518915153417
  0.59642872355643639  0.60652322570708928  0.61797979055393060  0.63060663604745182
  0.64272729769587211  0.65262756199608296  0.66099813176616795  0.67110368928270103
  0.68305645729505982  0.69511542919295710  0.70708582405732023  0.71941915486042296
  0.73127409960288048  0.74197812243645067  0.75226376137597961  0.76283912833872702
  0.77261340265945211  0.78102546574603871  0.78926542152445256  0.79755338505648232
  0.80769169451851119  0.81970844962597422  0.83128065373212578  0.84152000718394171
  0.85076825700077185  0.85955456359539095  0.86877504868444644  0.87940855952787089
  0.89131679410505582  0.90275820978502841  0.91269429518410050  0.92203030118272766
  0.93157356010800052  0.94020231996220871  0.94770494361169244  0.95929783209127950
  0.96990644734169629  0.97976011748066572  0.98963797924974850  1.00000000000000000
 -0.00289610100946961  0.01010370775839641  0.01979800487732001  0.02885494259494633
  0.03758600814155907  0.04668529437051335  0.05691731810771822  0.06776561865086413
  0.07882949008467464  0.09035561727831286  0.10264492958864298  0.11560575232029821
  0.12873248841318879  0.14101565686148904  0.15142890846703660  0.16081176037037276
  0.17000813114659585  0.17887101254938143  0.18923016986962526  0.20182549309448466
  0.21488185363857076  0.22684373487859397  0.23774696537885034  0.24844994823997332
  0.25952512096170682  0.27249612493436215  0.28669205358411709  0.30088067886264780
  0.31496540464763989  0.33011999660634783  0.34544138322723339  0.35948236389150112
  0.37080261149245453  0.38119008499653789  0.39210083924720657  0.40419298776200807
  0.41761599418725864  0.43159203598989859  0.44490684265584562  0.45852959725679060
  0.47232728016530268  0.48532776474364786  0.49799257848934469  0.51167736112853679
  0.52594037534487104  0.53818902873014152  0.54902279851103408  0.55945040537211221
  0.57088454626087903  0.58284668021746899  0.59503227648313584  0.60788786057277477
  0.61966843091881274  0.62750618187995233  0.63494871746759196  0.64179181178201994
  0.65097337098551344  0.66032878937395467  0.67040398423899039  0.68183951483326166
  0.69258446895081172  0.70230179570797202  0.71235104089222590  0.72187016129324943
  0.73191915145778008  0.74301922416540900  0.75445149240353215  0.76643304730694084
  0.77839374485391755  0.78920870433774515  0.79881162436430042  0.80781739402285291
  0.81660802966033230  0.82546207965979079  0.83482605305945945  0.84463252962250235
  0.85462616993849383  0.86461227905421034  0.87411043712260628  0.88263153182780929
  0.89037447958758154  0.89767979315710900  0.90421525217199006  0.91014771692906971
  0.91660098044068028  0.92443271966212925  0.93323211642445036  0.94221098202461528
  0.95088622085067520  0.95916174121802844  0.96679554318098437  0.97374555904246574
  0.98006500643512884  0.98624175914892132  0.99287033469424446  1.00000000000000000
 -0.00274767028366592  0.00946172699853719  0.02193848879037015  0.03407321164532807
  0.04545354037171059  0.05617791784269976  0.06713299928643912  0.07828963236243654
  0.08804791705977219  0.09705394371438689  0.10620955185071732  0.11554299316546675
  0.12590249934684053  0.13628886293888548  0.14637061727345982  0.15504211917144367
  0.16290701132013816  0.17243982681457837  0.18170930068681734  0.19159539278635837
  0.20218300037043008  0.21387904077371409  0.22410388894600766  0.23435674821080579
  0.24547405889607610  0.25714206547712326  0.26771210379404742  0.27735781697907474
  0.28770055221645191  0.29900449655879074  0.30993810929946236  0.31993450851306360
  0.32978286827017123  0.34135292030315362  0.35409698982133708  0.36716081752854224
  0.37965309131042507  0.39165830216082825  0.40345385690171764  0.41544170397717872
  0.42770701227899888  0.44015556796870803  0.45288971218526169  0.46589186267382282
  0.47809418613317606  0.48836812506044186  0.49779949836368559  0.50559958439359032
  0.51312994069836559  0.52205290843490293  0.53231069101832917  0.54376529569983567
  0.55525433765976173  0.56634197048762025  0.57744857204244193  0.58844862329684711
  0.59864536707886873  0.60871237646734544  0.61931168591007257  0.62964224890755238
  0.64003926725349747  0.65062838858210104  0.66112111998307499  0.67190497275854899
  0.68424823195391149  0.69658913784753906  0.70589548207100894  0.71546116058821463
  0.72362499773447364  0.73193840157901580  0.74068127561996522  0.74962981366355907
  0.75968156238154527  0.77099274930520856  0.78309267274842242  0.79552092755211956
  0.80725728290430832  0.81809476568577533  0.82848575365756805  0.83865326519188854
  0.84901392876875714  0.85909221294645577  0.86825651145944482  0.87759292518704046
  0.88720740968427103  0.89872613267619450  0.90843611420349624  0.91884086731873649
  0.92892438233127506  0.93917070609267561  0.94959665007724647  0.96008212906779566
  0.97073639297987080  0.97993185681173234  0.98887741537216434  1.00000000000000000
 -0.00306435927801045  0.01027392577823651  0.02322949512970812  0.03588491823408246
  0.04784213824956155  0.05861714738398292  0.06844873010022892  0.07846161845325914
  0.08987277574418306  0.10186419687795731  0.11280004792098890  0.12206046303989374
  0.13145398542895539  0.14203115161070878  0.15391247409698164  0.16568623919312986
  0.17688621473748292  0.18697599486980906  0.19583127154963792  0.20536433206689403
  0.21682388400366714  0.22957399252141747  0.24286148395460588  0.25602958235182660
  0.26867466714593929  0.28118496701081863  0.29329253341102174  0.30540589413325653
  0.31757860597029786  0.32735502973425479  0.33612520160190368  0.34461370448393497
  0.35288866989007117  0.36263871456949232  0.37416845142337701  0.38601561132744711
  0.39760126075788316  0.40938971105113497  0.42132218415200967  0.43293398541019695
  0.44414234255407653  0.45532551734072074  0.46448497733046812  0.47142996587515879
  0.47883522117287064  0.48608908120114391  0.49456697667302096  0.50477292257485784
  0.51519309616103304  0.52575301082113013  0.53718370359701106  0.54954784923705791
  0.56278126168363340  0.57695634343954127  0.59037206066719372  0.60364901177534791
  0.61574917611372482  0.62512441730583834  0.63254461054561861  0.63957460777083797
  0.64929398928384596  0.66079920865228947  0.67196179329715511  0.68356570109288306
  0.69540089243323466  0.70740144468881416  0.71935844140781968  0.73154651243184265
  0.74370883251168185  0.75466507412011830  0.76372166432621269  0.77277080998615622
  0.78219746871739182  0.79295383765574390  0.80429883525143431  0.81496548467675656
  0.82468218362190049  0.83396647407993740  0.84376858179698444  0.85392958924582929
  0.86378469655909973  0.87395229184780443  0.88550042709479904  0.89692007702277021
  0.90639458109203053  0.91455373165791287  0.92258267630695823  0.93121953343149311
  0.94164220474661220  0.95176716066418154  0.96030391829933714  0.96811918563591470
  0.97565736698675787  0.98281029878246584  0.99052209840606775  1.00000000000000000
  0.03839037027090982  0.25135661023766859  0.42566752564032312  0.57665821541303408
  0.62190758442926997  0.63899517772176917  0.64894007293937495  0.65590693684250079
  0.66130076875656607  0.66568225995992014  0.66942802007611713  0.67307981203265843
  0.67666569255113662  0.68014953280072898  0.68343343829279946  0.68656475249108417
  0.68999776644837651  0.69413537555482407  0.69847263885664468  0.70200365331710868
  0.70565668980438878  0.70918941144489378  0.71272328371117044  0.71618122301582621
  0.71924073383487663  0.72201451206510581  0.72464940086719465  0.72735905375255627
  0.72997362871333649  0.73229715259369499  0.73459304654313962  0.73722333026499642
  0.74004591669612219  0.74289324198189521  0.74550297996100168  0.74776061605552746
  0.75080834806389607  0.75362110550789763  0.75600242684579588  0.75857190221373072
  0.76144104830443704  0.76426458515439788  0.76685462464669063  0.76944812456105860
  0.77227257711766106  0.77533826895123614  0.77835261981792603  0.78143861881368526
  0.78525769091777908  0.78859064505437937  0.79162948750381934  0.79457252777712761
  0.79719631630452681  0.79939915568093400  0.80190498495334350  0.80470185662563187
  0.80772531615296439  0.81102696034027610  0.81474032063158175  0.81814517130771580
  0.82091947431390166  0.82374200871751890  0.82666514706017191  0.83005239516014029
  0.83344044801563777  0.83692544320216977  0.84037104445974609  0.84383158683239823
  0.84724725758439767  0.85071767350447758  0.85422612795893194  0.85770717332036583
  0.86107985827997813  0.86392379654694307  0.86726422892050081  0.87082292664492478
  0.87476820814699774  0.87922812726436916  0.88435066669912943  0.88950880419878731
  0.89541686885286076  0.90020975037897621  0.90465478805772437  0.90917820006052774
  0.91374161463146908  0.91786748330263290  0.92251528384287929  0.92803672432816287
  0.93330128722711714  0.93867718272753264  0.94449017201178442  0.95119898388642510
  0.95876378386038941  0.96737758556263520  0.98041545040278855  1.00000000000000000
 -0.03542572574118729  0.18365452709062849  0.25026606822461439  0.27971086727861788
  0.30076946217460399  0.31889048974810708  0.33434911126354477  0.34776087448575660
  0.36072613103374462  0.37404076535889752  0.38633426113880409  0.39703840719314831
  0.40711574891932806  0.41736854911101223  0.42787087576438310  0.43845724356709248
  0.44827762209964039  0.45738892441187207  0.46626089908778923  0.47431689420197604
  0.48191736042011563  0.48951032063664823  0.49706491088595206  0.50393691568486521
  0.50988800422031888  0.51651561851957362  0.52329074856765978  0.52905657472208356
  0.53461045676524610  0.54003987724935210  0.54564575350632161  0.55180333266723969
  0.55776814546961129  0.56331251615126310  0.56861078394279330  0.57431620212898671
  0.57990759083548404  0.58533211390046924  0.59068716717643577  0.59587283009378111
  0.60085209917906823  0.60504801516985351  0.60886033923006933  0.61337909104973398
  0.61849723349716990  0.62419994574772442  0.63008746093115198  0.63544747881170349
  0.64101087921769084  0.64653389512125625  0.65200802667364655  0.65776648906628543
  0.66380580631335095  0.67002222829066782  0.67623944201089048  0.68220027645976766
  0.68739766830247706  0.69219981985024115  0.69723135171789485  0.70237715193278027
  0.70746285841784096  0.71236724428364284  0.71706889253546868  0.72160650165572682
  0.72543464805813651  0.72920760874609758  0.73326271430240164  0.73722991061685639
  0.74111403977247492  0.74521078989549483  0.74952900264545597  0.75415832859287180
  0.75881193610037534  0.76333596049879548  0.76792255072928894  0.77280397918075883
  0.77805664311729394  0.78353805504372043  0.78881507373925619  0.79391136197333489
  0.79917655019616596  0.80429175181046297  0.80980947963816763  0.81566218478780883
  0.82098467988780310  0.82609922093037613  0.83076284011866020  0.83472023286677666
  0.83872856514646177  0.84492602076323198  0.85247177189365964  0.86214258490790996
  0.87535293901098177  0.89189239155539335  0.92027507731150116  1.00000000000000000
   2.9485805182776134E-010  -1.0000000000000000     
 F F F F F F F F F F F F F F F F F F F F F F F F F F F F F F F F F F F F F F F F F F F F F F F F F F F F F F F F F F F F F F F F F F F F F F F F F F F F F F F F F F F F F F F F F F F F F F F F F F F F F F F F F F F F F F F F F F F F F F F F F F F F F F F F
  <DiscreteSampler_grid>
  grouped_processes
  1 # 1 for a reference and 2 for a running grid.
  10 # Attribute 'min_bin_probing_points' of the grid.
  1 # Attribute 'grid_mode' of the grid. 1=='default',2=='initialization'
  0.0000000000000000 # Attribute 'small_contrib_threshold' of the grid.
  0.5000000000000000 # Attribute 'damping_power' of the grid.
 # binID   n_entries weight   weight_sqr   abs_weight
    13   10   3.160697005625229E-001   2.449146531627733E-001   3.160697005625229E-001
    14   10   3.160697005625227E-001   2.449146531627730E-001   3.160697005625227E-001
    16   10   3.954421495572040E-001   7.705117765105073E-001   3.954421495572040E-001
    17   10   3.954421495572036E-001   7.705117765105058E-001   3.954421495572036E-001
  </DiscreteSampler_grid>
